Power	0000 006A 0000 0032 0000 0040 0000 0010 0000 0010 0000 0030 0000 0010 0000 0030 0000 0010 0000 0010 0000 0010 0000 0030 0000 0030 0000 0010 0000 0010 0000 0010 0000 0030 0000 0030 0000 0010 0000 0010 0000 0010 0000 0010 0000 0010 0000 0010 0000 0010 0000 0010 0000 0010 0000 0010 0000 0030 0000 0030 0000 0010 0000 0010 0000 0010 0000 0010 0000 0030 0000 0010 0000 0030 0000 0030 0000 0010 0000 0010 0000 0010 0000 0010 0000 0030 0000 0010 0000 0010 0000 0010 0000 0010 0000 0010 0000 0010 0000 0010 0000 0010 0000 07DD
Enter	0000 006A 0000 0022 0000 0017 0000 002E 0000 0017 0000 0017 0000 0017 0000 0017 0000 0017 0000 0017 0000 0017 0000 0017 0000 0017 0000 0017 0000 0017 0000 0017 0000 0017 0000 0017 0000 11AC 0000 002E 0000 0017 0000 0017 0000 0017 0000 0017 0000 0017 0000 0017 0000 0017 0000 0017 0000 0017 0000 0017 0000 0017 0000 0017 0000 0017 0000 0017 0000 0017 0000 11C1
Video1	0000 006A 0000 0032 0000 0040 0000 0010 0000 0010 0000 0030 0000 0010 0000 0030 0000 0010 0000 0010 0000 0010 0000 0030 0000 0030 0000 0010 0000 0010 0000 0010 0000 0030 0000 0030 0000 0010 0000 0010 0000 0010 0000 0010 0000 0010 0000 0010 0000 0010 0000 0010 0000 0010 0000 0010 0000 0030 0000 0030 0000 0010 0000 0010 0000 0010 0000 0010 0000 0030 0000 0010 0000 0030 0000 0030 0000 0010 0000 0010 0000 0010 0000 0010 0000 0030 0000 0030 0000 0010 0000 0030 0000 0010 0000 0010 0000 0010 0000 0010 0000 0010 0000 07A2
Video2	0000 006A 0000 0032 0000 0040 0000 0010 0000 0010 0000 0030 0000 0010 0000 0030 0000 0010 0000 0010 0000 0010 0000 0030 0000 0030 0000 0010 0000 0010 0000 0010 0000 0030 0000 0030 0000 0010 0000 0010 0000 0010 0000 0010 0000 0010 0000 0010 0000 0010 0000 0010 0000 0010 0000 0010 0000 0030 0000 0030 0000 0010 0000 0010 0000 0010 0000 0010 0000 0030 0000 0010 0000 0030 0000 0030 0000 0010 0000 0010 0000 0010 0000 0010 0000 0030 0000 0030 0000 0010 0000 0030 0000 0030 0000 0010 0000 0010 0000 0010 0000 0010 0000 0785
Rgb1	0000 006A 0000 0032 0000 0040 0000 0010 0000 0010 0000 0030 0000 0010 0000 0030 0000 0010 0000 0010 0000 0011 0000 0030 0000 0030 0000 0010 0000 0010 0000 0010 0000 0030 0000 0030 0000 0010 0000 0010 0000 0010 0000 0010 0000 0010 0000 0010 0000 0010 0000 0010 0000 0010 0000 0010 0000 0030 0000 0030 0000 0010 0000 0010 0000 0010 0000 0010 0000 0030 0000 0010 0000 0030 0000 0030 0000 0010 0000 0010 0000 0010 0000 0010 0000 0030 0000 0010 0000 0010 0000 0010 0000 0030 0000 0010 0000 0010 0000 0010 0000 0010 0000 07BF
Rgb2	0000 006A 0000 0032 0000 0040 0000 0010 0000 0010 0000 0030 0000 0010 0000 0030 0000 0010 0000 0010 0000 0011 0000 0030 0000 0030 0000 0010 0000 0010 0000 0010 0000 0030 0000 0030 0000 0010 0000 0010 0000 0010 0000 0010 0000 0010 0000 0010 0000 0010 0000 0010 0000 0010 0000 0010 0000 0030 0000 0030 0000 0010 0000 0010 0000 0010 0000 0010 0000 0030 0000 0010 0000 0030 0000 0030 0000 0010 0000 0010 0000 0010 0000 0010 0000 0030 0000 0030 0000 0010 0000 0010 0000 0030 0000 0010 0000 0010 0000 0010 0000 0010 0000 07A2
Menu	0000 0068 0000 0032 0000 0041 0000 0011 0000 0011 0000 0031 0000 0011 0000 0031 0000 0011 0000 0011 0000 0011 0000 0031 0000 0031 0000 0011 0000 0011 0000 0011 0000 0031 0000 0031 0000 0011 0000 0011 0000 0011 0000 0011 0000 0011 0000 0011 0000 0011 0000 0011 0000 0011 0000 0011 0000 0031 0000 0031 0000 0011 0000 0011 0000 0011 0000 0011 0000 0031 0000 0011 0000 0031 0000 0031 0000 0011 0000 0011 0000 0011 0000 0011 0000 0031 0000 0011 0000 0011 0000 0011 0000 0011 0000 0011 0000 0011 0000 0031 0000 0011 0000 07E8
Up	0000 006A 0000 0032 0000 0040 0000 0010 0000 0010 0000 0030 0000 0010 0000 0030 0000 0010 0000 0010 0000 0011 0000 0030 0000 0030 0000 0010 0000 0010 0000 0010 0000 0030 0000 0030 0000 0010 0000 0010 0000 0010 0000 0010 0000 0010 0000 0010 0000 0010 0000 0010 0000 0010 0000 0010 0000 0030 0000 0030 0000 0010 0000 0010 0000 0010 0000 0010 0000 0030 0000 0010 0000 0030 0000 0030 0000 0010 0000 0010 0000 0010 0000 0010 0000 0030 0000 0010 0000 0030 0000 0030 0000 0010 0000 0010 0000 0010 0000 0030 0000 0010 0000 078B
Down	0000 006A 0000 0032 0000 0040 0000 0010 0000 0010 0000 0030 0000 0010 0000 0030 0000 0010 0000 0010 0000 0010 0000 0030 0000 0030 0000 0010 0000 0010 0000 0010 0000 0030 0000 0030 0000 0010 0000 0010 0000 0010 0000 0010 0000 0010 0000 0010 0000 0010 0000 0010 0000 0010 0000 0010 0000 0030 0000 0030 0000 0010 0000 0010 0000 0010 0000 0010 0000 0030 0000 0010 0000 0030 0000 0030 0000 0010 0000 0010 0000 0010 0000 0010 0000 0030 0000 0030 0000 0030 0000 0030 0000 0010 0000 0010 0000 0010 0000 0030 0000 0010 0000 0768
Left	0000 006A 0000 0032 0000 0040 0000 0010 0000 0010 0000 0030 0000 0010 0000 0030 0000 0010 0000 0010 0000 0011 0000 0030 0000 0030 0000 0010 0000 0010 0000 0010 0000 0030 0000 0030 0000 0010 0000 0010 0000 0010 0000 0010 0000 0010 0000 0010 0000 0010 0000 0010 0000 0010 0000 0010 0000 0030 0000 0030 0000 0010 0000 0010 0000 0010 0000 0010 0000 0030 0000 0010 0000 0030 0000 0030 0000 0010 0000 0010 0000 0010 0000 0010 0000 0030 0000 0030 0000 0010 0000 0010 0000 0030 0000 0010 0000 0010 0000 0030 0000 0010 0000 078B
Right	0000 006A 0000 0032 0000 0040 0000 0010 0000 0010 0000 0030 0000 0010 0000 0030 0000 0010 0000 0010 0000 0010 0000 0030 0000 0030 0000 0010 0000 0010 0000 0010 0000 0030 0000 0030 0000 0010 0000 0010 0000 0010 0000 0010 0000 0010 0000 0010 0000 0010 0000 0010 0000 0010 0000 0010 0000 0030 0000 0030 0000 0010 0000 0010 0000 0010 0000 0010 0000 0030 0000 0010 0000 0030 0000 0030 0000 0010 0000 0010 0000 0010 0000 0010 0000 0030 0000 0010 0000 0010 0000 0010 0000 0030 0000 0010 0000 0010 0000 0030 0000 0010 0000 0794
Vol+	0000 006A 0000 0032 0000 0040 0000 0010 0000 0010 0000 0030 0000 0010 0000 0030 0000 0010 0000 0010 0000 0010 0000 0030 0000 0030 0000 0010 0000 0010 0000 0010 0000 0030 0000 0030 0000 0010 0000 0010 0000 0010 0000 0010 0000 0010 0000 0010 0000 0010 0000 0010 0000 0010 0000 0010 0000 0030 0000 0030 0000 0010 0000 0010 0000 0010 0000 0010 0000 0030 0000 0010 0000 0030 0000 0030 0000 0010 0000 0010 0000 0010 0000 0010 0000 0030 0000 0030 0000 0010 0000 0010 0000 0010 0000 0030 0000 0010 0000 0030 0000 0010 0000 0784
Vol-	0000 006A 0000 0032 0000 0040 0000 0010 0000 0010 0000 0030 0000 0010 0000 0030 0000 0010 0000 0010 0000 0010 0000 0030 0000 0030 0000 0010 0000 0010 0000 0010 0000 0030 0000 0030 0000 0010 0000 0010 0000 0010 0000 0010 0000 0010 0000 0010 0000 0010 0000 0010 0000 0010 0000 0010 0000 0030 0000 0030 0000 0010 0000 0010 0000 0010 0000 0010 0000 0030 0000 0010 0000 0030 0000 0030 0000 0010 0000 0010 0000 0010 0000 0010 0000 0030 0000 0030 0000 0010 0000 0010 0000 0010 0000 0030 0000 0030 0000 0010 0000 0010 0000 0785
Foc+	0000 006A 0000 0032 0000 0040 0000 0010 0000 0010 0000 0030 0000 0010 0000 0030 0000 0010 0000 0010 0000 0010 0000 0030 0000 0030 0000 0010 0000 0010 0000 0010 0000 0030 0000 0030 0000 0010 0000 0010 0000 0010 0000 0010 0000 0010 0000 0010 0000 0010 0000 0010 0000 0010 0000 0010 0000 0030 0000 0030 0000 0010 0000 0010 0000 0010 0000 0010 0000 0030 0000 0010 0000 0030 0000 0030 0000 0010 0000 0010 0000 0010 0000 0010 0000 0030 0000 0030 0000 0010 0000 0030 0000 0010 0000 0030 0000 0010 0000 0010 0000 0010 0000 0784
Foc-	0000 006A 0000 0032 0000 0040 0000 0010 0000 0010 0000 0030 0000 0010 0000 0030 0000 0010 0000 0010 0000 0010 0000 0030 0000 0030 0000 0010 0000 0010 0000 0010 0000 0030 0000 0030 0000 0010 0000 0010 0000 0010 0000 0010 0000 0010 0000 0010 0000 0010 0000 0010 0000 0010 0000 0010 0000 0030 0000 0030 0000 0010 0000 0010 0000 0010 0000 0010 0000 0030 0000 0010 0000 0030 0000 0030 0000 0010 0000 0010 0000 0010 0000 0010 0000 0030 0000 0010 0000 0030 0000 0030 0000 0010 0000 0030 0000 0010 0000 0010 0000 0010 0000 0785
ZM+	0000 006A 0000 0032 0000 0040 0000 0010 0000 0010 0000 0030 0000 0010 0000 0030 0000 0010 0000 0010 0000 0011 0000 0030 0000 0030 0000 0010 0000 0010 0000 0010 0000 0030 0000 0030 0000 0010 0000 0010 0000 0010 0000 0010 0000 0010 0000 0010 0000 0010 0000 0010 0000 0010 0000 0010 0000 0030 0000 0030 0000 0010 0000 0010 0000 0010 0000 0010 0000 0030 0000 0010 0000 0030 0000 0030 0000 0010 0000 0010 0000 0010 0000 0010 0000 0030 0000 0030 0000 0030 0000 0030 0000 0010 0000 0030 0000 0010 0000 0010 0000 0010 0000 0768
ZM-	0000 006A 0000 0032 0000 0040 0000 0010 0000 0010 0000 0030 0000 0010 0000 0030 0000 0010 0000 0010 0000 0010 0000 0030 0000 0030 0000 0010 0000 0010 0000 0010 0000 0030 0000 0030 0000 0010 0000 0010 0000 0010 0000 0010 0000 0010 0000 0010 0000 0010 0000 0010 0000 0010 0000 0010 0000 0030 0000 0030 0000 0010 0000 0010 0000 0010 0000 0010 0000 0030 0000 0010 0000 0030 0000 0030 0000 0010 0000 0010 0000 0010 0000 0010 0000 0030 0000 0010 0000 0010 0000 0010 0000 0030 0000 0030 0000 0010 0000 0010 0000 0010 0000 07A2
Blank	0000 006A 0000 0032 0000 0040 0000 0010 0000 0010 0000 0030 0000 0010 0000 0030 0000 0010 0000 0010 0000 0011 0000 0030 0000 0030 0000 0010 0000 0010 0000 0010 0000 0030 0000 0030 0000 0010 0000 0010 0000 0010 0000 0010 0000 0010 0000 0010 0000 0010 0000 0010 0000 0010 0000 0010 0000 0030 0000 0030 0000 0010 0000 0010 0000 0010 0000 0010 0000 0030 0000 0010 0000 0030 0000 0030 0000 0010 0000 0010 0000 0010 0000 0010 0000 0030 0000 0010 0000 0030 0000 0010 0000 0030 0000 0010 0000 0030 0000 0010 0000 0010 0000 0785
Default	0000 006A 0000 0032 0000 0040 0000 0010 0000 0010 0000 0030 0000 0010 0000 0030 0000 0010 0000 0010 0000 0010 0000 0030 0000 0030 0000 0010 0000 0010 0000 0010 0000 0030 0000 0030 0000 0010 0000 0010 0000 0010 0000 0010 0000 0010 0000 0010 0000 0010 0000 0010 0000 0010 0000 0010 0000 0030 0000 0030 0000 0010 0000 0010 0000 0010 0000 0010 0000 0030 0000 0010 0000 0030 0000 0030 0000 0010 0000 0010 0000 0010 0000 0010 0000 0030 0000 0010 0000 0010 0000 0030 0000 0010 0000 0010 0000 0030 0000 0010 0000 0010 0000 07A3
Status	0000 006A 0000 0032 0000 0040 0000 0010 0000 0010 0000 0030 0000 0010 0000 0030 0000 0010 0000 0010 0000 0010 0000 0030 0000 0030 0000 0010 0000 0010 0000 0010 0000 0030 0000 0030 0000 0010 0000 0010 0000 0010 0000 0010 0000 0010 0000 0010 0000 0010 0000 0010 0000 0010 0000 0010 0000 0030 0000 0030 0000 0010 0000 0010 0000 0010 0000 0010 0000 0030 0000 0010 0000 0030 0000 0030 0000 0010 0000 0010 0000 0010 0000 0010 0000 0030 0000 0010 0000 0030 0000 0010 0000 0030 0000 0030 0000 0010 0000 0030 0000 0010 0000 0766
Mute	0000 006A 0000 0032 0000 0040 0000 0010 0000 0010 0000 0030 0000 0010 0000 0030 0000 0010 0000 0010 0000 0010 0000 0030 0000 0030 0000 0010 0000 0010 0000 0010 0000 0030 0000 0030 0000 0010 0000 0010 0000 0010 0000 0010 0000 0010 0000 0010 0000 0010 0000 0010 0000 0010 0000 0010 0000 0030 0000 0030 0000 0010 0000 0010 0000 0010 0000 0010 0000 0030 0000 0010 0000 0030 0000 0030 0000 0010 0000 0010 0000 0010 0000 0010 0000 0030 0000 0010 0000 0030 0000 0010 0000 0010 0000 0030 0000 0030 0000 0010 0000 0010 0000 0784
Zoom/Pan	0000 006A 0000 0032 0000 0040 0000 0010 0000 0010 0000 0030 0000 0010 0000 0030 0000 0010 0000 0010 0000 0010 0000 0030 0000 0030 0000 0010 0000 0010 0000 0010 0000 0030 0000 0030 0000 0010 0000 0010 0000 0010 0000 0010 0000 0010 0000 0010 0000 0010 0000 0010 0000 0010 0000 0010 0000 0030 0000 0030 0000 0010 0000 0010 0000 0010 0000 0010 0000 0030 0000 0010 0000 0030 0000 0030 0000 0010 0000 0010 0000 0010 0000 0010 0000 0030 0000 0030 0000 0030 0000 0030 0000 0030 0000 0030 0000 0030 0000 0010 0000 0010 0000 0723
Source	0000 006A 0000 0032 0000 0040 0000 0010 0000 0010 0000 0030 0000 0010 0000 0030 0000 0010 0000 0010 0000 0010 0000 0030 0000 0030 0000 0010 0000 0010 0000 0010 0000 0030 0000 0030 0000 0010 0000 0010 0000 0010 0000 0010 0000 0010 0000 0010 0000 0010 0000 0010 0000 0010 0000 0010 0000 0030 0000 0030 0000 0010 0000 0010 0000 0010 0000 0010 0000 0030 0000 0010 0000 0030 0000 0030 0000 0010 0000 0010 0000 0010 0000 0010 0000 0030 0000 0010 0000 0010 0000 0010 0000 0010 0000 0030 0000 0010 0000 0010 0000 0010 0000 07BF
