Power	0000 0064 0000 000d 0067 001a 0033 0019 0019 001a 0033 001a 0019 0019 0033 0019 0019 001a 0019 0019 0033 001a 0033 0019 0019 001a 0033 001a 0019 0418
Stby	0000 0065 0000 000d 0066 0019 0033 0019 0033 0019 0018 0019 0032 0019 0032 0019 0032 0019 0019 0019 0033 001a 0033 0019 0018 0019 0032 0019 0019 040d
Source	0000 0064 0000 000d 0067 001a 0019 001a 0033 001a 0033 001a 0033 001a 0033 001a 0033 001a 0019 0019 0033 001b 0033 0019 0019 001a 0033 001a 0019 0418
Unit	0000 0064 0000 000d 0067 001a 0033 0019 0019 001a 0033 001a 0033 001a 0033 001a 0033 001a 0019 0019 0033 001b 0033 0019 0019 001a 0033 001a 0019 0418
Code	0000 0065 0000 000d 0066 0019 0033 0019 0033 0019 0018 0019 0032 0019 0019 0019 0018 0019 0019 0019 0033 001a 0033 0019 0018 0019 0032 0019 0019 040c
Clear	0000 0064 0000 000d 0067 001a 0019 001a 0019 0019 0033 0019 0019 001a 0033 001a 0019 0019 0019 001a 0033 001b 0033 001a 0019 0019 0033 0019 0019 0418
1	0000 0064 0000 000d 0067 001a 0019 001a 0019 0019 0019 001a 0019 0019 0019 001a 0019 0019 0019 001a 0033 001b 0033 001a 0019 0019 0033 0019 0019 0419
2	0000 0064 0000 000d 0067 001a 0033 0019 0019 001a 0019 0019 0019 001a 0019 0019 0019 001a 0019 0019 0033 001b 0033 0019 0019 001a 0033 001a 0019 0418
3	0000 0064 0000 000d 0067 001a 0019 001a 0033 001a 0019 0019 0019 001a 0019 0019 0019 001a 0019 0019 0033 001b 0033 0019 0019 001a 0033 001a 0019 0419
4	0000 0065 0000 000d 0066 001a 0033 0019 0033 0019 0018 0019 0019 0019 0018 0019 0019 0019 0018 0019 0032 001b 0032 0019 0019 0019 0033 0019 0018 040e
5	0000 0064 0000 000d 0067 001a 0019 001a 0019 0019 0033 0019 0019 001a 0019 0019 0019 001a 0019 0019 0033 001b 0033 0019 0019 001a 0033 001a 0019 0418
6	0000 0064 0000 000d 0067 001a 0033 0019 0019 001a 0033 001a 0019 0019 0019 001a 0019 0019 0019 001a 0033 001b 0033 001a 0019 0019 0033 0019 0019 041a
7	0000 0064 0000 000d 0067 001a 0019 001a 0033 001a 0033 001a 0019 0019 0019 001a 0019 0019 0019 001a 0033 001b 0033 001a 0019 0019 0033 0019 0019 0418
8	0000 0065 0000 000d 0066 0019 0033 0019 0033 0019 0033 0019 0018 0019 0019 0019 0018 0019 0019 0019 0033 001a 0033 0019 0018 0019 0032 0019 0019 040c
9	0000 0064 0000 000d 0067 001a 0019 001a 0019 0019 0019 001a 0033 001a 0019 0019 0019 001a 0019 0019 0033 001b 0033 0019 0019 001a 0033 001a 0019 0418
0	0000 0065 0000 000d 0066 001a 0033 0019 0018 0019 0019 0019 0033 0019 0018 0019 0019 0019 0018 0019 0032 001b 0032 0019 0019 0019 0033 0019 0018 040c
Ch+	0000 0064 0000 000d 0067 001a 0019 001a 0019 0019 0019 001a 0019 0019 0033 0019 0019 001a 0019 0019 0033 001b 0033 0019 0019 001a 0033 001a 0019 0418
Ch-	0000 0064 0000 000d 0067 001a 0033 0019 0019 001a 0019 0019 0019 001a 0033 001a 0019 0019 0019 001a 0033 001b 0033 001a 0019 0019 0033 0019 0019 0419
Adjust+	0000 0064 0000 000d 0067 001a 0019 001a 0033 001a 0019 0019 0019 001a 0033 001a 0019 0019 0019 001a 0033 001b 0033 001a 0019 0019 0033 0019 0019 0418
Adjust-	0000 0065 0000 000d 0066 0019 0033 0019 0033 0019 0018 0019 0019 0019 0033 0019 0018 0019 0019 0019 0033 001a 0033 0019 0018 0019 0032 0019 0019 040c
Up	0000 0064 0000 000d 0067 001a 0019 001a 0019 0019 0033 0019 0019 001a 0019 0019 0033 0019 0019 001a 0033 001b 0033 001a 0019 0019 0033 0019 0019 0417
Down	0000 0064 0000 000d 0067 001a 0033 0019 0019 001a 0033 001a 0019 0019 0019 001a 0033 001a 0019 0019 0033 001b 0033 0019 0019 001a 0033 001a 0019 0416
Left	0000 0064 0000 000d 0067 001a 0019 001a 0033 001a 0019 0019 0019 001a 0019 0019 0033 0019 0019 001a 0033 001b 0033 001a 0019 0019 0033 0019 0019 0416
Right	0000 0065 0000 000d 0066 001a 0033 0019 0033 0019 0018 0019 0019 0019 0018 0019 0032 0019 0019 0019 0033 001a 0033 0019 0018 0019 0032 0019 0019 040c
Coarse/Fine	0000 0064 0000 000d 0067 001a 0033 0019 0019 001a 0033 001a 0019 0019 0019 001a 0033 001a 0019 0019 0033 001b 0033 0019 0019 001a 0033 001a 0019 0416
Bri	0000 0064 0000 000d 0067 001a 0019 001a 0033 001a 0033 001a 0033 001a 0033 001a 0019 0019 0019 001a 0033 001b 0033 001a 0019 0019 0033 0019 0019 0416
Cont	0000 0064 0000 000d 0067 001a 0019 001a 0019 0019 0019 001a 0033 001a 0033 001a 0019 0019 0019 001a 0033 001b 0033 001a 0019 0019 0033 0019 0019 0416
Blank	0000 0064 0000 000d 0067 001a 0033 0019 0019 001a 0033 001a 0033 001a 0019 0019 0019 001a 0019 0019 0033 001b 0033 0019 0019 001a 0033 001a 0019 0416
Phase	0000 0064 0000 000d 0067 001a 0019 001a 0033 001a 0033 001a 0033 001a 0019 0019 0019 001a 0019 0019 0033 001b 0033 0019 0019 001a 0033 001a 0019 0416
Detail	0000 0064 0000 000d 0067 001a 0019 001a 0033 001a 0033 001a 0019 0019 0019 001a 0033 001a 0019 0019 0033 001b 0033 0019 0019 001a 0033 001a 0019 0415
Color	0000 0064 0000 000d 0067 001a 0019 001a 0033 001a 0019 0019 0033 0019 0033 0019 0019 001a 0019 0019 0033 001b 0033 0019 0019 001a 0033 001a 0019 0415
Tint	0000 0064 0000 000d 0067 001a 0019 001a 0019 0019 0019 001a 0019 0019 0019 001a 0033 001a 0019 0019 0033 001b 0033 0019 0019 001a 0033 001a 0019 0415
Shift	0000 0064 0000 000d 0067 001a 0019 001a 0019 0019 0019 001a 0033 001a 0019 0019 0033 0019 0019 001a 0033 001b 0033 001a 0019 0019 0033 0019 0019 0415
Red	0000 0065 0000 000d 0066 0019 0033 0019 0018 0019 0019 0019 0033 0019 0018 0019 0032 0019 0019 0019 0033 001a 0033 0019 0018 0019 0032 0019 0019 0409
Green	0000 0064 0000 000d 0067 001a 0019 001a 0033 001a 0019 0019 0033 0019 0019 001a 0033 001a 0019 0019 0033 001b 0033 0019 0019 001a 0033 001a 0019 0415
Blue	0000 0065 0000 000d 0066 0019 0033 0019 0033 0019 0018 0019 0032 0019 0019 0019 0033 0019 0018 0019 0032 001b 0032 0019 0019 0019 0033 0019 0018 040a
Status	0000 0065 0000 000d 0066 0019 0033 0019 0033 0019 0033 0019 0018 0019 0019 0019 0033 0019 0018 0019 0032 001b 0032 0019 0019 0019 0033 0019 0018 040a
Test	0000 0065 0000 000d 0066 0019 0033 0019 0018 0019 0019 0019 0033 0019 0033 0019 0018 0019 0019 0019 0033 001a 0033 0019 0018 0019 0032 0019 0019 0409
Step	0000 0065 0000 000d 0066 0019 0033 0019 0033 0019 0033 0019 0018 0019 0032 0019 0019 0019 0018 0019 0032 001b 0032 0019 0019 0019 0033 0019 0018 040a
Help	0000 0065 0000 000d 0066 0019 0018 0019 0019 0019 0033 0019 0033 0019 0033 0019 0018 0019 0019 0019 0033 001a 0033 0019 0018 0019 0032 0019 0019 0409
Static1	0000 0064 0000 000d 0067 001a 0019 001a 0019 0019 0019 001a 0019 0019 0019 001a 0019 0019 0033 0019 0033 001b 0033 0019 0019 001a 0033 001a 0019 0419
Static2	0000 0064 0000 000d 0067 001a 0033 0019 0019 001a 0019 0019 0019 001a 0019 0019 0019 001a 0033 001a 0033 001b 0033 001a 0019 0019 0033 0019 0019 0419
Static3	0000 0064 0000 000d 0067 001a 0019 001a 0033 001a 0019 0019 0019 001a 0019 0019 0019 001a 0033 001a 0033 001b 0033 001a 0019 0019 0033 0019 0019 0419
Static4	0000 0065 0000 000d 0066 0019 0033 0019 0033 0019 0018 0019 0019 0019 0018 0019 0019 0019 0033 0019 0033 001a 0033 0019 0018 0019 0032 0019 0019 040e
Static5	0000 0064 0000 000d 0067 001a 0019 001a 0019 0019 0033 0019 0019 001a 0019 0019 0019 001a 0033 001a 0033 001b 0033 001a 0019 0019 0033 0019 0019 0419
Static6	0000 0064 0000 000d 0067 001a 0033 0019 0019 001a 0033 001a 0019 0019 0019 001a 0019 0019 0033 0019 0033 001b 0033 0019 0019 001a 0033 001a 0019 0419
Static7	0000 0064 0000 000d 0067 001a 0019 001a 0033 001a 0033 001a 0019 0019 0019 001a 0019 0019 0033 0019 0033 001b 0033 0019 0019 001a 0033 001a 0019 0418
Static8	0000 0065 0000 000d 0066 0019 0033 0019 0033 0019 0033 0019 0018 0019 0019 0019 0018 0019 0032 001a 0032 001b 0032 0019 0019 0019 0033 0019 0018 040d
Static9	0000 0064 0000 000d 0067 001a 0019 001a 0019 0019 0019 001a 0033 001a 0019 0019 0019 001a 0033 001a 0033 001b 0033 001a 0019 0019 0033 0019 0019 0418
Shift Cust1+	0000 0064 0000 000d 0067 001a 0019 001a 0019 0019 0019 001a 0019 0019 0033 0019 0019 001a 0033 001a 0033 001b 0033 001a 0019 0019 0033 0019 0019 0419
Shift Cust1-	0000 0064 0000 000d 0067 001a 0033 0019 0019 001a 0019 0019 0019 001a 0033 001a 0019 0019 0033 0019 0033 001b 0033 0019 0019 001a 0033 001a 0019 0419
Shift Cust2+	0000 0064 0000 000d 0067 001a 0019 001a 0033 001a 0019 0019 0019 001a 0033 001a 0019 0019 0033 0019 0033 001b 0033 0019 0019 001a 0033 001a 0019 0418
Shift Cust2-	0000 0065 0000 000d 0066 0019 0033 0019 0033 0019 0018 0019 0019 0019 0033 0019 0018 0019 0032 001a 0032 001b 0032 0019 0019 0019 0033 0019 0018 040d
Vol	0000 0064 0000 000d 0067 001a 0019 001a 0033 001a 0033 001a 0033 001a 0033 001a 0019 0019 0033 0019 0033 001b 0033 0019 0019 001a 0033 001a 0019 0416
Bass	0000 0064 0000 000d 0067 001a 0019 001a 0019 0019 0019 001a 0033 001a 0033 001a 0019 0019 0033 0019 0033 001b 0033 0019 0019 001a 0033 001a 0019 0415
Treble	0000 0064 0000 000d 0067 001a 0033 0019 0019 001a 0033 001a 0033 001a 0019 0019 0019 001a 0033 001a 0033 001b 0033 001a 0019 0019 0033 0019 0019 0417
Mute	0000 0064 0000 000d 0067 001a 0019 001a 0033 001a 0033 001a 0033 001a 0019 0019 0019 001a 0033 001a 0033 001b 0033 001a 0019 0019 0033 0019 0019 0416
Size	0000 0064 0000 000d 0067 001a 0019 001a 0033 001a 0033 001a 0019 0019 0019 001a 0033 001a 0033 001a 0033 001b 0033 001a 0019 0019 0033 0019 0019 0415
Lin	0000 0064 0000 000d 0067 001a 0019 001a 0033 001a 0019 0019 0033 0019 0033 0019 0019 001a 0033 001a 0033 001b 0033 001a 0019 0019 0033 0019 0019 0416
Edge	0000 0064 0000 000d 0067 001a 0019 001a 0019 0019 0019 001a 0019 0019 0019 001a 0033 001a 0033 001a 0033 001b 0033 001a 0019 0019 0033 0019 0019 0416
Shift Red	0000 0065 0000 000d 0066 001a 0033 0019 0018 0019 0019 0019 0033 0019 0018 0019 0032 001a 0032 001a 0032 001b 0032 001a 0019 0019 0033 0019 0018 040a
Shift Green	0000 0064 0000 000d 0067 001a 0019 001a 0033 001a 0019 0019 0033 0019 0019 001a 0033 001a 0033 001a 0033 001b 0033 001a 0019 0019 0033 0019 0019 0416
Shift Blue	0000 0065 0000 000d 0066 0019 0033 0019 0033 0019 0018 0019 0032 0019 0019 0019 0033 0019 0033 0019 0033 001a 0033 0019 0018 0019 0032 001a 0019 040a
Bow	0000 0065 0000 000d 0066 001a 0033 0019 0033 0019 0033 0019 0018 0019 0019 0019 0033 0019 0033 0019 0033 001a 0033 0019 0018 0019 0032 0019 0019 0409
Key	0000 0065 0000 000d 0066 0019 0033 0019 0018 0019 0019 0019 0033 0019 0033 0019 0018 0019 0032 001a 0032 001b 0032 001a 0019 0019 0033 0019 0018 040a
Pin	0000 0065 0000 000d 0066 001a 0033 0019 0033 0019 0033 0019 0018 0019 0032 0019 0019 0019 0033 0019 0033 001a 0033 0019 0018 0019 0032 001a 0019 040a
Shift Help	0000 0065 0000 000d 0066 0019 0018 0019 0019 0019 0033 0019 0033 0019 0033 0019 0018 0019 0032 0019 0032 001b 0032 001a 0019 0019 0033 0019 0018 040a
Skew	0000 0064 0000 000d 0067 001a 0019 001a 0019 0019 0019 001a 0033 001a 0019 0019 0033 0019 0033 0019 0033 001b 0033 0019 0019 001a 0033 001a 0019 0415
Shift Up	0000 0064 0000 000d 0067 001a 0019 001a 0019 0019 0033 0019 0019 001a 0019 0019 0033 0019 0033 0019 0033 001b 0033 0019 0019 001a 0033 001a 0019 0417
Shift Dn	0000 0064 0000 000d 0067 001a 0033 0019 0019 001a 0033 001a 0019 0019 0019 001a 0033 001a 0033 001a 0033 001b 0033 001a 0019 0019 0033 0019 0019 0416
Shift Left	0000 0064 0000 000d 0067 001a 0019 001a 0033 001a 0019 0019 0019 001a 0019 0019 0033 0019 0033 0019 0033 001b 0033 0019 0019 001a 0033 001a 0019 0416
Shift Right	0000 0065 0000 000d 0066 0019 0033 0019 0033 0019 0018 0019 0019 0019 0018 0019 0032 0019 0032 0019 0032 001b 0032 0019 0019 0019 0033 0019 0018 040d
Shift Center	0000 0064 0000 000d 0067 001a 0033 0019 0019 001a 0019 0019 0019 001a 0019 0019 0033 0019 0033 0019 0033 001b 0033 0019 0019 001a 0033 001a 0019 0416
Shift Code	0000 0065 0000 000d 0066 0019 0033 0019 0033 0019 0018 0019 0032 0019 0019 0019 0018 0019 0032 0019 0032 001b 0032 0019 0019 0019 0033 0019 0018 040d
Shift Clear	0000 0064 0000 000d 0067 001a 0019 001a 0019 0019 0033 0019 0019 001a 0033 001a 0019 0019 0033 0019 0033 001b 0033 0019 0019 001a 0033 001a 0019 0417
Shift 0	0000 0065 0000 000d 0066 0019 0033 0019 0018 0019 0019 0019 0033 0019 0018 0019 0019 0019 0033 0019 0033 001a 0033 0019 0018 0019 0032 0019 0019 040c
Power On	0000 0064 0000 000d 0067 001a 0033 0019 0019 001a 0033 001a 0033 001a 0033 001a 0033 001a 0033 001a 0033 001b 0033 001a 0019 0019 0033 0019 0019 0419
Power Off	0000 0064 0000 000d 0067 001a 0033 0019 0019 001a 0033 001a 0019 0019 0033 0019 0019 001a 0033 001a 0033 001b 0033 001a 0019 0019 0033 0019 0019 0419
