Power	0000 006C 0000 0050 0000 0046 0000 001E 0000 0046 0000 0046 0000 001E 0000 001E 0000 0046 0000 0046 0000 001E 0000 0046 0000 001E 0000 001E 0000 001E 0000 0046 0000 001E 0000 0688 0000 0046 0000 001D 0000 0046 0000 0046 0000 001D 0000 0046 0000 001D 0000 001D 0000 0046 0000 001D 0000 0046 0000 0046 0000 0046 0000 001D 0000 0046 0000 0638 0000 0046 0000 001E 0000 0046 0000 0046 0000 001E 0000 001E 0000 0046 0000 0046 0000 001E 0000 0046 0000 001E 0000 001E 0000 001E 0000 0046 0000 001E 0000 0688 0000 0046 0000 001E 0000 0046 0000 0046 0000 001E 0000 0046 0000 001E 0000 001E 0000 0046 0000 001E 0000 0046 0000 0046 0000 0046 0000 001E 0000 0046 0000 0638 0000 0046 0000 001D 0000 0046 0000 0046 0000 001D 0000 001D 0000 0046 0000 0046 0000 001D 0000 0046 0000 001D 0000 001D 0000 001D 0000 0046 0000 001D 0000 1060
Video1	0000 006C 0000 0020 0000 0046 0000 001D 0000 0046 0000 0046 0000 001D 0000 001D 0000 0046 0000 001D 0000 001D 0000 0046 0000 0046 0000 001D 0000 001D 0000 0046 0000 001D 0000 0688 0000 0046 0000 001E 0000 0046 0000 0046 0000 001E 0000 0046 0000 001E 0000 0046 0000 0046 0000 001E 0000 001E 0000 0046 0000 0046 0000 001E 0000 0046 0000 0637
Video2	0000 006C 0000 0020 0000 0046 0000 001E 0000 0046 0000 0046 0000 001E 0000 0046 0000 0046 0000 001E 0000 001E 0000 0046 0000 0046 0000 001E 0000 001E 0000 0046 0000 001E 0000 0660 0000 0046 0000 001E 0000 0046 0000 0046 0000 001E 0000 001E 0000 001E 0000 0046 0000 0046 0000 001E 0000 001E 0000 0046 0000 0046 0000 001E 0000 0046 0000 0660
Rgb1	0000 006C 0000 0020 0000 0046 0000 001D 0000 0046 0000 0046 0000 001D 0000 0046 0000 001D 0000 0046 0000 001D 0000 0046 0000 0046 0000 001D 0000 001D 0000 0046 0000 001D 0000 0660 0000 0046 0000 001E 0000 0046 0000 0046 0000 001E 0000 001E 0000 0046 0000 001E 0000 0046 0000 001E 0000 001E 0000 0046 0000 0046 0000 001E 0000 0046 0000 0660
Rgb2	0000 006C 0000 0020 0000 0046 0000 001E 0000 0046 0000 0046 0000 001E 0000 001E 0000 0046 0000 0046 0000 001E 0000 0046 0000 0046 0000 001E 0000 001E 0000 0046 0000 001E 0000 0660 0000 0046 0000 001D 0000 0046 0000 0046 0000 001D 0000 0046 0000 001D 0000 001D 0000 0046 0000 001D 0000 001D 0000 0046 0000 0046 0000 001D 0000 0046 0000 0660
Menu	0000 006C 0000 0020 0000 0046 0000 001E 0000 0046 0000 0046 0000 001E 0000 001E 0000 001E 0000 0046 0000 001E 0000 001E 0000 001E 0000 0046 0000 0046 0000 0046 0000 001E 0000 0688 0000 0046 0000 001E 0000 0046 0000 0046 0000 001E 0000 0046 0000 0046 0000 001E 0000 0046 0000 0046 0000 0046 0000 001E 0000 001E 0000 001E 0000 0046 0000 0638
Up	0000 006C 0000 0020 0000 0046 0000 001E 0000 0046 0000 0046 0000 001E 0000 001E 0000 001E 0000 0046 0000 0046 0000 0046 0000 001E 0000 001E 0000 0046 0000 0046 0000 001E 0000 0660 0000 0046 0000 001E 0000 0046 0000 0046 0000 001E 0000 0046 0000 0046 0000 001E 0000 001E 0000 001E 0000 0046 0000 0046 0000 001E 0000 001E 0000 0046 0000 0660
Down	0000 006C 0000 0020 0000 0046 0000 001E 0000 0046 0000 0046 0000 001E 0000 0046 0000 001E 0000 0046 0000 0046 0000 0046 0000 001E 0000 001E 0000 0046 0000 0046 0000 001E 0000 0638 0000 0046 0000 001D 0000 0046 0000 0046 0000 001D 0000 001D 0000 0046 0000 001E 0000 001D 0000 001D 0000 0046 0000 0046 0000 001D 0000 001D 0000 0046 0000 0688
Left	0000 006C 0000 0020 0000 0046 0000 001E 0000 0046 0000 0046 0000 001E 0000 001E 0000 001E 0000 001E 0000 001E 0000 0046 0000 001E 0000 0046 0000 001E 0000 0046 0000 001E 0000 06B0 0000 0046 0000 001D 0000 0046 0000 0046 0000 001D 0000 0046 0000 0046 0000 0046 0000 0046 0000 001D 0000 0046 0000 001D 0000 0046 0000 001D 0000 0046 0000 0610
Right	0000 006C 0000 0020 0000 0046 0000 001D 0000 0046 0000 0046 0000 001D 0000 0046 0000 0046 0000 0046 0000 0046 0000 001D 0000 001D 0000 0046 0000 001D 0000 0046 0000 001D 0000 0638 0000 0046 0000 001E 0000 0046 0000 0046 0000 001E 0000 001E 0000 001E 0000 001E 0000 001E 0000 0046 0000 0046 0000 001E 0000 0046 0000 001E 0000 0046 0000 0688
Vol+	0000 006C 0000 0020 0000 0046 0000 001E 0000 0046 0000 0046 0000 001E 0000 001E 0000 001E 0000 0046 0000 001E 0000 0046 0000 001E 0000 001E 0000 001E 0000 0046 0000 001E 0000 06B0 0000 0046 0000 001E 0000 0046 0000 0046 0000 001E 0000 0046 0000 0046 0000 001E 0000 0046 0000 001E 0000 0046 0000 0046 0000 0046 0000 001E 0000 0046 0000 0610
Vol-	0000 006C 0000 0020 0000 0046 0000 001D 0000 0046 0000 0046 0000 001D 0000 0046 0000 001D 0000 0046 0000 001D 0000 0046 0000 001D 0000 001D 0000 001D 0000 0046 0000 001D 0000 0688 0000 0046 0000 001E 0000 0046 0000 0046 0000 001E 0000 001E 0000 0046 0000 001E 0000 0046 0000 001E 0000 0046 0000 0046 0000 0046 0000 001E 0000 0046 0000 0637
Next Nonstd Name	0000 0067 0000 0044 0000 00AA 0000 0040 0000 0040 0000 0015 0000 0015 0000 0015 0000 003F 0000 0015 0000 003F 0000 0015 0000 0015 0000 0040 0000 003F 0000 0040 0000 0015 0000 0040 0000 0015 0000 0040 0000 0015 0000 0015 0000 003F 0000 0040 0000 0015 0000 0015 0000 003F 0000 0015 0000 003F 0000 0040 0000 0015 0000 0015 0000 003F 0000 0040 0000 0015 0000 03FB 0000 00AA 0000 0040 0000 0040 0000 003F 0000 0040 0000 0015 0000 0040 0000 0015 0000 0040 0000 0015 0000 0015 0000 0015 0000 0015 0000 0040 0000 0015 0000 0040 0000 0015 0000 0040 0000 0015 0000 0015 0000 003F 0000 0040 0000 0040 0000 0015 0000 0040 0000 0015 0000 0040 0000 003F 0000 0015 0000 0015 0000 0015 0000 0040 0000 0015 0000 03FB
C Press	0000 006C 0000 0020 0000 0046 0000 001D 0000 0046 0000 0046 0000 001D 0000 0046 0000 0046 0000 001D 0000 001D 0000 0046 0000 0046 0000 0046 0000 0046 0000 0046 0000 001D 0000 0610 0000 0046 0000 001E 0000 0046 0000 0046 0000 001E 0000 001E 0000 001E 0000 0046 0000 0046 0000 001E 0000 001E 0000 001E 0000 001E 0000 001E 0000 0046 0000 06B0
Lens	0000 006C 0000 0020 0000 0046 0000 001E 0000 0046 0000 0046 0000 001E 0000 0046 0000 0046 0000 001E 0000 0046 0000 001E 0000 001E 0000 001E 0000 0046 0000 0046 0000 001E 0000 0660 0000 0046 0000 001D 0000 0046 0000 0046 0000 001D 0000 001D 0000 001D 0000 0046 0000 001D 0000 0046 0000 0046 0000 0046 0000 001D 0000 001D 0000 0046 0000 0660
Input Check	0000 006C 0000 0020 0000 0046 0000 001E 0000 0046 0000 0046 0000 001E 0000 0046 0000 0046 0000 001E 0000 0046 0000 0046 0000 001E 0000 001E 0000 001E 0000 0046 0000 001E 0000 0660 0000 0046 0000 001D 0000 0046 0000 0046 0000 001D 0000 001D 0000 001D 0000 0046 0000 001D 0000 001D 0000 0046 0000 0046 0000 0046 0000 001D 0000 0046 0000 0660
Mute	0000 006C 0000 0020 0000 0046 0000 001E 0000 0046 0000 0046 0000 001E 0000 0046 0000 0046 0000 0046 0000 001E 0000 0046 0000 001E 0000 001E 0000 001E 0000 0046 0000 001E 0000 0660 0000 0046 0000 001D 0000 0046 0000 0046 0000 001D 0000 001D 0000 001D 0000 001D 0000 0046 0000 001D 0000 0046 0000 0046 0000 0046 0000 001D 0000 0046 0000 0660
