Power On	0000 0069 0000 0030 0000 0046 0000 001E 0000 0046 0000 0046 0000 001E 0000 001E 0000 0046 0000 0046 0000 001E 0000 0046 0000 001E 0000 0046 0000 001E 0000 0046 0000 001E 0000 067B 0000 0046 0000 001E 0000 0046 0000 0046 0000 001E 0000 0046 0000 001E 0000 001E 0000 0046 0000 001E 0000 0046 0000 001E 0000 0046 0000 001E 0000 0045 0000 067D 0000 0046 0000 001E 0000 0046 0000 0046 0000 001E 0000 001E 0000 0046 0000 0046 0000 001E 0000 0046 0000 001E 0000 0046 0000 001E 0000 0046 0000 001E 0000 101F
Power Off	0000 0069 0000 0010 0000 0046 0000 001E 0000 0046 0000 0046 0000 001E 0000 001E 0000 0046 0000 0046 0000 001E 0000 0046 0000 001E 0000 001E 0000 0046 0000 0046 0000 001E 0000 101F
Enter	0000 0069 0000 0020 0000 0046 0000 001E 0000 0046 0000 0046 0000 001E 0000 0046 0000 0046 0000 0046 0000 001E 0000 0046 0000 001E 0000 0046 0000 001E 0000 0046 0000 001E 0000 0654 0000 0046 0000 001E 0000 0046 0000 0046 0000 001E 0000 001E 0000 001E 0000 001E 0000 0046 0000 001E 0000 0046 0000 001E 0000 0046 0000 001E 0000 0045 0000 105F
Menu	0000 0069 0000 0010 0000 0046 0000 001E 0000 0046 0000 0046 0000 001E 0000 001E 0000 001E 0000 0046 0000 001E 0000 001E 0000 001E 0000 0046 0000 0046 0000 0046 0000 001E 0000 105F
Up	0000 0069 0000 0030 0000 0046 0000 001E 0000 0046 0000 0046 0000 001E 0000 001E 0000 001E 0000 0046 0000 0046 0000 0046 0000 001E 0000 001E 0000 0046 0000 0046 0000 001E 0000 0688 0000 0046 0000 001E 0000 0046 0000 0046 0000 001E 0000 0046 0000 0046 0000 001E 0000 001E 0000 001E 0000 0046 0000 0046 0000 001E 0000 001E 0000 0045 0000 069A 0000 0046 0000 001E 0000 0046 0000 0046 0000 001E 0000 001E 0000 001E 0000 0046 0000 0046 0000 0046 0000 001E 0000 001E 0000 0046 0000 0046 0000 001E 0000 101F
Down	0000 006A 0000 0030 0000 0045 0000 001E 0000 0045 0000 0045 0000 001E 0000 0045 0000 001E 0000 0045 0000 0045 0000 0045 0000 001E 0000 001E 0000 0045 0000 0045 0000 001E 0000 064B 0000 0045 0000 001E 0000 0045 0000 0045 0000 001E 0000 001E 0000 0045 0000 001E 0000 001E 0000 001E 0000 0045 0000 0045 0000 001E 0000 001E 0000 0045 0000 0699 0000 0045 0000 001E 0000 0045 0000 0045 0000 001E 0000 0045 0000 001E 0000 0045 0000 0045 0000 0045 0000 001E 0000 001E 0000 0045 0000 0045 0000 001E 0000 0FFF
Left	0000 0069 0000 0020 0000 0046 0000 001E 0000 0046 0000 0046 0000 001E 0000 001E 0000 001E 0000 001E 0000 001E 0000 0046 0000 001E 0000 0046 0000 001E 0000 0046 0000 001E 0000 06C7 0000 0046 0000 001E 0000 0046 0000 0046 0000 001E 0000 0046 0000 0046 0000 0046 0000 0046 0000 001E 0000 0046 0000 001E 0000 0046 0000 001E 0000 0045 0000 0FDF
Right	0000 0069 0000 0030 0000 0046 0000 001E 0000 0046 0000 0046 0000 001E 0000 0046 0000 0046 0000 0046 0000 0046 0000 001E 0000 001E 0000 0046 0000 001E 0000 0046 0000 001E 0000 0650 0000 0046 0000 001E 0000 0046 0000 0046 0000 001E 0000 001E 0000 001E 0000 001E 0000 001E 0000 0046 0000 0046 0000 001E 0000 0046 0000 001E 0000 0045 0000 069E 0000 0046 0000 001E 0000 0046 0000 0046 0000 001E 0000 0046 0000 0046 0000 0046 0000 0046 0000 001E 0000 001E 0000 0046 0000 001E 0000 0046 0000 001E 0000 0FFF
E-Z/Lens	0000 0069 0000 0010 0000 0046 0000 001E 0000 0046 0000 0046 0000 001E 0000 0046 0000 0046 0000 001E 0000 0046 0000 001E 0000 001E 0000 001E 0000 0046 0000 0046 0000 001E 0000 101F
R-Click/Enter	0000 006A 0000 0010 0000 0045 0000 001E 0000 0045 0000 0045 0000 001E 0000 0045 0000 0045 0000 0045 0000 001E 0000 0045 0000 001E 0000 0045 0000 001E 0000 0045 0000 001E 0000 0FFF
Video	0000 0069 0000 0010 0000 0046 0000 001E 0000 0046 0000 0046 0000 001E 0000 001E 0000 0046 0000 001E 0000 001E 0000 0046 0000 0046 0000 001E 0000 001E 0000 0046 0000 001E 0000 105F
Check	0000 0069 0000 0020 0000 0046 0000 001E 0000 0046 0000 0046 0000 001E 0000 0046 0000 0046 0000 001E 0000 0046 0000 0046 0000 001E 0000 001E 0000 001E 0000 0046 0000 001E 0000 067C 0000 0046 0000 001E 0000 0046 0000 0046 0000 001E 0000 001E 0000 001E 0000 0046 0000 001E 0000 001E 0000 0046 0000 0046 0000 0046 0000 001E 0000 0045 0000 101F
Data1	0000 0069 0000 0010 0000 0046 0000 001E 0000 0046 0000 0046 0000 001E 0000 0046 0000 001E 0000 0046 0000 001E 0000 0046 0000 0046 0000 001E 0000 001E 0000 0046 0000 001E 0000 101F
Data2	0000 0069 0000 0020 0000 0046 0000 001E 0000 0046 0000 0046 0000 001E 0000 001E 0000 0046 0000 0046 0000 001E 0000 0046 0000 0046 0000 001E 0000 001E 0000 0046 0000 001E 0000 067C 0000 0046 0000 001E 0000 0046 0000 0046 0000 001E 0000 0046 0000 001E 0000 001E 0000 0046 0000 001E 0000 001E 0000 0046 0000 0046 0000 001E 0000 0045 0000 101F
Mute	0000 0069 0000 0010 0000 0046 0000 001E 0000 0046 0000 0046 0000 001E 0000 0046 0000 0046 0000 0046 0000 001E 0000 0046 0000 001E 0000 001E 0000 001E 0000 0046 0000 001E 0000 101F
