Power On	0000 006A 0000 0050 0000 0045 0000 001E 0000 0045 0000 0045 0000 001E 0000 001E 0000 0045 0000 0045 0000 001E 0000 0045 0000 001E 0000 0045 0000 001E 0000 0045 0000 001E 0000 066D 0000 0045 0000 001E 0000 0045 0000 0045 0000 001E 0000 0045 0000 001E 0000 001E 0000 0045 0000 001E 0000 0045 0000 001E 0000 0045 0000 001E 0000 0045 0000 066F 0000 0045 0000 001E 0000 0045 0000 0045 0000 001E 0000 001E 0000 0045 0000 0045 0000 001E 0000 0045 0000 001E 0000 0045 0000 001E 0000 0045 0000 001E 0000 066F 0000 0045 0000 001E 0000 0045 0000 0045 0000 001E 0000 0045 0000 001E 0000 001E 0000 0045 0000 001E 0000 0045 0000 001E 0000 0045 0000 001E 0000 0045 0000 066F 0000 0045 0000 001E 0000 0045 0000 0045 0000 001E 0000 001E 0000 0045 0000 0045 0000 001E 0000 0045 0000 001E 0000 0045 0000 001E 0000 0045 0000 001E 0000 1038
Power Off	0000 006A 0000 0050 0000 0045 0000 001E 0000 0045 0000 0045 0000 001E 0000 001E 0000 0045 0000 0045 0000 001E 0000 0045 0000 001E 0000 001E 0000 0045 0000 0045 0000 001E 0000 066D 0000 0045 0000 001E 0000 0045 0000 0045 0000 001E 0000 0045 0000 001E 0000 001E 0000 0045 0000 001E 0000 0045 0000 0045 0000 001E 0000 001E 0000 0045 0000 066F 0000 0045 0000 001E 0000 0045 0000 0045 0000 001E 0000 001E 0000 0045 0000 0045 0000 001E 0000 0045 0000 001E 0000 001E 0000 0045 0000 0045 0000 001E 0000 066F 0000 0045 0000 001E 0000 0045 0000 0045 0000 001E 0000 0045 0000 001E 0000 001E 0000 0045 0000 001E 0000 0045 0000 0045 0000 001E 0000 001E 0000 0045 0000 066F 0000 0045 0000 001E 0000 0045 0000 0045 0000 001E 0000 001E 0000 0045 0000 0045 0000 001E 0000 0045 0000 001E 0000 001E 0000 0045 0000 0045 0000 001E 0000 1037
Video1	0000 006A 0000 0020 0000 0045 0000 001E 0000 0045 0000 0045 0000 001E 0000 001E 0000 0045 0000 001E 0000 001E 0000 0045 0000 0045 0000 001E 0000 001E 0000 0045 0000 001E 0000 0695 0000 0045 0000 001E 0000 0045 0000 0045 0000 001E 0000 0045 0000 001E 0000 0045 0000 0045 0000 001E 0000 001E 0000 0045 0000 0045 0000 001E 0000 0045 0000 0647
Vol+	0000 006A 0000 0020 0000 0045 0000 001E 0000 0045 0000 0045 0000 001E 0000 001E 0000 001E 0000 0045 0000 001E 0000 0045 0000 001E 0000 001E 0000 001E 0000 0045 0000 001E 0000 06BD 0000 0045 0000 001E 0000 0045 0000 0045 0000 001E 0000 0045 0000 0045 0000 001E 0000 0045 0000 001E 0000 0045 0000 0045 0000 0045 0000 001E 0000 0045 0000 0621
Vol-	0000 006A 0000 0020 0000 0045 0000 001E 0000 0045 0000 0045 0000 001E 0000 0045 0000 001E 0000 0045 0000 001E 0000 0045 0000 001E 0000 001E 0000 001E 0000 0045 0000 001E 0000 0696 0000 0045 0000 001E 0000 0045 0000 0045 0000 001E 0000 001E 0000 0045 0000 001E 0000 0045 0000 001E 0000 0045 0000 0045 0000 0045 0000 001E 0000 0045 0000 0648
Mute	0000 006A 0000 0020 0000 0045 0000 001E 0000 0045 0000 0045 0000 001E 0000 0045 0000 0045 0000 0045 0000 001E 0000 0045 0000 001E 0000 001E 0000 001E 0000 0045 0000 001E 0000 066E 0000 0045 0000 001E 0000 0045 0000 0045 0000 001E 0000 001E 0000 001E 0000 001E 0000 0045 0000 001E 0000 0045 0000 0045 0000 0045 0000 001E 0000 0045 0000 0670
R Click	0000 006A 0000 0011 0000 0017 0000 002E 0000 0017 0000 0017 0000 0017 0000 0017 0000 0017 0000 0017 0000 0018 0000 0017 0000 0017 0000 0017 0000 0017 0000 0017 0000 0017 0000 0017 0000 11BF
Data1	0000 006A 0000 0020 0000 0045 0000 001E 0000 0045 0000 0045 0000 001E 0000 0045 0000 001E 0000 0045 0000 001E 0000 0045 0000 0045 0000 001E 0000 001E 0000 0045 0000 001E 0000 066E 0000 0045 0000 001E 0000 0045 0000 0045 0000 001E 0000 001E 0000 0045 0000 001E 0000 0045 0000 001E 0000 001E 0000 0045 0000 0045 0000 001E 0000 0045 0000 066F
Data2	0000 006A 0000 0020 0000 0045 0000 001E 0000 0045 0000 0045 0000 001E 0000 001E 0000 0045 0000 0045 0000 001E 0000 0045 0000 0045 0000 001E 0000 001E 0000 0045 0000 001E 0000 066E 0000 0045 0000 001E 0000 0045 0000 0045 0000 001E 0000 0045 0000 001E 0000 001E 0000 0045 0000 001E 0000 001E 0000 0045 0000 0045 0000 001E 0000 0045 0000 066F
Check	0000 006A 0000 0020 0000 0045 0000 001E 0000 0045 0000 0045 0000 001E 0000 0045 0000 0045 0000 001E 0000 0045 0000 0045 0000 001E 0000 001E 0000 001E 0000 0045 0000 001E 0000 066D 0000 0045 0000 001E 0000 0045 0000 0045 0000 001E 0000 001E 0000 001E 0000 0045 0000 001E 0000 001E 0000 0045 0000 0045 0000 0045 0000 001E 0000 0045 0000 066F
Black Screen	0000 006A 0000 0020 0000 0045 0000 001E 0000 0045 0000 0045 0000 001E 0000 0045 0000 001E 0000 001E 0000 0045 0000 001E 0000 0045 0000 0045 0000 001E 0000 0045 0000 001E 0000 066E 0000 0045 0000 001E 0000 0045 0000 0045 0000 001E 0000 001E 0000 0045 0000 0045 0000 001E 0000 0045 0000 001E 0000 001E 0000 0045 0000 001E 0000 0045 0000 066F
Video2	0000 006A 0000 0020 0000 0045 0000 001E 0000 0045 0000 0045 0000 001E 0000 0045 0000 0045 0000 001E 0000 001E 0000 0045 0000 0045 0000 001E 0000 001E 0000 0045 0000 001E 0000 066E 0000 0045 0000 001E 0000 0045 0000 0045 0000 001E 0000 001E 0000 001E 0000 0045 0000 0045 0000 001E 0000 001E 0000 0045 0000 0045 0000 001E 0000 0045 0000 066F
Up	0000 006A 0000 0020 0000 0045 0000 001E 0000 0045 0000 0045 0000 001E 0000 001E 0000 001E 0000 0045 0000 0045 0000 0045 0000 001E 0000 001E 0000 0045 0000 0045 0000 001E 0000 0675 0000 0045 0000 001E 0000 0045 0000 0045 0000 001E 0000 0045 0000 0045 0000 001E 0000 001E 0000 001E 0000 0045 0000 0045 0000 001E 0000 001E 0000 0045 0000 0671
Down	0000 006A 0000 0020 0000 0045 0000 001E 0000 0045 0000 0045 0000 001E 0000 0045 0000 001E 0000 0045 0000 0045 0000 0045 0000 001E 0000 001E 0000 0045 0000 0045 0000 001E 0000 0644 0000 0045 0000 001E 0000 0045 0000 0045 0000 001E 0000 001E 0000 0045 0000 001E 0000 001E 0000 001E 0000 0045 0000 0045 0000 001E 0000 001E 0000 0045 0000 0690
Left	0000 006A 0000 0020 0000 0045 0000 001E 0000 0045 0000 0045 0000 001E 0000 001E 0000 001E 0000 001E 0000 001E 0000 0045 0000 001E 0000 0045 0000 001E 0000 0045 0000 001E 0000 06B3 0000 0045 0000 001E 0000 0045 0000 0045 0000 001E 0000 0045 0000 0045 0000 0045 0000 0045 0000 001E 0000 0045 0000 001E 0000 0045 0000 001E 0000 0045 0000 0618
Right	0000 006A 0000 0020 0000 0045 0000 001E 0000 0045 0000 0045 0000 001E 0000 0045 0000 0045 0000 0045 0000 0045 0000 001E 0000 001E 0000 0045 0000 001E 0000 0045 0000 001E 0000 0644 0000 0045 0000 001E 0000 0045 0000 0045 0000 001E 0000 001E 0000 001E 0000 001E 0000 001E 0000 0045 0000 0045 0000 001E 0000 0045 0000 001E 0000 0045 0000 0691
Lens	0000 006A 0000 0020 0000 0045 0000 001E 0000 0045 0000 0045 0000 001E 0000 0045 0000 0045 0000 001E 0000 0045 0000 001E 0000 001E 0000 001E 0000 0045 0000 0045 0000 001E 0000 066D 0000 0045 0000 001E 0000 0045 0000 0045 0000 001E 0000 001E 0000 001E 0000 0045 0000 001E 0000 0045 0000 0045 0000 0045 0000 001E 0000 001E 0000 0045 0000 066E
Menu	0000 006A 0000 0020 0000 0045 0000 001E 0000 0045 0000 0045 0000 001E 0000 001E 0000 001E 0000 0045 0000 001E 0000 001E 0000 001E 0000 0045 0000 0045 0000 0045 0000 001E 0000 0695 0000 0045 0000 001E 0000 0045 0000 0045 0000 001E 0000 0045 0000 0045 0000 001E 0000 0045 0000 0045 0000 0045 0000 001E 0000 001E 0000 001E 0000 0045 0000 0647
Enter	0000 006A 0000 0020 0000 0045 0000 001E 0000 0045 0000 0045 0000 001E 0000 0045 0000 0045 0000 0045 0000 001E 0000 0045 0000 001E 0000 0045 0000 001E 0000 0045 0000 001E 0000 0646 0000 0045 0000 001E 0000 0045 0000 0045 0000 001E 0000 001E 0000 001E 0000 001E 0000 0045 0000 001E 0000 0045 0000 001E 0000 0045 0000 001E 0000 0045 0000 0695
