On	0000 006A 0000 0050 0000 0047 0000 001F 0000 0047 0000 0047 0000 001F 0000 001F 0000 0047 0000 0047 0000 001F 0000 0047 0000 001F 0000 0047 0000 001F 0000 0047 0000 001F 0000 0671 0000 0047 0000 001F 0000 0047 0000 0047 0000 001F 0000 0047 0000 001F 0000 001F 0000 0047 0000 001F 0000 0047 0000 001F 0000 0047 0000 001F 0000 0047 0000 0671 0000 0047 0000 001F 0000 0047 0000 0047 0000 001F 0000 001F 0000 0047 0000 0047 0000 001F 0000 0047 0000 001F 0000 0047 0000 001F 0000 0047 0000 001F 0000 0671 0000 0047 0000 001F 0000 0047 0000 0047 0000 001F 0000 0047 0000 001F 0000 001F 0000 0047 0000 001F 0000 0047 0000 001F 0000 0047 0000 001F 0000 0047 0000 0671 0000 0047 0000 001F 0000 0047 0000 0047 0000 001F 0000 001F 0000 0047 0000 0047 0000 001F 0000 0047 0000 001F 0000 0047 0000 001F 0000 0047 0000 001F 0000 102E
Off	0000 006A 0000 0050 0000 0047 0000 001F 0000 0047 0000 0047 0000 001F 0000 001F 0000 0047 0000 0047 0000 001F 0000 0047 0000 001F 0000 001F 0000 0047 0000 0047 0000 001F 0000 0671 0000 0047 0000 001F 0000 0047 0000 0047 0000 001F 0000 0047 0000 001F 0000 001F 0000 0047 0000 001F 0000 0047 0000 0047 0000 001F 0000 001F 0000 0047 0000 0671 0000 0047 0000 001F 0000 0047 0000 0047 0000 001F 0000 001F 0000 0047 0000 0047 0000 001F 0000 0047 0000 001F 0000 001F 0000 0047 0000 0047 0000 001F 0000 0671 0000 0047 0000 001F 0000 0047 0000 0047 0000 001F 0000 0047 0000 001F 0000 001F 0000 0047 0000 001F 0000 0047 0000 0047 0000 001F 0000 001F 0000 0047 0000 0671 0000 0047 0000 001F 0000 0047 0000 0047 0000 001F 0000 001F 0000 0047 0000 0047 0000 001F 0000 0047 0000 001F 0000 001F 0000 0047 0000 0047 0000 001F 0000 102E
Vol+	0000 006A 0000 0020 0000 0047 0000 001F 0000 0047 0000 0047 0000 001F 0000 001F 0000 001F 0000 0047 0000 001F 0000 0047 0000 001F 0000 001F 0000 001F 0000 0047 0000 001F 0000 06C3 0000 0047 0000 001F 0000 0047 0000 0047 0000 001F 0000 0047 0000 0047 0000 001F 0000 0047 0000 001F 0000 0047 0000 0047 0000 0047 0000 001F 0000 0047 0000 06C3
Vol-	0000 006A 0000 0020 0000 0047 0000 001F 0000 0047 0000 0047 0000 001F 0000 0047 0000 001F 0000 0047 0000 001F 0000 0047 0000 001F 0000 001F 0000 001F 0000 0047 0000 001F 0000 069A 0000 0047 0000 001F 0000 0047 0000 0047 0000 001F 0000 001F 0000 0047 0000 001F 0000 0047 0000 001F 0000 0047 0000 0047 0000 0047 0000 001F 0000 0047 0000 069A
Mute	0000 006A 0000 0020 0000 0047 0000 001F 0000 0047 0000 0047 0000 001F 0000 0047 0000 0047 0000 0047 0000 001F 0000 0047 0000 001F 0000 001F 0000 001F 0000 0047 0000 001F 0000 0671 0000 0047 0000 001F 0000 0047 0000 0047 0000 001F 0000 001F 0000 001F 0000 001F 0000 0047 0000 001F 0000 0047 0000 0047 0000 0047 0000 001F 0000 0047 0000 0671
Tools	0000 006A 0000 0020 0000 0047 0000 001F 0000 0047 0000 0047 0000 001F 0000 001F 0000 0047 0000 001F 0000 0047 0000 001F 0000 0047 0000 0047 0000 0047 0000 0047 0000 001F 0000 0648 0000 0047 0000 001F 0000 0047 0000 0047 0000 001F 0000 0047 0000 001F 0000 0047 0000 001F 0000 0047 0000 001F 0000 001F 0000 001F 0000 001F 0000 0047 0000 0648
Menu	0000 006A 0000 0020 0000 0047 0000 001F 0000 0047 0000 0047 0000 001F 0000 001F 0000 001F 0000 0047 0000 001F 0000 001F 0000 001F 0000 0047 0000 0047 0000 0047 0000 001F 0000 0699 0000 0047 0000 001F 0000 0047 0000 0047 0000 001F 0000 0047 0000 0047 0000 001F 0000 0047 0000 0047 0000 0047 0000 001F 0000 001F 0000 001F 0000 0047 0000 0699
Black Screen	0000 006A 0000 0020 0000 0047 0000 001F 0000 0047 0000 0047 0000 001F 0000 0047 0000 001F 0000 001F 0000 0047 0000 001F 0000 0047 0000 0047 0000 001F 0000 0047 0000 001F 0000 0671 0000 0047 0000 001F 0000 0047 0000 0047 0000 001F 0000 001F 0000 0047 0000 0047 0000 001F 0000 0047 0000 001F 0000 001F 0000 0047 0000 001F 0000 0047 0000 0671
Enter	0000 006A 0000 0020 0000 0047 0000 001F 0000 0047 0000 0047 0000 001F 0000 0047 0000 0047 0000 0047 0000 001F 0000 0047 0000 001F 0000 0047 0000 001F 0000 0047 0000 001F 0000 0648 0000 0047 0000 001F 0000 0047 0000 0047 0000 001F 0000 001F 0000 001F 0000 001F 0000 0047 0000 001F 0000 0047 0000 001F 0000 0047 0000 001F 0000 0047 0000 0648
Right Click	0000 006A 0000 0001 0000 0017 0000 002F 0000 0017
Left Click	0000 006A 0000 0010 0000 002E 0000 0017 0000 0017 0000 0017 0000 0017 0000 0017 0000 0017 0000 0017 0000 002E 0000 0017 0000 0017 0000 0017 0000 0017 0000 0017 0000 0017 0000 11AE
Up	0000 006A 0000 0020 0000 0047 0000 001F 0000 0047 0000 0047 0000 001F 0000 001F 0000 001F 0000 0047 0000 0047 0000 0047 0000 001F 0000 001F 0000 0047 0000 0047 0000 001F 0000 065B 0000 0047 0000 001F 0000 0047 0000 0047 0000 001F 0000 0047 0000 0047 0000 001F 0000 001F 0000 001F 0000 0047 0000 0047 0000 001F 0000 001F 0000 0047 0000 065B
Down	0000 006A 0000 0020 0000 0047 0000 001F 0000 0047 0000 0047 0000 001F 0000 0047 0000 001F 0000 0047 0000 0047 0000 0047 0000 001F 0000 001F 0000 0047 0000 0047 0000 001F 0000 0630 0000 0047 0000 001F 0000 0047 0000 0047 0000 001F 0000 001F 0000 0047 0000 001F 0000 001F 0000 001F 0000 0047 0000 0047 0000 001F 0000 001F 0000 0047 0000 0630
Left	0000 006A 0000 0020 0000 0047 0000 001F 0000 0047 0000 0047 0000 001F 0000 001F 0000 001F 0000 001F 0000 001F 0000 0047 0000 001F 0000 0047 0000 001F 0000 0047 0000 001F 0000 06BD 0000 0047 0000 001F 0000 0047 0000 0047 0000 001F 0000 0047 0000 0047 0000 0047 0000 0047 0000 001F 0000 0047 0000 001F 0000 0047 0000 001F 0000 0047 0000 06BD
Right	0000 006A 0000 0020 0000 0047 0000 001F 0000 0047 0000 0047 0000 001F 0000 0047 0000 0047 0000 0047 0000 0047 0000 001F 0000 001F 0000 0047 0000 001F 0000 0047 0000 001F 0000 0633 0000 0047 0000 001F 0000 0047 0000 0047 0000 001F 0000 001F 0000 001F 0000 001F 0000 001F 0000 0047 0000 0047 0000 001F 0000 0047 0000 001F 0000 0047 0000 0633
Input	0000 006A 0000 0020 0000 0047 0000 001F 0000 0047 0000 0047 0000 001F 0000 0047 0000 0047 0000 001F 0000 001F 0000 0047 0000 001F 0000 001F 0000 001F 0000 0047 0000 001F 0000 0699 0000 0047 0000 001F 0000 0047 0000 0047 0000 001F 0000 001F 0000 001F 0000 0047 0000 0047 0000 001F 0000 0047 0000 0047 0000 0047 0000 001F 0000 0047 0000 0699
Ircom	0000 006A 0000 0020 0000 0047 0000 001F 0000 0047 0000 0047 0000 001F 0000 0047 0000 0047 0000 0047 0000 001F 0000 0047 0000 0047 0000 001F 0000 0047 0000 0047 0000 001F 0000 0620 0000 0047 0000 001F 0000 0047 0000 0047 0000 001F 0000 001F 0000 001F 0000 001F 0000 0047 0000 001F 0000 001F 0000 0047 0000 001F 0000 001F 0000 0047 0000 0620
Auto Sync	0000 006A 0000 0020 0000 0047 0000 001F 0000 0047 0000 0047 0000 001F 0000 001F 0000 0047 0000 001F 0000 0047 0000 0047 0000 0047 0000 0047 0000 0047 0000 0047 0000 001F 0000 0620 0000 0047 0000 001F 0000 0047 0000 0047 0000 001F 0000 0047 0000 001F 0000 0047 0000 001F 0000 001F 0000 001F 0000 001F 0000 001F 0000 001F 0000 0047 0000 0620
Freeze	0000 006A 0000 0020 0000 0047 0000 001F 0000 0047 0000 0047 0000 001F 0000 0047 0000 001F 0000 0047 0000 0047 0000 001F 0000 001F 0000 001F 0000 0047 0000 0047 0000 001F 0000 0671 0000 0047 0000 001F 0000 0047 0000 0047 0000 001F 0000 001F 0000 0047 0000 001F 0000 001F 0000 0047 0000 0047 0000 0047 0000 001F 0000 001F 0000 0047 0000 0671
Keystone	0000 006A 0000 0020 0000 0047 0000 001F 0000 0047 0000 0047 0000 001F 0000 0047 0000 0047 0000 001F 0000 0047 0000 001F 0000 001F 0000 001F 0000 0047 0000 0047 0000 001F 0000 0671 0000 0047 0000 001F 0000 0047 0000 0047 0000 001F 0000 001F 0000 001F 0000 0047 0000 001F 0000 0047 0000 0047 0000 0047 0000 001F 0000 001F 0000 0047 0000 0671
Enlarge	0000 006A 0000 0020 0000 0047 0000 001F 0000 0047 0000 0047 0000 001F 0000 0047 0000 001F 0000 0047 0000 0047 0000 001F 0000 0047 0000 0047 0000 001F 0000 0047 0000 001F 0000 0649 0000 0047 0000 001F 0000 0047 0000 0047 0000 001F 0000 001F 0000 0047 0000 001F 0000 001F 0000 0047 0000 001F 0000 001F 0000 0047 0000 001F 0000 0047 0000 0649
Mouse Up	0000 006A 0000 0030 0000 002E 0000 0017 0000 0017 0000 0017 0000 0017 0000 0017 0000 0017 0000 0017 0000 0017 0000 0017 0000 0017 0000 0017 0000 0017 0000 0017 0000 0017 0000 00D9 0000 002E 0000 0017 0000 0017 0000 0017 0000 0017 0000 0017 0000 0017 0000 0017 0000 0017 0000 0017 0000 0017 0000 0017 0000 0017 0000 002E 0000 0017 0000 00D9 0000 002E 0000 0017 0000 0017 0000 0017 0000 0017 0000 0017 0000 0017 0000 0017 0000 0017 0000 0017 0000 0017 0000 0017 0000 0017 0000 0017 0000 0017 0000 0CEE
Mouse Down	0000 006A 0000 0030 0000 002E 0000 0017 0000 0017 0000 0017 0000 0017 0000 0017 0000 0017 0000 0017 0000 0017 0000 0017 0000 0017 0000 0017 0000 0017 0000 0017 0000 002E 0000 00DA 0000 002E 0000 0017 0000 0017 0000 0017 0000 0017 0000 0017 0000 0017 0000 0017 0000 0017 0000 0017 0000 0017 0000 0017 0000 0017 0000 002E 0000 0017 0000 00DA 0000 002E 0000 0017 0000 0017 0000 0017 0000 0017 0000 0017 0000 0017 0000 0017 0000 0017 0000 0017 0000 0017 0000 0017 0000 0017 0000 0017 0000 002E 0000 0CCE
Mouse Left	0000 006A 0000 002F 0000 002E 0000 0017 0000 0017 0000 0017 0000 002E 0000 0017 0000 0017 0000 0017 0000 0017 0000 0017 0000 0017 0000 0017 0000 0017 0000 0017 0000 0017 0000 00DA 0000 002E 0000 0017 0000 0017 0000 0017 0000 002E 0000 0017 0000 002E 0000 0017 0000 0017 0000 0017 0000 0017 0000 0017 0000 0017 0000 0017 0000 00DA 0000 002E 0000 0017 0000 0017 0000 0017 0000 0017 0000 0017 0000 002E 0000 0017 0000 0017 0000 0017 0000 0017 0000 0017 0000 0017 0000 0017 0000 0017 0000 0CCE
Mouse Right	0000 006A 0000 002E 0000 002E 0000 0017 0000 0017 0000 0017 0000 0017 0000 0017 0000 002E 0000 0017 0000 0017 0000 0017 0000 0017 0000 0017 0000 0017 0000 0017 0000 0017 0000 00D0 0000 002E 0000 0017 0000 0017 0000 0017 0000 002E 0000 0017 0000 0017 0000 0017 0000 0017 0000 0017 0000 0017 0000 0017 0000 002E 0000 00D0 0000 002E 0000 0017 0000 0017 0000 0017 0000 0017 0000 0017 0000 002E 0000 0017 0000 0017 0000 0017 0000 0017 0000 0017 0000 0017 0000 0017 0000 0017 0000 0CEE
