Power On	0000 006A 0000 0050 0000 0047 0000 001E 0000 0047 0000 0047 0000 001E 0000 001E 0000 0047 0000 0047 0000 001E 0000 0047 0000 001E 0000 0047 0000 001E 0000 0047 0000 001E 0000 0684 0000 0047 0000 001E 0000 0047 0000 0047 0000 001E 0000 0047 0000 001E 0000 001E 0000 0047 0000 001E 0000 0047 0000 001E 0000 0047 0000 001E 0000 0047 0000 0684 0000 0047 0000 001E 0000 0047 0000 0047 0000 001E 0000 001E 0000 0047 0000 0047 0000 001E 0000 0047 0000 001E 0000 0047 0000 001E 0000 0047 0000 001E 0000 0684 0000 0047 0000 001E 0000 0047 0000 0047 0000 001E 0000 0047 0000 001E 0000 001E 0000 0047 0000 001E 0000 0047 0000 001E 0000 0047 0000 001E 0000 0047 0000 0684 0000 0047 0000 001E 0000 0047 0000 0047 0000 001E 0000 001E 0000 0047 0000 0047 0000 001E 0000 0047 0000 001E 0000 0047 0000 001E 0000 0047 0000 001E 0000 103C
Power Off	0000 006A 0000 0050 0000 0047 0000 001E 0000 0047 0000 0047 0000 001E 0000 001E 0000 0047 0000 0047 0000 001E 0000 0047 0000 001E 0000 001E 0000 0047 0000 0047 0000 001E 0000 0684 0000 0047 0000 001E 0000 0047 0000 0047 0000 001E 0000 0047 0000 001E 0000 001E 0000 0047 0000 001E 0000 0047 0000 0047 0000 001E 0000 001E 0000 0047 0000 0684 0000 0047 0000 001E 0000 0047 0000 0047 0000 001E 0000 001E 0000 0047 0000 0047 0000 001E 0000 0047 0000 001E 0000 001E 0000 0047 0000 0047 0000 001E 0000 0684 0000 0047 0000 001E 0000 0047 0000 0047 0000 001E 0000 0047 0000 001E 0000 001E 0000 0047 0000 001E 0000 0047 0000 0047 0000 001E 0000 001E 0000 0047 0000 0684 0000 0047 0000 001E 0000 0047 0000 0047 0000 001E 0000 001E 0000 0047 0000 0047 0000 001E 0000 0047 0000 001E 0000 001E 0000 0047 0000 0047 0000 001E 0000 103C
Mute	0000 006A 0000 0020 0000 0047 0000 001E 0000 0047 0000 0047 0000 001E 0000 0047 0000 0047 0000 0047 0000 001E 0000 0047 0000 001E 0000 001E 0000 001E 0000 0047 0000 001E 0000 0684 0000 0047 0000 001E 0000 0047 0000 0047 0000 001E 0000 001E 0000 001E 0000 001E 0000 0047 0000 001E 0000 0047 0000 0047 0000 0047 0000 001E 0000 0047 0000 0684
Vol+	0000 006A 0000 0020 0000 0047 0000 001E 0000 0047 0000 0047 0000 001E 0000 001E 0000 001E 0000 0047 0000 001E 0000 0047 0000 001E 0000 001E 0000 001E 0000 0047 0000 001E 0000 06D4 0000 0047 0000 001E 0000 0047 0000 0047 0000 001E 0000 0047 0000 0047 0000 001E 0000 0047 0000 001E 0000 0047 0000 0047 0000 0047 0000 001E 0000 0047 0000 06D4
Vol-	0000 006A 0000 0020 0000 0047 0000 001E 0000 0047 0000 0047 0000 001E 0000 0047 0000 001E 0000 0047 0000 001E 0000 0047 0000 001E 0000 001E 0000 001E 0000 0047 0000 001E 0000 06AC 0000 0047 0000 001E 0000 0047 0000 0047 0000 001E 0000 001E 0000 0047 0000 001E 0000 0047 0000 001E 0000 0047 0000 0047 0000 0047 0000 001E 0000 0047 0000 06AC
Lens	0000 006A 0000 0020 0000 0047 0000 001E 0000 0047 0000 0047 0000 001E 0000 0047 0000 0047 0000 001E 0000 0047 0000 001E 0000 001E 0000 001E 0000 0047 0000 0047 0000 001E 0000 0684 0000 0047 0000 001E 0000 0047 0000 0047 0000 001E 0000 001E 0000 001E 0000 0047 0000 001E 0000 0047 0000 0047 0000 0047 0000 001E 0000 001E 0000 0047 0000 0684
Menu	0000 006A 0000 0020 0000 0047 0000 001E 0000 0047 0000 0047 0000 001E 0000 001E 0000 001E 0000 0047 0000 001E 0000 001E 0000 001E 0000 0047 0000 0047 0000 0047 0000 001E 0000 06AC 0000 0047 0000 001E 0000 0047 0000 0047 0000 001E 0000 0047 0000 0047 0000 001E 0000 0047 0000 0047 0000 0047 0000 001E 0000 001E 0000 001E 0000 0047 0000 06AC
Enter	0000 006A 0000 0020 0000 0047 0000 001E 0000 0047 0000 0047 0000 001E 0000 0047 0000 0047 0000 0047 0000 001E 0000 0047 0000 001E 0000 0047 0000 001E 0000 0047 0000 001E 0000 065C 0000 0047 0000 001E 0000 0047 0000 0047 0000 001E 0000 001E 0000 001E 0000 001E 0000 0047 0000 001E 0000 0047 0000 001E 0000 0047 0000 001E 0000 0047 0000 065C
Input 123	0000 006A 0000 0020 0000 0047 0000 001E 0000 0047 0000 0047 0000 001E 0000 001E 0000 001E 0000 0047 0000 0047 0000 001E 0000 0047 0000 0047 0000 0047 0000 0047 0000 001E 0000 06AD 0000 0047 0000 001E 0000 0047 0000 0047 0000 001E 0000 0047 0000 0047 0000 001E 0000 001E 0000 0047 0000 001E 0000 001E 0000 001E 0000 001E 0000 0047 0000 06AD
Input 456	0000 006A 0000 0020 0000 0047 0000 001E 0000 0047 0000 0047 0000 001E 0000 001E 0000 0047 0000 0047 0000 001E 0000 0047 0000 0047 0000 001E 0000 0047 0000 0047 0000 001E 0000 065C 0000 0047 0000 001E 0000 0047 0000 0047 0000 001E 0000 0047 0000 001E 0000 001E 0000 0047 0000 001E 0000 001E 0000 0047 0000 001E 0000 001E 0000 0047 0000 065C
Freeze	0000 006A 0000 0020 0000 0047 0000 001E 0000 0047 0000 0047 0000 001E 0000 0047 0000 001E 0000 0047 0000 0047 0000 001E 0000 001E 0000 001E 0000 0047 0000 0047 0000 001E 0000 0684 0000 0047 0000 001E 0000 0047 0000 0047 0000 001E 0000 001E 0000 0047 0000 001E 0000 001E 0000 0047 0000 0047 0000 0047 0000 001E 0000 001E 0000 0047 0000 0684
Auto Sync	0000 006A 0000 0020 0000 0047 0000 001E 0000 0047 0000 0047 0000 001E 0000 001E 0000 0047 0000 001E 0000 0047 0000 0047 0000 0047 0000 0047 0000 0047 0000 0047 0000 001E 0000 06D5 0000 0047 0000 001E 0000 0047 0000 0047 0000 001E 0000 0047 0000 001E 0000 0047 0000 001E 0000 001E 0000 001E 0000 001E 0000 001E 0000 001E 0000 0047 0000 06D5
Enlarge	0000 006A 0000 0020 0000 0047 0000 001E 0000 0047 0000 0047 0000 001E 0000 0047 0000 001E 0000 0047 0000 0047 0000 001E 0000 0047 0000 0047 0000 001E 0000 0047 0000 001E 0000 065D 0000 0047 0000 001E 0000 0047 0000 0047 0000 001E 0000 001E 0000 0047 0000 001E 0000 001E 0000 0047 0000 001E 0000 001E 0000 0047 0000 001E 0000 0047 0000 065D
Resize	0000 006A 0000 0020 0000 0047 0000 001E 0000 0047 0000 0047 0000 001E 0000 001E 0000 0047 0000 0047 0000 0047 0000 0047 0000 001E 0000 0047 0000 001E 0000 0047 0000 001E 0000 065D 0000 0047 0000 001E 0000 0047 0000 0047 0000 001E 0000 0047 0000 001E 0000 001E 0000 001E 0000 001E 0000 0047 0000 001E 0000 0047 0000 001E 0000 0047 0000 065D
Tools	0000 006A 0000 0020 0000 0047 0000 001E 0000 0047 0000 0047 0000 001E 0000 001E 0000 0047 0000 001E 0000 0047 0000 001E 0000 0047 0000 0047 0000 0047 0000 0047 0000 001E 0000 065C 0000 0047 0000 001E 0000 0047 0000 0047 0000 001E 0000 0047 0000 001E 0000 0047 0000 001E 0000 0047 0000 001E 0000 001E 0000 001E 0000 001E 0000 0047 0000 065C
Gamma	0000 006A 0000 0020 0000 0047 0000 001E 0000 0047 0000 0047 0000 001E 0000 001E 0000 001E 0000 001E 0000 001E 0000 001E 0000 001E 0000 0047 0000 001E 0000 0047 0000 001E 0000 06FD 0000 0047 0000 001E 0000 0047 0000 0047 0000 001E 0000 0047 0000 0047 0000 0047 0000 0047 0000 0047 0000 0047 0000 001E 0000 0047 0000 001E 0000 0047 0000 060C
Undo	0000 006A 0000 0020 0000 0047 0000 001F 0000 0047 0000 0047 0000 001F 0000 0047 0000 001F 0000 001F 0000 0047 0000 0047 0000 001F 0000 0047 0000 001F 0000 0047 0000 001F 0000 0688 0000 0047 0000 001F 0000 0047 0000 0047 0000 001F 0000 001F 0000 0047 0000 0047 0000 001F 0000 001F 0000 0047 0000 001F 0000 0047 0000 001F 0000 0047 0000 0688
Bla Screen	0000 006A 0000 0020 0000 0047 0000 001E 0000 0047 0000 0047 0000 001E 0000 0047 0000 001E 0000 001E 0000 0047 0000 001E 0000 0047 0000 0047 0000 001E 0000 0047 0000 001E 0000 0685 0000 0047 0000 001E 0000 0047 0000 0047 0000 001E 0000 001E 0000 0047 0000 0047 0000 001E 0000 0047 0000 001E 0000 001E 0000 0047 0000 001E 0000 0047 0000 0685
R Click	0000 006A 0000 0001 0000 0017 0000 002F 0000 0017
L Click	0000 006A 0000 0010 0000 002F 0000 0017 0000 0017 0000 0017 0000 0017 0000 0017 0000 0017 0000 0017 0000 002F 0000 0017 0000 0017 0000 0017 0000 0017 0000 0017 0000 0017 0000 11C4
