Power	0000 006D 0000 0050 0000 0045 0000 001D 0000 0045 0000 0045 0000 001D 0000 001D 0000 0045 0000 0045 0000 001D 0000 0045 0000 001D 0000 001D 0000 001D 0000 0045 0000 001D 0000 0634 0000 0045 0000 001D 0000 0045 0000 0045 0000 001D 0000 0045 0000 001D 0000 001D 0000 0045 0000 001D 0000 0045 0000 0045 0000 0045 0000 001D 0000 0045 0000 0634 0000 0045 0000 001D 0000 0045 0000 0045 0000 001D 0000 001D 0000 0045 0000 0045 0000 001D 0000 0045 0000 001D 0000 001D 0000 001D 0000 0045 0000 001D 0000 0634 0000 0045 0000 001D 0000 0045 0000 0045 0000 001D 0000 0045 0000 001D 0000 001D 0000 0045 0000 001D 0000 0045 0000 0045 0000 0045 0000 001D 0000 0045 0000 0634 0000 0045 0000 001D 0000 0045 0000 0045 0000 001D 0000 001D 0000 0045 0000 0045 0000 001D 0000 0045 0000 001D 0000 001D 0000 001D 0000 0045 0000 001D 0000 1060
Vol+	0000 006D 0000 0020 0000 0045 0000 001F 0000 0045 0000 0045 0000 001F 0000 001F 0000 001F 0000 0045 0000 001F 0000 0045 0000 001F 0000 001F 0000 001F 0000 0045 0000 001F 0000 0614 0000 0045 0000 001F 0000 0045 0000 0045 0000 001F 0000 0045 0000 0045 0000 001F 0000 0045 0000 001F 0000 0045 0000 0045 0000 0045 0000 001F 0000 0045 0000 0614
Vol-	0000 006D 0000 0020 0000 0046 0000 001E 0000 0046 0000 0046 0000 001E 0000 0046 0000 001E 0000 0046 0000 001E 0000 0046 0000 001E 0000 001E 0000 001E 0000 0046 0000 001E 0000 0689 0000 0046 0000 001E 0000 0046 0000 0046 0000 001E 0000 001E 0000 0046 0000 001E 0000 0046 0000 001E 0000 0046 0000 0046 0000 0046 0000 001E 0000 0046 0000 0689
Mute	0000 006D 0000 0020 0000 0044 0000 001D 0000 0044 0000 0044 0000 001D 0000 0044 0000 0044 0000 0044 0000 001D 0000 0044 0000 001D 0000 001D 0000 001D 0000 0044 0000 001D 0000 0662 0000 0044 0000 001D 0000 0044 0000 0044 0000 001D 0000 001D 0000 001D 0000 001D 0000 0044 0000 001D 0000 0044 0000 0044 0000 0044 0000 001D 0000 0044 0000 0662
Input Cycle	0000 006D 0000 0020 0000 0046 0000 001E 0000 0046 0000 0046 0000 001E 0000 0046 0000 0046 0000 001E 0000 001E 0000 0046 0000 001E 0000 001E 0000 001E 0000 0046 0000 001E 0000 0689 0000 0046 0000 001E 0000 0046 0000 0046 0000 001E 0000 001E 0000 001E 0000 0046 0000 0046 0000 001E 0000 0046 0000 0046 0000 0046 0000 001E 0000 0046 0000 0689
Lens	0000 006D 0000 0020 0000 0045 0000 001D 0000 0045 0000 0045 0000 001D 0000 0045 0000 0045 0000 001D 0000 0045 0000 001D 0000 001D 0000 001D 0000 0045 0000 0045 0000 001D 0000 0662 0000 0045 0000 001D 0000 0045 0000 0045 0000 001D 0000 001D 0000 001D 0000 0045 0000 001D 0000 0045 0000 0045 0000 0045 0000 001D 0000 001D 0000 0045 0000 0662
Blank	0000 006D 0000 0020 0000 0045 0000 001D 0000 0045 0000 0045 0000 001D 0000 0045 0000 001D 0000 001D 0000 0045 0000 001D 0000 0045 0000 0045 0000 001D 0000 0045 0000 001D 0000 065C 0000 0045 0000 001D 0000 0045 0000 0045 0000 001D 0000 001D 0000 0045 0000 0045 0000 001D 0000 0045 0000 001D 0000 001D 0000 0045 0000 001D 0000 0045 0000 065C
Menu	0000 006D 0000 0020 0000 0045 0000 001E 0000 0045 0000 0045 0000 001E 0000 001E 0000 001E 0000 0045 0000 001E 0000 001E 0000 001E 0000 0045 0000 0045 0000 0045 0000 001E 0000 0689 0000 0045 0000 001E 0000 0045 0000 0045 0000 001E 0000 0045 0000 0045 0000 001E 0000 0045 0000 0045 0000 0045 0000 001E 0000 001E 0000 001E 0000 0045 0000 0689
L	0000 006D 0000 0020 0000 0045 0000 001D 0000 0045 0000 0045 0000 001D 0000 001D 0000 001D 0000 001D 0000 001D 0000 0045 0000 001D 0000 0045 0000 001D 0000 0045 0000 001D 0000 0614 0000 0045 0000 001D 0000 0045 0000 0045 0000 001D 0000 0045 0000 0045 0000 0045 0000 0045 0000 001D 0000 0045 0000 001D 0000 0045 0000 001D 0000 0045 0000 0614
R	0000 006D 0000 0020 0000 0045 0000 001D 0000 0045 0000 0045 0000 001D 0000 0045 0000 0045 0000 0045 0000 0045 0000 001D 0000 001D 0000 0045 0000 001D 0000 0045 0000 001D 0000 063B 0000 0045 0000 001D 0000 0045 0000 0045 0000 001D 0000 001D 0000 001D 0000 001D 0000 001D 0000 0045 0000 0045 0000 001D 0000 0045 0000 001D 0000 0045 0000 063B
PI Mode	0000 006D 0000 0020 0000 0045 0000 001D 0000 0045 0000 0045 0000 001D 0000 001D 0000 001D 0000 001D 0000 001D 0000 0045 0000 001D 0000 0045 0000 0045 0000 0045 0000 001D 0000 0634 0000 0045 0000 001D 0000 0045 0000 0045 0000 001D 0000 0045 0000 0045 0000 0045 0000 0045 0000 001D 0000 0045 0000 001D 0000 001D 0000 001D 0000 0045 0000 0634
DI All	0000 006D 0000 0020 0000 0047 0000 001D 0000 0047 0000 0047 0000 001D 0000 0047 0000 0047 0000 0047 0000 0047 0000 0047 0000 001D 0000 001D 0000 001D 0000 0047 0000 001D 0000 0634 0000 0047 0000 001D 0000 0047 0000 0047 0000 001D 0000 001D 0000 001D 0000 001D 0000 001D 0000 001D 0000 0047 0000 0047 0000 0047 0000 001D 0000 0047 0000 0634
PI Move	0000 006D 0000 0020 0000 0046 0000 0020 0000 0046 0000 0046 0000 0020 0000 0020 0000 0046 0000 0046 0000 0046 0000 0020 0000 0020 0000 0046 0000 0046 0000 0046 0000 0020 0000 0634 0000 0046 0000 0020 0000 0046 0000 0046 0000 0020 0000 0046 0000 0020 0000 0020 0000 0020 0000 0046 0000 0046 0000 0020 0000 0020 0000 0020 0000 0046 0000 0634
Up	0000 006D 0000 0020 0000 0045 0000 001F 0000 0045 0000 0045 0000 001F 0000 001F 0000 001F 0000 0045 0000 0045 0000 0045 0000 001F 0000 001F 0000 0045 0000 0045 0000 001F 0000 065C 0000 0045 0000 001F 0000 0045 0000 0045 0000 001F 0000 0045 0000 0045 0000 001F 0000 001F 0000 001F 0000 0045 0000 0045 0000 001F 0000 001F 0000 0045 0000 065C
Down	0000 006D 0000 0020 0000 0045 0000 001D 0000 0045 0000 0045 0000 001D 0000 0045 0000 001D 0000 0045 0000 0045 0000 0045 0000 001D 0000 001D 0000 0045 0000 0045 0000 001D 0000 0634 0000 0045 0000 001D 0000 0045 0000 0045 0000 001D 0000 001D 0000 0045 0000 001D 0000 001D 0000 001D 0000 0045 0000 0045 0000 001D 0000 001D 0000 0045 0000 0634
Left	0000 006D 0000 0020 0000 0045 0000 0020 0000 0045 0000 0045 0000 0020 0000 0020 0000 0045 0000 0045 0000 0045 0000 0045 0000 0020 0000 0020 0000 0045 0000 0045 0000 0020 0000 0634 0000 0045 0000 0020 0000 0045 0000 0045 0000 0020 0000 0045 0000 0020 0000 0020 0000 0020 0000 0020 0000 0045 0000 0045 0000 0020 0000 0020 0000 0045 0000 0634
Right	0000 006D 0000 0020 0000 0047 0000 001D 0000 0047 0000 0047 0000 001D 0000 0047 0000 0047 0000 0047 0000 0047 0000 0047 0000 001D 0000 001D 0000 0047 0000 0047 0000 001D 0000 060C 0000 0047 0000 001D 0000 0047 0000 0047 0000 001D 0000 001D 0000 001D 0000 001D 0000 001D 0000 001D 0000 0047 0000 0047 0000 001D 0000 001D 0000 0047 0000 060C
Enter	0000 006D 0000 0020 0000 0045 0000 0020 0000 0045 0000 0045 0000 0020 0000 0020 0000 0045 0000 0045 0000 0020 0000 0020 0000 0020 0000 0045 0000 0045 0000 0045 0000 0020 0000 065C 0000 0045 0000 0020 0000 0045 0000 0045 0000 0020 0000 0045 0000 0020 0000 0020 0000 0045 0000 0045 0000 0045 0000 0020 0000 0020 0000 0020 0000 0045 0000 065C
Gamma	0000 006D 0000 0020 0000 0045 0000 001D 0000 0045 0000 0045 0000 001D 0000 001D 0000 001D 0000 001D 0000 001D 0000 001D 0000 001D 0000 0045 0000 001D 0000 0045 0000 001D 0000 06D4 0000 0045 0000 001D 0000 0045 0000 0045 0000 001D 0000 0045 0000 0045 0000 0045 0000 0045 0000 0045 0000 0045 0000 001D 0000 0045 0000 001D 0000 0045 0000 05E4
Reset	0000 006D 0000 0020 0000 0045 0000 001F 0000 0045 0000 0045 0000 001F 0000 001F 0000 001F 0000 001F 0000 0045 0000 0045 0000 001F 0000 0045 0000 0045 0000 0045 0000 001F 0000 065C 0000 0045 0000 001F 0000 0045 0000 0045 0000 001F 0000 0045 0000 0045 0000 0045 0000 001F 0000 001F 0000 0045 0000 001F 0000 001F 0000 001F 0000 0045 0000 065C
Enlarge	0000 006D 0000 0020 0000 0048 0000 001D 0000 0048 0000 0048 0000 001D 0000 0048 0000 001D 0000 0048 0000 0048 0000 001D 0000 0048 0000 0048 0000 001D 0000 0048 0000 001D 0000 0634 0000 0048 0000 001D 0000 0048 0000 0048 0000 001D 0000 001D 0000 0048 0000 001D 0000 001D 0000 0048 0000 001D 0000 001D 0000 0048 0000 001D 0000 0048 0000 0634
2-Pict	0000 006D 0000 0020 0000 0046 0000 001E 0000 0046 0000 0046 0000 001E 0000 0046 0000 0046 0000 0046 0000 0046 0000 0046 0000 0046 0000 0046 0000 0046 0000 0046 0000 001E 0000 05BC 0000 0046 0000 001E 0000 0046 0000 0046 0000 001E 0000 001E 0000 001E 0000 001E 0000 001E 0000 001E 0000 001E 0000 001E 0000 001E 0000 001E 0000 0046 0000 06FC
PI Select	0000 006D 0000 0020 0000 0045 0000 001F 0000 0045 0000 0045 0000 001F 0000 001F 0000 0045 0000 0045 0000 0045 0000 0045 0000 001F 0000 001F 0000 001F 0000 0045 0000 001F 0000 065C 0000 0045 0000 001F 0000 0045 0000 0045 0000 001F 0000 0045 0000 001F 0000 001F 0000 001F 0000 001F 0000 0045 0000 0045 0000 0045 0000 001F 0000 0045 0000 065C
Video1	0000 006D 0000 0020 0000 0045 0000 001F 0000 0045 0000 0045 0000 001F 0000 001F 0000 0045 0000 001F 0000 001F 0000 0045 0000 0045 0000 001F 0000 001F 0000 0045 0000 001F 0000 0634 0000 0045 0000 001F 0000 0045 0000 0045 0000 001F 0000 0045 0000 001F 0000 0045 0000 0045 0000 001F 0000 001F 0000 0045 0000 0045 0000 001F 0000 0045 0000 0634
Video2	0000 006D 0000 0020 0000 0046 0000 001E 0000 0046 0000 0046 0000 001E 0000 0046 0000 0046 0000 001E 0000 001E 0000 0046 0000 0046 0000 001E 0000 001E 0000 0046 0000 001E 0000 065C 0000 0046 0000 001E 0000 0046 0000 0046 0000 001E 0000 001E 0000 001E 0000 0046 0000 0046 0000 001E 0000 001E 0000 0046 0000 0046 0000 001E 0000 0046 0000 065C
Comp1	0000 006D 0000 0020 0000 0046 0000 0020 0000 0046 0000 0046 0000 0020 0000 0020 0000 0046 0000 0020 0000 0046 0000 0046 0000 0020 0000 0020 0000 0020 0000 0046 0000 0020 0000 0634 0000 0046 0000 0020 0000 0046 0000 0046 0000 0020 0000 0046 0000 0020 0000 0046 0000 0020 0000 0020 0000 0046 0000 0046 0000 0046 0000 0020 0000 0046 0000 0634
Comp2	0000 006D 0000 0020 0000 0046 0000 001E 0000 0046 0000 0046 0000 001E 0000 001E 0000 0046 0000 001E 0000 0046 0000 0046 0000 0046 0000 001E 0000 001E 0000 0046 0000 001E 0000 065C 0000 0046 0000 001E 0000 0046 0000 0046 0000 001E 0000 0046 0000 001E 0000 0046 0000 001E 0000 001E 0000 001E 0000 0046 0000 0046 0000 001E 0000 0046 0000 065C
Rgb1	0000 006D 0000 0020 0000 0046 0000 001E 0000 0046 0000 0046 0000 001E 0000 0046 0000 001E 0000 0046 0000 001E 0000 0046 0000 0046 0000 001E 0000 001E 0000 0046 0000 001E 0000 065C 0000 0046 0000 001E 0000 0046 0000 0046 0000 001E 0000 001E 0000 0046 0000 001E 0000 0046 0000 001E 0000 001E 0000 0046 0000 0046 0000 001E 0000 0046 0000 065C
