Power On	0000 006d 0032 0002 0153 00a9 0016 0014 0016 0014 0016 0014 0016 003f 0016 003f 0016 0014 0016 0014 0016 0014 0016 003f 0016 003f 0016 003f 0016 0014 0016 003f 0016 003f 0016 003f 0016 003f 0016 0014 0016 0014 0016 0014 0016 003f 0016 0014 0016 0014 0016 0014 0016 0014 0016 003f 0016 003f 0016 003f 0016 0014 0016 003f 0016 003f 0016 003f 0016 003f 0016 003f 0016 003f 0016 003f 0016 003f 0016 003f 0016 003f 0016 003f 0016 003f 0016 0014 0016 0014 0016 0014 0016 0014 0016 0014 0016 0014 0016 0014 0016 0014 0016 01ba 0153 0055 0016 0e21
Power Off	0000 006d 0032 0002 0153 00a9 0016 0014 0016 0014 0016 0014 0016 003f 0016 003f 0016 0014 0016 0014 0016 0014 0016 003f 0016 003f 0016 003f 0016 0014 0016 003f 0016 003f 0016 003f 0016 003f 0016 0014 0016 0014 0016 003f 0016 0014 0016 003f 0016 0014 0016 0014 0016 0014 0016 003f 0016 003f 0016 0014 0016 003f 0016 0014 0016 003f 0016 003f 0016 003f 0016 003f 0016 003f 0016 003f 0016 003f 0016 003f 0016 003f 0016 003f 0016 003f 0016 0014 0016 0014 0016 0014 0016 0014 0016 0014 0016 0014 0016 0014 0016 0014 0016 01ba 0153 0055 0016 0e21
Test	0000 006d 0032 0002 0153 00a9 0016 0014 0016 0014 0016 0014 0016 003f 0016 003f 0016 0014 0016 0014 0016 0014 0016 003f 0016 003f 0016 003f 0016 0014 0016 003f 0016 003f 0016 003f 0016 003f 0016 003f 0016 003f 0016 0014 0016 003f 0016 0014 0016 0014 0016 0014 0016 0014 0016 0014 0016 0014 0016 003f 0016 0014 0016 003f 0016 003f 0016 003f 0016 003f 0016 003f 0016 003f 0016 003f 0016 003f 0016 003f 0016 003f 0016 003f 0016 003f 0016 0014 0016 0014 0016 0014 0016 0014 0016 0014 0016 0014 0016 0014 0016 0014 0016 01ba 0153 0055 0016 0e21
Operate	0000 006d 0032 0002 0153 00a9 0016 0014 0016 0014 0016 0014 0016 003f 0016 003f 0016 0014 0016 0014 0016 0014 0016 003f 0016 003f 0016 003f 0016 0014 0016 003f 0016 003f 0016 003f 0016 003f 0016 0014 0016 003f 0016 003f 0016 0014 0016 0014 0016 0014 0016 0014 0016 0014 0016 003f 0016 0014 0016 0014 0016 003f 0016 003f 0016 003f 0016 003f 0016 003f 0016 003f 0016 003f 0016 003f 0016 003f 0016 003f 0016 003f 0016 003f 0016 003f 0016 0014 0016 0014 0016 0014 0016 0014 0016 0014 0016 0014 0016 0014 0016 0014 0016 01ba 0153 0055 0016 0e21
Adjust	0000 006d 0032 0002 0153 00a9 0016 0014 0016 0014 0016 0014 0016 003f 0016 003f 0016 0014 0016 0014 0016 0014 0016 003f 0016 003f 0016 003f 0016 0014 0016 003f 0016 003f 0016 003f 0016 003f 0016 0014 0016 003f 0016 0014 0016 0014 0016 0014 0016 0014 0016 003f 0016 0014 0016 003f 0016 0014 0016 003f 0016 003f 0016 003f 0016 003f 0016 0014 0016 003f 0016 003f 0016 003f 0016 003f 0016 003f 0016 003f 0016 003f 0016 003f 0016 003f 0016 0014 0016 0014 0016 0014 0016 0014 0016 0014 0016 0014 0016 0014 0016 0014 0016 01ba 0153 0055 0016 0e21
Pic Func	0000 006d 0032 0002 0153 00a9 0016 0014 0016 0014 0016 0014 0016 003f 0016 003f 0016 0014 0016 0014 0016 0014 0016 003f 0016 003f 0016 003f 0016 0014 0016 003f 0016 003f 0016 003f 0016 003f 0016 0014 0016 003f 0016 003f 0016 0014 0016 0014 0016 0014 0016 003f 0016 0014 0016 003f 0016 0014 0016 0014 0016 003f 0016 003f 0016 003f 0016 0014 0016 003f 0016 003f 0016 003f 0016 003f 0016 003f 0016 003f 0016 003f 0016 003f 0016 003f 0016 0014 0016 0014 0016 0014 0016 0014 0016 0014 0016 0014 0016 0014 0016 0014 0016 01ba 0153 0055 0016 0e21
Sound Func	0000 006d 0032 0002 0153 00a9 0016 0014 0016 0014 0016 0014 0016 003f 0016 003f 0016 0014 0016 0014 0016 0014 0016 003f 0016 003f 0016 003f 0016 0014 0016 003f 0016 003f 0016 003f 0016 003f 0016 0014 0016 0014 0016 003f 0016 0014 0016 0014 0016 0014 0016 003f 0016 0014 0016 003f 0016 003f 0016 0014 0016 003f 0016 003f 0016 003f 0016 0014 0016 003f 0016 003f 0016 003f 0016 003f 0016 003f 0016 003f 0016 003f 0016 003f 0016 003f 0016 0014 0016 0014 0016 0014 0016 0014 0016 0014 0016 0014 0016 0014 0016 0014 0016 01ba 0153 0055 0016 0e21
Blank	0000 006d 0032 0002 0153 00a9 0016 0014 0016 0014 0016 0014 0016 003f 0016 003f 0016 0014 0016 0014 0016 0014 0016 003f 0016 003f 0016 003f 0016 0014 0016 003f 0016 003f 0016 003f 0016 003f 0016 003f 0016 003f 0016 003f 0016 0014 0016 0014 0016 0014 0016 003f 0016 0014 0016 0014 0016 0014 0016 0014 0016 003f 0016 003f 0016 003f 0016 0014 0016 003f 0016 003f 0016 003f 0016 003f 0016 003f 0016 003f 0016 003f 0016 003f 0016 003f 0016 0014 0016 0014 0016 0014 0016 0014 0016 0014 0016 0014 0016 0014 0016 0014 0016 01ba 0153 0055 0016 0e21
Mute	0000 006d 0032 0002 0153 00a9 0016 0014 0016 0014 0016 0014 0016 003f 0016 003f 0016 0014 0016 0014 0016 0014 0016 003f 0016 003f 0016 003f 0016 0014 0016 003f 0016 003f 0016 003f 0016 003f 0016 003f 0016 0014 0016 003f 0016 0014 0016 0014 0016 0014 0016 003f 0016 0014 0016 0014 0016 003f 0016 0014 0016 003f 0016 003f 0016 003f 0016 0014 0016 003f 0016 003f 0016 003f 0016 003f 0016 003f 0016 003f 0016 003f 0016 003f 0016 003f 0016 0014 0016 0014 0016 0014 0016 0014 0016 0014 0016 0014 0016 0014 0016 0014 0016 01ba 0153 0055 0016 0e21
Display	0000 006d 0032 0002 0153 00a9 0016 0014 0016 0014 0016 0014 0016 003f 0016 003f 0016 0014 0016 0014 0016 0014 0016 003f 0016 003f 0016 003f 0016 0014 0016 003f 0016 003f 0016 003f 0016 003f 0016 003f 0016 003f 0016 003f 0016 0014 0016 0014 0016 0014 0016 0014 0016 0014 0016 0014 0016 0014 0016 0014 0016 003f 0016 003f 0016 003f 0016 003f 0016 003f 0016 003f 0016 003f 0016 003f 0016 003f 0016 003f 0016 003f 0016 003f 0016 003f 0016 0014 0016 0014 0016 0014 0016 0014 0016 0014 0016 0014 0016 0014 0016 0014 0016 01ba 0153 0055 0016 0e21
Focus	0000 006d 0032 0002 0153 00a9 0016 0014 0016 0014 0016 0014 0016 003f 0016 003f 0016 0014 0016 0014 0016 0014 0016 003f 0016 003f 0016 003f 0016 0014 0016 003f 0016 003f 0016 003f 0016 003f 0016 0014 0016 003f 0016 003f 0016 003f 0016 0014 0016 0014 0016 003f 0016 0014 0016 003f 0016 0014 0016 0014 0016 0014 0016 003f 0016 003f 0016 0014 0016 003f 0016 003f 0016 003f 0016 003f 0016 003f 0016 003f 0016 003f 0016 003f 0016 003f 0016 0014 0016 0014 0016 0014 0016 0014 0016 0014 0016 0014 0016 0014 0016 0014 0016 01ba 0153 0055 0016 0e21
Static	0000 006d 0032 0002 0153 00a9 0016 0014 0016 0014 0016 0014 0016 003f 0016 003f 0016 0014 0016 0014 0016 0014 0016 003f 0016 003f 0016 003f 0016 0014 0016 003f 0016 003f 0016 003f 0016 003f 0016 003f 0016 0014 0016 003f 0016 0014 0016 003f 0016 0014 0016 0014 0016 0014 0016 0014 0016 003f 0016 0014 0016 003f 0016 0014 0016 003f 0016 003f 0016 003f 0016 003f 0016 003f 0016 003f 0016 003f 0016 003f 0016 003f 0016 003f 0016 003f 0016 0014 0016 0014 0016 0014 0016 0014 0016 0014 0016 0014 0016 0014 0016 0014 0016 01ba 0153 0055 0016 0e21
Point	0000 006d 0032 0002 0153 00a9 0016 0014 0016 0014 0016 0014 0016 003f 0016 003f 0016 0014 0016 0014 0016 0014 0016 003f 0016 003f 0016 003f 0016 0014 0016 003f 0016 003f 0016 003f 0016 003f 0016 0014 0016 003f 0016 0014 0016 003f 0016 0014 0016 0014 0016 0014 0016 0014 0016 003f 0016 0014 0016 003f 0016 0014 0016 003f 0016 003f 0016 003f 0016 003f 0016 003f 0016 003f 0016 003f 0016 003f 0016 003f 0016 003f 0016 003f 0016 003f 0016 0014 0016 0014 0016 0014 0016 0014 0016 0014 0016 0014 0016 0014 0016 0014 0016 01ba 0153 0055 0016 0e21
Tilt	0000 006d 0032 0002 0153 00a9 0016 0014 0016 0014 0016 0014 0016 003f 0016 003f 0016 0014 0016 0014 0016 0014 0016 003f 0016 003f 0016 003f 0016 0014 0016 003f 0016 003f 0016 003f 0016 003f 0016 0014 0016 0014 0016 0014 0016 0014 0016 003f 0016 0014 0016 003f 0016 0014 0016 003f 0016 003f 0016 003f 0016 003f 0016 0014 0016 003f 0016 0014 0016 003f 0016 003f 0016 003f 0016 003f 0016 003f 0016 003f 0016 003f 0016 003f 0016 003f 0016 0014 0016 0014 0016 0014 0016 0014 0016 0014 0016 0014 0016 0014 0016 0014 0016 01ba 0153 0055 0016 0e21
Bow	0000 006d 0032 0002 0153 00a9 0016 0014 0016 0014 0016 0014 0016 003f 0016 003f 0016 0014 0016 0014 0016 0014 0016 003f 0016 003f 0016 003f 0016 0014 0016 003f 0016 003f 0016 003f 0016 003f 0016 0014 0016 003f 0016 0014 0016 0014 0016 003f 0016 0014 0016 003f 0016 0014 0016 003f 0016 0014 0016 003f 0016 003f 0016 0014 0016 003f 0016 0014 0016 003f 0016 003f 0016 003f 0016 003f 0016 003f 0016 003f 0016 003f 0016 003f 0016 003f 0016 0014 0016 0014 0016 0014 0016 0014 0016 0014 0016 0014 0016 0014 0016 0014 0016 01ba 0153 0055 0016 0e21
Amplit	0000 006d 0032 0002 0153 00a9 0016 0014 0016 0014 0016 0014 0016 003f 0016 003f 0016 0014 0016 0014 0016 0014 0016 003f 0016 003f 0016 003f 0016 0014 0016 003f 0016 003f 0016 003f 0016 003f 0016 0014 0016 0014 0016 003f 0016 0014 0016 003f 0016 0014 0016 003f 0016 0014 0016 003f 0016 003f 0016 0014 0016 003f 0016 0014 0016 003f 0016 0014 0016 003f 0016 003f 0016 003f 0016 003f 0016 003f 0016 003f 0016 003f 0016 003f 0016 003f 0016 0014 0016 0014 0016 0014 0016 0014 0016 0014 0016 0014 0016 0014 0016 0014 0016 01ba 0153 0055 0016 0e21
Linear	0000 006d 0032 0002 0153 00a9 0016 0014 0016 0014 0016 0014 0016 003f 0016 003f 0016 0014 0016 0014 0016 0014 0016 003f 0016 003f 0016 003f 0016 0014 0016 003f 0016 003f 0016 003f 0016 003f 0016 0014 0016 003f 0016 003f 0016 0014 0016 003f 0016 0014 0016 003f 0016 0014 0016 003f 0016 0014 0016 0014 0016 003f 0016 0014 0016 003f 0016 0014 0016 003f 0016 003f 0016 003f 0016 003f 0016 003f 0016 003f 0016 003f 0016 003f 0016 003f 0016 0014 0016 0014 0016 0014 0016 0014 0016 0014 0016 0014 0016 0014 0016 0014 0016 01ba 0153 0055 0016 0e21
Keystin	0000 006d 0032 0002 0153 00a9 0016 0014 0016 0014 0016 0014 0016 003f 0016 003f 0016 0014 0016 0014 0016 0014 0016 003f 0016 003f 0016 003f 0016 0014 0016 003f 0016 003f 0016 003f 0016 003f 0016 0014 0016 0014 0016 0014 0016 003f 0016 003f 0016 0014 0016 003f 0016 0014 0016 003f 0016 003f 0016 003f 0016 0014 0016 0014 0016 003f 0016 0014 0016 003f 0016 003f 0016 003f 0016 003f 0016 003f 0016 003f 0016 003f 0016 003f 0016 003f 0016 0014 0016 0014 0016 0014 0016 0014 0016 0014 0016 0014 0016 0014 0016 0014 0016 01ba 0153 0055 0016 0e21
Pincus	0000 006d 0032 0002 0153 00a9 0016 0014 0016 0014 0016 0014 0016 003f 0016 003f 0016 0014 0016 0014 0016 0014 0016 003f 0016 003f 0016 003f 0016 0014 0016 003f 0016 003f 0016 003f 0016 003f 0016 0014 0016 003f 0016 0014 0016 003f 0016 003f 0016 0014 0016 003f 0016 0014 0016 003f 0016 0014 0016 003f 0016 0014 0016 0014 0016 003f 0016 0014 0016 003f 0016 003f 0016 003f 0016 003f 0016 003f 0016 003f 0016 003f 0016 003f 0016 003f 0016 0014 0016 0014 0016 0014 0016 0014 0016 0014 0016 0014 0016 0014 0016 0014 0016 01ba 0153 0055 0016 0e21
Phase	0000 006d 0032 0002 0153 00a9 0016 0014 0016 0014 0016 0014 0016 003f 0016 003f 0016 0014 0016 0014 0016 0014 0016 003f 0016 003f 0016 003f 0016 0014 0016 003f 0016 003f 0016 003f 0016 003f 0016 003f 0016 0014 0016 0014 0016 0014 0016 003f 0016 0014 0016 003f 0016 0014 0016 0014 0016 003f 0016 003f 0016 003f 0016 0014 0016 003f 0016 0014 0016 003f 0016 003f 0016 003f 0016 003f 0016 003f 0016 003f 0016 003f 0016 003f 0016 003f 0016 0014 0016 0014 0016 0014 0016 0014 0016 0014 0016 0014 0016 0014 0016 0014 0016 01ba 0153 0055 0016 0e21
Address	0000 006d 0032 0002 0153 00a9 0016 0014 0016 0014 0016 0014 0016 003f 0016 003f 0016 0014 0016 0014 0016 0014 0016 003f 0016 003f 0016 003f 0016 0014 0016 003f 0016 003f 0016 003f 0016 003f 0016 003f 0016 0014 0016 0014 0016 003f 0016 0014 0016 0014 0016 003f 0016 0014 0016 0014 0016 003f 0016 003f 0016 0014 0016 003f 0016 003f 0016 0014 0016 003f 0016 003f 0016 003f 0016 003f 0016 003f 0016 003f 0016 003f 0016 003f 0016 003f 0016 0014 0016 0014 0016 0014 0016 0014 0016 0014 0016 0014 0016 0014 0016 0014 0016 01ba 0153 0055 0016 0e21
1	0000 006d 0032 0002 0153 00a9 0016 0014 0016 0014 0016 0014 0016 003f 0016 003f 0016 0014 0016 0014 0016 0014 0016 003f 0016 003f 0016 003f 0016 0014 0016 003f 0016 003f 0016 003f 0016 003f 0016 0014 0016 0014 0016 0014 0016 003f 0016 003f 0016 0014 0016 0014 0016 0014 0016 003f 0016 003f 0016 003f 0016 0014 0016 0014 0016 003f 0016 003f 0016 003f 0016 003f 0016 003f 0016 003f 0016 003f 0016 003f 0016 003f 0016 003f 0016 003f 0016 0014 0016 0014 0016 0014 0016 0014 0016 0014 0016 0014 0016 0014 0016 0014 0016 01ba 0153 0055 0016 0e21
2	0000 006d 0032 0002 0153 00a9 0016 0014 0016 0014 0016 0014 0016 003f 0016 003f 0016 0014 0016 0014 0016 0014 0016 003f 0016 003f 0016 003f 0016 0014 0016 003f 0016 003f 0016 003f 0016 003f 0016 003f 0016 0014 0016 0014 0016 003f 0016 003f 0016 0014 0016 0014 0016 0014 0016 0014 0016 003f 0016 003f 0016 0014 0016 0014 0016 003f 0016 003f 0016 003f 0016 003f 0016 003f 0016 003f 0016 003f 0016 003f 0016 003f 0016 003f 0016 003f 0016 0014 0016 0014 0016 0014 0016 0014 0016 0014 0016 0014 0016 0014 0016 0014 0016 01ba 0153 0055 0016 0e21
3	0000 006d 0032 0002 0153 00a9 0016 0014 0016 0014 0016 0014 0016 003f 0016 003f 0016 0014 0016 0014 0016 0014 0016 003f 0016 003f 0016 003f 0016 0014 0016 003f 0016 003f 0016 003f 0016 003f 0016 0014 0016 003f 0016 0014 0016 003f 0016 003f 0016 0014 0016 0014 0016 0014 0016 003f 0016 0014 0016 003f 0016 0014 0016 0014 0016 003f 0016 003f 0016 003f 0016 003f 0016 003f 0016 003f 0016 003f 0016 003f 0016 003f 0016 003f 0016 003f 0016 0014 0016 0014 0016 0014 0016 0014 0016 0014 0016 0014 0016 0014 0016 0014 0016 01ba 0153 0055 0016 0e21
4	0000 006d 0032 0002 0153 00a9 0016 0014 0016 0014 0016 0014 0016 003f 0016 003f 0016 0014 0016 0014 0016 0014 0016 003f 0016 003f 0016 003f 0016 0014 0016 003f 0016 003f 0016 003f 0016 003f 0016 003f 0016 003f 0016 0014 0016 003f 0016 003f 0016 0014 0016 0014 0016 0014 0016 0014 0016 0014 0016 003f 0016 0014 0016 0014 0016 003f 0016 003f 0016 003f 0016 003f 0016 003f 0016 003f 0016 003f 0016 003f 0016 003f 0016 003f 0016 003f 0016 0014 0016 0014 0016 0014 0016 0014 0016 0014 0016 0014 0016 0014 0016 0014 0016 01ba 0153 0055 0016 0e21
5	0000 006d 0032 0002 0153 00a9 0016 0014 0016 0014 0016 0014 0016 003f 0016 003f 0016 0014 0016 0014 0016 0014 0016 003f 0016 003f 0016 003f 0016 0014 0016 003f 0016 003f 0016 003f 0016 003f 0016 0014 0016 0014 0016 003f 0016 003f 0016 003f 0016 0014 0016 0014 0016 0014 0016 003f 0016 003f 0016 0014 0016 0014 0016 0014 0016 003f 0016 003f 0016 003f 0016 003f 0016 003f 0016 003f 0016 003f 0016 003f 0016 003f 0016 003f 0016 003f 0016 0014 0016 0014 0016 0014 0016 0014 0016 0014 0016 0014 0016 0014 0016 0014 0016 01ba 0153 0055 0016 0e21
6	0000 006d 0032 0002 0153 00a9 0016 0014 0016 0014 0016 0014 0016 003f 0016 003f 0016 0014 0016 0014 0016 0014 0016 003f 0016 003f 0016 003f 0016 0014 0016 003f 0016 003f 0016 003f 0016 003f 0016 003f 0016 0014 0016 003f 0016 003f 0016 003f 0016 0014 0016 0014 0016 0014 0016 0014 0016 003f 0016 0014 0016 0014 0016 0014 0016 003f 0016 003f 0016 003f 0016 003f 0016 003f 0016 003f 0016 003f 0016 003f 0016 003f 0016 003f 0016 003f 0016 0014 0016 0014 0016 0014 0016 0014 0016 0014 0016 0014 0016 0014 0016 0014 0016 01ba 0153 0055 0016 0e21
7	0000 006d 0032 0002 0153 00a9 0016 0014 0016 0014 0016 0014 0016 003f 0016 003f 0016 0014 0016 0014 0016 0014 0016 003f 0016 003f 0016 003f 0016 0014 0016 003f 0016 003f 0016 003f 0016 003f 0016 0014 0016 003f 0016 003f 0016 003f 0016 003f 0016 0014 0016 0014 0016 0014 0016 003f 0016 0014 0016 0014 0016 0014 0016 0014 0016 003f 0016 003f 0016 003f 0016 003f 0016 003f 0016 003f 0016 003f 0016 003f 0016 003f 0016 003f 0016 003f 0016 0014 0016 0014 0016 0014 0016 0014 0016 0014 0016 0014 0016 0014 0016 0014 0016 01ba 0153 0055 0016 0e21
8	0000 006d 0032 0002 0153 00a9 0016 0014 0016 0014 0016 0014 0016 003f 0016 003f 0016 0014 0016 0014 0016 0014 0016 003f 0016 003f 0016 003f 0016 0014 0016 003f 0016 003f 0016 003f 0016 003f 0016 003f 0016 003f 0016 003f 0016 003f 0016 003f 0016 0014 0016 0014 0016 0014 0016 0014 0016 0014 0016 0014 0016 0014 0016 0014 0016 003f 0016 003f 0016 003f 0016 003f 0016 003f 0016 003f 0016 003f 0016 003f 0016 003f 0016 003f 0016 003f 0016 0014 0016 0014 0016 0014 0016 0014 0016 0014 0016 0014 0016 0014 0016 0014 0016 01ba 0153 0055 0016 0e21
9	0000 006d 0032 0002 0153 00a9 0016 0014 0016 0014 0016 0014 0016 003f 0016 003f 0016 0014 0016 0014 0016 0014 0016 003f 0016 003f 0016 003f 0016 0014 0016 003f 0016 003f 0016 003f 0016 003f 0016 0014 0016 0014 0016 0014 0016 0014 0016 0014 0016 0014 0016 003f 0016 0014 0016 003f 0016 003f 0016 003f 0016 003f 0016 003f 0016 003f 0016 0014 0016 003f 0016 003f 0016 003f 0016 003f 0016 003f 0016 003f 0016 003f 0016 003f 0016 003f 0016 0014 0016 0014 0016 0014 0016 0014 0016 0014 0016 0014 0016 0014 0016 0014 0016 01ba 0153 0055 0016 0e21
10	0000 006d 0032 0002 0153 00a9 0016 0014 0016 0014 0016 0014 0016 003f 0016 003f 0016 0014 0016 0014 0016 0014 0016 003f 0016 003f 0016 003f 0016 0014 0016 003f 0016 003f 0016 003f 0016 003f 0016 003f 0016 0014 0016 0014 0016 0014 0016 0014 0016 0014 0016 003f 0016 0014 0016 0014 0016 003f 0016 003f 0016 003f 0016 003f 0016 003f 0016 0014 0016 003f 0016 003f 0016 003f 0016 003f 0016 003f 0016 003f 0016 003f 0016 003f 0016 003f 0016 0014 0016 0014 0016 0014 0016 0014 0016 0014 0016 0014 0016 0014 0016 0014 0016 01ba 0153 0055 0016 0e21
Caption	0000 006d 0032 0002 0153 00a9 0016 0014 0016 0014 0016 0014 0016 003f 0016 003f 0016 0014 0016 0014 0016 0014 0016 003f 0016 003f 0016 003f 0016 0014 0016 003f 0016 003f 0016 003f 0016 003f 0016 0014 0016 003f 0016 0014 0016 003f 0016 0014 0016 0014 0016 003f 0016 0014 0016 003f 0016 0014 0016 003f 0016 0014 0016 003f 0016 003f 0016 0014 0016 003f 0016 003f 0016 003f 0016 003f 0016 003f 0016 003f 0016 003f 0016 003f 0016 003f 0016 0014 0016 0014 0016 0014 0016 0014 0016 0014 0016 0014 0016 0014 0016 0014 0016 01ba 0153 0055 0016 0e21
Help	0000 006d 0032 0002 0153 00a9 0016 0014 0016 0014 0016 0014 0016 003f 0016 003f 0016 0014 0016 0014 0016 0014 0016 003f 0016 003f 0016 003f 0016 0014 0016 003f 0016 003f 0016 003f 0016 003f 0016 003f 0016 003f 0016 0014 0016 0014 0016 003f 0016 0014 0016 0014 0016 0014 0016 0014 0016 0014 0016 003f 0016 003f 0016 0014 0016 003f 0016 003f 0016 003f 0016 003f 0016 003f 0016 003f 0016 003f 0016 003f 0016 003f 0016 003f 0016 003f 0016 0014 0016 0014 0016 0014 0016 0014 0016 0014 0016 0014 0016 0014 0016 0014 0016 01ba 0153 0055 0016 0e21
Info	0000 006d 0032 0002 0153 00a9 0016 0014 0016 0014 0016 0014 0016 003f 0016 003f 0016 0014 0016 0014 0016 0014 0016 003f 0016 003f 0016 003f 0016 0014 0016 003f 0016 003f 0016 003f 0016 003f 0016 003f 0016 003f 0016 003f 0016 003f 0016 0014 0016 0014 0016 003f 0016 0014 0016 0014 0016 0014 0016 0014 0016 0014 0016 003f 0016 003f 0016 0014 0016 003f 0016 003f 0016 003f 0016 003f 0016 003f 0016 003f 0016 003f 0016 003f 0016 003f 0016 0014 0016 0014 0016 0014 0016 0014 0016 0014 0016 0014 0016 0014 0016 0014 0016 01ba 0153 0055 0016 0e21
Input List	0000 006d 0032 0002 0153 00a9 0016 0014 0016 0014 0016 0014 0016 003f 0016 003f 0016 0014 0016 0014 0016 0014 0016 003f 0016 003f 0016 003f 0016 0014 0016 003f 0016 003f 0016 003f 0016 003f 0016 003f 0016 0014 0016 003f 0016 003f 0016 0014 0016 0014 0016 003f 0016 0014 0016 0014 0016 003f 0016 0014 0016 0014 0016 003f 0016 003f 0016 0014 0016 003f 0016 003f 0016 003f 0016 003f 0016 003f 0016 003f 0016 003f 0016 003f 0016 003f 0016 0014 0016 0014 0016 0014 0016 0014 0016 0014 0016 0014 0016 0014 0016 0014 0016 01ba 0153 0055 0016 0e21
Position	0000 006d 0032 0002 0153 00a9 0016 0014 0016 0014 0016 0014 0016 003f 0016 003f 0016 0014 0016 0014 0016 0014 0016 003f 0016 003f 0016 003f 0016 0014 0016 003f 0016 003f 0016 003f 0016 003f 0016 003f 0016 003f 0016 0014 0016 003f 0016 0014 0016 0014 0016 003f 0016 0014 0016 0014 0016 0014 0016 003f 0016 0014 0016 003f 0016 003f 0016 0014 0016 003f 0016 003f 0016 003f 0016 003f 0016 003f 0016 003f 0016 003f 0016 003f 0016 003f 0016 0014 0016 0014 0016 0014 0016 0014 0016 0014 0016 0014 0016 0014 0016 0014 0016 01ba 0153 0055 0016 0e21
Kelvin	0000 006d 0032 0002 0153 00a9 0016 0014 0016 0014 0016 0014 0016 003f 0016 003f 0016 0014 0016 0014 0016 0014 0016 003f 0016 003f 0016 003f 0016 0014 0016 003f 0016 003f 0016 003f 0016 003f 0016 003f 0016 0014 0016 003f 0016 003f 0016 0014 0016 0014 0016 0014 0016 0014 0016 0014 0016 003f 0016 0014 0016 0014 0016 003f 0016 003f 0016 003f 0016 003f 0016 003f 0016 003f 0016 003f 0016 003f 0016 003f 0016 003f 0016 003f 0016 003f 0016 0014 0016 0014 0016 0014 0016 0014 0016 0014 0016 0014 0016 0014 0016 0014 0016 01ba 0153 0055 0016 0e21
R	0000 006d 0032 0002 0153 00a9 0016 0014 0016 0014 0016 0014 0016 003f 0016 003f 0016 0014 0016 0014 0016 0014 0016 003f 0016 003f 0016 003f 0016 0014 0016 003f 0016 003f 0016 003f 0016 003f 0016 0014 0016 0014 0016 0014 0016 0014 0016 0014 0016 0014 0016 0014 0016 0014 0016 003f 0016 003f 0016 003f 0016 003f 0016 003f 0016 003f 0016 003f 0016 003f 0016 003f 0016 003f 0016 003f 0016 003f 0016 003f 0016 003f 0016 003f 0016 003f 0016 0014 0016 0014 0016 0014 0016 0014 0016 0014 0016 0014 0016 0014 0016 0014 0016 01ba 0153 0055 0016 0e21
G	0000 006d 0032 0002 0153 00a9 0016 0014 0016 0014 0016 0014 0016 003f 0016 003f 0016 0014 0016 0014 0016 0014 0016 003f 0016 003f 0016 003f 0016 0014 0016 003f 0016 003f 0016 003f 0016 003f 0016 003f 0016 0014 0016 0014 0016 0014 0016 0014 0016 0014 0016 0014 0016 0014 0016 0014 0016 003f 0016 003f 0016 003f 0016 003f 0016 003f 0016 003f 0016 003f 0016 003f 0016 003f 0016 003f 0016 003f 0016 003f 0016 003f 0016 003f 0016 003f 0016 0014 0016 0014 0016 0014 0016 0014 0016 0014 0016 0014 0016 0014 0016 0014 0016 01ba 0153 0055 0016 0e21
B	0000 006d 0032 0002 0153 00a9 0016 0014 0016 0014 0016 0014 0016 003f 0016 003f 0016 0014 0016 0014 0016 0014 0016 003f 0016 003f 0016 003f 0016 0014 0016 003f 0016 003f 0016 003f 0016 003f 0016 0014 0016 003f 0016 0014 0016 0014 0016 0014 0016 0014 0016 0014 0016 0014 0016 003f 0016 0014 0016 003f 0016 003f 0016 003f 0016 003f 0016 003f 0016 003f 0016 003f 0016 003f 0016 003f 0016 003f 0016 003f 0016 003f 0016 003f 0016 003f 0016 0014 0016 0014 0016 0014 0016 0014 0016 0014 0016 0014 0016 0014 0016 0014 0016 01ba 0153 0055 0016 0e21
Up	0000 006d 0032 0002 0153 00a9 0016 0014 0016 0014 0016 0014 0016 003f 0016 003f 0016 0014 0016 0014 0016 0014 0016 003f 0016 003f 0016 003f 0016 0014 0016 003f 0016 003f 0016 003f 0016 003f 0016 0014 0016 0014 0016 003f 0016 003f 0016 003f 0016 0014 0016 003f 0016 0014 0016 003f 0016 003f 0016 0014 0016 0014 0016 0014 0016 003f 0016 0014 0016 003f 0016 003f 0016 003f 0016 003f 0016 003f 0016 003f 0016 003f 0016 003f 0016 003f 0016 0014 0016 0014 0016 0014 0016 0014 0016 0014 0016 0014 0016 0014 0016 0014 0016 01ba 0153 0055 0016 0e21
Down	0000 006d 0032 0002 0153 00a9 0016 0014 0016 0014 0016 0014 0016 003f 0016 003f 0016 0014 0016 0014 0016 0014 0016 003f 0016 003f 0016 003f 0016 0014 0016 003f 0016 003f 0016 003f 0016 003f 0016 003f 0016 0014 0016 003f 0016 003f 0016 003f 0016 0014 0016 003f 0016 0014 0016 0014 0016 003f 0016 0014 0016 0014 0016 0014 0016 003f 0016 0014 0016 003f 0016 003f 0016 003f 0016 003f 0016 003f 0016 003f 0016 003f 0016 003f 0016 003f 0016 0014 0016 0014 0016 0014 0016 0014 0016 0014 0016 0014 0016 0014 0016 0014 0016 01ba 0153 0055 0016 0e21
Right	0000 006d 0032 0002 0153 00a9 0016 0014 0016 0014 0016 0014 0016 003f 0016 003f 0016 0014 0016 0014 0016 0014 0016 003f 0016 003f 0016 003f 0016 0014 0016 003f 0016 003f 0016 003f 0016 003f 0016 0014 0016 003f 0016 003f 0016 003f 0016 003f 0016 0014 0016 003f 0016 0014 0016 003f 0016 0014 0016 0014 0016 0014 0016 0014 0016 003f 0016 0014 0016 003f 0016 003f 0016 003f 0016 003f 0016 003f 0016 003f 0016 003f 0016 003f 0016 003f 0016 0014 0016 0014 0016 0014 0016 0014 0016 0014 0016 0014 0016 0014 0016 0014 0016 01ba 0153 0055 0016 0e21
Left	0000 006d 0032 0002 0153 00a9 0016 0014 0016 0014 0016 0014 0016 003f 0016 003f 0016 0014 0016 0014 0016 0014 0016 003f 0016 003f 0016 003f 0016 0014 0016 003f 0016 003f 0016 003f 0016 003f 0016 003f 0016 003f 0016 003f 0016 003f 0016 003f 0016 0014 0016 003f 0016 0014 0016 0014 0016 0014 0016 0014 0016 0014 0016 0014 0016 003f 0016 0014 0016 003f 0016 003f 0016 003f 0016 003f 0016 003f 0016 003f 0016 003f 0016 003f 0016 003f 0016 0014 0016 0014 0016 0014 0016 0014 0016 0014 0016 0014 0016 0014 0016 0014 0016 01ba 0153 0055 0016 0e21
Store	0000 006d 0032 0002 0153 00a9 0016 0014 0016 0014 0016 0014 0016 003f 0016 003f 0016 0014 0016 0014 0016 0014 0016 003f 0016 003f 0016 003f 0016 0014 0016 003f 0016 003f 0016 003f 0016 003f 0016 0014 0016 003f 0016 0014 0016 0014 0016 003f 0016 0014 0016 0014 0016 0014 0016 003f 0016 0014 0016 003f 0016 003f 0016 0014 0016 003f 0016 003f 0016 003f 0016 003f 0016 003f 0016 003f 0016 003f 0016 003f 0016 003f 0016 003f 0016 003f 0016 0014 0016 0014 0016 0014 0016 0014 0016 0014 0016 0014 0016 0014 0016 0014 0016 01ba 0153 0055 0016 0e21
Normal	0000 006d 0032 0002 0153 00a9 0016 0014 0016 0014 0016 0014 0016 003f 0016 003f 0016 0014 0016 0014 0016 0014 0016 003f 0016 003f 0016 003f 0016 0014 0016 003f 0016 003f 0016 003f 0016 003f 0016 003f 0016 003f 0016 0014 0016 003f 0016 003f 0016 0014 0016 003f 0016 0014 0016 0014 0016 0014 0016 003f 0016 0014 0016 0014 0016 003f 0016 0014 0016 003f 0016 003f 0016 003f 0016 003f 0016 003f 0016 003f 0016 003f 0016 003f 0016 003f 0016 0014 0016 0014 0016 0014 0016 0014 0016 0014 0016 0014 0016 0014 0016 0014 0016 01ba 0153 0055 0016 0e21
Enter	0000 006d 0032 0002 0153 00a9 0016 0014 0016 0014 0016 0014 0016 003f 0016 003f 0016 0014 0016 0014 0016 0014 0016 003f 0016 003f 0016 003f 0016 0014 0016 003f 0016 003f 0016 003f 0016 003f 0016 003f 0016 003f 0016 003f 0016 0014 0016 003f 0016 0014 0016 0014 0016 0014 0016 0014 0016 0014 0016 0014 0016 003f 0016 0014 0016 003f 0016 003f 0016 003f 0016 003f 0016 003f 0016 003f 0016 003f 0016 003f 0016 003f 0016 003f 0016 003f 0016 0014 0016 0014 0016 0014 0016 0014 0016 0014 0016 0014 0016 0014 0016 0014 0016 01ba 0153 0055 0016 0e21
End	0000 006d 0032 0002 0153 00a9 0016 0014 0016 0014 0016 0014 0016 003f 0016 003f 0016 0014 0016 0014 0016 0014 0016 003f 0016 003f 0016 003f 0016 0014 0016 003f 0016 003f 0016 003f 0016 003f 0016 003f 0016 0014 0016 0014 0016 003f 0016 0014 0016 0014 0016 0014 0016 0014 0016 0014 0016 003f 0016 003f 0016 0014 0016 003f 0016 003f 0016 003f 0016 003f 0016 003f 0016 003f 0016 003f 0016 003f 0016 003f 0016 003f 0016 003f 0016 003f 0016 0014 0016 0014 0016 0014 0016 0014 0016 0014 0016 0014 0016 0014 0016 0014 0016 01ba 0153 0055 0016 0e21
