1	0000 0070 0017 0009 005c 0013 0013 0014 0012 0013 0013 0013 0012 0013 0013 0013 0012 0014 0012 0049 0013 0026 0012 0024 0013 0013 0012 0013 0013 0014 0012 0049 0013 0024 0013 0014 0012 0013 0013 0014 0012 0013 0013 0014 0012 0013 0013 006e 0012 0a8a 005b 0013 0012 0014 0013 0013 0012 0014 0012 0013 0013 0014 0012 0013 0013 0049 0012 0d5f
2	0000 0070 0017 0009 005b 0013 0012 0014 0013 0013 0012 0014 0012 0013 0013 0014 0012 0013 0013 0049 0012 0025 0013 0024 0012 0013 0013 0013 0013 0014 0012 0049 0013 0014 0012 0024 0013 0014 0012 0013 0013 0013 0012 0014 0012 0013 0013 006e 0012 0ad3 005c 0013 0012 0014 0013 0014 0012 0013 0013 0014 0012 0013 0013 0013 0012 004a 0012 0da8
3	0000 0070 0017 0009 005c 0013 0013 0014 0012 0014 0012 0013 0013 0014 0012 0013 0013 0013 0012 0049 0013 0025 0012 0024 0013 0013 0013 0014 0012 0013 0013 0049 0012 0024 0013 0024 0012 0013 0013 0013 0012 0014 0012 0013 0013 0014 0012 0049 0013 0b31 005c 0013 0013 0014 0012 0013 0013 0013 0012 0013 0013 0014 0012 0013 0013 0049 0013 0df1
4	0000 0070 0017 0009 005c 0013 0013 0014 0012 0014 0012 0013 0013 0014 0012 0013 0013 0014 0012 0049 0013 0025 0012 0024 0013 0013 0012 0014 0012 0013 0013 0049 0012 0014 0013 0013 0012 0024 0013 0013 0012 0013 0013 0013 0013 0014 0012 006e 0013 0a8c 005c 0013 0013 0014 0012 0013 0013 0014 0012 0013 0013 0013 0012 0013 0013 0049 0012 0d62
5	0000 006f 0017 0009 005c 0013 0013 0014 0012 0013 0013 0014 0012 0014 0013 0014 0012 0015 0012 0049 0013 0026 0012 0025 0013 0014 0012 0014 0013 0014 0012 0049 0013 0025 0013 0014 0012 0025 0013 0014 0012 0013 0013 0014 0012 0014 0013 0049 0012 0b04 005d 0013 0012 0014 0013 0014 0013 0014 0012 0013 0013 0014 0012 0014 0013 004a 0012 0dcb
6	0000 0070 0017 0009 005c 0013 0012 0014 0013 0013 0013 0014 0012 0013 0013 0014 0012 0013 0013 0049 0012 0025 0013 0024 0012 0014 0012 0013 0013 0014 0012 0049 0013 0014 0012 0024 0013 0024 0012 0013 0013 0013 0013 0014 0012 0013 0013 0049 0012 0b33 005c 0013 0012 0014 0013 0014 0012 0013 0013 0013 0012 0013 0013 0013 0012 0049 0012 0df3
7	0000 0070 0017 0009 005c 0013 0012 0014 0013 0013 0012 0013 0013 0013 0012 0014 0012 0013 0013 0049 0012 0025 0013 0024 0012 0013 0013 0014 0012 0013 0013 0049 0012 0025 0012 0024 0013 0024 0012 0013 0013 0013 0012 0013 0013 0013 0012 006e 0013 0a6d 005c 0013 0013 0014 0012 0014 0012 0013 0013 0014 0012 0013 0013 0014 0012 0049 0013 0d64
8	0000 0070 0017 0009 005c 0013 0012 0014 0013 0014 0012 0013 0013 0013 0012 0013 0013 0013 0013 0049 0012 0025 0013 0024 0012 0013 0013 0013 0012 0013 0013 0049 0012 0014 0013 0013 0013 0014 0012 0024 0013 0014 0012 0013 0013 0013 0012 006e 0013 0ad7 005c 0013 0013 0014 0012 0013 0013 0013 0012 0014 0012 0013 0013 0014 0012 0049 0013 0dad
9	0000 0070 0017 0009 005c 0013 0013 0014 0012 0014 0012 0013 0013 0014 0012 0013 0013 0014 0012 0049 0013 0025 0012 0024 0013 0013 0012 0014 0012 0013 0013 0049 0012 0024 0013 0013 0012 0013 0013 0024 0012 0013 0013 0013 0013 0014 0012 0049 0013 0b35 005c 0013 0013 0014 0012 0013 0013 0014 0012 0013 0013 0013 0012 0013 0013 0049 0012 0df6
0	0000 0070 0017 0009 005c 0013 0013 0014 0012 0013 0013 0013 0012 0013 0013 0013 0013 0014 0012 0049 0013 0025 0012 0024 0013 0013 0012 0013 0013 0013 0012 0049 0012 0014 0013 0014 0012 0013 0013 0014 0012 0013 0013 0013 0012 0013 0013 0049 0012 0b10 005c 0013 0012 0014 0013 0013 0013 0014 0012 0013 0013 0014 0012 0013 0013 0049 0012 0daf
Last	0000 0070 0017 0009 005c 0013 0012 0014 0013 0014 0012 0013 0013 0014 0012 0013 0013 0014 0012 0049 0013 0025 0013 0025 0012 0013 0013 0014 0012 0013 0013 0049 0012 0014 0013 0024 0012 0014 0012 0024 0013 0014 0012 0013 0013 0014 0012 0049 0013 0aa6 005c 0013 0013 0014 0012 0013 0013 0013 0012 0013 0013 0013 0013 0014 0012 0049 0013 0d66
Ent	0000 006f 0017 0009 005c 0013 0013 0014 0012 0013 0013 0014 0013 0014 0012 0014 0013 0014 0012 0049 0013 0026 0012 0025 0013 0013 0013 0014 0012 0013 0013 004a 0012 0025 0013 0014 0012 0013 0013 0014 0012 0025 0013 0014 0013 0014 0012 0049 0013 0b52 005c 0013 0013 0014 0012 0014 0013 0014 0012 0014 0013 0014 0012 0013 0013 0049 0013 0e19
M	0000 006f 0017 0009 005c 0013 0013 0014 0012 0014 0013 0014 0013 0014 0012 0014 0013 0014 0012 0049 0013 0026 0012 0025 0013 0014 0012 0014 0013 0014 0013 004a 0012 0025 0013 0025 0012 0013 0013 0025 0012 0013 0013 0014 0012 0015 0012 006f 0013 0a8b 005c 0013 0013 0014 0012 0014 0013 0014 0012 0014 0013 0014 0012 0013 0013 004a 0012 0d88
G	0000 0070 0017 0009 005c 0013 0013 0014 0012 0013 0013 0013 0012 0013 0013 0013 0012 0014 0012 0049 0013 0026 0012 0024 0013 0013 0012 0013 0013 0013 0012 0049 0013 0014 0013 0025 0012 0013 0013 0014 0012 0024 0013 0013 0012 0013 0013 0049 0012 0b3a 005b 0013 0012 0014 0013 0013 0012 0014 0012 0013 0013 0014 0012 0013 0013 0049 0012 0dfa
E	0000 006f 0017 0009 005c 0013 0014 0013 0012 0014 0013 0014 0012 0013 0013 0014 0012 0013 0013 0049 0013 0026 0012 0025 0013 0014 0012 0013 0013 0014 0012 0049 0013 0025 0013 0014 0012 0025 0013 0025 0012 0013 0013 0014 0012 0014 0013 006f 0012 0a8e 005d 0013 0012 0014 0013 0014 0012 0013 0013 0013 0013 0014 0012 0013 0013 004a 0012 0d8c
P	0000 006f 0017 0009 005c 0014 0012 0014 0013 0014 0012 0014 0013 0014 0012 0013 0013 0014 0012 0049 0013 0025 0013 0025 0012 0013 0013 0014 0012 0013 0013 004a 0012 0014 0013 0014 0012 0025 0013 0014 0013 0025 0012 0013 0013 0014 0012 0049 0013 0b58 005c 0013 0013 0014 0012 0014 0013 0014 0012 0013 0013 0013 0013 0014 0012 0049 0013 0e1f
Up	0000 0070 0017 0009 005c 0013 0013 0014 0012 0013 0013 0013 0013 0014 0012 0013 0013 0014 0012 0049 0013 0025 0012 0024 0013 0013 0012 0014 0012 0013 0013 0049 0012 0014 0013 0024 0012 0024 0013 0024 0012 0013 0013 0013 0012 0014 0012 006e 0013 0aba 005c 0013 0013 0014 0012 0013 0013 0014 0012 0013 0013 0013 0012 0013 0013 0049 0012 0db2
Down	0000 0070 0017 0009 005c 0013 0013 0014 0012 0013 0013 0013 0013 0013 0012 0013 0013 0013 0012 004a 0012 0025 0013 0025 0012 0013 0013 0014 0012 0013 0013 0049 0012 0014 0013 0013 0012 0014 0012 0013 0013 0025 0012 0013 0013 0014 0012 006e 0013 0adf 005c 0013 0013 0014 0012 0013 0013 0013 0012 0014 0012 0013 0013 0014 0012 0049 0013 0db5
Left	0000 0070 0017 0009 005c 0013 0013 0014 0012 0014 0012 0013 0013 0014 0012 0013 0013 0014 0012 0049 0013 0025 0012 0024 0013 0013 0013 0014 0012 0013 0013 0049 0012 0014 0013 0014 0012 0024 0013 0024 0012 0013 0013 0013 0013 0014 0012 0049 0013 0aaa 005c 0013 0013 0014 0012 0013 0013 0014 0012 0013 0013 0013 0012 0013 0013 0049 0013 0d6b
Right	0000 006f 0017 0009 005c 0013 0013 0014 0012 0015 0012 0014 0013 0014 0012 0013 0013 0014 0012 0049 0013 0026 0012 0025 0013 0013 0013 0014 0012 0014 0013 004a 0012 0025 0013 0025 0012 0014 0013 0014 0012 0025 0013 0013 0013 0014 0012 006f 0013 0b20 005c 0013 0013 0014 0012 0014 0013 0014 0012 0014 0013 0014 0012 0013 0013 0049 0013 0e1e
*	0000 0070 0017 0009 005c 0013 0013 0014 0012 0013 0013 0014 0012 0013 0013 0013 0013 0014 0012 0049 0013 0025 0012 0024 0013 0013 0012 0013 0013 0013 0012 004a 0012 0025 0013 0025 0012 0024 0013 0024 0012 0013 0013 0013 0012 0013 0013 0049 0012 0ad1 005c 0013 0012 0014 0013 0013 0013 0014 0012 0013 0013 0014 0012 0013 0013 0049 0012 0db3
Play	0000 006f 0017 0009 005c 0013 0013 0014 0012 0014 0013 0013 0013 0014 0012 0014 0013 0014 0012 0049 0013 0026 0012 0025 0013 0014 0012 0013 0013 0014 0013 004a 0012 0025 0013 0014 0012 0025 0013 0014 0012 0025 0013 0014 0013 0014 0012 006f 0013 0b5e 005c 0013 0013 0014 0012 0014 0013 0014 0012 0014 0013 0014 0012 0013 0013 004a 0012 0e5c
Stop	0000 0070 0017 0009 005c 0013 0013 0014 0012 0014 0012 0013 0013 0014 0012 0013 0013 0013 0012 0049 0013 0025 0012 0024 0013 0013 0013 0014 0012 0013 0013 0049 0012 0014 0013 0024 0012 0024 0013 0014 0012 0025 0012 0013 0013 0014 0012 006e 0013 0b45 005c 0013 0013 0014 0012 0013 0013 0014 0012 0013 0013 0013 0012 0013 0013 0049 0013 0e3c
Pause	0000 0070 0017 0009 005c 0013 0013 0014 0012 0013 0013 0014 0012 0013 0013 0013 0012 0013 0013 0049 0012 0026 0012 0024 0013 0014 0012 0013 0013 0014 0012 0049 0013 0025 0012 0024 0013 0024 0013 0014 0012 0024 0013 0014 0012 0013 0013 0049 0012 0b5b 005c 0013 0012 0014 0013 0013 0012 0013 0013 0013 0012 0014 0012 0013 0013 0049 0012 0e3e
Ffwd	0000 0070 0017 0009 005c 0013 0013 0014 0012 0013 0013 0014 0012 0013 0013 0013 0012 0014 0012 0049 0013 0026 0012 0024 0013 0014 0012 0013 0013 0014 0012 0049 0013 0014 0013 0014 0012 0013 0013 0024 0012 0024 0013 0013 0012 0013 0013 0049 0012 0b80 005c 0013 0012 0014 0013 0013 0012 0014 0012 0013 0013 0014 0012 0013 0013 0049 0012 0e40
Rew	0000 0070 0017 0009 005c 0013 0012 0014 0013 0014 0012 0014 0012 0013 0013 0014 0012 0013 0013 0049 0012 0025 0013 0024 0012 0013 0013 0013 0012 0014 0012 0049 0013 0025 0012 0013 0013 0013 0012 0024 0013 0024 0012 0013 0013 0013 0013 006e 0012 0b4c 005c 0014 0012 0014 0013 0014 0012 0013 0013 0014 0012 0013 0013 0013 0012 0049 0013 0e43
Record	0000 0070 0017 0009 005c 0013 0013 0014 0013 0014 0012 0013 0013 0014 0012 0013 0013 0013 0012 0049 0013 0025 0012 0025 0012 0013 0013 0014 0012 0013 0013 0049 0012 0014 0013 0024 0012 0013 0013 0024 0013 0025 0012 0013 0013 0014 0012 006e 0013 0b4e 005c 0013 0013 0014 0012 0013 0013 0013 0012 0013 0013 0013 0012 0014 0012 0049 0013 0e45
Ch+	0000 006f 0017 0009 005d 0013 0012 0014 0013 0014 0012 0013 0013 0014 0012 0014 0012 0013 0013 004a 0012 0026 0013 0025 0012 0013 0013 0014 0012 0013 0013 0049 0013 0025 0012 0024 0013 0014 0012 0025 0013 0025 0012 0013 0013 0014 0012 0049 0013 0bbb 005c 0013 0013 0014 0012 0015 0012 0013 0013 0014 0012 0014 0013 0014 0012 0049 0013 0ea5
Ch-	0000 006f 0017 0009 005d 0013 0012 0014 0013 0014 0012 0013 0013 0014 0012 0013 0013 0013 0013 004a 0012 0026 0013 0025 0012 0014 0013 0014 0012 0013 0013 0049 0012 0015 0012 0014 0013 0025 0012 0025 0013 0025 0012 0013 0013 0014 0012 006f 0013 0ba9 005c 0013 0013 0014 0012 0014 0013 0014 0013 0014 0012 0013 0013 0014 0012 0049 0013 0ea7
Vol+	0000 0070 0017 0009 005c 0013 0013 0014 0013 0014 0012 0013 0013 0014 0012 0013 0013 0013 0012 0049 0013 0025 0012 0025 0012 0013 0013 0014 0012 0013 0013 0049 0012 0024 0013 0013 0012 0024 0013 0024 0013 0025 0012 0013 0013 0014 0012 0049 0013 0ba4 005c 0013 0013 0014 0012 0013 0013 0013 0012 0013 0013 0013 0012 0014 0012 0049 0013 0e87
Vol-	0000 0070 0017 0009 005c 0013 0012 0014 0013 0014 0012 0013 0013 0014 0012 0013 0013 0013 0012 004a 0012 0025 0013 0025 0012 0013 0013 0014 0012 0013 0013 0049 0012 0014 0013 0024 0012 0025 0012 0024 0013 0024 0012 0013 0013 0014 0012 0049 0013 0ba6 005c 0013 0013 0014 0012 0013 0013 0013 0012 0014 0012 0013 0013 0014 0012 0049 0013 0e8a
Mute	0000 006f 0017 0009 005d 0013 0012 0014 0013 0014 0012 0013 0013 0014 0012 0013 0013 0013 0013 004a 0012 0026 0013 0025 0012 0014 0013 0014 0012 0013 0013 0049 0013 0025 0012 0024 0013 0025 0013 0025 0012 0025 0013 0014 0012 0013 0013 006f 0012 0b8e 005d 0013 0012 0014 0013 0014 0012 0013 0013 0014 0012 0014 0013 0013 0013 004a 0012 0eae
Off	0000 006f 0017 0009 005c 0013 0013 0014 0012 0013 0013 0014 0012 0014 0013 0014 0012 0014 0013 004a 0012 0025 0013 0025 0013 0025 0012 0025 0013 0025 0012 006f 0013 0025 0012 0025 0013 0025 0012 0026 0012 0025 0013 0014 0012 0014 0013 006f 0012 09c8 005d 0013 0012 0014 0013 0014 0012 0013 0013 0014 0012 0014 0013 0014 0013 004a 0012 0d40
Left1	0000 0070 0017 0009 005c 0013 0012 0014 0013 0013 0012 0013 0013 0013 0013 0014 0012 0013 0013 0049 0012 0014 0013 0024 0012 0024 0013 0024 0012 0025 0012 0049 0013 0014 0012 0013 0013 0014 0012 0013 0013 0013 0012 0013 0013 0013 0012 0049 0012 0a1a 005c 0013 0013 0014 0013 0014 0012 0013 0013 0014 0012 0013 0013 0013 0012 0049 0013 0cdb
Left2	0000 006f 0017 0009 005c 0013 0013 0014 0012 0014 0013 0014 0013 0014 0012 0014 0013 0014 0012 0049 0013 0015 0012 0025 0013 0025 0012 0025 0013 0025 0013 004a 0012 0025 0013 0014 0012 0014 0013 0014 0012 0014 0013 0014 0013 0014 0012 006f 0013 09fc 005c 0013 0013 0014 0012 0014 0013 0014 0012 0014 0013 0014 0012 0014 0013 0049 0012 0cfa
Left3	0000 0070 0017 0009 005c 0013 0012 0015 0012 0013 0013 0014 0012 0013 0013 0014 0012 0013 0013 0049 0012 0014 0013 0024 0012 0025 0012 0024 0013 0025 0012 0049 0013 0014 0012 0024 0013 0013 0012 0013 0013 0013 0013 0014 0012 0013 0013 006e 0012 09e6 005c 0013 0012 0014 0013 0014 0012 0013 0013 0014 0012 0013 0013 0013 0012 0049 0012 0cdc
Left4	0000 0070 0017 0009 005c 0013 0012 0014 0013 0013 0012 0013 0013 0013 0012 0014 0012 0013 0013 0049 0012 0014 0013 0024 0012 0024 0013 0024 0012 0024 0013 0049 0012 0024 0013 0024 0012 0013 0013 0013 0012 0014 0012 0013 0013 0014 0012 0049 0013 09fb 005c 0013 0013 0014 0012 0013 0013 0014 0012 0013 0013 0013 0012 0014 0012 0049 0013 0cde
Left5	0000 006f 0017 0009 005c 0013 0012 0014 0013 0014 0013 0014 0012 0014 0013 0014 0012 0013 0013 004a 0012 0015 0013 0025 0012 0025 0013 0025 0013 0025 0012 0049 0013 0014 0012 0014 0013 0025 0012 0014 0013 0014 0013 0014 0012 0014 0013 006f 0012 09ff 005d 0013 0012 0014 0013 0014 0012 0014 0013 0014 0012 0014 0013 0014 0012 004a 0012 0cfd
Right1	0000 006f 0017 0009 005c 0013 0013 0014 0012 0014 0013 0014 0013 0014 0012 0014 0013 0014 0012 0049 0013 0015 0012 0025 0013 0025 0012 0025 0013 0025 0013 004a 0012 0025 0013 0014 0012 0025 0013 0014 0012 0014 0013 0014 0013 0014 0012 0049 0013 0a52 005c 0013 0013 0014 0012 0014 0013 0014 0012 0014 0013 0014 0012 0014 0013 004a 0012 0d3b
Right2	0000 006f 0017 0009 005c 0014 0012 0014 0013 0014 0012 0014 0013 0014 0012 0014 0013 0014 0012 0049 0013 0015 0013 0025 0012 0025 0013 0025 0012 0025 0013 004a 0012 0014 0013 0025 0012 0025 0013 0014 0013 0014 0012 0014 0013 0014 0012 0049 0013 0a53 005c 0013 0013 0014 0012 0014 0013 0014 0012 0014 0013 0014 0013 0014 0012 0049 0013 0d3d
Right3	0000 0070 0017 0009 005c 0013 0012 0014 0013 0014 0012 0013 0013 0014 0012 0013 0013 0014 0012 0049 0013 0014 0013 0025 0012 0024 0013 0024 0012 0024 0013 0049 0012 0024 0013 0024 0012 0025 0012 0013 0013 0014 0012 0013 0013 0014 0012 006e 0013 0a06 005c 0013 0013 0014 0012 0013 0013 0014 0012 0013 0013 0013 0013 0014 0012 0049 0013 0d1e
Right4	0000 006f 0017 0009 005c 0013 0013 0014 0012 0014 0013 0014 0012 0013 0013 0014 0012 0014 0013 0049 0012 0016 0012 0025 0013 0025 0012 0025 0013 0025 0012 0049 0013 0014 0012 0014 0013 0014 0013 0025 0012 0013 0013 0014 0012 0013 0013 006f 0012 0a40 005d 0013 0012 0014 0013 0014 0012 0014 0013 0014 0013 0014 0012 0014 0013 004a 0012 0d3e
Right5	0000 006f 0017 0009 005d 0013 0012 0014 0013 0014 0012 0015 0012 0014 0013 0014 0012 0014 0013 004a 0012 0014 0013 0025 0012 0025 0013 0025 0013 0025 0012 0049 0013 0025 0012 0014 0013 0014 0012 0025 0013 0014 0012 0013 0013 0014 0013 004a 0012 0a55 005d 0013 0012 0014 0013 0014 0012 0014 0013 0014 0012 0014 0013 0014 0012 0049 0013 0d3f
