Direct PR/Play	0000 0073 0000 000a 0020 0020 0020 0020 0020 0020 0040 0040 0040 0020 0020 0040 0040 0020 0020 0040 0040 0020 0020 0cb5
Dim	0000 0073 0000 000b 0040 0040 0020 0020 0040 0040 0040 0020 0020 0020 0020 0020 0020 0020 0020 0040 0020 0020 0020 0020 0020 0c95
Open/Close	0000 0073 0000 000a 0020 001f 0020 001f 0020 001f 0040 003f 0040 001f 0020 003f 0040 003f 0020 001f 0040 003f 0020 0c96
Disc	0000 0073 0000 0009 0040 0040 0020 0020 0040 0040 0040 0020 0020 0040 0040 0040 0020 0020 0040 0020 0020 0cb5
Fps	0000 0073 0000 0009 0040 0040 0020 0020 0040 0040 0040 0020 0020 0040 0040 0040 0040 0040 0020 0020 0020 0c95
Display	0000 0073 0000 0009 0040 003f 0020 001f 0040 003f 0040 001f 0020 003f 0040 003f 0020 001f 0040 003f 0020 0c95
1	0000 0073 0000 000c 0020 001f 0020 001f 0020 001f 0040 003f 0040 001f 0020 001f 0020 001f 0020 001f 0020 001f 0020 001f 0020 003f 0020 0c95
2	0000 0073 0000 000b 0020 0020 0020 0020 0020 0020 0040 0040 0040 0020 0020 0020 0020 0020 0020 0020 0020 0020 0020 0040 0040 0cb5
3	0000 0073 0000 000c 0020 001f 0020 001f 0020 001f 0040 003f 0040 001f 0020 001f 0020 001f 0020 001f 0020 001f 0020 003f 0020 001f 0020 0c95
4	0000 0073 0000 000b 0020 0020 0020 0020 0020 0020 0040 0040 0040 0020 0020 0020 0020 0020 0020 0020 0020 0040 0040 0020 0020 0cb5
5	0000 0073 0000 000b 0020 001f 0020 001f 0020 001f 0040 003f 0040 001f 0020 001f 0020 001f 0020 001f 0020 003f 0040 003f 0020 0c95
6	0000 0073 0000 000b 0020 0020 0020 0020 0020 0020 0040 0040 0040 0020 0020 0020 0020 0020 0020 0020 0020 0040 0020 0020 0040 0cb5
7	0000 0073 0000 000c 0020 0020 0020 0020 0020 0020 0040 0040 0040 0020 0020 0020 0020 0020 0020 0020 0020 0040 0020 0020 0020 0020 0020 0c95
8	0000 0073 0000 000b 0020 0020 0020 0020 0020 0020 0040 0040 0040 0020 0020 0020 0020 0020 0020 0040 0040 0020 0020 0020 0020 0cb5
9	0000 0073 0000 000b 0020 0020 0020 0020 0020 0020 0040 0040 0040 0020 0020 0020 0020 0020 0020 0040 0040 0020 0020 0040 0020 0c95
0	0000 0073 0000 000c 0020 0020 0020 0020 0020 0020 0040 0040 0040 0020 0020 0020 0020 0020 0020 0020 0020 0020 0020 0020 0020 0020 0020 0cb5
C	0000 0073 0000 000b 0020 001f 0020 001f 0020 001f 0040 003f 0040 001f 0020 003f 0020 001f 0040 001f 0020 001f 0020 003f 0020 0c95
S	0000 0073 0000 000a 0020 0020 0020 0020 0020 0020 0040 0040 0040 0020 0020 0040 0040 0040 0040 0020 0020 0040 0020 0c95
Stop	0000 0073 0000 000a 0020 0020 0020 0020 0020 0020 0040 0040 0040 0020 0020 0040 0020 0020 0040 0040 0020 0020 0040 0cb5
Pause	0000 0073 0000 000b 0020 0020 0020 0020 0020 0020 0040 0040 0040 0020 0020 0040 0020 0020 0040 0020 0020 0020 0020 0020 0020 0cb5
Play	0000 0073 0000 000a 0020 0020 0020 0020 0020 0020 0040 0040 0040 0020 0020 0040 0020 0020 0040 0040 0040 0040 0020 0c95
R Trk	0000 0073 0000 000b 0020 001f 0020 001f 0020 001f 0040 003f 0040 001f 0020 003f 0040 001f 0020 001f 0020 001f 0020 003f 0020 0c95
F Trk	0000 0073 0000 000b 0020 0020 0020 0020 0020 0020 0040 0040 0040 0020 0020 0040 0040 0020 0020 0020 0020 0020 0020 0020 0020 0cb5
R Index	0000 0073 0000 000b 0020 001f 0020 001f 0020 001f 0040 003f 0040 001f 0020 003f 0040 001f 0020 001f 0020 003f 0020 001f 0020 0c95
F Index	0000 0073 0000 000a 0020 001f 0020 001f 0020 001f 0040 003f 0040 001f 0020 003f 0040 001f 0020 001f 0020 003f 0040 0cb5
R Srch	0000 0073 0000 000a 0020 0020 0020 0020 0020 0020 0040 0040 0040 0020 0020 0040 0020 0020 0040 0020 0020 0040 0040 0cb5
F Srch	0000 0073 0000 000a 0020 0020 0020 0020 0020 0020 0040 0040 0040 0020 0020 0040 0020 0020 0040 0040 0040 0020 0020 0cb5
Random	0000 0073 0000 000b 0020 0020 0020 0020 0020 0020 0040 0040 0040 0020 0020 0020 0020 0040 0020 0020 0020 0020 0040 0020 0020 0cb5
Vol+	0000 0073 0000 000b 0020 0020 0020 0020 0020 0020 0040 0040 0040 0020 0020 0020 0020 0040 0040 0020 0020 0020 0020 0020 0020 0cb5
Vol-	0000 0073 0000 000b 0020 001f 0020 001f 0020 001f 0040 003f 0040 001f 0020 001f 0020 003f 0040 001f 0020 001f 0020 003f 0020 0c95
Fast	0000 0073 0000 000b 0020 0020 0020 0020 0020 0020 0040 0040 0040 0020 0020 0040 0040 0040 0020 0020 0020 0020 0020 0020 0020 0c95
A/B	0000 0073 0000 000b 0020 0020 0020 0020 0020 0020 0040 0040 0040 0020 0020 0040 0020 0020 0020 0020 0040 0040 0020 0020 0020 0c95
Rpt	0000 0073 0000 000b 0020 0020 0020 0020 0020 0020 0040 0040 0040 0020 0020 0020 0020 0040 0020 0020 0020 0020 0040 0040 0020 0c95
Scan	0000 0073 0000 000a 0020 0020 0020 0020 0020 0020 0040 0040 0040 0020 0020 0040 0040 0040 0040 0040 0020 0020 0020 0c95
Time	0000 0073 0000 000b 0020 001f 0020 001f 0020 001f 0040 003f 0040 001f 0020 001f 0020 001f 0020 003f 0040 003f 0020 001f 0020 0c96
Review	0000 0073 0000 000c 0020 0020 0020 0020 0020 0020 0040 0040 0040 0020 0020 0020 0020 0020 0020 0040 0020 0020 0020 0020 0020 0020 0020 0c95
