Input1	0000 006b 0000 000b 0020 0040 0020 0040 0020 0020 0020 0020 0020 0040 0060 0020 0040 0020 0060 0060 0020 0060 0020 0020 0020 0040
Input2	0000 006b 0000 000c 0020 0040 0020 0040 0020 0020 0020 0020 0060 0020 0040 0020 0040 0020 0020 0040 0020 0040 0020 0060 0020 0020 0020 0040
Input3	0000 006b 0000 000d 0020 0040 0020 0040 0020 0020 0020 0020 0020 0020 0020 0020 0040 0020 0040 0020 0040 0020 0020 0040 0020 0060 0020 0020 0020 0040
Mute On	0000 006b 0000 000d 0020 0040 0020 0040 0020 0020 0020 0020 0020 0020 0020 0040 0020 0020 0040 0020 0040 0020 0040 0020 0020 0060 0020 0020 0020 0040
Mute Off	0000 006b 0009 0002 0020 0040 0020 0040 0020 0020 0020 0020 0020 0020 0040 0020 0020 0020 0040 0020 0040 0040 0020 0020 0020 0060
Vol+	0000 006b 000a 0002 0020 0040 0020 0040 0020 0020 0020 0020 0040 0020 0020 0020 0020 0020 0040 0020 0020 0020 0020 0020 0020 0020 0020 0060
Vol-	0000 006b 0000 000c 0020 0040 0020 0040 0020 0020 0020 0020 0040 0060 0020 0020 0040 0020 0020 0020 0060 0020 0020 0060 0020 0020 0020 0040
Curtain On	0000 006b 0009 0002 0020 0040 0020 0040 0020 0020 0020 0020 0020 0040 0020 0020 0020 0020 0040 0020 0060 0020 0020 0020 0020 0060
Curtain Off	0000 006b 0000 000b 0020 0040 0020 0040 0020 0020 0020 0020 0020 0080 0020 0020 0040 0020 00a0 0020 0020 0060 0020 0020 0020 0040
Image	0000 006b 0000 000c 0020 0040 0020 0040 0020 0020 0020 0020 0060 0040 0020 0020 0040 0020 0020 0040 0040 0020 0020 0060 0020 0020 0020 0040
Menu	0000 006b 0000 000a 0020 0040 0020 0040 0020 0020 0020 0020 00a0 0040 0040 0020 0020 0080 0040 0060 0020 0020 0020 0040
Up	0000 006b 0000 000b 0020 0040 0020 0040 0020 0020 0020 0020 0020 0040 0040 0040 0040 0020 0060 0040 0040 0060 0020 0020 0020 0040
Down	0000 006b 0000 000b 0020 0040 0020 0040 0020 0020 0020 0020 0020 0040 0020 0060 0040 0020 0060 0020 0060 0060 0020 0020 0020 0040
Left	0000 006b 0000 000c 0020 0040 0020 0040 0020 0020 0020 0020 0040 0040 0020 0040 0040 0020 0020 0020 0040 0020 0040 0060 0020 0020 0020 0040
Right	0000 006b 0000 000a 0020 0040 0020 0040 0020 0020 0020 0020 0080 0060 0040 0020 0020 0060 0060 0060 0020 0020 0020 0040
Select	0000 006b 0000 000b 0020 0040 0020 0040 0020 0020 0020 0020 0020 0060 0020 0040 0040 0020 0080 0020 0040 0060 0020 0020 0020 0040
Confirm	0000 006b 0009 0002 0020 0040 0020 0040 0020 0020 0020 0020 0020 0020 0020 0020 0020 0040 0040 0020 0040 0020 0020 0020 0040 0060
Power On	0000 006b 0000 000b 0020 0040 0020 0040 0020 0020 0020 0020 0020 0020 00a0 0020 0020 0020 0040 00a0 0020 0040 0020 0020 0020 0040
Power Off	0000 006b 0000 000b 0020 0040 0020 0040 0020 0020 0020 0020 0020 0020 0020 0080 0040 0020 0040 0020 0080 0060 0020 0020 0020 0040
Keystone+	0000 006b 0006 0002 0020 0040 0020 0040 0020 0020 0020 0020 0040 00a0 0040 0020 0020 0020 00a0 0060
Keystone-	0000 006b 0000 000c 0020 0040 0020 0040 0020 0020 0020 0020 0040 0020 0080 0020 0020 0020 0020 0020 0020 0080 0020 0040 0020 0020 0020 0040
Foc+	0000 006b 0000 0009 0020 0040 0020 0040 0020 0020 0020 0020 0020 00c0 0040 0020 00e0 0060 0020 0020 0020 0040
Foc-	0000 006b 0000 000b 0020 0040 0020 0040 0020 0020 0020 0020 0020 0040 0080 0020 0020 0020 0060 0080 0020 0040 0020 0020 0020 0040
ZM+	0000 006b 0000 000a 0020 0040 0020 0040 0020 0020 0020 0020 00e0 0020 0020 0020 0020 00c0 0020 0040 0020 0020 0020 0040
ZM-	0000 006b 0000 000c 0020 0040 0020 0040 0020 0020 0020 0020 0060 0020 0060 0020 0020 0020 0020 0040 0020 0060 0020 0040 0020 0020 0020 0040
