A Play Rev	0000 006c 0022 0002 0158 00ab 0016 0016 0015 0015 0016 0040 0015 0040 0015 0040 0016 0040 0014 0015 0016 0015 0016 003f 0016 0040 0015 0015 0016 0015 0015 0015 0015 0015 0016 0040 0015 0040 0015 0040 0016 0040 0015 0040 0015 0040 0016 0040 0014 0015 0016 0015 0016 0015 0015 0015 0016 0015 0016 0015 0015 0015 0016 0015 0015 003f 0016 0040 0015 0040 0015 05f1 0157 0055 0016 0e54
A Play	0000 006c 0022 0002 0158 00ab 0016 0016 0015 0015 0016 0040 0015 0040 0015 003f 0016 0040 0015 0015 0016 0015 0015 0040 0016 0040 0015 0015 0016 0015 0015 0016 0014 0015 0016 0040 0015 0040 0016 0015 0015 0015 0016 0040 0015 0015 0016 0040 0015 0015 0016 0040 0015 0015 0016 0040 0015 0040 0015 0016 0014 0040 0016 0015 0014 0040 0016 0015 0015 0040 0016 05f1 0157 0056 0015 0e54
A Stop	0000 006c 0022 0002 0158 00ab 0016 0016 0014 0015 0016 0040 0014 0040 0016 003f 0016 0040 0015 0015 0016 0015 0015 003f 0016 0040 0015 0015 0016 0015 0015 0015 0015 0015 0016 0040 0015 0040 0015 0040 0016 0015 0016 0015 0014 0015 0016 0040 0015 0015 0016 0040 0015 0015 0016 0015 0015 003f 0016 0040 0015 0040 0015 0015 0015 0040 0015 0016 0014 0040 0016 05f1 0157 0056 0015 0e54
A Rew	0000 006c 0022 0002 0158 00ab 0016 0016 0015 0015 0016 0040 0015 0040 0015 0040 0016 0040 0015 0015 0016 0015 0015 0040 0016 0040 0014 0015 0016 0015 0016 0015 0015 0015 0016 0040 0015 0040 0015 0015 0015 0040 0015 0040 0016 0015 0015 0040 0016 0015 0015 0040 0016 0015 0016 003f 0016 0015 0016 0015 0015 0040 0016 0015 0015 0040 0015 0015 0015 0040 0015 05f1 0157 0055 0015 0e55
A Ffwd	0000 006c 0022 0002 0158 00ab 0016 0015 0016 0015 0016 003f 0016 0040 0015 0040 0015 0040 0016 0015 0015 0015 0015 0040 0015 0040 0016 0015 0016 0015 0014 0015 0016 0015 0016 003f 0016 0040 0015 0040 0015 0015 0015 0040 0015 0015 0015 0040 0015 0015 0015 0040 0015 0015 0015 0015 0016 0040 0014 0015 0016 0040 0015 0015 0016 0040 0015 0015 0016 0040 0015 05f1 0157 0056 0015 0e55
B Play Rev	0000 006c 0022 0002 0158 00ab 0016 0016 0015 0015 0016 0040 0015 0040 0015 0040 0016 0040 0014 0015 0016 0015 0016 003f 0016 0040 0015 0015 0016 0015 0016 0015 0015 0015 0016 0040 0015 0040 0015 0015 0015 0015 0016 0015 0015 0040 0016 0040 0014 0015 0016 0040 0014 0040 0016 003f 0016 0040 0015 0040 0016 0015 0015 0015 0016 0040 0015 0015 0016 0015 0015 05f1 0157 0055 0016 0e54
B Play	0000 006c 0022 0002 0157 00ab 0015 0016 0016 0015 0015 0040 0016 0040 0014 0040 0016 003f 0016 0015 0016 0015 0015 0040 0016 003f 0016 0015 0015 0015 0015 0015 0016 0015 0015 0040 0016 0040 0015 0015 0016 0015 0015 0040 0016 0015 0016 003f 0016 0015 0016 003f 0016 0040 0015 0040 0015 003f 0016 0015 0015 003f 0016 0015 0015 0040 0016 0015 0015 0015 0015 05f1 0157 0056 0015 0e55
B Stop	0000 006c 0022 0002 0158 00ab 0015 0015 0016 0015 0015 003f 0016 0040 0015 0040 0015 0040 0016 0015 0015 0016 0014 0040 0015 0040 0016 0015 0016 0015 0015 0015 0016 0015 0016 003f 0016 0040 0015 0040 0015 0015 0015 0015 0016 0015 0015 0040 0016 0015 0015 0040 0016 0040 0014 0015 0016 0040 0014 0040 0016 003f 0016 0015 0016 003f 0016 0015 0015 0015 0015 05f1 0157 0056 0014 0e55
B Rew	0000 006c 0022 0002 0158 00ab 0015 0015 0016 0015 0015 0040 0016 0040 0015 0040 0015 0040 0016 0015 0015 0016 0014 0040 0016 003f 0016 0015 0016 0015 0015 0015 0016 0015 0016 003f 0016 0040 0015 0015 0016 0040 0015 0040 0015 0015 0015 0040 0015 0016 0014 0040 0016 003f 0016 0040 0015 0015 0016 0015 0016 003f 0016 0015 0015 003f 0016 0015 0015 0015 0015 05f1 0156 0056 0014 0e55
B Ffwd	0000 006c 0022 0002 0157 00ab 0015 0016 0016 0015 0015 0040 0016 0040 0014 0040 0016 003f 0016 0015 0016 0015 0015 0040 0016 003f 0016 0015 0016 0015 0015 0015 0016 0015 0015 003f 0016 0040 0015 0040 0015 0015 0015 0040 0015 0016 0014 0040 0016 0015 0015 0040 0016 003f 0016 0015 0016 003f 0016 0015 0015 003f 0016 0015 0015 0040 0016 0015 0015 0015 0015 05f1 0157 0056 0015 0e55
Record	0000 006c 0022 0002 0157 00ac 0015 0016 0015 0015 0015 0040 0015 0040 0016 0040 0015 0040 0016 0015 0015 0015 0016 0040 0015 0040 0015 0015 0015 0015 0016 0015 0015 0015 0015 0040 0015 0040 0016 0040 0014 0040 0016 003f 0016 0015 0016 003f 0016 0015 0016 003f 0016 0040 0015 0015 0016 0015 0015 0015 0015 0040 0015 0015 0015 0040 0015 0015 0015 0015 0016 05f1 0156 0055 0016 0e54
Rec Mute	0000 006c 0022 0002 0158 00ab 0016 0016 0015 0015 0016 0040 0014 0040 0016 003f 0016 0040 0015 0015 0016 0015 0016 003f 0016 0040 0015 0015 0016 0015 0015 0015 0015 0015 0016 0040 0015 0040 0015 0015 0015 0040 0015 0016 0014 0015 0016 0040 0015 0015 0016 0040 0015 0040 0016 003f 0016 0015 0015 003f 0016 0040 0015 0015 0016 0040 0015 0015 0016 0015 0015 05f1 0157 0055 0016 0e54
