Power	0000 006d 0007 0012 0021 0022 0021 0022 0021 0021 0043 0021 0021 0022 0021 0022 0021 00a8 0021 0022 0021 0044 0021 0021 0043 0021 0021 0022 0021 0022 0021 0021 0021 0022 0021 0022 0021 0022 0021 0b60 0021 0022 0021 0022 0021 0021 0043 0021 0021 0022 0021 0022 0021 00a6
Dcc	0000 006d 0006 000c 0021 0021 0043 0044 0043 0044 0021 0022 0021 0022 0021 0023 0021 0021 0021 0022 0021 0022 0021 0022 0021 0021 0021 0d43 0021 0021 0043 0044 0043 0044 0021 0022 0021 0022 0021 0022
Aux	0000 006d 0007 0012 0021 0022 0021 0022 0021 0021 0043 0021 0021 0022 0021 0022 0021 00a8 0021 0022 0021 0022 0021 0022 0021 0021 0021 0022 0021 0022 0021 0022 0021 0021 0021 0044 0021 0022 0043 0b5f 0021 0022 0021 0022 0021 0021 0043 0021 0021 0022 0021 0022 0021 00a6
Tuner	0000 006d 0006 000c 0021 0021 0043 0044 0043 0021 0021 0021 0021 0044 0021 0023 0021 0021 0021 0022 0021 0022 0021 0022 0021 0021 0021 0d43 0021 0021 0043 0044 0043 0021 0021 0021 0021 0044 0021 0022
CD	0000 006d 0006 000c 0021 0021 0021 0022 0021 0022 0043 0044 0043 0021 0021 0046 0021 0021 0021 0022 0021 0022 0021 0022 0021 0021 0021 0d43 0021 0021 0021 0022 0021 0022 0043 0044 0043 0021 0021 0044
Tape	0000 006c 0000 000b 0022 0021 0044 0045 0044 0022 0022 0045 0044 0045 0022 0022 0022 0022 0022 0022 0022 0022 0022 0021 0022 0d62
Dbs	0000 006d 0006 000c 0021 0021 0021 0022 0043 0044 0043 0021 0021 0022 0021 0045 0021 0021 0021 0022 0021 0022 0021 0022 0021 0021 0021 0d43 0021 0021 0021 0022 0043 0044 0043 0021 0021 0022 0021 0044
LD	0000 006d 0000 000c 0021 0021 0043 0021 0021 0044 0021 0021 0043 0021 0021 0044 0021 0021 0021 0022 0021 0022 0021 0022 0021 0021 0021 0d43
VCR1	0000 006d 0006 000c 0021 0021 0021 0022 0043 0021 0021 0044 0043 0044 0021 0023 0021 0021 0021 0022 0021 0022 0021 0022 0021 0021 0021 0d43 0021 0021 0021 0022 0043 0021 0021 0044 0043 0044 0021 0022
VCR2	0000 006d 0006 000c 0021 0021 0043 0021 0021 0022 0021 0044 0021 0022 0043 0045 0021 0021 0021 0022 0021 0022 0021 0022 0021 0021 0021 0d43 0021 0021 0043 0021 0021 0022 0021 0044 0021 0022 0043 0044
Dolsurr	0000 006d 0007 0010 0021 0022 0021 0022 0021 0021 0043 0021 0021 0022 0021 0022 0021 00cb 0043 0021 0021 0044 0043 0044 0043 0021 0021 0021 0021 0022 0021 0022 0021 0022 0021 0b5d 0021 0022 0021 0022 0021 0021 0043 0021 0021 0022 0021 0022 0021 00c9
Movie	0000 006d 0006 000e 0021 0022 0043 0044 0043 0021 0021 0022 0021 0022 0021 00ca 0043 0021 0021 0044 0043 0044 0043 0044 0021 0022 0021 0022 0043 0043 0021 0b39 0021 0022 0043 0044 0043 0021 0021 0022 0021 0022 0021 00c9
3logic	0000 006d 0007 000f 0021 0022 0021 0022 0021 0021 0043 0021 0021 0022 0021 0022 0021 00ca 0043 0021 0021 0044 0043 0044 0043 0044 0021 0022 0043 0021 0021 0022 0021 0b5c 0021 0022 0021 0022 0021 0021 0043 0021 0021 0022 0021 0022 0021 00c9
Cmode	0000 006d 0006 000d 0021 0022 0043 0044 0043 0021 0021 0022 0021 0022 0021 00cb 0043 0021 0021 0044 0043 0044 0043 0021 0021 0044 0043 0044 0043 0b5a 0021 0022 0043 0044 0043 0021 0021 0022 0021 0022 0021 00c9
Ttone	0000 006d 0007 000e 0021 0022 0021 0022 0021 0021 0043 0021 0021 0022 0021 0022 0021 00ca 0043 0021 0021 0044 0043 0044 0043 0044 0043 0044 0043 0043 0021 0b39 0021 0022 0021 0022 0021 0021 0043 0021 0021 0022 0021 0022 0021 00c9
Matrix	0000 006d 0000 000e 0021 0022 0043 0044 0043 0021 0021 0022 0021 0022 0021 00c9 0043 0021 0021 0044 0043 0044 0043 0021 0021 0044 0043 0021 0021 0044 0021 0b39
Hall1	0000 006d 0007 0010 0021 0022 0021 0022 0021 0021 0043 0021 0021 0022 0021 0022 0021 00ca 0043 0021 0021 0044 0043 0044 0043 0021 0021 0021 0021 0022 0021 0022 0021 0044 0021 0b3b 0021 0022 0021 0022 0021 0021 0043 0021 0021 0022 0021 0022 0021 00c9
Hall2	0000 006d 0000 000e 0021 0022 0043 0044 0043 0021 0021 0022 0021 0022 0021 00c9 0043 0021 0021 0044 0043 0044 0043 0021 0021 0021 0021 0022 0021 0044 0043 0b5b
Delay-	0000 006d 0007 000f 0021 0022 0021 0022 0021 0021 0043 0021 0021 0022 0021 0022 0021 00cb 0043 0021 0021 0044 0043 0044 0043 0044 0043 0021 0021 0044 0021 0021 0021 0b3a 0021 0022 0021 0022 0021 0021 0043 0021 0021 0022 0021 0022 0021 00c9
Delay+	0000 006d 0000 000d 0021 0022 0043 0044 0043 0021 0021 0022 0021 0022 0021 00c9 0043 0021 0021 0044 0043 0044 0043 0044 0043 0021 0021 0044 0043 0b5a
Stereo	0000 006d 0007 000f 0021 0022 0021 0022 0021 0021 0043 0021 0021 0022 0021 0022 0021 00ca 0043 0021 0021 0044 0043 0044 0043 0044 0021 0022 0021 0022 0021 0022 0043 0b5c 0021 0022 0021 0022 0021 0021 0043 0021 0021 0022 0021 0022 0021 00c9
Bal L	0000 006d 0009 000c 0021 0021 0021 0022 0021 0022 0043 0021 0021 0021 0021 0022 0021 0022 0011 0002 0010 0044 0021 0022 0043 0044 0021 0021 0021 0d43 0021 0021 0021 0022 0021 0022 0043 0021 0021 0021 0021 0022 0021 0022 0021 0044
Bal R	0000 006d 0008 000b 0021 0021 0021 0022 0021 0022 0043 0021 0021 0021 0021 0022 0021 0022 0023 0044 0021 0022 0043 0044 0043 0d64 0021 0021 0021 0022 0021 0022 0043 0021 0021 0021 0021 0022 0021 0022 0021 0044
Bass EQ	0000 006d 0006 0010 0021 0022 0043 0044 0043 0021 0021 0022 0021 0022 0021 00a8 0021 0044 0043 0044 0021 0022 0043 0021 0021 0022 0021 0021 0021 0022 0021 0022 0021 0022 0021 0b5d 0021 0022 0043 0044 0043 0021 0021 0022 0021 0022 0021 00a6
OSD	0000 006c 0000 000c 0022 0021 0044 0045 0044 0022 0022 0022 0022 0022 0022 0022 0022 0022 0022 0045 0022 0022 0022 0022 0022 0021 0022 0d64
Mute	0000 006d 0009 000c 0021 0021 0021 0022 0021 0022 0043 0021 0021 0021 0021 0022 0021 0022 0011 0002 0010 0022 0021 0044 0021 0022 0043 0043 0021 0d43 0021 0021 0021 0022 0021 0022 0043 0021 0021 0021 0021 0022 0021 0022 0021 0022
VR Reset	0000 006d 0006 000f 0021 0022 0043 0044 0043 0021 0021 0022 0021 0022 0021 00ca 0043 0021 0021 0044 0043 0044 0043 0044 0021 0022 0021 0022 0021 0022 0021 0021 0021 0b3a 0021 0022 0043 0044 0043 0021 0021 0022 0021 0022 0021 00c9
Surr+	0000 006d 0007 000f 0021 0022 0021 0022 0021 0021 0043 0021 0021 0022 0021 0022 0021 00ca 0043 0021 0021 0044 0043 0044 0043 0021 0021 0044 0021 0022 0021 0022 0043 0b5c 0021 0022 0021 0022 0021 0021 0043 0021 0021 0022 0021 0022 0021 00c9
Surr-	0000 006d 0006 000f 0021 0022 0043 0044 0043 0021 0021 0022 0021 0022 0021 00cb 0043 0021 0021 0044 0043 0044 0043 0021 0021 0044 0021 0022 0021 0022 0021 0021 0021 0b3a 0021 0022 0043 0044 0043 0021 0021 0022 0021 0022 0021 00c9
Center+	0000 006d 0007 000f 0021 0022 0021 0022 0021 0021 0043 0021 0021 0022 0021 0022 0021 00cb 0043 0021 0021 0044 0043 0044 0043 0021 0021 0044 0043 0044 0021 0021 0021 0b3a 0021 0022 0021 0022 0021 0021 0043 0021 0021 0022 0021 0022 0021 00c9
Center-	0000 006d 0006 000e 0021 0022 0043 0044 0043 0021 0021 0022 0021 0022 0021 00cb 0043 0021 0021 0044 0043 0044 0043 0021 0021 0044 0021 0022 0043 0021 0021 0b5b 0021 0022 0043 0044 0043 0021 0021 0022 0021 0022 0021 00c9
Main+	0000 006c 0000 000b 0022 0021 0044 0045 0044 0022 0022 0022 0022 0022 0022 0022 0022 0045 0044 0022 0022 0022 0022 0022 0022 0d85
Main-	0000 006c 0000 000b 0022 0021 0044 0045 0044 0022 0022 0022 0022 0022 0022 0022 0022 0045 0044 0022 0022 0022 0022 0044 0022 0d63
