Power E	0000 0073 0000 0012 0020 0020 0020 0020 0020 0020 0040 0020 0020 0020 0020 0020 0020 009f 0020 0020 0020 0041 0020 0020 0040 0020 0020 0020 0020 0020 0020 0020 0020 0020 0020 0020 0020 0020 0020 0adc
Power O	0000 0073 0000 0011 0020 0020 0040 0041 0040 0020 0020 0020 0020 0020 0020 009f 0020 0020 0020 0041 0020 0020 0040 0020 0020 0020 0020 0020 0020 0020 0020 0020 0020 0020 0020 0020 0020 0adb
FM/AM E	0000 0073 0000 000d 0020 0020 0020 0020 0020 0020 0040 0020 0020 0020 0020 0041 0020 0020 0020 0020 0020 0020 0020 0020 0020 0020 0020 001f 0020 0cab
FM/AM O	0000 0073 0000 000c 0020 0020 0040 0041 0040 0020 0020 0020 0020 0041 0020 0020 0020 0020 0020 0020 0020 0020 0020 0020 0020 001f 0020 0ca9
Phono E	0000 0073 0000 000c 0020 0020 0020 0020 0020 0020 0040 0041 0040 0041 0020 0020 0020 0020 0020 0020 0020 0020 0020 0020 0020 001f 0020 0ca9
Phono O	0000 0073 0000 000b 0020 0020 0040 0041 0040 0041 0040 0041 0020 0020 0020 0020 0020 0020 0020 0020 0020 0020 0020 001f 0020 0ca8
CD E	0000 0073 0000 000c 0020 0020 0020 0020 0020 0020 0040 0041 0040 0020 0020 0041 0020 0020 0020 0020 0020 0020 0020 0020 0020 001f 0020 0ca9
CD O	0000 0073 0000 000b 0020 0020 0040 0041 0040 0041 0040 0020 0020 0041 0020 0020 0020 0020 0020 0020 0020 0020 0020 001f 0020 0ca8
Tape E	0000 0073 0000 000b 0020 0020 0040 0041 0040 0020 0020 0041 0040 0041 0020 0020 0020 0020 0020 0020 0020 0020 0020 001f 0020 0ca8
Tape O	0000 0073 0000 000c 0020 0020 0020 0020 0020 0020 0040 0020 0020 0041 0040 0041 0020 0020 0020 0020 0020 0020 0020 0020 0020 001f 0020 0ca9
Dcc E	0000 0073 0000 000d 0020 0020 0020 0020 0020 0020 0040 0041 0020 0020 0020 0020 0020 0020 0020 0020 0020 0020 0020 0020 0020 0020 0020 001f 0020 0cab
Dcc O	0000 0073 0000 000c 0020 0020 0040 0041 0040 0041 0020 0020 0020 0020 0020 0020 0020 0020 0020 0020 0020 0020 0020 0020 0020 001f 0020 0ca9
LD E	0000 0073 0000 000c 0020 0020 0020 0020 0040 0041 0020 0020 0040 0020 0020 0041 0020 0020 0020 0020 0020 0020 0020 0020 0020 001f 0020 0ca9
LD O	0000 0073 0000 000c 0020 0020 0040 0020 0020 0041 0020 0020 0040 0020 0020 0041 0020 0020 0020 0020 0020 0020 0020 0020 0020 001f 0020 0ca9
VCR1 E	0000 0073 0000 000c 0020 0020 0020 0020 0040 0020 0020 0041 0040 0041 0020 0020 0020 0020 0020 0020 0020 0020 0020 0020 0020 001f 0020 0ca9
VCR1 O	0000 0073 0000 000c 0020 0020 0040 0020 0020 0020 0020 0041 0040 0041 0020 0020 0020 0020 0020 0020 0020 0020 0020 0020 0020 001f 0020 0ca9
VCR2 E	0000 0073 0000 000c 0020 0020 0020 0020 0040 0020 0020 0041 0020 0020 0040 0041 0020 0020 0020 0020 0020 0020 0020 0020 0020 001f 0020 0ca9
VCR2 O	0000 0073 0000 000c 0020 0020 0040 0020 0020 0020 0020 0041 0020 0020 0040 0041 0020 0020 0020 0020 0020 0020 0020 0020 0020 001f 0020 0ca9
Catv E	0000 0073 0000 000b 0020 0020 0020 0020 0020 0020 0040 0020 0020 0020 0020 0041 0020 0020 0040 0041 0040 0020 0020 0020 0020 0cc9
Catv O	0000 0073 0000 000a 0020 0020 0040 0041 0040 0020 0020 0020 0020 0041 0020 0020 0040 0041 0040 0020 0020 0020 0020 0cc8
Loud E	0000 0073 0000 000c 0020 0020 0020 0020 0020 0020 0040 0020 0020 0020 0020 0020 0020 0020 0020 0041 0020 0020 0020 0020 0040 0020 0020 0cca
Loud O	0000 0073 0000 000b 0020 0020 0040 0041 0040 0020 0020 0020 0020 0020 0020 0020 0020 0041 0020 0020 0020 0020 0040 0020 0020 0cc9
Mute E	0000 0073 0000 000c 0020 0020 0020 0020 0020 0020 0040 0020 0020 0020 0020 0020 0020 0020 0020 0020 0020 0041 0020 0020 0040 0040 0020 0ca9
Mute O	0000 0073 0000 000b 0020 0020 0040 0041 0040 0020 0020 0020 0020 0020 0020 0020 0020 0020 0020 0041 0020 0020 0040 0040 0020 0ca8
Vol+ Surr E	0000 0073 0000 000f 0020 0020 0020 0020 0020 0020 0040 0020 0020 0020 0020 0020 0020 00c0 0040 0020 0020 0041 0040 0041 0040 0020 0020 0041 0020 0020 0020 0020 0040 0ad8
Vol+ Surr O	0000 0073 0000 000e 0020 0020 0040 0041 0040 0020 0020 0020 0020 0020 0020 00c0 0040 0020 0020 0041 0040 0041 0040 0020 0020 0041 0020 0020 0020 0020 0040 0ad7
V  Surr E	0000 0073 0000 0010 0020 0020 0020 0020 0020 0020 0040 0020 0020 0020 0020 0020 0020 00c0 0040 0020 0020 0041 0040 0041 0040 0020 0020 0041 0020 0020 0020 0020 0020 001f 0020 0ab9
V  Surr O	0000 0073 0000 000f 0020 0020 0040 0041 0040 0020 0020 0020 0020 0020 0020 00c0 0040 0020 0020 0041 0040 0041 0040 0020 0020 0041 0020 0020 0020 0020 0020 001f 0020 0ab8
Vol+ Center E	0000 0073 0000 000f 0020 0020 0020 0020 0020 0020 0040 0020 0020 0020 0020 0020 0020 00c0 0040 0020 0020 0041 0040 0041 0040 0020 0020 0041 0040 0041 0020 001f 0020 0ab8
Vol+ Center O	0000 0073 0000 000e 0020 0020 0040 0041 0040 0020 0020 0020 0020 0020 0020 00c0 0040 0020 0020 0041 0040 0041 0040 0020 0020 0041 0040 0041 0020 001f 0020 0ab7
V  Center E	0000 0073 0000 000f 0020 0020 0020 0020 0020 0020 0040 0020 0020 0020 0020 0020 0020 00c0 0040 0020 0020 0041 0040 0041 0040 0020 0020 0041 0020 0020 0040 0020 0020 0ad9
V  Center O	0000 0073 0000 000e 0020 0020 0040 0041 0040 0020 0020 0020 0020 0020 0020 00c0 0040 0020 0020 0041 0040 0041 0040 0020 0020 0041 0020 0020 0040 0020 0020 0ad7
Vol+ Main E	0000 0073 0000 000c 0020 0020 0020 0020 0020 0020 0040 0020 0020 0020 0020 0020 0020 0020 0020 0041 0040 0020 0020 0020 0020 0020 0020 0cca
Vol+ Main O	0000 0073 0000 000b 0020 0020 0040 0041 0040 0020 0020 0020 0020 0020 0020 0020 0020 0041 0040 0020 0020 0020 0020 0020 0020 0cc9
V  Main E	0000 0073 0000 000c 0020 0020 0020 0020 0020 0020 0040 0020 0020 0020 0020 0020 0020 0020 0020 0041 0040 0020 0020 0020 0020 0041 0020 0ca9
V  Main O	0000 0073 0000 000b 0020 0020 0040 0041 0040 0020 0020 0020 0020 0020 0020 0020 0020 0041 0040 0020 0020 0020 0020 0041 0020 0ca8
