Standby	0000 0073 0000 000b 0020 0020 0020 0020 0020 0020 0041 001e 0020 0020 0020 0041 0041 001e 0020 0041 0020 0020 0041 001e 0020 0cba
VCR1	0000 0073 0000 000c 0020 0020 0020 0020 0041 001e 0020 0041 0041 003f 0020 0020 0020 0020 0020 0020 0020 0020 0020 0020 0020 0020 0020 0c99
VCR2	0000 0073 0000 000c 0020 0020 0020 0020 0041 001e 0020 0041 0020 0020 0041 003f 0020 0020 0020 0020 0020 0020 0020 0020 0020 0020 0020 0c99
Video	0000 0073 0000 0011 0020 0020 0041 003f 0041 001e 0020 0020 0020 0020 0020 00a0 0020 0020 0020 0020 0020 0020 0020 0020 0020 0020 0020 0020 0020 0020 0020 0020 0020 0041 0020 0020 0041 0abc
Catv	0000 0073 0000 000a 0020 0020 0041 003f 0041 001e 0020 0020 0020 0041 0020 0020 0041 003f 0041 001e 0020 0020 0020 0cba
Phono	0000 0073 0000 000b 0020 0020 0041 003f 0041 003f 0041 003f 0020 0020 0020 0020 0020 0020 0020 0020 0020 0020 0020 0020 0020 0c99
LD	0000 0073 0000 000c 0020 0020 0041 001e 0020 0041 0020 0020 0041 001e 0020 0041 0020 0020 0020 0020 0020 0020 0020 0020 0020 0020 0020 0c99
Tune	0000 0073 0000 000d 0020 0020 0020 0020 0020 0020 0041 001e 0020 0020 0020 0041 0020 0020 0020 0020 0020 0020 0020 0020 0020 0020 0020 0020 0020 0c99
CD	0000 0073 0000 000c 0020 0020 0020 0020 0020 0020 0041 003f 0041 001e 0020 0041 0020 0020 0020 0020 0020 0020 0020 0020 0020 0020 0020 0c99
Acr1	0000 0071 0000 000c 0020 0021 0020 0021 0020 0021 0041 001f 0020 0041 0041 0040 0020 0021 0020 0021 0020 0021 0020 0021 0020 0020 0020 0cb6
Multi	0000 0071 0000 0011 0020 0020 0020 0020 0020 0020 0041 001e 0020 0020 0020 0020 0020 00a1 0020 0041 0020 0020 0020 0020 0041 003f 0041 001e 0020 0020 0020 0020 0020 0020 0020 0020 0020 0ad7
Sleep	0000 0073 0000 000b 0020 0020 0020 0020 0020 0020 0041 001e 0020 0020 0020 0020 0020 0041 0041 001e 0020 0041 0020 0020 0041 0cb8
Timer	0000 0071 0000 000a 0020 0021 0020 0021 0020 0021 0041 001f 0020 0020 0020 0020 0020 0041 0041 0040 0041 0040 0041 0cd6
Clock	0000 0073 0000 0012 0020 0020 0020 0020 0020 0020 0041 001e 0020 0020 0020 0040 0020 007f 0020 0020 0020 0041 0020 0020 0020 0020 0020 0020 0041 001e 0020 0020 0020 0020 0020 0020 0020 0020 0020 0abe
1	0000 0073 0000 000c 0020 0020 0020 0020 0041 001e 0020 0041 0020 0020 0041 001f 0020 0020 0020 0020 0020 0020 0020 0020 0020 0040 0020 0c9a
2	0000 0073 0000 000b 0020 0020 0020 0020 0041 001e 0020 0041 0020 0020 0041 001e 0020 0020 0020 0020 0020 0020 0020 0041 0041 0cb9
3	0000 0073 0000 000c 0020 0020 0020 0020 0041 001e 0020 0041 0020 0020 0041 001e 0020 0020 0020 0020 0020 0020 0020 0041 0020 0020 0020 0c9a
4	0000 0073 0000 000b 0020 0020 0020 0020 0041 001e 0020 0041 0020 0020 0041 001e 0020 0020 0020 0020 0020 0041 0041 001f 0020 0cba
5	0000 0073 0000 000b 0020 0020 0020 0020 0041 001e 0020 0041 0020 0020 0041 001f 0020 0020 0020 0020 0020 0041 0041 003f 0020 0c9a
6	0000 0073 0000 000b 0020 0020 0020 0020 0041 001e 0020 0041 0020 0020 0041 001f 0020 0020 0020 0020 0020 0041 0020 0020 0041 0cb8
7	0000 0073 0000 000c 0020 0020 0020 0020 0041 001e 0020 0041 0020 0020 0041 001f 0020 0020 0020 0020 0020 0041 0020 0020 0020 0020 0020 0c9a
8	0000 0073 0000 000b 0020 0020 0020 0020 0041 001e 0020 0041 0020 0020 0041 001e 0020 0020 0020 0041 0041 001f 0020 0020 0020 0cba
9	0000 0073 0000 000b 0020 0020 0020 0020 0041 001e 0020 0041 0020 0020 0041 001e 0020 0020 0020 0041 0041 001f 0020 0040 0020 0c9a
0	0000 0073 0000 000c 0020 0020 0020 0020 0041 001e 0020 0041 0020 0020 0041 001f 0020 0020 0020 0020 0020 0020 0020 0020 0020 0020 0020 0cba
Up	0000 0073 0000 000b 0020 0020 0020 0020 0041 001e 0020 0041 0020 0020 0041 003f 0041 001f 0020 0020 0020 0020 0020 0040 0020 0c9a
Down	0000 0073 0000 000b 0020 0020 0020 0020 0041 001e 0020 0041 0020 0020 0041 003f 0041 001e 0020 0020 0020 0020 0020 0020 0020 0cba
Vol-	0000 0073 0000 000c 0020 0020 0020 0020 0041 001e 0020 0020 0020 0020 0020 0020 0020 0020 0020 0041 0041 001e 0020 0020 0020 0040 0020 0c9a
Vol+	0000 0073 0000 000c 0020 0020 0020 0020 0041 001e 0020 0020 0020 0020 0020 0020 0020 0020 0020 0041 0041 001f 0020 0020 0020 0020 0020 0cbb
F/P	0000 0073 0000 000b 0020 0020 0020 0020 0041 001e 0020 0041 0020 0020 0041 001f 0020 0020 0020 0041 0041 003f 0020 0020 0020 0c9a
P Scan	0000 0073 0000 000a 0020 0020 0020 0020 0041 001e 0020 0041 0020 0020 0041 003f 0041 003f 0020 0020 0020 0020 0041 0cb8
Mode	0000 0073 0000 000b 0020 0020 0020 0020 0041 001e 0020 0041 0020 0020 0041 003f 0041 001e 0020 0020 0020 0041 0020 0020 0020 0c9a
Ch+	0000 0071 0000 000c 0020 0021 0020 0021 0041 001f 0020 0020 0020 0020 0020 0020 0020 0041 0041 001f 0020 0020 0020 0020 0020 0041 0020 0cb8
Ch-	0000 0073 0000 000c 0020 0020 0020 0020 0041 001e 0020 0020 0020 0020 0020 0020 0020 0041 0041 001e 0020 0020 0020 0020 0020 0020 0020 0cbb
Menu	0000 0071 0000 000d 0020 0021 0020 0021 0041 001f 0020 0020 0020 0020 0020 0020 0020 0041 0020 0021 0020 0021 0020 0021 0020 0021 0020 0020 0020 0cb7
Main+	0000 0073 0000 000c 0020 0020 0020 0020 0041 001e 0020 0020 0020 0020 0020 0020 0020 0020 0020 0041 0041 001e 0020 0020 0020 0020 0020 0cbb
Main-	0000 0073 0000 000c 0020 0020 0020 0020 0041 001e 0020 0020 0020 0020 0020 0020 0020 0020 0020 0041 0041 001f 0020 0020 0020 0040 0020 0c9a
Memo	0000 0071 0000 000b 0020 0021 0020 0021 0020 0021 0041 001f 0020 0020 0020 0020 0020 0041 0041 0040 0020 0021 0041 003f 0020 0cb7
Centr+	0000 0073 0000 000f 0020 0020 0020 0020 0020 0020 0041 001e 0020 0020 0020 0020 0020 00c0 0041 001e 0020 0041 0041 003f 0041 001e 0020 0041 0041 003f 0020 001f 0020 0a9e
Centr-	0000 0071 0000 000f 0020 0020 0020 0020 0020 0020 0041 001e 0020 0020 0020 0020 0020 00c2 0041 001e 0020 0042 0041 003f 0041 001e 0020 0042 0020 0020 0041 001e 0020 0ad7
Surr+	0000 0073 0000 000f 0020 0020 0020 0020 0020 0020 0041 001e 0020 0020 0020 0020 0020 00c0 0041 001e 0020 0041 0041 003f 0041 001e 0020 0041 0020 0020 0020 0020 0041 0abc
Surr-	0000 0073 0000 0010 0020 0020 0020 0020 0020 0020 0041 001e 0020 0020 0020 0020 0020 00c0 0041 001e 0020 0041 0041 003f 0041 001e 0020 0041 0020 0020 0020 0020 0020 001f 0020 0a9e
Mute	0000 0073 0000 000c 0020 0020 0020 0020 0041 001e 0020 0020 0020 0020 0020 0020 0020 0020 0020 0020 0020 0041 0020 0020 0041 003f 0020 0c9a
M Room	0000 0071 0000 000d 0020 0021 0020 0021 0020 0021 0041 001f 0020 0020 0020 0020 0020 0041 0020 0021 0020 0021 0020 0021 0020 0021 0020 0020 0020 0cb7
Rec1	0000 0073 0000 000b 0020 0020 0020 0020 0041 001e 0020 0041 0041 003f 0020 0020 0020 0020 0041 003f 0020 0020 0020 0020 0020 0c99
A	0000 0073 0000 000b 0020 0020 0020 0020 0041 001e 0020 0041 0041 003f 0020 0020 0041 001f 0020 0020 0020 0020 0020 0040 0020 0c9a
B	0000 0073 0000 000b 0020 0020 0020 0020 0041 001f 0020 0041 0041 003f 0020 0020 0041 001e 0020 0020 0020 0020 0020 0020 0020 0cba
&lt;&gt;	0000 0073 0000 000c 0020 0020 0020 0020 0041 001e 0020 0041 0041 003f 0020 0020 0020 0020 0020 0020 0020 0020 0020 0020 0020 0020 0020 0c99
&lt;&lt;&lt;	0000 0073 0000 000a 0020 0020 0020 0020 0041 001e 0020 0041 0041 003f 0020 0020 0020 0020 0041 001e 0020 0041 0041 0cb8
&gt;&gt;&gt;	0000 0073 0000 000a 0020 0020 0020 0020 0041 001e 0020 0041 0041 003f 0020 0020 0020 0020 0041 003f 0041 001e 0020 0cba
|||	0000 0071 0000 000a 0020 0021 0020 0021 0041 001f 0020 0041 0041 0040 0020 0021 0041 0040 0041 001f 0020 0041 0020 0cb7
[ ]	0000 0073 0000 000a 0020 0020 0020 0020 0041 001f 0020 0041 0041 003f 0020 0020 0020 0020 0041 003f 0020 0020 0041 0cb8
&gt;	0000 0073 0000 000a 0020 0020 0020 0020 0041 001e 0020 0041 0041 003f 0020 0020 0020 0020 0041 003f 0041 003f 0020 0c9a
|&lt;&lt;	0000 0073 0000 000a 0020 0020 0020 0020 0041 003f 0020 0020 0041 001e 0020 0041 0041 001e 0020 0041 0041 001e 0020 0cba
&gt;&gt;|	0000 0073 0000 000b 0020 0020 0020 0020 0041 003f 0020 0020 0041 001e 0020 0020 0020 0041 0020 0020 0020 0020 0020 0020 0041 0cb8
||	0000 0073 0000 000b 0020 0020 0020 0020 0041 003f 0020 0020 0041 001e 0020 0041 0020 0020 0041 001e 0020 0020 0020 0020 0020 0cba
[]	0000 0073 0000 000a 0020 0020 0020 0020 0041 003f 0020 0020 0041 001f 0020 0041 0020 0020 0041 003f 0020 0020 0041 0cb8
|&gt;	0000 0073 0000 000a 0020 0020 0020 0020 0041 003f 0020 0020 0041 001e 0020 0041 0020 0020 0041 003f 0041 003f 0020 0c9a
&lt;&lt;	0000 0073 0000 000a 0020 0020 0020 0020 0041 003f 0020 0020 0041 001f 0020 0041 0041 003f 0020 0020 0041 001e 0020 0cba
&gt;&gt;	0000 0073 0000 000a 0020 0020 0020 0020 0041 003f 0020 0020 0041 001e 0020 0041 0041 003f 0020 0020 0020 0020 0041 0cb8
Delay	0000 0073 0000 000f 0020 0020 0020 0020 0020 0020 0041 001e 0020 0020 0020 0020 0020 00c0 0041 001e 0020 0041 0041 003f 0041 003f 0041 001e 0020 0020 0020 0040 0020 0a9e
Center Mode	0000 0073 0000 000e 0020 0020 0020 0020 0020 0020 0041 001e 0020 0020 0020 0020 0020 00c0 0041 001e 0020 0041 0041 003f 0041 001e 0020 0041 0041 003f 0041 0abc
T Tone	0000 0073 0000 000e 0020 0020 0020 0020 0020 0020 0041 001e 0020 0020 0020 0020 0020 00c0 0041 001e 0020 0041 0041 003f 0041 003f 0041 003f 0041 003e 0020 0a9e
Surr Mode	0000 0073 0000 000c 0041 003f 0041 001e 0020 0020 0020 0020 0020 0020 0020 0020 0020 0020 0020 0020 0020 0020 0020 0020 0020 0020 0020 0cbb
