1	0000 0073 0000 000b 0020 0020 0040 0040 0040 0020 0020 0040 0040 0020 0020 0020 0020 0020 0020 0020 0020 0020 0020 0040 0020 0ca6
2	0000 0073 0000 000a 0020 0020 0040 0040 0040 0020 0020 0040 0040 0020 0020 0020 0020 0020 0020 0020 0020 0040 0040 0cc6
3	0000 0073 0000 000b 0020 0020 0040 0040 0040 0020 0020 0040 0040 0020 0020 0020 0020 0020 0020 0020 0020 0040 0020 0020 0020 0ca5
4	0000 0073 0000 000a 0020 0020 0040 0040 0040 0020 0020 0040 0040 0020 0020 0020 0020 0020 0020 0040 0040 0020 0020 0cc6
5	0000 0073 0000 000a 0020 0020 0040 0040 0040 0020 0020 0040 0040 0020 0020 0020 0020 0020 0020 0040 0040 0040 0020 0ca6
6	0000 0073 0000 000a 0020 0020 0040 0040 0040 0020 0020 0040 0040 0020 0020 0020 0020 0020 0020 0040 0020 0020 0040 0cc6
7	0000 0073 0000 000b 0020 0020 0040 0040 0040 0020 0020 0040 0040 0020 0020 0020 0020 0020 0020 0040 0020 0020 0020 0020 0020 0ca5
8	0000 0073 0000 000a 0020 0020 0040 0040 0040 0020 0020 0040 0040 0020 0020 0020 0020 0040 0040 0020 0020 0020 0020 0cc6
9	0000 0073 0000 000a 0020 0020 0040 0040 0040 0020 0020 0040 0040 0020 0020 0020 0020 0040 0040 0020 0020 0040 0020 0ca6
0	0000 0073 0000 000b 0020 0020 0040 0040 0040 0020 0020 0040 0040 0020 0020 0020 0020 0020 0020 0020 0020 0020 0020 0020 0020 0cc6
S/T	0000 0073 0000 0009 0020 0020 0040 0040 0040 0020 0020 0040 0040 0040 0040 0020 0020 0040 0020 0020 0040 0cc6
Memo	0000 0073 0000 0009 0020 0020 0040 0040 0040 0020 0020 0040 0040 0040 0040 0040 0040 0020 0020 0040 0020 0ca6
Rew	0000 0073 0000 0009 0020 0020 0040 0040 0040 0020 0020 0040 0040 0040 0020 0020 0040 0020 0020 0040 0040 0cc6
Ffwd	0000 0073 0000 0009 0020 0020 0040 0040 0040 0020 0020 0040 0040 0040 0020 0020 0040 0040 0040 0020 0020 0cc6
R Step	0000 0073 0000 000a 0020 0020 0040 0040 0040 0020 0020 0040 0040 0040 0040 0020 0020 0020 0020 0020 0020 0040 0020 0ca5
F Step	0000 0073 0000 000a 0020 0020 0040 0040 0040 0020 0020 0040 0040 0040 0040 0020 0020 0020 0020 0020 0020 0020 0020 0cc6
Reverse	0000 0073 0000 000a 0020 0020 0040 0040 0040 0020 0020 0040 0040 0040 0040 0040 0020 0020 0020 0020 0020 0020 0020 0ca5
Pause	0000 0073 0000 000a 0020 0020 0040 0040 0040 0020 0020 0040 0040 0040 0020 0020 0040 0020 0020 0020 0020 0020 0020 0cc6
Play	0000 0073 0000 0009 0020 0020 0040 0040 0040 0020 0020 0040 0040 0040 0020 0020 0040 0040 0040 0040 0020 0ca5
Stop	0000 0073 0000 0009 0020 0020 0040 0040 0040 0020 0020 0040 0040 0040 0020 0020 0040 0040 0020 0020 0040 0cc6
Rec Mute	0000 0073 0000 0008 0020 0020 0040 0040 0040 0020 0020 0040 0040 0040 0040 0040 0040 0040 0040 0cc6
Record	0000 0073 0000 000a 0020 0020 0040 0040 0040 0020 0020 0040 0040 0040 0020 0020 0040 0040 0020 0020 0020 0020 0020 0ca5
