1 E	0000 0073 0000 000b 0020 0020 0040 0040 0040 0020 0020 0040 0040 0020 0020 0020 0020 0020 0020 0020 0020 0020 0020 0040 0020 0ca6
1 O	0000 0073 0000 000c 0020 0020 0020 0020 0020 0020 0040 0020 0020 0040 0040 0020 0020 0020 0020 0020 0020 0020 0020 0020 0020 0040 0020 0ca6
2 E	0000 0073 0000 000a 0020 0020 0040 0040 0040 0020 0020 0040 0040 0020 0020 0020 0020 0020 0020 0020 0020 0040 0040 0cc6
2 O	0000 0073 0000 000b 0020 0020 0020 0020 0020 0020 0040 0020 0020 0040 0040 0020 0020 0020 0020 0020 0020 0020 0020 0040 0040 0cc6
3 E	0000 0073 0000 000b 0020 0020 0040 0040 0040 0020 0020 0040 0040 0020 0020 0020 0020 0020 0020 0020 0020 0040 0020 0020 0020 0ca5
3 O	0000 0073 0000 000c 0020 0020 0020 0020 0020 0020 0040 0020 0020 0040 0040 0020 0020 0020 0020 0020 0020 0020 0020 0040 0020 0020 0020 0ca5
4 E	0000 0073 0000 000a 0020 0020 0040 0040 0040 0020 0020 0040 0040 0020 0020 0020 0020 0020 0020 0040 0040 0020 0020 0cc6
4 O	0000 0073 0000 000b 0020 0020 0020 0020 0020 0020 0040 0020 0020 0040 0040 0020 0020 0020 0020 0020 0020 0040 0040 0020 0020 0cc6
5 E	0000 0073 0000 000a 0020 0020 0040 0040 0040 0020 0020 0040 0040 0020 0020 0020 0020 0020 0020 0040 0040 0040 0020 0ca6
5 O	0000 0073 0000 000b 0020 0020 0020 0020 0020 0020 0040 0020 0020 0040 0040 0020 0020 0020 0020 0020 0020 0040 0040 0040 0020 0ca5
6 E	0000 0073 0000 000a 0020 0020 0040 0040 0040 0020 0020 0040 0040 0020 0020 0020 0020 0020 0020 0040 0020 0020 0040 0cc6
6 O	0000 0073 0000 000b 0020 0020 0020 0020 0020 0020 0040 0020 0020 0040 0040 0020 0020 0020 0020 0020 0020 0040 0020 0020 0040 0cc6
7 E	0000 0073 0000 000b 0020 0020 0040 0040 0040 0020 0020 0040 0040 0020 0020 0020 0020 0020 0020 0040 0020 0020 0020 0020 0020 0ca5
7 O	0000 0073 0000 000c 0020 0020 0020 0020 0020 0020 0040 0020 0020 0040 0040 0020 0020 0020 0020 0020 0020 0040 0020 0020 0020 0020 0020 0ca6
8 E	0000 0073 0000 000a 0020 0020 0040 0040 0040 0020 0020 0040 0040 0020 0020 0020 0020 0040 0040 0020 0020 0020 0020 0cc6
8 O	0000 0073 0000 000b 0020 0020 0020 0020 0020 0020 0040 0020 0020 0040 0040 0020 0020 0020 0020 0040 0040 0020 0020 0020 0020 0cc6
9 E	0000 0073 0000 000a 0020 0020 0040 0040 0040 0020 0020 0040 0040 0020 0020 0020 0020 0040 0040 0020 0020 0040 0020 0ca6
9 O	0000 0073 0000 000b 0020 0020 0020 0020 0020 0020 0040 0020 0020 0040 0040 0020 0020 0020 0020 0040 0040 0020 0020 0040 0020 0ca6
0 E	0000 0073 0000 000b 0020 0020 0040 0040 0040 0020 0020 0040 0040 0020 0020 0020 0020 0020 0020 0020 0020 0020 0020 0020 0020 0cc6
0 O	0000 0073 0000 000c 0020 0020 0020 0020 0020 0020 0040 0020 0020 0040 0040 0020 0020 0020 0020 0020 0020 0020 0020 0020 0020 0020 0020 0cc6
S/T E	0000 0073 0000 0009 0020 0020 0040 0040 0040 0020 0020 0040 0040 0040 0040 0020 0020 0040 0020 0020 0040 0cc6
S/T O	0000 0073 0000 000a 0020 0020 0020 0020 0020 0020 0040 0020 0020 0040 0040 0040 0040 0020 0020 0040 0020 0020 0040 0cc6
Memo E	0000 0073 0000 0009 0020 0020 0040 0040 0040 0020 0020 0040 0040 0040 0040 0040 0040 0020 0020 0040 0020 0ca6
Memo O	0000 0073 0000 000a 0020 0020 0020 0020 0020 0020 0040 0020 0020 0040 0040 0040 0040 0040 0040 0020 0020 0040 0020 0ca5
Rew E	0000 0073 0000 0009 0020 0020 0040 0040 0040 0020 0020 0040 0040 0040 0020 0020 0040 0020 0020 0040 0040 0cc6
Rew O	0000 0073 0000 000a 0020 0020 0020 0020 0020 0020 0040 0020 0020 0040 0040 0040 0020 0020 0040 0020 0020 0040 0040 0cc6
Ffwd E	0000 0073 0000 0009 0020 0020 0040 0040 0040 0020 0020 0040 0040 0040 0020 0020 0040 0040 0040 0020 0020 0cc6
Ffwd O	0000 0073 0000 000a 0020 0020 0020 0020 0020 0020 0040 0020 0020 0040 0040 0040 0020 0020 0040 0040 0040 0020 0020 0cc6
R Step E	0000 0073 0000 000a 0020 0020 0040 0040 0040 0020 0020 0040 0040 0040 0040 0020 0020 0020 0020 0020 0020 0040 0020 0ca5
R Step O	0000 0073 0000 000b 0020 0020 0020 0020 0020 0020 0040 0020 0020 0040 0040 0040 0040 0020 0020 0020 0020 0020 0020 0040 0020 0ca5
F Step E	0000 0073 0000 000a 0020 0020 0040 0040 0040 0020 0020 0040 0040 0040 0040 0020 0020 0020 0020 0020 0020 0020 0020 0cc6
F Step O	0000 0073 0000 000b 0020 0020 0020 0020 0020 0020 0040 0020 0020 0040 0040 0040 0040 0020 0020 0020 0020 0020 0020 0020 0020 0cc6
&lt;&gt; E	0000 0073 0000 000a 0020 0020 0040 0040 0040 0020 0020 0040 0040 0040 0040 0040 0020 0020 0020 0020 0020 0020 0020 0ca5
&lt;&gt; O	0000 0073 0000 000b 0020 0020 0020 0020 0020 0020 0040 0020 0020 0040 0040 0040 0040 0040 0020 0020 0020 0020 0020 0020 0020 0ca5
Pause E	0000 0073 0000 000a 0020 0020 0040 0040 0040 0020 0020 0040 0040 0040 0020 0020 0040 0020 0020 0020 0020 0020 0020 0cc6
Pause O	0000 0073 0000 000b 0020 0020 0020 0020 0020 0020 0040 0020 0020 0040 0040 0040 0020 0020 0040 0020 0020 0020 0020 0020 0020 0cc6
Play E	0000 0073 0000 0009 0020 0020 0040 0040 0040 0020 0020 0040 0040 0040 0020 0020 0040 0040 0040 0040 0020 0ca5
Play O	0000 0073 0000 000a 0020 0020 0020 0020 0020 0020 0040 0020 0020 0040 0040 0040 0020 0020 0040 0040 0040 0040 0020 0ca5
Stop E	0000 0073 0000 0009 0020 0020 0040 0040 0040 0020 0020 0040 0040 0040 0020 0020 0040 0040 0020 0020 0040 0cc6
Stop O	0000 0073 0000 000a 0020 0020 0020 0020 0020 0020 0040 0020 0020 0040 0040 0040 0020 0020 0040 0040 0020 0020 0040 0cc6
Rec Mute Even	0000 0073 0000 0008 0020 0020 0040 0040 0040 0020 0020 0040 0040 0040 0040 0040 0040 0040 0040 0cc6
Rec Mute Odd	0000 0073 0000 0009 0020 0020 0020 0020 0020 0020 0040 0020 0020 0040 0040 0040 0040 0040 0040 0040 0040 0cc6
Rec Even	0000 0073 0000 000a 0020 0020 0040 0040 0040 0020 0020 0040 0040 0040 0020 0020 0040 0040 0020 0020 0020 0020 0020 0ca5
Rec Odd	0000 0073 0000 000b 0020 0020 0020 0020 0020 0020 0040 0020 0020 0040 0040 0040 0020 0020 0040 0040 0020 0020 0020 0020 0020 0ca5
