Power Off	0000 0048 0000 0018 0000 00C1 0000 0095 0000 0095 0000 0036 0000 0095 0000 0095 0000 0036 0000 0037 0000 0096 0000 0096 0000 0095 0000 0037 0000 0037 0000 0037 0000 0096 0000 0037 0000 0038 0000 0097 0000 0097 0000 0038 0000 0038 0000 0038 0000 009C 0000 099F
1	0000 0048 0000 0018 0000 00C1 0000 0095 0000 0095 0000 0036 0000 0095 0000 0095 0000 0036 0000 0036 0000 0036 0000 0037 0000 0095 0000 0037 0000 0037 0000 0037 0000 0096 0000 0037 0000 0038 0000 0097 0000 0097 0000 0097 0000 0097 0000 0038 0000 009C 0000 099F
2	0000 0048 0000 0018 0000 00C1 0000 0095 0000 0095 0000 0036 0000 0095 0000 0096 0000 0095 0000 0036 0000 0036 0000 0037 0000 0095 0000 0037 0000 0037 0000 0037 0000 0096 0000 0037 0000 0038 0000 0038 0000 0097 0000 0097 0000 0097 0000 0038 0000 009C 0000 099F
3	0000 0048 0000 0018 0000 00C1 0000 0095 0000 0095 0000 0036 0000 0095 0000 0095 0000 0037 0000 0095 0000 0036 0000 0037 0000 0095 0000 0037 0000 0037 0000 0037 0000 0096 0000 0037 0000 0038 0000 0096 0000 0038 0000 0097 0000 0097 0000 0038 0000 009C 0000 099F
4	0000 0048 0000 0018 0000 00C1 0000 0095 0000 0095 0000 0036 0000 0095 0000 0096 0000 0096 0000 0095 0000 0036 0000 0037 0000 0095 0000 0037 0000 0037 0000 0037 0000 0096 0000 0037 0000 0038 0000 0038 0000 0038 0000 0097 0000 0096 0000 0038 0000 009C 0000 099F
5	0000 0048 0000 0018 0000 00C1 0000 0095 0000 0095 0000 0036 0000 0095 0000 0095 0000 0036 0000 0037 0000 0095 0000 0037 0000 0095 0000 0037 0000 0037 0000 0037 0000 0096 0000 0037 0000 0038 0000 0097 0000 0096 0000 0038 0000 0097 0000 0038 0000 009C 0000 099F
6	0000 0048 0000 0018 0000 00C1 0000 0095 0000 0095 0000 0036 0000 0095 0000 0096 0000 0095 0000 0037 0000 0095 0000 0037 0000 0095 0000 0037 0000 0037 0000 0037 0000 0096 0000 0037 0000 0038 0000 0038 0000 0097 0000 0038 0000 0097 0000 0038 0000 009C 0000 099F
7	0000 0048 0000 0018 0000 00C1 0000 0095 0000 0095 0000 0036 0000 0095 0000 0095 0000 0037 0000 0096 0000 0095 0000 0037 0000 0095 0000 0037 0000 0037 0000 0037 0000 0096 0000 0037 0000 0038 0000 0096 0000 0038 0000 0038 0000 0096 0000 0038 0000 009C 0000 099F
8	0000 0048 0000 0018 0000 00C1 0000 0095 0000 0095 0000 0036 0000 0095 0000 0096 0000 0096 0000 0096 0000 0095 0000 0037 0000 0095 0000 0037 0000 0037 0000 0037 0000 0096 0000 0037 0000 0038 0000 0038 0000 0038 0000 0038 0000 0096 0000 0038 0000 009C 0000 099F
9	0000 0048 0000 0018 0000 00C1 0000 0095 0000 0095 0000 0036 0000 0095 0000 0095 0000 0036 0000 0036 0000 0037 0000 0096 0000 0095 0000 0037 0000 0037 0000 0037 0000 0096 0000 0037 0000 0038 0000 0097 0000 0097 0000 0096 0000 0038 0000 0038 0000 009C 0000 099F
0	0000 0048 0000 0018 0000 00C1 0000 0095 0000 0095 0000 0036 0000 0095 0000 0096 0000 0095 0000 0036 0000 0037 0000 0096 0000 0095 0000 0037 0000 0037 0000 0037 0000 0096 0000 0037 0000 0038 0000 0038 0000 0097 0000 0097 0000 0038 0000 0038 0000 009C 0000 099F
Ch+	0000 0048 0000 0018 0000 00C1 0000 0095 0000 0095 0000 0036 0000 0095 0000 0096 0000 0095 0000 0037 0000 0096 0000 0096 0000 0095 0000 0037 0000 0037 0000 0037 0000 0096 0000 0037 0000 0038 0000 0038 0000 0097 0000 0038 0000 0038 0000 0038 0000 009C 0000 08D0
Ch-	0000 0048 0000 0018 0000 00C1 0000 0095 0000 0095 0000 0036 0000 0095 0000 0095 0000 0037 0000 0096 0000 0096 0000 0096 0000 0095 0000 0037 0000 0037 0000 0037 0000 0096 0000 0037 0000 0038 0000 0096 0000 0038 0000 0038 0000 0038 0000 0038 0000 009C 0000 08D0
Vol+	0000 0048 0000 0018 0000 00C1 0000 0095 0000 0095 0000 0036 0000 0095 0000 0095 0000 0036 0000 0036 0000 0036 0000 0036 0000 0037 0000 0096 0000 0037 0000 0037 0000 0096 0000 0037 0000 0038 0000 0097 0000 0097 0000 0097 0000 0097 0000 0097 0000 003D 0000 08D1
Vol-	0000 0048 0000 0018 0000 00C1 0000 0095 0000 0095 0000 0036 0000 0095 0000 0096 0000 0095 0000 0036 0000 0036 0000 0036 0000 0037 0000 0096 0000 0037 0000 0037 0000 0096 0000 0037 0000 0038 0000 0038 0000 0097 0000 0097 0000 0097 0000 0096 0000 003D 0000 08D1
Mute	0000 0048 0000 0018 0000 00C1 0000 0095 0000 0095 0000 0036 0000 0095 0000 0095 0000 0037 0000 0095 0000 0036 0000 0036 0000 0037 0000 0096 0000 0037 0000 0037 0000 0096 0000 0037 0000 0038 0000 0097 0000 0038 0000 0097 0000 0097 0000 0096 0000 003D 0000 099F
Non Std Names	0000 0048 0000 0018 0000 00C1 0000 0095 0000 0095 0000 0036 0000 0095 0000 0095 0000 0036 0000 0037 0000 0096 0000 0096 0000 0095 0000 0037 0000 0037 0000 0037 0000 0096 0000 0037 0000 0038 0000 0097 0000 0097 0000 0038 0000 0038 0000 0038 0000 009C 0000 099F
AU	0000 0048 0000 0018 0000 00C1 0000 0095 0000 0095 0000 0036 0000 0095 0000 0096 0000 0096 0000 0095 0000 0037 0000 0096 0000 0095 0000 0037 0000 0037 0000 0037 0000 0096 0000 0037 0000 0038 0000 0038 0000 0038 0000 0097 0000 0038 0000 0038 0000 009C 0000 099F
Prg	0000 0048 0000 0018 0000 00C1 0000 0095 0000 0095 0000 0036 0000 0095 0000 0095 0000 0037 0000 0095 0000 0037 0000 0096 0000 0095 0000 0037 0000 0037 0000 0037 0000 0096 0000 0037 0000 0038 0000 0097 0000 0038 0000 0097 0000 0038 0000 0038 0000 009C 0000 099F
Rcl	0000 0048 0000 0018 0000 00C1 0000 0095 0000 0095 0000 0036 0000 0095 0000 0096 0000 0096 0000 0096 0000 0096 0000 0096 0000 0095 0000 0037 0000 0037 0000 0037 0000 0096 0000 0037 0000 0038 0000 0038 0000 0038 0000 0038 0000 0038 0000 0038 0000 009C 0000 099F
Sel	0000 0048 0000 0018 0000 00C1 0000 0095 0000 0095 0000 0036 0000 0095 0000 0096 0000 0096 0000 0095 0000 0036 0000 0036 0000 0037 0000 0096 0000 0037 0000 0037 0000 0096 0000 0037 0000 0038 0000 0038 0000 0038 0000 0097 0000 0097 0000 0097 0000 003D 0000 099F
Buy	0000 0048 0000 0018 0000 00C1 0000 0095 0000 0095 0000 0036 0000 0095 0000 0096 0000 0096 0000 0096 0000 0096 0000 0095 0000 0036 0000 0037 0000 0037 0000 0037 0000 0096 0000 0037 0000 0038 0000 0038 0000 0038 0000 0038 0000 0038 0000 0097 0000 009C 0000 099F
Last	0000 0048 0000 0018 0000 00C1 0000 0095 0000 0095 0000 0036 0000 0095 0000 0095 0000 0037 0000 0096 0000 0096 0000 0095 0000 0036 0000 0037 0000 0037 0000 0037 0000 0096 0000 0037 0000 0038 0000 0097 0000 0038 0000 0038 0000 0038 0000 0097 0000 009C 0000 099F
