Power	0000 0048 0000 0018 00c0 00c0 0030 0091 0030 0091 0030 0030 0030 0091 0030 0091 0030 0091 0030 0091 0030 0091 0030 0030 0030 0030 0030 0030 0030 0030 0030 0030 0030 0091 0030 0030 0030 0030 0030 0030 0030 0030 0030 0030 0030 0091 0030 0091 0030 0091 0030 0862
Guide	0000 0048 0000 0018 00c0 00c0 0030 0091 0030 0091 0030 0030 0030 0091 0030 0091 0030 0030 0030 0091 0030 0091 0030 0030 0030 0030 0030 0030 0030 0030 0030 0030 0030 0091 0030 0030 0030 0030 0030 0091 0030 0030 0030 0030 0030 0091 0030 0091 0030 0091 0030 0862
Info	0000 0048 0000 0018 00c0 00c0 0030 0091 0030 0091 0030 0030 0030 0091 0030 0091 0030 0030 0030 0030 0030 0030 0030 0091 0030 0030 0030 0030 0030 0030 0030 0030 0030 0091 0030 0030 0030 0030 0030 0091 0030 0091 0030 0091 0030 0030 0030 0091 0030 0091 0030 0862
Up	0000 0048 0000 0018 00c0 00c0 0030 0091 0030 0091 0030 0030 0030 0091 0030 0091 0030 0030 0030 0091 0030 0030 0030 0030 0030 0030 0030 0030 0030 0030 0030 0030 0030 0091 0030 0030 0030 0030 0030 0091 0030 0030 0030 0091 0030 0091 0030 0091 0030 0091 0030 0864
Down	0000 0048 0000 0018 00c0 00c0 0030 0091 0030 0091 0030 0030 0030 0091 0030 0091 0030 0091 0030 0091 0030 0030 0030 0091 0030 0030 0030 0030 0030 0030 0030 0030 0030 0091 0030 0030 0030 0030 0030 0030 0030 0030 0030 0091 0030 0030 0030 0091 0030 0091 0030 0862
Left	0000 0048 0000 0018 00c0 00c0 0030 0091 0030 0091 0030 0030 0030 0091 0030 0091 0030 0091 0030 0091 0030 0030 0030 0030 0030 0030 0030 0030 0030 0030 0030 0030 0030 0091 0030 0030 0030 0030 0030 0030 0030 0030 0030 0091 0030 0091 0030 0091 0030 0091 0030 0864
Right	0000 0048 0000 0018 00c0 00c0 0030 0091 0030 0091 0030 0030 0030 0091 0030 0091 0030 0030 0030 0030 0030 0091 0030 0030 0030 0030 0030 0030 0030 0030 0030 0030 0030 0091 0030 0030 0030 0030 0030 0091 0030 0091 0030 0030 0030 0091 0030 0091 0030 0091 0030 0864
Select	0000 0048 0000 0018 00c0 00c0 0030 0091 0030 0091 0030 0030 0030 0091 0030 0091 0030 0030 0030 0030 0030 0091 0030 0091 0030 0030 0030 0030 0030 0030 0030 0030 0030 0091 0030 0030 0030 0030 0030 0091 0030 0091 0030 0030 0030 0030 0030 0091 0030 0091 0030 0862
Page+	0000 0048 0000 0018 00c0 00c0 0030 0091 0030 0091 0030 0030 0030 0091 0030 0091 0030 0030 0030 0091 0030 0091 0030 0030 0030 0091 0030 0091 0030 0030 0030 0030 0030 0091 0030 0030 0030 0030 0030 0091 0030 0030 0030 0030 0030 0091 0030 0030 0030 0030 0030 0862
Page-	0000 0048 0000 0018 00c0 00c0 0030 0091 0030 0091 0030 0030 0030 0091 0030 0091 0030 0091 0030 0091 0030 0091 0030 0030 0030 0091 0030 0091 0030 0030 0030 0030 0030 0091 0030 0030 0030 0030 0030 0030 0030 0030 0030 0030 0030 0091 0030 0030 0030 0030 0030 0862
Settings	0000 0048 0000 0018 00c0 00c0 0030 0091 0030 0091 0030 0030 0030 0091 0030 0091 0030 0091 0030 0030 0030 0030 0030 0091 0030 0091 0030 0091 0030 0030 0030 0030 0030 0091 0030 0030 0030 0030 0030 0030 0030 0091 0030 0091 0030 0030 0030 0030 0030 0030 0030 0862
Exit	0000 0048 0000 0018 00c0 00c0 0030 0091 0030 0091 0030 0030 0030 0091 0030 0091 0030 0030 0030 0030 0030 0091 0030 0091 0030 0030 0030 0091 0030 0030 0030 0030 0030 0091 0030 0030 0030 0030 0030 0091 0030 0091 0030 0030 0030 0030 0030 0091 0030 0030 0030 0862
Ch+	0000 0048 0000 0018 00c0 00c0 0030 0091 0030 0091 0030 0030 0030 0091 0030 0091 0030 0091 0030 0030 0030 0091 0030 0091 0030 0091 0030 0030 0030 0030 0030 0030 0030 0091 0030 0030 0030 0030 0030 0030 0030 0091 0030 0030 0030 0030 0030 0030 0030 0091 0030 0862
Ch-	0000 0048 0000 0018 00c0 00c0 0030 0091 0030 0091 0030 0030 0030 0091 0030 0091 0030 0030 0030 0091 0030 0091 0030 0091 0030 0091 0030 0030 0030 0030 0030 0030 0030 0091 0030 0030 0030 0030 0030 0091 0030 0030 0030 0030 0030 0030 0030 0030 0030 0091 0030 0862
A	0000 0048 0000 0018 00c0 00c0 0030 0091 0030 0091 0030 0030 0030 0091 0030 0091 0030 0091 0030 0091 0030 0091 0030 0091 0030 0030 0030 0091 0030 0030 0030 0030 0030 0091 0030 0030 0030 0030 0030 0030 0030 0030 0030 0030 0030 0030 0030 0091 0030 0030 0030 0862
B	0000 0048 0000 0018 00c0 00c0 0030 0091 0030 0091 0030 0030 0030 0091 0030 0091 0030 0030 0030 0030 0030 0030 0030 0030 0030 0091 0030 0091 0030 0030 0030 0030 0030 0091 0030 0030 0030 0030 0030 0091 0030 0091 0030 0091 0030 0091 0030 0030 0030 0030 0030 0862
C	0000 0048 0000 0018 00c0 00c0 0030 0091 0030 0091 0030 0030 0030 0091 0030 0091 0030 0091 0030 0030 0030 0030 0030 0030 0030 0091 0030 0091 0030 0030 0030 0030 0030 0091 0030 0030 0030 0030 0030 0030 0030 0091 0030 0091 0030 0091 0030 0030 0030 0030 0030 0862
1	0000 0048 0000 0018 00c0 00c0 0030 0091 0030 0091 0030 0030 0030 0091 0030 0091 0030 0030 0030 0030 0030 0030 0030 0030 0030 0091 0030 0030 0030 0030 0030 0030 0030 0091 0030 0030 0030 0030 0030 0091 0030 0091 0030 0091 0030 0091 0030 0030 0030 0091 0030 0862
2	0000 0048 0000 0018 00c0 00c0 0030 0091 0030 0091 0030 0030 0030 0091 0030 0091 0030 0091 0030 0030 0030 0030 0030 0030 0030 0091 0030 0030 0030 0030 0030 0030 0030 0091 0030 0030 0030 0030 0030 0030 0030 0091 0030 0091 0030 0091 0030 0030 0030 0091 0030 0863
3	0000 0048 0000 0018 00c0 00c0 0030 0091 0030 0091 0030 0030 0030 0091 0030 0091 0030 0030 0030 0091 0030 0030 0030 0030 0030 0091 0030 0030 0030 0030 0030 0030 0030 0091 0030 0030 0030 0030 0030 0091 0030 0030 0030 0091 0030 0091 0030 0030 0030 0091 0030 0862
4	0000 0048 0000 0018 00c0 00c0 0030 0091 0030 0091 0030 0030 0030 0091 0030 0091 0030 0091 0030 0091 0030 0030 0030 0030 0030 0091 0030 0030 0030 0030 0030 0030 0030 0091 0030 0030 0030 0030 0030 0030 0030 0030 0030 0091 0030 0091 0030 0030 0030 0091 0030 0862
5	0000 0048 0000 0018 00c0 00c0 0030 0091 0030 0091 0030 0030 0030 0091 0030 0091 0030 0030 0030 0030 0030 0091 0030 0030 0030 0091 0030 0030 0030 0030 0030 0030 0030 0091 0030 0030 0030 0030 0030 0091 0030 0091 0030 0030 0030 0091 0030 0030 0030 0091 0030 0862
6	0000 0048 0000 0018 00c0 00c0 0030 0091 0030 0091 0030 0030 0030 0091 0030 0091 0030 0091 0030 0030 0030 0091 0030 0030 0030 0091 0030 0030 0030 0030 0030 0030 0030 0091 0030 0030 0030 0030 0030 0030 0030 0091 0030 0030 0030 0091 0030 0030 0030 0091 0030 0862
7	0000 0048 0000 0018 00c0 00c0 0030 0091 0030 0091 0030 0030 0030 0091 0030 0091 0030 0030 0030 0091 0030 0091 0030 0030 0030 0091 0030 0030 0030 0030 0030 0030 0030 0091 0030 0030 0030 0030 0030 0091 0030 0030 0030 0030 0030 0091 0030 0030 0030 0091 0030 0862
8	0000 0048 0000 0018 00c0 00c0 0030 0091 0030 0091 0030 0030 0030 0091 0030 0091 0030 0091 0030 0091 0030 0091 0030 0030 0030 0091 0030 0030 0030 0030 0030 0030 0030 0091 0030 0030 0030 0030 0030 0030 0030 0030 0030 0030 0030 0091 0030 0030 0030 0091 0030 0862
9	0000 0048 0000 0018 00c0 00c0 0030 0091 0030 0091 0030 0030 0030 0091 0030 0091 0030 0030 0030 0030 0030 0030 0030 0091 0030 0091 0030 0030 0030 0030 0030 0030 0030 0091 0030 0030 0030 0030 0030 0091 0030 0091 0030 0091 0030 0030 0030 0030 0030 0091 0030 0862
0	0000 0048 0000 0018 00c0 00c0 0030 0091 0030 0091 0030 0030 0030 0091 0030 0091 0030 0091 0030 0030 0030 0030 0030 0091 0030 0091 0030 0030 0030 0030 0030 0030 0030 0091 0030 0030 0030 0030 0030 0030 0030 0091 0030 0091 0030 0030 0030 0030 0030 0091 0030 0862
Last	0000 0048 0000 0018 00c0 00c0 0030 0091 0030 0091 0030 0030 0030 0091 0030 0091 0030 0030 0030 0091 0030 0091 0030 0091 0030 0030 0030 0030 0030 0030 0030 0030 0030 0091 0030 0030 0030 0030 0030 0091 0030 0030 0030 0030 0030 0030 0030 0091 0030 0091 0030 0862
Fav	0000 0048 0000 0018 00c0 00c0 0030 0091 0030 0091 0030 0030 0030 0091 0030 0091 0030 0091 0030 0091 0030 0091 0030 0091 0030 0091 0030 0030 0030 0030 0030 0030 0030 0091 0030 0030 0030 0030 0030 0030 0030 0030 0030 0030 0030 0030 0030 0030 0030 0091 0030 0862
Bypass	0000 0048 0000 0018 00c0 00c0 0030 0091 0030 0091 0030 0030 0030 0091 0030 0091 0030 0091 0030 0030 0030 0091 0030 0091 0030 0030 0030 0030 0030 0030 0030 0030 0030 0091 0030 0030 0030 0030 0030 0030 0030 0091 0030 0030 0030 0030 0030 0091 0030 0091 0030 0862
