Power	0000 0048 0000 0018 00c0 00c0 0030 0091 0030 0091 0030 0030 0030 0091 0030 0091 0030 0091 0030 0091 0030 0091 0030 0030 0030 0030 0030 0030 0030 0030 0030 0030 0030 0091 0030 0030 0030 0030 0030 0030 0030 0030 0030 0030 0030 0091 0030 0091 0030 0091 0030 0877
Guide	0000 0048 0000 0018 00c0 00c0 0030 0091 0030 0091 0030 0030 0030 0091 0030 0091 0030 0030 0030 0091 0030 0091 0030 0030 0030 0030 0030 0030 0030 0030 0030 0030 0030 0091 0030 0030 0030 0030 0030 0091 0030 0030 0030 0030 0030 0091 0030 0091 0030 0091 0030 0877
Info	0000 0048 0000 0018 00c0 00c0 0030 0091 0030 0091 0030 0030 0030 0091 0030 0091 0030 0030 0030 0030 0030 0030 0030 0091 0030 0030 0030 0030 0030 0030 0030 0030 0030 0091 0030 0030 0030 0030 0030 0091 0030 0091 0030 0091 0030 0030 0030 0091 0030 0091 0030 0877
Up	0000 0048 0000 0018 00c0 00c0 0030 0091 0030 0091 0030 0030 0030 0091 0030 0091 0030 0030 0030 0091 0030 0030 0030 0030 0030 0030 0030 0030 0030 0030 0030 0030 0030 0091 0030 0030 0030 0030 0030 0091 0030 0030 0030 0091 0030 0091 0030 0091 0030 0091 0030 0877
Left	0000 0048 0000 0018 00c0 00c0 0030 0091 0030 0091 0030 0030 0030 0091 0030 0091 0030 0091 0030 0091 0030 0030 0030 0030 0030 0030 0030 0030 0030 0030 0030 0030 0030 0091 0030 0030 0030 0030 0030 0030 0030 0030 0030 0091 0030 0091 0030 0091 0030 0091 0030 0877
Enter	0000 0048 0000 0018 00c0 00c0 0030 0091 0030 0091 0030 0030 0030 0091 0030 0091 0030 0030 0030 0030 0030 0091 0030 0091 0030 0030 0030 0030 0030 0030 0030 0030 0030 0091 0030 0030 0030 0030 0030 0091 0030 0091 0030 0030 0030 0030 0030 0091 0030 0091 0030 0877
Right	0000 0048 0000 0018 00c0 00c0 0030 0091 0030 0091 0030 0030 0030 0091 0030 0091 0030 0030 0030 0030 0030 0091 0030 0030 0030 0030 0030 0030 0030 0030 0030 0030 0030 0091 0030 0030 0030 0030 0030 0091 0030 0091 0030 0030 0030 0091 0030 0091 0030 0091 0030 0877
Down	0000 0048 0000 0018 00c0 00c0 0030 0091 0030 0091 0030 0030 0030 0091 0030 0091 0030 0091 0030 0091 0030 0030 0030 0091 0030 0030 0030 0030 0030 0030 0030 0030 0030 0091 0030 0030 0030 0030 0030 0030 0030 0030 0030 0091 0030 0030 0030 0091 0030 0091 0030 0877
Settings	0000 0048 0000 0018 00c0 00c0 0030 0091 0030 0091 0030 0030 0030 0091 0030 0091 0030 0091 0030 0030 0030 0030 0030 0091 0030 0091 0030 0091 0030 0030 0030 0030 0030 0091 0030 0030 0030 0030 0030 0030 0030 0091 0030 0091 0030 0030 0030 0030 0030 0030 0030 09ce
Page+	0000 0048 002a 0001 00c0 00c0 0030 0091 0030 0091 0030 0030 0030 0091 0030 0091 0030 0030 0030 0091 0030 0091 0030 0030 0030 0091 0030 0091 0030 0030 0030 0030 0030 0091 0030 0030 0030 0030 0030 0091 0030 0030 0030 0030 0030 0091 0030 0030 0030 0030 0030 09ce 00c0 00c0 0030 0091 0030 0091 0030 0030 0030 0091 0030 0091 0030 0091 0030 0030 0030 0030 0030 0030 0030 0030 0030 0030 0030 0030 0030 0030 0030 0091 0030 0030 0030 0030 0030 0030 0030 0091
Page-	0000 0048 0029 0001 00bf 00bf 0030 0091 0030 0091 0030 0030 0030 0091 0030 0091 0030 0091 0030 0091 0030 0091 0030 0030 0030 0091 0030 0091 0030 0030 0030 0030 0030 0091 0030 0030 0030 0030 0030 0030 0030 0030 0030 0030 0030 0091 0030 0030 0030 0030 0030 09ce 00bf 00bf 0030 0091 0030 0091 0030 0030 0030 0091 0030 0091 0030 0030 0030 0030 0030 0030 0030 0030 0030 0030 0030 0030 0030 0030 0030 0030 0030 0091 0030 0030 0030 0030 0030 0091
Exit	0000 0048 0000 0018 00c0 00c0 0030 0091 0030 0091 0030 0030 0030 0091 0030 0091 0030 0030 0030 0030 0030 0091 0030 0091 0030 0030 0030 0091 0030 0030 0030 0030 0030 0091 0030 0030 0030 0030 0030 0091 0030 0091 0030 0030 0030 0030 0030 0091 0030 0030 0030 09ce
Ch+	0000 0048 0000 0018 00c0 00c0 0030 0091 0030 0091 0030 0030 0030 0091 0030 0091 0030 0091 0030 0030 0030 0091 0030 0091 0030 0091 0030 0030 0030 0030 0030 0030 0030 0091 0030 0030 0030 0030 0030 0030 0030 0091 0030 0030 0030 0030 0030 0030 0030 0091 0030 0877
Ch-	0000 0048 0000 0018 00c0 00c0 0030 0091 0030 0091 0030 0030 0030 0091 0030 0091 0030 0030 0030 0091 0030 0091 0030 0091 0030 0091 0030 0030 0030 0030 0030 0030 0030 0091 0030 0030 0030 0030 0030 0091 0030 0030 0030 0030 0030 0030 0030 0030 0030 0091 0030 0877
A	0000 0048 0000 0018 00c0 00c0 0030 0091 0030 0091 0030 0030 0030 0091 0030 0091 0030 0091 0030 0091 0030 0091 0030 0091 0030 0030 0030 0091 0030 0030 0030 0030 0030 0091 0030 0030 0030 0030 0030 0030 0030 0030 0030 0030 0030 0030 0030 0091 0030 0030 0030 0877
B	0000 0048 0000 0018 00c0 00c0 0030 0091 0030 0091 0030 0030 0030 0091 0030 0091 0030 0030 0030 0030 0030 0030 0030 0030 0030 0091 0030 0091 0030 0030 0030 0030 0030 0091 0030 0030 0030 0030 0030 0091 0030 0091 0030 0091 0030 0091 0030 0030 0030 0030 0030 09ce
C	0000 0048 0000 0018 00c0 00c0 0030 0091 0030 0091 0030 0030 0030 0091 0030 0091 0030 0091 0030 0030 0030 0030 0030 0030 0030 0091 0030 0091 0030 0030 0030 0030 0030 0091 0030 0030 0030 0030 0030 0030 0030 0091 0030 0091 0030 0091 0030 0030 0030 0030 0030 0030
1	0000 0048 0000 0018 00c0 00c0 0030 0091 0030 0091 0030 0030 0030 0091 0030 0091 0030 0030 0030 0030 0030 0030 0030 0030 0030 0091 0030 0030 0030 0030 0030 0030 0030 0091 0030 0030 0030 0030 0030 0091 0030 0091 0030 0091 0030 0091 0030 0030 0030 0091 0030 0877
2	0000 0048 0000 0018 00c0 00c0 0030 0091 0030 0091 0030 0030 0030 0091 0030 0091 0030 0091 0030 0030 0030 0030 0030 0030 0030 0091 0030 0030 0030 0030 0030 0030 0030 0091 0030 0030 0030 0030 0030 0030 0030 0091 0030 0091 0030 0091 0030 0030 0030 0091 0030 0877
3	0000 0048 0000 0018 00c0 00c0 0030 0091 0030 0091 0030 0030 0030 0091 0030 0091 0030 0030 0030 0091 0030 0030 0030 0030 0030 0091 0030 0030 0030 0030 0030 0030 0030 0091 0030 0030 0030 0030 0030 0091 0030 0030 0030 0091 0030 0091 0030 0030 0030 0091 0030 0030
4	0000 0048 0000 0018 00c0 00c0 0030 0091 0030 0091 0030 0030 0030 0091 0030 0091 0030 0091 0030 0091 0030 0030 0030 0030 0030 0091 0030 0030 0030 0030 0030 0030 0030 0091 0030 0030 0030 0030 0030 0030 0030 0030 0030 0091 0030 0091 0030 0030 0030 0091 0030 0030
5	0000 0048 0000 0018 00c0 00c0 0030 0091 0030 0091 0030 0030 0030 0091 0030 0091 0030 0030 0030 0030 0030 0091 0030 0030 0030 0091 0030 0030 0030 0030 0030 0030 0030 0091 0030 0030 0030 0030 0030 0091 0030 0091 0030 0030 0030 0091 0030 0030 0030 0091 0030 0030
6	0000 0048 0000 0018 00c0 00c0 0030 0091 0030 0091 0030 0030 0030 0091 0030 0091 0030 0091 0030 0030 0030 0091 0030 0030 0030 0091 0030 0030 0030 0030 0030 0030 0030 0091 0030 0030 0030 0030 0030 0030 0030 0091 0030 0030 0030 0091 0030 0030 0030 0091 0030 0030
7	0000 0048 0000 0018 00c0 00c0 0030 0091 0030 0091 0030 0030 0030 0091 0030 0091 0030 0030 0030 0091 0030 0091 0030 0030 0030 0091 0030 0030 0030 0030 0030 0030 0030 0091 0030 0030 0030 0030 0030 0091 0030 0030 0030 0030 0030 0091 0030 0030 0030 0091 0030 0030
8	0000 0048 0000 0018 00c0 00c0 0030 0091 0030 0091 0030 0030 0030 0091 0030 0091 0030 0091 0030 0091 0030 0091 0030 0030 0030 0091 0030 0030 0030 0030 0030 0030 0030 0091 0030 0030 0030 0030 0030 0030 0030 0030 0030 0030 0030 0091 0030 0030 0030 0091 0030 0030
9	0000 0048 0000 0018 00c0 00c0 0030 0091 0030 0091 0030 0030 0030 0091 0030 0091 0030 0030 0030 0030 0030 0030 0030 0091 0030 0091 0030 0030 0030 0030 0030 0030 0030 0091 0030 0030 0030 0030 0030 0091 0030 0091 0030 0091 0030 0030 0030 0030 0030 0091 0030 0030
0	0000 0048 0000 0018 00c0 00c0 0030 0091 0030 0091 0030 0030 0030 0091 0030 0091 0030 0091 0030 0030 0030 0030 0030 0091 0030 0091 0030 0030 0030 0030 0030 0030 0030 0091 0030 0030 0030 0030 0030 0030 0030 0091 0030 0091 0030 0030 0030 0030 0030 0091 0030 0030
Last	0000 0048 0000 0018 00c0 00c0 0030 0091 0030 0091 0030 0030 0030 0091 0030 0091 0030 0030 0030 0091 0030 0091 0030 0091 0030 0030 0030 0030 0030 0030 0030 0030 0030 0091 0030 0030 0030 0030 0030 0091 0030 0030 0030 0030 0030 0030 0030 0091 0030 0091 0030 0030
Favorite	0000 0048 0000 0018 00c0 00c0 0030 0091 0030 0091 0030 0030 0030 0091 0030 0091 0030 0091 0030 0091 0030 0091 0030 0091 0030 0091 0030 0030 0030 0030 0030 0030 0030 0091 0030 0030 0030 0030 0030 0030 0030 0030 0030 0030 0030 0030 0030 0030 0030 0091 0030 0030
Rew	0000 0048 0000 0018 00c0 00c0 0030 0091 0030 0091 0030 0030 0030 0091 0030 0091 0030 0091 0030 0030 0030 0030 0030 0091 0030 0030 0030 0091 0030 0030 0030 0030 0030 0091 0030 0030 0030 0030 0030 0030 0030 0091 0030 0091 0030 0030 0030 0091 0030 0030 0030 0030
Play	0000 0048 0000 0018 00c0 00c0 0030 0091 0030 0091 0030 0030 0030 0091 0030 0091 0030 0091 0030 0091 0030 0030 0030 0030 0030 0091 0030 0091 0030 0030 0030 0030 0030 0091 0030 0030 0030 0030 0030 0030 0030 0030 0030 0091 0030 0091 0030 0030 0030 0030 0030 0030
Ffwd	0000 0048 0000 0018 00c0 00c0 0030 0091 0030 0091 0030 0030 0030 0091 0030 0091 0030 0030 0030 0030 0030 0030 0030 0091 0030 0030 0030 0091 0030 0030 0030 0030 0030 0091 0030 0030 0030 0030 0030 0091 0030 0091 0030 0091 0030 0030 0030 0091 0030 0030 0030 0030
Pause	0000 0048 0000 0018 00c0 00c0 0030 0091 0030 0091 0030 0030 0030 0091 0030 0091 0030 0091 0030 0030 0030 0091 0030 0030 0030 0030 0030 0030 0030 0030 0030 0030 0030 0091 0030 0030 0030 0030 0030 0030 0030 0091 0030 0030 0030 0091 0030 0091 0030 0091 0030 0030
Stop	0000 0048 0000 0018 00c0 00c0 0030 0091 0030 0091 0030 0030 0030 0091 0030 0091 0030 0030 0030 0030 0030 0091 0030 0030 0030 0091 0030 0091 0030 0030 0030 0030 0030 0091 0030 0030 0030 0030 0030 0091 0030 0091 0030 0030 0030 0091 0030 0030 0030 0030 0030 0030
Record	0000 0048 0000 0018 00c0 00c0 0030 0091 0030 0091 0030 0030 0030 0091 0030 0091 0030 0091 0030 0030 0030 0091 0030 0030 0030 0091 0030 0091 0030 0030 0030 0030 0030 0091 0030 0030 0030 0030 0030 0030 0030 0091 0030 0030 0030 0091 0030 0030 0030 0030 0030 0877
Bypass	0000 0048 0000 0018 00c0 00c0 0030 0091 0030 0091 0030 0030 0030 0091 0030 0091 0030 0091 0030 0030 0030 0091 0030 0091 0030 0030 0030 0030 0030 0030 0030 0030 0030 0091 0030 0030 0030 0030 0030 0030 0030 0091 0030 0030 0030 0030 0030 0091 0030 0091 0030 0877
TV/VCR	0000 0073 0000 0016 0020 0020 0041 0020 0020 0020 0020 0041 0041 0041 0020 0020 0020 0020 0020 0020 0020 0020 0020 0020 0041 0cd2 0020 0020 0041 0020 0020 0020 0020 0041 0041 0041 0020 0020 0020 0020 0020 0020 0020 0020 0020 0020 0041 0041
