Menu	0000 006D 0000 000E 0000 0017 0000 0005 0000 0005 0000 0005 0000 0005 0000 0005 0000 000D 0000 0005 0000 0005 0000 000D 0000 0005 0000 0005 0000 0017 0000 12C2
Up	0000 006D 0000 000E 0000 0017 0000 0005 0000 0005 0000 0005 0000 0005 0000 0005 0000 0005 0000 0005 0000 000D 0000 0005 0000 0005 0000 0005 0000 0017 0000 12AD
Down	0000 006D 0000 000E 0000 0017 0000 0005 0000 0005 0000 0005 0000 0005 0000 0005 0000 000D 0000 0005 0000 000D 0000 0005 0000 0005 0000 0005 0000 0017 0000 12C4
Left	0000 006D 0000 000E 0000 0017 0000 0005 0000 0005 0000 0005 0000 0005 0000 0005 0000 000D 0000 000D 0000 000D 0000 0005 0000 0005 0000 0005 0000 0017 0000 12BB
Right	0000 006D 0000 000E 0000 0017 0000 0005 0000 0005 0000 0005 0000 0005 0000 0005 0000 0005 0000 000D 0000 000D 0000 0005 0000 0005 0000 0005 0000 0017 0000 12A5
Exit	0000 006D 0000 000E 0000 0017 0000 0005 0000 0005 0000 0005 0000 0005 0000 0005 0000 0005 0000 0005 0000 0005 0000 000D 0000 0005 0000 0005 0000 0017 0000 12AF
Enter	0000 006D 0000 000E 0000 0017 0000 0005 0000 0005 0000 0005 0000 0005 0000 0005 0000 0005 0000 000D 0000 0005 0000 000D 0000 0005 0000 0005 0000 0017 0000 12A6
Power	0000 006D 0000 000E 0000 0017 0000 0005 0000 0005 0000 0005 0000 0005 0000 0005 0000 0005 0000 000D 0000 000D 0000 000D 0000 0005 0000 0005 0000 0017 0000 129D
Pause	0000 006D 0000 000E 0000 0017 0000 0005 0000 0005 0000 0005 0000 0005 0000 0005 0000 000D 0000 000D 0000 000D 0000 000D 0000 0005 0000 0005 0000 0017 0000 12B1
Text	0000 006D 0000 000E 0000 0017 0000 0005 0000 0005 0000 0005 0000 0005 0000 0005 0000 000D 0000 0005 0000 000D 0000 000D 0000 0005 0000 0005 0000 0017 0000 12BB
Shrp-	0000 006D 0000 000E 0000 0017 0000 0005 0000 0005 0000 0005 0000 0005 0000 0005 0000 000D 0000 000D 0000 000D 0000 0005 0000 000D 0000 000D 0000 0017 0000 12A8
Shrp+	0000 006D 0000 000E 0000 0017 0000 0005 0000 0005 0000 0005 0000 0005 0000 0005 0000 0005 0000 000D 0000 000D 0000 0005 0000 000D 0000 000D 0000 0017 0000 12B2
Tint-	0000 006D 0000 000E 0000 0017 0000 0005 0000 0005 0000 0005 0000 0005 0000 0005 0000 000D 0000 000D 0000 000D 0000 000D 0000 0005 0000 000D 0000 0017 0000 12A8
Tint+	0000 006D 0000 000E 0000 0017 0000 0005 0000 0005 0000 0005 0000 0005 0000 0005 0000 0005 0000 000D 0000 000D 0000 000D 0000 0005 0000 000D 0000 0017 0000 12B2
Color-	0000 006D 0000 000E 0000 0017 0000 0005 0000 0005 0000 0005 0000 0005 0000 0005 0000 000D 0000 0005 0000 000D 0000 000D 0000 0005 0000 000D 0000 0017 0000 12B2
Color+	0000 006D 0000 000E 0000 0017 0000 0005 0000 0005 0000 0005 0000 0005 0000 0005 0000 0005 0000 0005 0000 000D 0000 000D 0000 0005 0000 000D 0000 0017 0000 12BB
Bri-	0000 006D 0000 000E 0000 0017 0000 0005 0000 0005 0000 0005 0000 0005 0000 0005 0000 000D 0000 000D 0000 0005 0000 000D 0000 0005 0000 000D 0000 0017 0000 12B2
Bri+	0000 006D 0000 000E 0000 0017 0000 0005 0000 0005 0000 0005 0000 0005 0000 0005 0000 0005 0000 000D 0000 0005 0000 000D 0000 0005 0000 000E 0000 0017 0000 12BB
Cont-	0000 006D 0000 000E 0000 0017 0000 0005 0000 0005 0000 0005 0000 0005 0000 0005 0000 000D 0000 0005 0000 0005 0000 000D 0000 0005 0000 000D 0000 0017 0000 12BB
Cont+	0000 006D 0000 000E 0000 0017 0000 0005 0000 0005 0000 0005 0000 0005 0000 0005 0000 0005 0000 0005 0000 0005 0000 000D 0000 0005 0000 000D 0000 0017 0000 12A5
0	0000 006D 0000 000E 0000 0017 0000 0005 0000 0005 0000 0005 0000 0005 0000 0005 0000 000D 0000 0005 0000 0005 0000 000D 0000 000D 0000 0005 0000 0017 0000 12BB
1	0000 006D 0000 000E 0000 0017 0000 0005 0000 0005 0000 0005 0000 0005 0000 0005 0000 0005 0000 0005 0000 0005 0000 0005 0000 000D 0000 0005 0000 0017 0000 12AE
2	0000 006D 0000 000E 0000 0017 0000 0005 0000 0005 0000 0005 0000 0005 0000 0005 0000 000D 0000 0005 0000 0005 0000 0005 0000 000D 0000 0005 0000 0017 0000 12A5
3	0000 006D 0000 000E 0000 0017 0000 0005 0000 0005 0000 0005 0000 0005 0000 0005 0000 0005 0000 000D 0000 0005 0000 0005 0000 000D 0000 0005 0000 0017 0000 12A5
4	0000 006D 0000 000E 0000 0017 0000 0005 0000 0005 0000 0005 0000 0005 0000 0005 0000 000D 0000 000D 0000 0005 0000 0005 0000 000D 0000 0005 0000 0017 0000 12BC
5	0000 006D 0000 000E 0000 0017 0000 0005 0000 0005 0000 0005 0000 0005 0000 0005 0000 0005 0000 0005 0000 000D 0000 0005 0000 000D 0000 0005 0000 0017 0000 12A5
6	0000 006D 0000 000E 0000 0017 0000 0005 0000 0005 0000 0005 0000 0005 0000 0005 0000 000D 0000 0005 0000 000D 0000 0005 0000 000D 0000 0005 0000 0017 0000 12BC
7	0000 006D 0000 000E 0000 0017 0000 0005 0000 0005 0000 0005 0000 0005 0000 0005 0000 0005 0000 000D 0000 000D 0000 0005 0000 000D 0000 0005 0000 0017 0000 12BC
8	0000 006D 0000 000E 0000 0017 0000 0005 0000 0005 0000 0005 0000 0005 0000 0005 0000 000D 0000 000D 0000 000D 0000 0005 0000 000D 0000 0005 0000 0017 0000 12B3
9	0000 006D 0000 000E 0000 0017 0000 0005 0000 0005 0000 0005 0000 0005 0000 0005 0000 0005 0000 0005 0000 0005 0000 000D 0000 000D 0000 0005 0000 0017 0000 12A5
Freeze II	0000 006D 0000 000E 0000 0017 0000 0005 0000 0005 0000 0005 0000 0005 0000 0005 0000 000D 0000 000D 0000 0005 0000 000D 0000 000D 0000 0005 0000 0017 0000 12B3
Blank Button	0000 006D 0000 000E 0000 0017 0000 0005 0000 000D 0000 000D 0000 000D 0000 000D 0000 0005 0000 0005 0000 0005 0000 0005 0000 0005 0000 000D 0000 0017 0000 12A8
