Power	0000 0073 0000 000c 0020 0020 0040 0020 0020 0020 0020 0020 0020 0020 0020 0020 0020 0020 0020 0020 0020 0040 0020 0020 0040 0020 0020 0cca
Color-	0000 0073 0000 000d 0020 0020 0020 0020 0040 0020 0020 0020 0020 0020 0020 0020 0020 0020 0020 0040 0020 0020 0020 0020 0020 0020 0020 0020 0020 0caa
Color+	0000 0073 0000 000c 0020 0020 0040 0020 0020 0020 0020 0020 0020 0020 0020 0020 0020 0040 0040 0020 0020 0040 0020 0020 0020 0020 0020 0caa
RGB-	0000 0073 0000 000b 0020 0020 0020 0020 0040 0020 0020 0020 0020 0020 0020 0020 0020 0020 0020 0040 0040 0040 0040 0040 0020 0caa
RGB+	0000 0073 0000 000b 0020 0020 0040 0020 0020 0020 0020 0020 0020 0020 0020 0020 0020 0020 0020 0040 0040 0040 0040 0020 0020 0cca
Cont-	0000 0073 0000 000c 0020 0020 0020 0020 0040 0020 0020 0020 0020 0020 0020 0020 0020 0020 0020 0040 0020 0020 0020 0020 0040 0040 0020 0caa
Cont+	0000 0073 0000 000c 0020 0020 0040 0020 0020 0020 0020 0020 0020 0020 0020 0020 0020 0020 0020 0040 0020 0020 0020 0020 0040 0020 0020 0cca
Bri-	0000 0073 0000 000c 0020 0020 0020 0020 0040 0020 0020 0020 0020 0020 0020 0020 0020 0020 0020 0040 0040 0020 0020 0040 0020 0020 0020 0caa
Bri+	0000 0073 0000 000b 0020 0020 0040 0020 0020 0020 0020 0020 0020 0020 0020 0020 0020 0020 0020 0040 0040 0020 0020 0040 0040 0cca
Vol-	0000 0073 0000 000c 0020 0020 0020 0020 0040 0020 0020 0020 0020 0020 0020 0020 0020 0020 0020 0040 0040 0020 0020 0020 0020 0040 0020 0caa
Vol+	0000 0073 0000 000c 0020 0020 0040 0020 0020 0020 0020 0020 0020 0020 0020 0020 0020 0020 0020 0040 0040 0020 0020 0020 0020 0020 0020 0cca
Video1	0000 0073 0000 000c 0020 0020 0020 0020 0040 0020 0020 0020 0020 0020 0020 0020 0020 0040 0040 0020 0020 0020 0020 0040 0020 0020 0020 0caa
Video2	0000 0073 0000 000b 0020 0020 0040 0020 0020 0020 0020 0020 0020 0020 0020 0020 0020 0040 0040 0020 0020 0040 0040 0020 0020 0cca
Ana	0000 0073 0000 000b 0020 0020 0020 0020 0040 0020 0020 0020 0020 0020 0020 0020 0020 0040 0040 0020 0020 0040 0040 0040 0020 0caa
Vga	0000 0073 0000 000b 0020 0020 0040 0020 0020 0020 0020 0020 0020 0020 0020 0020 0020 0040 0040 0020 0020 0040 0020 0020 0040 0cca
Ttl	0000 0073 0000 000b 0020 0020 0020 0020 0040 0020 0020 0020 0020 0020 0020 0020 0020 0040 0040 0040 0040 0020 0020 0020 0020 0cca
