Power	0000 0073 0000 000c 0020 0020 0020 0020 0040 0020 0020 0020 0020 0020 0020 0020 0020 0020 0020 0020 0020 0040 0020 0020 0040 0020 0020 0cbf
Vga	0000 0073 0000 000c 0040 0020 0020 0020 0020 0020 0020 0020 0020 0040 0020 0020 0020 0020 0020 0020 0020 0020 0040 0040 0020 0020 0020 0c9f
Av1	0000 0073 0000 000b 0020 0020 0020 0020 0040 0020 0020 0020 0020 0040 0020 0020 0040 0020 0020 0020 0020 0040 0040 0020 0020 0cbf
Av2	0000 0073 0000 000c 0020 0020 0040 0020 0020 0020 0020 0020 0020 0020 0020 0020 0020 0040 0020 0020 0020 0020 0040 0020 0020 0040 0020 0c9f
Av3	0000 0073 0000 000c 0020 0020 0020 0020 0040 0020 0020 0020 0020 0040 0020 0020 0020 0020 0020 0020 0020 0020 0040 0020 0020 0020 0020 0cbf
Brightness+	0000 0073 0000 000b 0020 0020 0040 0020 0020 0020 0020 0020 0020 0020 0020 0020 0020 0020 0020 0040 0040 0020 0020 0040 0040 0cbf
Brightness-	0000 0073 0000 000c 0020 0020 0020 0020 0040 0020 0020 0020 0020 0020 0020 0020 0020 0020 0020 0040 0040 0020 0020 0040 0020 0020 0020 0c9f
Contrast+	0000 0073 0000 000c 0020 0020 0040 0020 0020 0020 0020 0020 0020 0020 0020 0020 0020 0020 0020 0040 0020 0020 0020 0020 0040 0020 0020 0cbf
Contrast-	0000 0073 0000 000c 0020 0020 0020 0020 0040 0020 0020 0020 0020 0020 0020 0020 0020 0020 0020 0040 0020 0020 0020 0020 0040 0040 0020 0c9f
Zoom On/Off	0000 0073 0000 000c 0040 0020 0020 0020 0020 0020 0020 0020 0020 0040 0020 0020 0020 0020 0020 0020 0020 0020 0020 0020 0040 0020 0020 0cbf
Zoom+	0000 0073 0000 000a 0040 0040 0040 0020 0020 0020 0020 0020 0020 0020 0020 0040 0020 0020 0040 0040 0040 0020 0020 0cbf
Zoom-	0000 0073 0000 000c 0040 0020 0020 0020 0020 0020 0020 0020 0020 0020 0020 0020 0020 0040 0020 0020 0020 0020 0020 0020 0040 0040 0020 0c9f
Menu	0000 0073 0000 000a 0040 0040 0040 0020 0020 0020 0020 0020 0020 0020 0020 0020 0020 0040 0040 0020 0020 0040 0040 0cbf
Enter	0000 0073 0000 000c 0040 0020 0020 0020 0020 0020 0020 0020 0020 0020 0020 0020 0020 0020 0020 0040 0040 0040 0020 0020 0020 0020 0020 0c9f
Up	0000 0073 0000 000b 0040 0040 0040 0020 0020 0020 0020 0020 0020 0020 0020 0020 0020 0040 0040 0020 0020 0020 0020 0020 0020 0cbf
Left	0000 0073 0000 000b 0040 0020 0020 0020 0020 0020 0020 0020 0020 0020 0020 0020 0020 0020 0020 0040 0040 0040 0040 0040 0020 0c9f
Right	0000 0073 0000 000a 0040 0040 0040 0020 0020 0020 0020 0020 0020 0020 0020 0020 0020 0040 0040 0040 0020 0020 0040 0cbf
Down	0000 0073 0000 000c 0040 0020 0020 0020 0020 0020 0020 0020 0020 0020 0020 0020 0020 0020 0020 0040 0040 0020 0020 0020 0020 0040 0020 0c9f
Vol+	0000 0073 0000 000c 0020 0020 0040 0020 0020 0020 0020 0020 0020 0020 0020 0020 0020 0020 0020 0040 0040 0020 0020 0020 0020 0020 0020 0cbf
Vol-	0000 0073 0000 000c 0020 0020 0020 0020 0040 0020 0020 0020 0020 0020 0020 0020 0020 0020 0020 0040 0040 0020 0020 0020 0020 0040 0020 0c9f
Mute	0000 0073 0000 000c 0020 0020 0040 0020 0020 0020 0020 0020 0020 0020 0020 0020 0020 0020 0020 0020 0020 0040 0020 0020 0040 0040 0020 0c9f
Ch+	0000 0073 0000 000c 0020 0020 0020 0020 0040 0020 0020 0020 0020 0020 0020 0020 0020 0040 0040 0020 0020 0020 0020 0020 0020 0020 0020 0cbf
Ch-	0000 0073 0000 0018 0020 0020 0040 0020 0020 0020 0020 0020 0020 0020 0020 0020 0020 0040 0040 0020 0020 0020 0020 0020 0020 0040 0020 0c9f 0020 0020 0040 0020 0020 0020 0020 0020 0020 0020 0020 0020 0020 0040 0040 0020 0020 0020 0020 0020 0020 0040 0020 0020
1	0000 0073 0000 000d 0020 0020 0020 0020 0040 0020 0020 0020 0020 0020 0020 0020 0020 0020 0020 0020 0020 0020 0020 0020 0020 0020 0020 0040 0020 0c9f
2	0000 0073 0000 000c 0020 0020 0040 0020 0020 0020 0020 0020 0020 0020 0020 0020 0020 0020 0020 0020 0020 0020 0020 0020 0020 0040 0040 0cbf
3	0000 0073 0000 000d 0020 0020 0020 0020 0040 0020 0020 0020 0020 0020 0020 0020 0020 0020 0020 0020 0020 0020 0020 0020 0020 0040 0020 0020 0020 0c9f
4	0000 0073 0000 000c 0020 0020 0040 0020 0020 0020 0020 0020 0020 0020 0020 0020 0020 0020 0020 0020 0020 0020 0020 0040 0040 0020 0020 0cbf
5	0000 0073 0000 000c 0020 0020 0020 0020 0040 0020 0020 0020 0020 0020 0020 0020 0020 0020 0020 0020 0020 0020 0020 0040 0040 0040 0020 0c9f
6	0000 0073 0000 000c 0020 0020 0040 0020 0020 0020 0020 0020 0020 0020 0020 0020 0020 0020 0020 0020 0020 0020 0020 0040 0020 0020 0040 0cbf
7	0000 0073 0000 000d 0020 0020 0020 0020 0040 0020 0020 0020 0020 0020 0020 0020 0020 0020 0020 0020 0020 0020 0020 0040 0020 0020 0020 0020 0020 0c9f
8	0000 0073 0000 000c 0020 0020 0040 0020 0020 0020 0020 0020 0020 0020 0020 0020 0020 0020 0020 0020 0020 0040 0040 0020 0020 0020 0020 0cbf
9	0000 0073 0000 000c 0020 0020 0020 0020 0040 0020 0020 0020 0020 0020 0020 0020 0020 0020 0020 0020 0020 0040 0040 0020 0020 0040 0020 0c9f
0	0000 0073 0000 000d 0020 0020 0040 0020 0020 0020 0020 0020 0020 0020 0020 0020 0020 0020 0020 0020 0020 0020 0020 0020 0020 0020 0020 0020 0020 0cbf
AV Mute	0000 0073 0000 000d 0020 0020 0020 0020 0040 0020 0020 0020 0020 0040 0020 0020 0020 0020 0020 0020 0020 0020 0020 0020 0020 0020 0020 0020 0020 0c9f
Split Screen	0000 0073 0000 000c 0040 0020 0020 0020 0020 0020 0020 0020 0020 0020 0020 0020 0020 0040 0020 0020 0020 0020 0020 0020 0020 0020 0040 0cbf
