Up	0000 006a 0022 0002 015e 00af 0017 0017 0017 0042 0017 0042 0017 0017 0017 0017 0017 0017 0017 0017 0017 0042 0017 0042 0017 0017 0017 0042 0017 0017 0017 0042 0017 0017 0017 0017 0017 0017 0017 0017 0017 0042 0017 0042 0017 0042 0017 0042 0017 0017 0017 0042 0017 0017 0017 0042 0017 0017 0017 0017 0017 0017 0017 0017 0017 0042 0017 0017 0017 0042 0017 065b 015e 0058 0017 0e88
Left	0000 006a 0022 0002 015e 00af 0017 0017 0017 0042 0017 0042 0017 0017 0017 0017 0017 0017 0017 0017 0017 0042 0017 0042 0017 0017 0017 0042 0017 0017 0017 0042 0017 0017 0017 0017 0017 0017 0017 0042 0017 0017 0017 0042 0017 0042 0017 0042 0017 0017 0017 0042 0017 0017 0017 0017 0017 0042 0017 0017 0017 0017 0017 0017 0017 0042 0017 0017 0017 0042 0017 065e 015e 0058 0017 0e8b
Right	0000 006a 0022 0002 015e 00af 0017 0017 0017 0042 0017 0042 0017 0017 0017 0017 0017 0017 0017 0017 0017 0042 0017 0042 0017 0017 0017 0042 0017 0017 0017 0042 0017 0017 0017 0017 0017 0017 0017 0017 0017 0017 0017 0042 0017 0042 0017 0042 0017 0017 0017 0042 0017 0017 0017 0042 0017 0042 0017 0017 0017 0017 0017 0017 0017 0042 0017 0017 0017 0042 0017 065c 015e 0058 0017 0e88
Down	0000 006a 0022 0002 015e 00af 0017 0017 0017 0042 0017 0042 0017 0017 0017 0017 0017 0017 0017 0017 0017 0042 0017 0042 0017 0017 0017 0042 0017 0017 0017 0042 0017 0017 0017 0017 0017 0017 0017 0042 0017 0042 0017 0042 0017 0042 0017 0042 0017 0017 0017 0042 0017 0017 0017 0017 0017 0017 0017 0017 0017 0017 0017 0017 0017 0042 0017 0017 0017 0042 0017 065d 015e 0058 0017 0e8a
Stby On	0000 006a 0022 0002 015e 00af 0017 0017 0017 0042 0017 0042 0017 0017 0017 0017 0017 0017 0017 0017 0017 0042 0017 0042 0017 0017 0017 0042 0017 0017 0017 0042 0017 0017 0017 0017 0017 0017 0017 0017 0017 0017 0017 0042 0017 0017 0017 0042 0017 0017 0017 0017 0017 0017 0017 0042 0017 0042 0017 0017 0017 0042 0017 0017 0017 0042 0017 0042 0017 0042 0017 0640 015e 0058 0017 0e6d
Menu	0000 006a 0022 0002 015e 00af 0017 0017 0017 0042 0017 0042 0017 0017 0017 0017 0017 0017 0017 0017 0017 0042 0017 0042 0017 0017 0017 0042 0017 0017 0017 0042 0017 0017 0017 0017 0017 0017 0017 0017 0017 0042 0017 0042 0017 0017 0017 0017 0017 0017 0017 0042 0017 0017 0017 0042 0017 0017 0017 0017 0017 0042 0017 0042 0017 0042 0017 0017 0017 0042 0017 0640 015e 0058 0017 0e6d
Video1	0000 006a 0022 0002 015e 00af 0017 0017 0017 0042 0017 0042 0017 0017 0017 0017 0017 0017 0017 0017 0017 0042 0017 0042 0017 0017 0017 0042 0017 0017 0017 0042 0017 0017 0017 0017 0017 0017 0017 0042 0017 0042 0017 0017 0017 0017 0017 0017 0017 0017 0017 0017 0017 0017 0017 0017 0017 0017 0017 0042 0017 0042 0017 0042 0017 0042 0017 0042 0017 0042 0017 0640 015e 0058 0017 0e6d
Data	0000 006a 0022 0002 015e 00af 0017 0017 0017 0042 0017 0042 0017 0017 0017 0017 0017 0017 0017 0017 0017 0042 0017 0042 0017 0017 0017 0042 0017 0017 0017 0042 0017 0017 0017 0017 0017 0017 0017 0017 0017 0017 0017 0042 0017 0017 0017 0017 0017 0017 0017 0017 0017 0017 0017 0042 0017 0042 0017 0017 0017 0042 0017 0042 0017 0042 0017 0042 0017 0042 0017 0640 015e 0058 0017 0e6d
Cancel	0000 006a 0022 0002 015e 00af 0017 0017 0017 0042 0017 0042 0017 0017 0017 0017 0017 0017 0017 0017 0017 0042 0017 0042 0017 0017 0017 0042 0017 0017 0017 0042 0017 0017 0017 0017 0017 0017 0017 0042 0017 0017 0017 0042 0017 0017 0017 0017 0017 0042 0017 0017 0017 0017 0017 0017 0017 0042 0017 0017 0017 0042 0017 0042 0017 0017 0017 0042 0017 0042 0017 0640 015e 0058 0017 0e6d
A Menu	0000 006a 0022 0002 015e 00af 0017 0017 0017 0042 0017 0042 0017 0017 0017 0017 0017 0017 0017 0017 0017 0042 0017 0042 0017 0017 0017 0042 0017 0017 0017 0042 0017 0017 0017 0017 0017 0017 0017 0017 0017 0042 0017 0042 0017 0017 0017 0017 0017 0042 0017 0017 0017 0017 0017 0042 0017 0017 0017 0017 0017 0042 0017 0042 0017 0017 0017 0042 0017 0042 0017 0640 015e 0058 0017 0e6d
AU Image	0000 006a 0022 0002 015e 00af 0017 0017 0017 0042 0017 0042 0017 0017 0017 0017 0017 0017 0017 0017 0017 0042 0017 0042 0017 0017 0017 0042 0017 0017 0017 0042 0017 0017 0017 0017 0017 0017 0017 0017 0017 0042 0017 0042 0017 0017 0017 0017 0017 0017 0017 0042 0017 0042 0017 0042 0017 0017 0017 0017 0017 0042 0017 0042 0017 0042 0017 0017 0017 0017 0017 0640 015e 0058 0017 0e6d
D-Freeze	0000 006a 0022 0002 015e 00af 0017 0017 0017 0042 0017 0042 0017 0017 0017 0017 0017 0017 0017 0017 0017 0042 0017 0042 0017 0017 0017 0042 0017 0017 0017 0042 0017 0017 0017 0017 0017 0017 0017 0017 0017 0017 0017 0042 0017 0042 0017 0017 0017 0017 0017 0042 0017 0017 0017 0042 0017 0042 0017 0017 0017 0017 0017 0042 0017 0042 0017 0017 0017 0042 0017 0640 015e 0058 0017 0e6d
A Mute	0000 006a 0022 0002 015e 00af 0017 0017 0017 0042 0017 0042 0017 0017 0017 0017 0017 0017 0017 0017 0017 0042 0017 0042 0017 0017 0017 0042 0017 0017 0017 0042 0017 0017 0017 0017 0017 0017 0017 0042 0017 0042 0017 0042 0017 0017 0017 0017 0017 0017 0017 0042 0017 0017 0017 0017 0017 0017 0017 0017 0017 0042 0017 0042 0017 0042 0017 0017 0017 0042 0017 0640 015e 0058 0017 0e6d
ZM+	0000 006a 0022 0002 015e 00af 0017 0017 0017 0042 0017 0042 0017 0017 0017 0017 0017 0017 0017 0017 0017 0042 0017 0042 0017 0017 0017 0042 0017 0017 0017 0042 0017 0017 0017 0017 0017 0017 0017 0042 0017 0017 0017 0017 0017 0042 0017 0017 0017 0017 0017 0017 0017 0042 0017 0017 0017 0042 0017 0042 0017 0017 0017 0042 0017 0042 0017 0042 0017 0017 0017 0640 015e 0058 0017 0e6d
ZM-	0000 006a 0022 0002 015e 00af 0017 0017 0017 0042 0017 0042 0017 0017 0017 0017 0017 0017 0017 0017 0017 0042 0017 0042 0017 0017 0017 0042 0017 0017 0017 0042 0017 0017 0017 0017 0017 0017 0017 0017 0017 0042 0017 0017 0017 0042 0017 0017 0017 0017 0017 0017 0017 0042 0017 0042 0017 0017 0017 0042 0017 0017 0017 0042 0017 0042 0017 0042 0017 0017 0017 0640 015e 0058 0017 0e6d
Keystone+	0000 006a 0022 0002 015e 00af 0017 0017 0017 0042 0017 0042 0017 0017 0017 0017 0017 0017 0017 0017 0017 0042 0017 0042 0017 0017 0017 0042 0017 0017 0017 0042 0017 0017 0017 0017 0017 0017 0017 0042 0017 0042 0017 0017 0017 0042 0017 0017 0017 0017 0017 0017 0017 0042 0017 0017 0017 0017 0017 0042 0017 0017 0017 0042 0017 0042 0017 0042 0017 0017 0017 0640 015e 0058 0017 0e6d
Keystone-	0000 006a 0022 0002 015e 00af 0017 0017 0017 0042 0017 0042 0017 0017 0017 0017 0017 0017 0017 0017 0017 0042 0017 0042 0017 0017 0017 0042 0017 0017 0017 0042 0017 0017 0017 0017 0017 0017 0017 0017 0017 0017 0017 0042 0017 0042 0017 0017 0017 0017 0017 0017 0017 0042 0017 0042 0017 0042 0017 0017 0017 0017 0017 0042 0017 0042 0017 0042 0017 0017 0017 0640 015e 0058 0017 0e6d
Vol+	0000 006a 0022 0002 015e 00af 0017 0017 0017 0042 0017 0042 0017 0017 0017 0017 0017 0017 0017 0017 0017 0042 0017 0042 0017 0017 0017 0042 0017 0017 0017 0042 0017 0017 0017 0017 0017 0017 0017 0017 0017 0017 0017 0017 0017 0042 0017 0017 0017 0017 0017 0042 0017 0017 0017 0042 0017 0042 0017 0042 0017 0017 0017 0042 0017 0042 0017 0017 0017 0042 0017 0640 015e 0058 0017 0e6d
Vol-	0000 006a 0022 0002 015e 00af 0017 0017 0017 0042 0017 0042 0017 0017 0017 0017 0017 0017 0017 0017 0017 0042 0017 0042 0017 0017 0017 0042 0017 0017 0017 0042 0017 0017 0017 0017 0017 0017 0017 0042 0017 0017 0017 0017 0017 0042 0017 0017 0017 0017 0017 0042 0017 0017 0017 0017 0017 0042 0017 0042 0017 0017 0017 0042 0017 0042 0017 0017 0017 0042 0017 0640 015e 0058 0017 0e6d
Mou Button	0000 006a 0022 0002 015e 00af 0017 0017 0017 0042 0017 0042 0017 0017 0017 0017 0017 0017 0017 0017 0017 0042 0017 0042 0017 0017 0017 0042 0017 0017 0017 0042 0017 0017 0017 0017 0017 0017 0017 0042 0017 0042 0017 0042 0017 0017 0017 0042 0017 0017 0017 0017 0017 0017 0017 0017 0017 0017 0017 0017 0017 0042 0017 0017 0017 0042 0017 0042 0017 0042 0017 0640 015e 0058 0017 0e6d
