Power	0000 0071 0000 0014 0000 0020 0000 0020 0000 0010 0000 0010 0000 0020 0000 0010 0000 0010 0000 0010 0000 0010 0000 0010 0000 0020 0000 0010 0000 0010 0000 0010 0000 0010 0000 0010 0000 0010 0000 0020 0000 0010 0000 0BBE
1	0000 0071 0000 0013 0000 0020 0000 0020 0000 0010 0000 0010 0000 0030 0000 0010 0000 0010 0000 0010 0000 0010 0000 0020 0000 0010 0000 0010 0000 0010 0000 0010 0000 0010 0000 0010 0000 0010 0000 0010 0000 0BCE
2	0000 0071 0000 0013 0000 0020 0000 0020 0000 0010 0000 0010 0000 0030 0000 0010 0000 0010 0000 0010 0000 0010 0000 0020 0000 0010 0000 0010 0000 0010 0000 0010 0000 0010 0000 0010 0000 0010 0000 0020 0000 0BBE
3	0000 0071 0000 0014 0000 0020 0000 0020 0000 0010 0000 0010 0000 0020 0000 0010 0000 0010 0000 0010 0000 0010 0000 0010 0000 0020 0000 0010 0000 0010 0000 0010 0000 0010 0000 0010 0000 0010 0000 0010 0000 0010 0000 0BCE
4	0000 0071 0000 0026 0000 0020 0000 0020 0000 0010 0000 0010 0000 0030 0000 0010 0000 0010 0000 0010 0000 0010 0000 0020 0000 0010 0000 0010 0000 0010 0000 0010 0000 0010 0000 0010 0000 0020 0000 0010 0000 0BBE 0000 0020 0000 0020 0000 0010 0000 0010 0000 0030 0000 0010 0000 0010 0000 0010 0000 0010 0000 0020 0000 0010 0000 0010 0000 0010 0000 0010 0000 0010 0000 0010 0000 0020 0000 0010 0000 11C6
5	0000 0071 0000 0013 0000 0020 0000 0020 0000 0010 0000 0010 0000 0020 0000 0010 0000 0010 0000 0010 0000 0010 0000 0010 0000 0020 0000 0010 0000 0010 0000 0010 0000 0010 0000 0010 0000 0010 0000 0020 0000 0BCE
6	0000 0071 0000 0013 0000 0020 0000 0020 0000 0010 0000 0010 0000 0030 0000 0010 0000 0010 0000 0010 0000 0010 0000 0020 0000 0010 0000 0010 0000 0010 0000 0010 0000 0010 0000 0010 0000 0010 0000 0020 0000 0BBE
7	0000 0071 0000 0014 0000 0020 0000 0020 0000 0010 0000 0010 0000 0020 0000 0010 0000 0010 0000 0010 0000 0010 0000 0010 0000 0020 0000 0010 0000 0010 0000 0010 0000 0010 0000 0010 0000 0010 0000 0010 0000 0010 0000 0BCE
8	0000 0071 0000 0013 0000 0020 0000 0020 0000 0010 0000 0010 0000 0030 0000 0010 0000 0010 0000 0010 0000 0010 0000 0020 0000 0010 0000 0010 0000 0010 0000 0010 0000 0010 0000 0020 0000 0010 0000 0010 0000 0BBE
9	0000 0071 0000 0013 0000 0020 0000 0020 0000 0010 0000 0010 0000 0020 0000 0010 0000 0010 0000 0010 0000 0010 0000 0010 0000 0020 0000 0010 0000 0010 0000 0010 0000 0010 0000 0010 0000 0020 0000 0010 0000 0BCE
0	0000 0071 0000 0014 0000 0020 0000 0020 0000 0010 0000 0010 0000 0030 0000 0010 0000 0010 0000 0010 0000 0010 0000 0020 0000 0010 0000 0010 0000 0010 0000 0010 0000 0010 0000 0010 0000 0010 0000 0010 0000 0010 0000 0BBE
Return	0000 0071 0000 0012 0000 0020 0000 0020 0000 0010 0000 0010 0000 0030 0000 0010 0000 0010 0000 0010 0000 0010 0000 0020 0000 0010 0000 0020 0000 0010 0000 0010 0000 0010 0000 0010 0000 0010 0000 0BCE
Play	0000 0071 0000 0013 0000 0020 0000 0020 0000 0010 0000 0010 0000 0020 0000 0010 0000 0010 0000 0010 0000 0010 0000 0010 0000 0020 0000 0010 0000 0010 0000 0010 0000 0020 0000 0010 0000 0010 0000 0020 0000 0BBE
Stop	0000 0071 0000 0012 0000 0020 0000 0020 0000 0010 0000 0010 0000 0030 0000 0010 0000 0010 0000 0010 0000 0010 0000 0020 0000 0010 0000 0010 0000 0020 0000 0010 0000 0010 0000 0010 0000 0020 0000 0BBE
Pause	0000 0071 0000 0014 0000 0020 0000 0020 0000 0010 0000 0010 0000 0020 0000 0010 0000 0010 0000 0010 0000 0010 0000 0010 0000 0020 0000 0010 0000 0010 0000 0010 0000 0010 0000 0020 0000 0010 0000 0010 0000 0010 0000 0BBE
Rew	0000 0071 0000 0012 0000 0020 0000 0020 0000 0010 0000 0010 0000 0030 0000 0010 0000 0010 0000 0010 0000 0010 0000 0020 0000 0010 0000 0010 0000 0010 0000 0020 0000 0010 0000 0010 0000 0010 0000 0BCE
Ffwd	0000 0071 0000 0014 0000 0020 0000 0020 0000 0010 0000 0010 0000 0020 0000 0010 0000 0010 0000 0010 0000 0010 0000 0010 0000 0020 0000 0010 0000 0010 0000 0010 0000 0020 0000 0010 0000 0010 0000 0010 0000 0010 0000 0BC5
F Srch	0000 0071 0000 0013 0000 0020 0000 0020 0000 0010 0000 0010 0000 0020 0000 0010 0000 0010 0000 0010 0000 0010 0000 0010 0000 0020 0000 0010 0000 0010 0000 0010 0000 0020 0000 0010 0000 0020 0000 0010 0000 0BC5
Angle	0000 0071 0000 0012 0000 0020 0000 0020 0000 0010 0000 0010 0000 0020 0000 0010 0000 0010 0000 0010 0000 0010 0000 0010 0000 0020 0000 0010 0000 0020 0000 0010 0000 0010 0000 0010 0000 0020 0000 0BCE
Subtitle	0000 0071 0000 0011 0000 0020 0000 0020 0000 0010 0000 0010 0000 0030 0000 0010 0000 0010 0000 0010 0000 0010 0000 0020 0000 0010 0000 0010 0000 0020 0000 0010 0000 0020 0000 0010 0000 0BCE
Audio	0000 0071 0000 0012 0000 0020 0000 0020 0000 0010 0000 0010 0000 0030 0000 0010 0000 0010 0000 0010 0000 0010 0000 0020 0000 0010 0000 0010 0000 0020 0000 0010 0000 0010 0000 0010 0000 0020 0000 0BBE
T-C	0000 0071 0000 0012 0000 0020 0000 0020 0000 0010 0000 0010 0000 0030 0000 0010 0000 0010 0000 0010 0000 0010 0000 0020 0000 0010 0000 0010 0000 0020 0000 0010 0000 0020 0000 0010 0000 0010 0000 0BBE
OK	0000 0071 0000 0013 0000 0020 0000 0020 0000 0010 0000 0010 0000 0020 0000 0010 0000 0010 0000 0010 0000 0010 0000 0010 0000 0020 0000 0010 0000 0010 0000 0020 0000 0010 0000 0010 0000 0020 0000 0010 0000 0BBE
Setup	0000 0071 0000 0013 0000 0020 0000 0020 0000 0010 0000 0010 0000 0020 0000 0010 0000 0010 0000 0010 0000 0010 0000 0010 0000 0020 0000 0010 0000 0020 0000 0010 0000 0010 0000 0010 0000 0010 0000 0020 0000 0BBE
Shuffle/Scan	0000 0071 0000 0012 0000 0020 0000 0020 0000 0010 0000 0010 0000 0020 0000 0010 0000 0010 0000 0010 0000 0010 0000 0010 0000 0020 0000 0010 0000 0010 0000 0010 0000 0020 0000 0020 0000 0020 0000 0BBE
Rpt A/B	0000 0071 0000 0013 0000 0020 0000 0020 0000 0010 0000 0010 0000 0020 0000 0010 0000 0010 0000 0010 0000 0010 0000 0010 0000 0020 0000 0010 0000 0010 0000 0010 0000 0010 0000 0010 0000 0010 0000 0020 0000 0BCE
OSD	0000 0071 0000 0013 0000 0020 0000 0020 0000 0010 0000 0010 0000 0030 0000 0010 0000 0010 0000 0010 0000 0010 0000 0020 0000 0010 0000 0010 0000 0010 0000 0010 0000 0010 0000 0010 0000 0010 0000 0010 0000 0BCE
Up	0000 0071 0000 0013 0000 0020 0000 0020 0000 0010 0000 0010 0000 0020 0000 0010 0000 0010 0000 0010 0000 0010 0000 0010 0000 0020 0000 0010 0000 0010 0000 0020 0000 0010 0000 0020 0000 0010 0000 0010 0000 0BBE
Down	0000 0071 0000 0011 0000 0020 0000 0020 0000 0010 0000 0010 0000 0030 0000 0010 0000 0010 0000 0010 0000 0010 0000 0020 0000 0010 0000 0010 0000 0020 0000 0010 0000 0020 0000 0010 0000 0BCE
Left	0000 0071 0000 0012 0000 0020 0000 0020 0000 0010 0000 0010 0000 0020 0000 0010 0000 0010 0000 0010 0000 0010 0000 0010 0000 0020 0000 0010 0000 0010 0000 0020 0000 0010 0000 0020 0000 0020 0000 0BBE
Right	0000 0071 0000 0011 0000 0020 0000 0020 0000 0010 0000 0010 0000 0030 0000 0010 0000 0010 0000 0010 0000 0010 0000 0020 0000 0010 0000 0010 0000 0020 0000 0010 0000 0020 0000 0010 0000 0BCE
Menu	0000 0071 0000 0011 0000 0020 0000 0020 0000 0010 0000 0010 0000 0030 0000 0010 0000 0010 0000 0010 0000 0010 0000 0020 0000 0010 0000 0010 0000 0020 0000 0020 0000 0010 0000 0010 0000 0BCE
