Power	0000 0071 0000 0014 0000 0020 0000 0020 0000 0010 0000 0010 0000 0020 0000 0010 0000 0010 0000 0010 0000 0010 0000 0010 0000 0020 0000 0010 0000 0010 0000 0010 0000 0010 0000 0010 0000 0010 0000 0020 0000 0010 0000 0BBE
1	0000 0071 0000 0013 0000 0020 0000 0020 0000 0010 0000 0010 0000 0030 0000 0010 0000 0010 0000 0010 0000 0010 0000 0020 0000 0010 0000 0010 0000 0010 0000 0010 0000 0010 0000 0010 0000 0010 0000 0010 0000 0BCE
2	0000 0071 0000 0013 0000 0020 0000 0020 0000 0010 0000 0010 0000 0030 0000 0010 0000 0010 0000 0010 0000 0010 0000 0020 0000 0010 0000 0010 0000 0010 0000 0010 0000 0010 0000 0010 0000 0010 0000 0020 0000 0BBE
3	0000 0071 0000 0014 0000 0020 0000 0020 0000 0010 0000 0010 0000 0020 0000 0010 0000 0010 0000 0010 0000 0010 0000 0010 0000 0020 0000 0010 0000 0010 0000 0010 0000 0010 0000 0010 0000 0010 0000 0010 0000 0010 0000 0BCE
4	0000 0071 0000 0026 0000 0020 0000 0020 0000 0010 0000 0010 0000 0030 0000 0010 0000 0010 0000 0010 0000 0010 0000 0020 0000 0010 0000 0010 0000 0010 0000 0010 0000 0010 0000 0010 0000 0020 0000 0010 0000 0BBE 0000 0020 0000 0020 0000 0010 0000 0010 0000 0030 0000 0010 0000 0010 0000 0010 0000 0010 0000 0020 0000 0010 0000 0010 0000 0010 0000 0010 0000 0010 0000 0010 0000 0020 0000 0010 0000 11C6
5	0000 0071 0000 0013 0000 0020 0000 0020 0000 0010 0000 0010 0000 0020 0000 0010 0000 0010 0000 0010 0000 0010 0000 0010 0000 0020 0000 0010 0000 0010 0000 0010 0000 0010 0000 0010 0000 0010 0000 0020 0000 0BCE
6	0000 0071 0000 0013 0000 0020 0000 0020 0000 0010 0000 0010 0000 0030 0000 0010 0000 0010 0000 0010 0000 0010 0000 0020 0000 0010 0000 0010 0000 0010 0000 0010 0000 0010 0000 0010 0000 0010 0000 0020 0000 0BBE
7	0000 0071 0000 0014 0000 0020 0000 0020 0000 0010 0000 0010 0000 0020 0000 0010 0000 0010 0000 0010 0000 0010 0000 0010 0000 0020 0000 0010 0000 0010 0000 0010 0000 0010 0000 0010 0000 0010 0000 0010 0000 0010 0000 0BCE
8	0000 0071 0000 0013 0000 0020 0000 0020 0000 0010 0000 0010 0000 0030 0000 0010 0000 0010 0000 0010 0000 0010 0000 0020 0000 0010 0000 0010 0000 0010 0000 0010 0000 0010 0000 0020 0000 0010 0000 0010 0000 0BBE
9	0000 0071 0000 0013 0000 0020 0000 0020 0000 0010 0000 0010 0000 0020 0000 0010 0000 0010 0000 0010 0000 0010 0000 0010 0000 0020 0000 0010 0000 0010 0000 0010 0000 0010 0000 0010 0000 0020 0000 0010 0000 0BCE
0	0000 0071 0000 0014 0000 0020 0000 0020 0000 0010 0000 0010 0000 0030 0000 0010 0000 0010 0000 0010 0000 0010 0000 0020 0000 0010 0000 0010 0000 0010 0000 0010 0000 0010 0000 0010 0000 0010 0000 0010 0000 0010 0000 0BBE
DVD	0000 0073 0000 0012 0000 0020 0000 0020 0000 0010 0000 0010 0000 0020 0000 0010 0000 0010 0000 0010 0000 0010 0000 0010 0000 0020 0000 0010 0000 0010 0000 0020 0000 0020 0000 0020 0000 0010 0000 0BBA
OSD	0000 0071 0000 0013 0000 0020 0000 0020 0000 0010 0000 0010 0000 0030 0000 0010 0000 0010 0000 0010 0000 0010 0000 0020 0000 0010 0000 0010 0000 0010 0000 0010 0000 0010 0000 0010 0000 0010 0000 0010 0000 0BCE
Return	0000 0071 0000 0012 0000 0020 0000 0020 0000 0010 0000 0010 0000 0030 0000 0010 0000 0010 0000 0010 0000 0010 0000 0020 0000 0010 0000 0020 0000 0010 0000 0010 0000 0010 0000 0010 0000 0010 0000 0BCE
OK	0000 0071 0000 0013 0000 0020 0000 0020 0000 0010 0000 0010 0000 0020 0000 0010 0000 0010 0000 0010 0000 0010 0000 0010 0000 0020 0000 0010 0000 0010 0000 0020 0000 0010 0000 0010 0000 0020 0000 0010 0000 0BBE
Up	0000 0071 0000 0013 0000 0020 0000 0020 0000 0010 0000 0010 0000 0020 0000 0010 0000 0010 0000 0010 0000 0010 0000 0010 0000 0020 0000 0010 0000 0010 0000 0020 0000 0010 0000 0020 0000 0010 0000 0010 0000 0BBE
Down	0000 0071 0000 0011 0000 0020 0000 0020 0000 0010 0000 0010 0000 0030 0000 0010 0000 0010 0000 0010 0000 0010 0000 0020 0000 0010 0000 0010 0000 0020 0000 0010 0000 0020 0000 0010 0000 0BCE
Left	0000 0071 0000 0012 0000 0020 0000 0020 0000 0010 0000 0010 0000 0020 0000 0010 0000 0010 0000 0010 0000 0010 0000 0010 0000 0020 0000 0010 0000 0010 0000 0020 0000 0010 0000 0020 0000 0020 0000 0BBE
Right	0000 0071 0000 0011 0000 0020 0000 0020 0000 0010 0000 0010 0000 0030 0000 0010 0000 0010 0000 0010 0000 0010 0000 0020 0000 0010 0000 0010 0000 0020 0000 0010 0000 0020 0000 0010 0000 0BCE
Repeat	0000 0071 0000 0013 0000 0020 0000 0020 0000 0010 0000 0010 0000 0020 0000 0010 0000 0010 0000 0010 0000 0010 0000 0010 0000 0020 0000 0010 0000 0010 0000 0010 0000 0010 0000 0010 0000 0010 0000 0020 0000 0BCE
Rpt A/B	0000 0073 0000 0012 0000 0020 0000 0020 0000 0010 0000 0010 0000 0030 0000 0010 0000 0010 0000 0010 0000 0010 0000 0020 0000 0010 0000 0010 0000 0010 0000 0010 0000 0010 0000 0020 0000 0010 0000 0BCA
Subtitle	0000 0071 0000 0011 0000 0020 0000 0020 0000 0010 0000 0010 0000 0030 0000 0010 0000 0010 0000 0010 0000 0010 0000 0020 0000 0010 0000 0010 0000 0020 0000 0010 0000 0020 0000 0010 0000 0BCE
Angle	0000 0071 0000 0012 0000 0020 0000 0020 0000 0010 0000 0010 0000 0020 0000 0010 0000 0010 0000 0010 0000 0010 0000 0010 0000 0020 0000 0010 0000 0020 0000 0010 0000 0010 0000 0010 0000 0020 0000 0BCE
T-C	0000 0071 0000 0012 0000 0020 0000 0020 0000 0010 0000 0010 0000 0030 0000 0010 0000 0010 0000 0010 0000 0010 0000 0020 0000 0010 0000 0010 0000 0020 0000 0010 0000 0020 0000 0010 0000 0010 0000 0BBE
Audio	0000 0071 0000 0012 0000 0020 0000 0020 0000 0010 0000 0010 0000 0030 0000 0010 0000 0010 0000 0010 0000 0010 0000 0020 0000 0010 0000 0010 0000 0020 0000 0010 0000 0010 0000 0010 0000 0020 0000 0BBE
Setup	0000 0073 0000 0013 0000 0020 0000 0020 0000 0010 0000 0010 0000 0020 0000 0010 0000 0010 0000 0010 0000 0010 0000 0010 0000 0020 0000 0010 0000 0010 0000 0010 0000 0010 0000 0020 0000 0010 0000 0010 0000 0BCA
Play	0000 0073 0000 0013 0000 0020 0000 0020 0000 0010 0000 0010 0000 0020 0000 0010 0000 0010 0000 0010 0000 0010 0000 0010 0000 0020 0000 0010 0000 0010 0000 0010 0000 0020 0000 0010 0000 0020 0000 0010 0000 0BBA
Stop	0000 0073 0000 0012 0000 0020 0000 0020 0000 0010 0000 0010 0000 0030 0000 0010 0000 0010 0000 0010 0000 0010 0000 0020 0000 0010 0000 0010 0000 0010 0000 0010 0000 0020 0000 0010 0000 0010 0000 0BCA
Pause	0000 0071 0000 0014 0000 0020 0000 0020 0000 0010 0000 0010 0000 0020 0000 0010 0000 0010 0000 0010 0000 0010 0000 0010 0000 0020 0000 0010 0000 0010 0000 0010 0000 0010 0000 0020 0000 0010 0000 0010 0000 0010 0000 0BBE
Rew	0000 0071 0000 0012 0000 0020 0000 0020 0000 0010 0000 0010 0000 0030 0000 0010 0000 0010 0000 0010 0000 0010 0000 0020 0000 0010 0000 0010 0000 0010 0000 0020 0000 0010 0000 0010 0000 0010 0000 0BCE
Ffwd	0000 0071 0000 0014 0000 0020 0000 0020 0000 0010 0000 0010 0000 0020 0000 0010 0000 0010 0000 0010 0000 0010 0000 0010 0000 0020 0000 0010 0000 0010 0000 0010 0000 0020 0000 0010 0000 0010 0000 0010 0000 0010 0000 0BC5
Shuffle	0000 0073 0000 0014 0000 0020 0000 0020 0000 0010 0000 0010 0000 0020 0000 0010 0000 0010 0000 0010 0000 0010 0000 0010 0000 0020 0000 0010 0000 0010 0000 0010 0000 0010 0000 0010 0000 0010 0000 0020 0000 0010 0000 0BBA
