Power	0000 0073 0000 000c 0020 0020 0020 0020 0020 0020 0040 0020 0020 0020 0020 0020 0020 0020 0020 0020 0020 0040 0020 0020 0040 0020 0020 0631
CC	0000 0073 0000 000a 0040 0040 0020 0040 0020 0020 0020 0020 0020 0040 0040 0020 0020 0040 0040 0040 0020 0020 0020 0631
 Ch	0000 0073 0000 000a 0040 0040 0020 0040 0020 0020 0020 0020 0020 0040 0040 0020 0020 0040 0020 0020 0040 0020 0020 0631
Opts	0000 0073 0000 000b 0040 0040 0020 0040 0020 0020 0020 0020 0020 0040 0020 0020 0020 0020 0020 0020 0040 0020 0020 0040 0020 0631
1	0000 0073 0000 000c 0020 0020 0020 0020 0020 0040 0020 0020 0020 0020 0020 0040 0040 0020 0020 0020 0020 0020 0020 0020 0020 0040 0020 0631
2	0000 0073 0000 000b 0020 0020 0020 0020 0020 0040 0020 0020 0020 0020 0020 0040 0040 0020 0020 0020 0020 0020 0020 0040 0040 0631
3	0000 0073 0000 000c 0020 0020 0020 0020 0020 0040 0020 0020 0020 0020 0020 0040 0040 0020 0020 0020 0020 0020 0020 0040 0020 0020 0020 0631
4	0000 0073 0000 000b 0020 0020 0020 0020 0020 0040 0020 0020 0020 0020 0020 0040 0040 0020 0020 0020 0020 0040 0040 0020 0020 0631
5	0000 0073 0000 000b 0020 0020 0020 0020 0020 0040 0020 0020 0020 0020 0020 0040 0040 0020 0020 0020 0020 0040 0040 0040 0020 0631
6	0000 0073 0000 000b 0020 0020 0020 0020 0020 0040 0020 0020 0020 0020 0020 0040 0040 0020 0020 0020 0020 0040 0020 0020 0040 0631
7	0000 0073 0000 000c 0020 0020 0020 0020 0020 0040 0020 0020 0020 0020 0020 0040 0040 0020 0020 0020 0020 0040 0020 0020 0020 0020 0020 0631
8	0000 0073 0000 000b 0020 0020 0020 0020 0020 0040 0020 0020 0020 0020 0020 0040 0040 0020 0020 0040 0040 0020 0020 0020 0020 0631
9	0000 0073 0000 000b 0020 0020 0020 0020 0020 0040 0020 0020 0020 0020 0020 0040 0040 0020 0020 0040 0040 0020 0020 0040 0020 0631
0	0000 0073 0000 000c 0020 0020 0020 0020 0020 0040 0020 0020 0020 0020 0020 0040 0040 0020 0020 0020 0020 0020 0020 0020 0020 0020 0020 0631
Ch+	0000 0073 0000 000c 0020 0020 0020 0020 0020 0040 0020 0020 0020 0020 0020 0040 0020 0020 0040 0020 0020 0020 0020 0020 0020 0020 0020 0631
Ch-	0000 0073 0000 000c 0020 0020 0020 0020 0020 0040 0020 0020 0020 0020 0020 0040 0020 0020 0040 0020 0020 0020 0020 0020 0020 0040 0020 0631
Guide	0000 0073 0000 000b 0040 0040 0020 0040 0020 0020 0020 0040 0020 0020 0020 0020 0020 0020 0020 0020 0040 0020 0020 0020 0020 0631
Jump	0000 0073 0000 000b 0020 0020 0020 0020 0020 0040 0020 0020 0020 0020 0020 0040 0020 0020 0040 0020 0020 0020 0020 0040 0040 0631
Menu	0000 0073 0000 000d 0020 0020 0020 0020 0020 0020 0040 0020 0020 0020 0020 0020 0020 0020 0020 0020 0020 0040 0020 0020 0020 0020 0020 0020 0020 0631
Up	0000 0070 0000 000b 0042 0040 0021 0020 0042 0020 0021 0020 0021 0020 0021 0020 0021 0041 0042 0020 0021 0020 0021 0020 0021 0cdf
Down	0000 0070 0000 000b 0042 0020 0021 0041 0042 0020 0021 0020 0021 0020 0021 0020 0021 0041 0042 0020 0021 0020 0021 0041 0021 0cbe
Left	0000 0070 0000 000a 0042 0040 0021 0020 0042 0020 0021 0020 0021 0020 0021 0020 0021 0041 0042 0040 0042 0040 0021 0cbe
Right	0000 0070 0000 000a 0042 0020 0021 0041 0042 0020 0021 0020 0021 0020 0021 0020 0021 0041 0042 0040 0021 0020 0042 0cdf
Size	0000 0073 0000 000b 0040 0040 0020 0040 0020 0020 0020 0040 0020 0020 0020 0020 0020 0020 0020 0020 0040 0020 0020 0040 0020 0631
