FM	0000 0070 0000 000b 0021 0020 0021 0020 0021 0020 0042 0020 0021 0020 0021 0041 0021 0020 0042 0040 0021 0020 0042 0040 0021 0cc1
AM	0000 0070 0000 000b 0021 0020 0021 0020 0021 0020 0042 0020 0021 0020 0021 0041 0021 0020 0042 0040 0021 0020 0021 0020 0042 0ce1
LW	0000 0070 0000 000c 0021 0020 0021 0020 0021 0020 0042 0020 0021 0020 0021 0041 0021 0020 0042 0040 0021 0020 0021 0020 0021 0020 0021 0cc1
Band	0000 0070 0000 000d 0021 0020 0021 0020 0021 0020 0042 0020 0021 0020 0021 0041 0021 0020 0021 0020 0021 0020 0021 0020 0021 0020 0021 0020 0021 0cc1
Menu	0000 0073 0000 000d 0020 0020 0020 0020 0020 0020 0040 0020 0020 0020 0020 0020 0020 0020 0020 0020 0020 0040 0020 0020 0020 0020 0020 0020 0020 0631
Size	0000 0073 0000 000b 0040 0040 0020 0040 0020 0020 0020 0040 0020 0020 0020 0020 0020 0020 0020 0020 0040 0020 0020 0040 0020 0631
Mode	0000 0073 0000 000b 0020 0020 0020 0020 0020 0020 0040 0020 0020 0020 0020 0040 0020 0020 0040 0020 0020 0040 0040 0040 0020 0631
P-Scn	0000 0070 0000 000b 0021 0020 0021 0020 0021 0020 0042 0020 0021 0020 0021 0041 0021 0020 0042 0040 0042 0040 0021 0020 0021 0cbf
1	0000 0070 0000 000c 0021 0020 0021 0020 0021 0020 0042 0020 0021 0020 0021 0041 0042 0020 0021 0020 0021 0020 0021 0020 0021 0041 0021 0cbe
2	0000 0070 0000 000b 0021 0020 0021 0020 0021 0020 0042 0020 0021 0020 0021 0041 0042 0020 0021 0020 0021 0020 0021 0041 0042 0cdf
3	0000 0070 0000 000c 0021 0020 0021 0020 0021 0020 0042 0020 0021 0020 0021 0041 0042 0020 0021 0020 0021 0020 0021 0041 0021 0020 0021 0cbf
4	0000 0070 0000 000b 0021 0020 0021 0020 0021 0020 0042 0020 0021 0020 0021 0041 0042 0020 0021 0020 0021 0041 0042 0020 0021 0cdf
5	0000 0070 0000 000b 0021 0020 0021 0020 0021 0020 0042 0020 0021 0020 0021 0041 0042 0020 0021 0020 0021 0041 0042 0040 0021 0cbe
6	0000 0070 0000 000b 0021 0020 0021 0020 0021 0020 0042 0020 0021 0020 0021 0041 0042 0020 0021 0020 0021 0041 0021 0020 0042 0cdf
7	0000 0070 0000 000c 0021 0020 0021 0020 0021 0020 0042 0020 0021 0020 0021 0041 0042 0020 0021 0020 0021 0041 0021 0020 0021 0020 0021 0cbf
8	0000 0070 0000 000b 0021 0020 0021 0020 0021 0020 0042 0020 0021 0020 0021 0041 0042 0020 0021 0041 0042 0020 0021 0020 0021 0cdf
9	0000 0070 0000 000b 0021 0020 0021 0020 0021 0020 0042 0020 0021 0020 0021 0041 0042 0020 0021 0041 0042 0020 0021 0041 0021 0cbe
0	0000 0070 0000 000c 0021 0020 0021 0020 0021 0020 0042 0020 0021 0020 0021 0041 0042 0020 0021 0020 0021 0020 0021 0020 0021 0020 0021 0cdf
