Source Select	0000 0070 0000 0015 0060 0021 0010 0021 0010 0010 0010 0010 0010 0021 0021 0010 0010 0010 0010 0010 0010 0010 0010 0010 0010 0010 0010 0010 0010 0010 0010 0010 0010 0010 0021 0010 0010 0010 0010 0021 0010 0010 0010 0010 0010 0bd3
Power	0000 0070 0000 0014 0060 0021 0010 0021 0010 0010 0010 0010 0030 0030 0010 0010 0010 0010 0010 0010 0010 0010 0010 0010 0010 0010 0010 0010 0010 0010 0010 0010 0010 0010 0010 0010 0021 0010 0010 0021 0010 0010 0010 0be5
Info	0000 0070 0000 0012 0060 0021 0010 0021 0010 0010 0010 0010 0030 0030 0010 0010 0010 0010 0010 0010 0010 0010 0010 0010 0010 0010 0010 0010 0021 0010 0010 0010 0010 0010 0010 0021 0021 0021 0021 0be3
Pictire Mute	0000 0070 0000 0014 0060 0021 0010 0021 0010 0010 0010 0010 0010 0021 0021 0010 0010 0010 0010 0010 0010 0010 0010 0010 0010 0010 0010 0010 0010 0010 0010 0010 0021 0021 0010 0010 0021 0010 0010 0010 0010 0021 0010 0be5
Expand Picture	0000 0070 0000 0012 0060 0021 0010 0021 0010 0010 0010 0010 0030 0030 0010 0010 0010 0010 0010 0010 0010 0010 0010 0010 0010 0010 0010 0010 0010 0010 0021 0021 0021 0021 0010 0010 0021 0010 0010 0be3
Natural Motion	0000 0070 0000 0015 0060 0021 0010 0021 0010 0010 0010 0010 0010 0021 0021 0010 0010 0010 0010 0010 0010 0010 0010 0010 0010 0010 0010 0010 0010 0010 0010 0010 0021 0010 0010 0010 0010 0021 0010 0010 0010 0010 0010 0010 0010 0be5
DNR	0000 0070 0000 0013 0060 0021 0010 0021 0010 0010 0010 0010 0030 0030 0010 0010 0010 0010 0010 0010 0010 0010 0010 0010 0010 0010 0010 0010 0010 0010 0021 0010 0010 0021 0021 0010 0010 0010 0010 0021 0010 0bd3
VCR Prog	0000 0070 0000 0013 0060 0021 0010 0021 0010 0010 0010 0010 0010 0021 0021 0010 0010 0010 0010 0010 0010 0010 0010 0010 0010 0010 0010 0010 0010 0010 0010 0010 0021 0010 0010 0021 0021 0010 0010 0021 0021 0be3
Exit	0000 0070 0000 0013 0060 0021 0010 0021 0010 0010 0010 0010 0030 0030 0010 0010 0010 0010 0010 0010 0010 0010 0010 0010 0010 0010 0010 0010 0010 0010 0021 0010 0010 0010 0010 0021 0010 0010 0010 0010 0021 0be3
Info+	0000 0070 0000 0015 0060 0021 0010 0021 0010 0010 0010 0010 0010 0021 0021 0010 0010 0010 0010 0010 0010 0010 0010 0010 0010 0010 0010 0010 0010 0010 0010 0010 0010 0010 0010 0010 0010 0010 0021 0010 0010 0010 0010 0010 0010 0be3
Decrease Picture	0000 0070 0000 0013 0060 0021 0010 0021 0010 0010 0010 0010 0030 0030 0010 0010 0010 0010 0010 0010 0010 0010 0010 0010 0010 0010 0010 0010 0010 0010 0021 0010 0010 0021 0010 0010 0021 0010 0010 0010 0010 0be3
CC	0000 0070 0000 0014 0060 0021 0010 0021 0010 0010 0010 0010 0010 0021 0021 0010 0010 0010 0010 0010 0010 0010 0010 0010 0010 0010 0010 0010 0010 0010 0021 0010 0010 0021 0010 0010 0021 0010 0010 0021 0010 0010 0010 0be5
Up	0000 0070 0000 0013 0060 0021 0010 0021 0010 0010 0010 0010 0030 0030 0010 0010 0010 0010 0010 0010 0010 0010 0010 0010 0010 0010 0010 0010 0010 0010 0021 0021 0021 0010 0010 0021 0010 0010 0010 0010 0010 0bd3
Left	0000 0070 0000 0013 0060 0021 0010 0021 0010 0010 0010 0010 0010 0021 0021 0010 0010 0010 0010 0010 0010 0010 0010 0010 0010 0010 0010 0010 0010 0010 0010 0010 0021 0021 0021 0010 0010 0021 0021 0021 0010 0bd3
Right	0000 0070 0000 0012 0060 0021 0010 0021 0010 0010 0010 0010 0030 0030 0010 0010 0010 0010 0010 0010 0010 0010 0010 0010 0010 0010 0010 0010 0010 0010 0021 0021 0021 0010 0010 0021 0021 0010 0010 0be3
Down	0000 0070 0000 0013 0060 0021 0010 0021 0010 0010 0010 0010 0010 0021 0021 0010 0010 0010 0010 0010 0010 0010 0010 0010 0010 0010 0010 0010 0010 0010 0010 0010 0021 0021 0021 0010 0010 0021 0010 0010 0021 0be3
Enter	0000 0070 0000 0013 0060 0021 0010 0021 0010 0010 0010 0010 0030 0030 0010 0010 0010 0010 0010 0010 0010 0010 0010 0010 0010 0010 0010 0010 0010 0010 0021 0021 0021 0010 0010 0010 0010 0021 0010 0010 0010 0be5
Menu	0000 0070 0000 0013 0060 0021 0010 0021 0010 0010 0010 0010 0010 0021 0021 0010 0010 0010 0010 0010 0010 0010 0010 0010 0010 0010 0010 0010 0010 0010 0010 0010 0021 0021 0021 0021 0021 0021 0010 0010 0010 0be5
Vol+	0000 0070 0000 0014 0060 0021 0010 0021 0010 0010 0010 0010 0030 0030 0010 0010 0010 0010 0010 0010 0010 0010 0010 0010 0010 0010 0010 0010 0010 0010 0010 0010 0010 0010 0021 0021 0010 0010 0010 0010 0010 0010 0010 0bd3
Vol-	0000 0070 0000 0014 0060 0021 0010 0021 0010 0010 0010 0010 0010 0021 0021 0010 0010 0010 0010 0010 0010 0010 0010 0010 0010 0010 0010 0010 0010 0010 0010 0010 0010 0010 0010 0010 0021 0021 0010 0010 0010 0010 0021 0be3
Mute	0000 0070 0000 0013 0060 0021 0010 0021 0010 0010 0010 0010 0030 0030 0010 0010 0010 0010 0010 0010 0010 0010 0010 0010 0010 0010 0010 0010 0010 0010 0010 0010 0010 0010 0010 0010 0021 0010 0010 0021 0021 0be3
Ch+	0000 0070 0000 0015 0060 0021 0010 0021 0010 0010 0010 0010 0010 0021 0021 0010 0010 0010 0010 0010 0010 0010 0010 0010 0010 0010 0010 0010 0010 0010 0010 0010 0010 0010 0010 0010 0021 0010 0010 0010 0010 0010 0010 0021 0010 0bd3
Ch-	0000 0070 0000 0014 0060 0021 0010 0021 0010 0010 0010 0010 0030 0030 0010 0010 0010 0010 0010 0010 0010 0010 0010 0010 0010 0010 0010 0010 0010 0010 0010 0010 0010 0010 0021 0010 0010 0010 0010 0010 0010 0010 0010 0be3
1	0000 0070 0000 0015 0060 0021 0010 0021 0010 0010 0010 0010 0010 0021 0021 0010 0010 0010 0010 0010 0010 0010 0010 0010 0010 0010 0010 0010 0010 0010 0010 0010 0010 0010 0010 0010 0010 0010 0010 0010 0010 0010 0010 0010 0021 0bf6
2	0000 0070 0000 0014 0060 0021 0010 0021 0010 0010 0010 0010 0030 0030 0010 0010 0010 0010 0010 0010 0010 0010 0010 0010 0010 0010 0010 0010 0010 0010 0010 0010 0010 0010 0010 0010 0010 0010 0010 0010 0021 0021 0010 0bd3
3	0000 0070 0000 0015 0060 0021 0010 0021 0010 0010 0010 0010 0010 0021 0021 0010 0010 0010 0010 0010 0010 0010 0010 0010 0010 0010 0010 0010 0010 0010 0010 0010 0010 0010 0010 0010 0010 0010 0010 0010 0010 0010 0021 0010 0010 0be3
4	0000 0070 0000 0014 0060 0021 0010 0021 0010 0010 0010 0010 0030 0030 0010 0010 0010 0010 0010 0010 0010 0010 0010 0010 0010 0010 0010 0010 0010 0010 0010 0010 0010 0010 0010 0010 0010 0010 0021 0021 0010 0010 0010 0bd3
5	0000 0070 0000 0014 0060 0021 0010 0021 0010 0010 0010 0010 0010 0021 0021 0010 0010 0010 0010 0010 0010 0010 0010 0010 0010 0010 0010 0010 0010 0010 0010 0010 0010 0010 0010 0010 0010 0010 0010 0010 0021 0021 0021 0be3
6	0000 0070 0000 0014 0060 0021 0010 0021 0010 0010 0010 0010 0030 0030 0010 0010 0010 0010 0010 0010 0010 0010 0010 0010 0010 0010 0010 0010 0010 0010 0010 0010 0010 0010 0010 0010 0010 0010 0021 0010 0010 0021 0010 0bd3
7	0000 0070 0000 0015 0060 0021 0010 0021 0010 0010 0010 0010 0010 0021 0021 0010 0010 0010 0010 0010 0010 0010 0010 0010 0010 0010 0010 0010 0010 0010 0010 0010 0010 0010 0010 0010 0010 0010 0010 0010 0021 0010 0010 0010 0010 0be3
8	0000 0070 0000 0014 0060 0021 0010 0021 0010 0010 0010 0010 0030 0030 0010 0010 0010 0010 0010 0010 0010 0010 0010 0010 0010 0010 0010 0010 0010 0010 0010 0010 0010 0010 0010 0010 0021 0021 0010 0010 0010 0010 0010 0bd3
9	0000 0070 0000 0014 0060 0021 0010 0021 0010 0010 0010 0010 0010 0021 0021 0010 0010 0010 0010 0010 0010 0010 0010 0010 0010 0010 0010 0010 0010 0010 0010 0010 0010 0010 0010 0010 0010 0010 0021 0021 0010 0010 0021 0be3
0	0000 0070 0000 0015 0060 0021 0010 0021 0010 0010 0010 0010 0030 0030 0010 0010 0010 0010 0010 0010 0010 0010 0010 0010 0010 0010 0010 0010 0010 0010 0010 0010 0010 0010 0010 0010 0010 0010 0010 0010 0010 0010 0010 0010 0010 0be5
Surf	0000 0070 0000 0014 0060 0021 0010 0021 0010 0010 0010 0010 0010 0021 0021 0010 0010 0010 0010 0010 0010 0010 0010 0010 0010 0010 0010 0010 0010 0010 0010 0010 0010 0010 0010 0010 0010 0010 0021 0021 0021 0021 0010 0bd3
Period	0000 0070 0000 0012 0060 0021 0010 0021 0010 0010 0010 0010 0030 0030 0010 0010 0010 0010 0010 0010 0010 0010 0010 0010 0010 0010 0010 0010 0021 0010 0010 0021 0021 0010 0010 0021 0010 0010 0021 0be3
Sound	0000 0070 0000 0014 0060 0021 0010 0021 0010 0010 0010 0010 0010 0021 0021 0010 0010 0010 0010 0010 0010 0010 0010 0010 0010 0010 0010 0010 0010 0010 0021 0010 0010 0010 0010 0010 0010 0021 0021 0021 0010 0010 0010 0bd3
Active Control	0000 0070 0000 0012 0060 0021 0010 0021 0010 0010 0010 0010 0030 0030 0010 0010 0010 0010 0010 0010 0010 0010 0010 0010 0010 0010 0010 0010 0021 0021 0010 0010 0021 0021 0021 0010 0010 0021 0010 0bd3
Picture	0000 0070 0000 0014 0060 0021 0010 0021 0010 0010 0010 0010 0010 0021 0021 0010 0010 0010 0010 0010 0010 0010 0010 0010 0010 0010 0010 0010 0010 0010 0021 0010 0010 0010 0010 0010 0010 0021 0010 0010 0021 0010 0010 0be3
Previous	0000 0070 0000 0012 0060 0021 0010 0021 0010 0010 0010 0010 0030 0030 0010 0010 0010 0010 0010 0010 0010 0010 0010 0010 0010 0010 0010 0010 0010 0010 0021 0021 0021 0010 0010 0010 0010 0021 0021 0be3
Split Screen	0000 0070 0000 0014 0060 0021 0010 0021 0010 0010 0010 0010 0010 0021 0021 0010 0010 0010 0010 0010 0010 0010 0010 0010 0010 0010 0010 0010 0010 0010 0010 0010 0021 0010 0010 0021 0010 0010 0010 0010 0021 0010 0010 0be3
Manuever	0000 0070 0000 0013 0060 0021 0010 0021 0010 0010 0010 0010 0030 0030 0010 0010 0010 0010 0010 0010 0010 0010 0010 0010 0010 0010 0010 0010 0010 0010 0021 0010 0010 0021 0010 0010 0021 0010 0010 0021 0010 0bd3
Zoom	0000 0070 0000 0014 0060 0021 0010 0021 0010 0010 0010 0010 0010 0021 0021 0010 0010 0010 0010 0010 0010 0010 0010 0010 0010 0010 0010 0010 0010 0010 0021 0010 0010 0010 0010 0010 0010 0021 0021 0010 0010 0010 0010 0bf6
Clock	0000 0070 0000 0014 0060 0021 0010 0021 0010 0010 0010 0010 0010 0021 0021 0010 0010 0010 0010 0010 0010 0010 0010 0010 0010 0010 0010 0010 0010 0010 0010 0010 0021 0021 0010 0010 0010 0010 0021 0010 0010 0010 0010 0be3
