Pictu Menu	0000 0073 0000 000b 0040 0020 0020 0020 0020 0020 0020 0020 0020 0020 0020 0020 0020 0040 0040 0040 0040 0020 0020 0040 0020 0ca0
Sound Menu	0000 0073 0000 000d 0040 0020 0020 0020 0020 0020 0020 0020 0020 0020 0020 0020 0020 0020 0020 0020 0020 0040 0020 0020 0020 0020 0020 0020 0020 0ca0
Feature Menu	0000 0073 0000 000c 0040 0020 0020 0020 0020 0020 0020 0020 0020 0020 0020 0020 0020 0040 0020 0020 0040 0040 0020 0020 0020 0020 0020 0ca0
Up	0000 0073 0000 000c 0040 0020 0020 0020 0020 0020 0020 0020 0020 0020 0020 0020 0020 0020 0020 0040 0040 0020 0020 0020 0020 0020 0020 0cc0
Down	0000 0073 0000 000c 0040 0020 0020 0020 0020 0020 0020 0020 0020 0020 0020 0020 0020 0020 0020 0040 0040 0020 0020 0020 0020 0040 0020 0ca0
Left	0000 0073 0000 000b 0040 0020 0020 0020 0020 0020 0020 0020 0020 0020 0020 0020 0020 0020 0020 0040 0040 0040 0040 0040 0020 0ca0
Right	0000 0073 0000 000b 0040 0020 0020 0020 0020 0020 0020 0020 0020 0020 0020 0020 0020 0020 0020 0040 0040 0040 0020 0020 0040 0cc0
OK	0000 0073 0000 000c 0040 0020 0020 0020 0020 0020 0020 0020 0020 0020 0020 0020 0020 0020 0020 0040 0040 0040 0020 0020 0020 0020 0020 0ca0
Power	0000 0073 0000 000c 0020 0020 0040 0020 0020 0020 0020 0020 0020 0020 0020 0020 0020 0020 0020 0020 0020 0040 0020 0020 0040 0020 0020 0cc0
Video	0000 0073 0000 000c 0020 0020 0040 0020 0020 0020 0020 0020 0020 0020 0020 0020 0020 0040 0020 0020 0020 0020 0040 0020 0020 0020 0020 0cc0
Vol+	0000 0073 0000 000c 0020 0020 0040 0020 0020 0020 0020 0020 0020 0020 0020 0020 0020 0020 0020 0040 0040 0020 0020 0020 0020 0020 0020 0cc0
Vol-	0000 0073 0000 000c 0020 0020 0040 0020 0020 0020 0020 0020 0020 0020 0020 0020 0020 0020 0020 0040 0040 0020 0020 0020 0020 0040 0020 0ca0
Mute	0000 0073 0000 000c 0020 0020 0040 0020 0020 0020 0020 0020 0020 0020 0020 0020 0020 0020 0020 0020 0020 0040 0020 0020 0040 0040 0020 0ca0
Ch+	0000 0073 0000 000c 0020 0020 0040 0020 0020 0020 0020 0020 0020 0020 0020 0020 0020 0040 0040 0020 0020 0020 0020 0020 0020 0020 0020 0cc0
Ch-	0000 0073 0000 000c 0020 0020 0040 0020 0020 0020 0020 0020 0020 0020 0020 0020 0020 0040 0040 0020 0020 0020 0020 0020 0020 0040 0020 0ca0
Squeeze Pic	0000 0073 0000 000c 0040 0020 0020 0020 0020 0020 0020 0020 0020 0020 0020 0020 0020 0040 0020 0020 0020 0020 0020 0020 0020 0020 0040 0cc0
Ster/Mono/sap	0000 0073 0000 000c 0020 0020 0040 0020 0020 0020 0020 0020 0020 0020 0020 0020 0020 0040 0040 0020 0020 0020 0020 0040 0020 0020 0020 0ca0
Incr Sound	0000 0073 0000 000b 0020 0020 0040 0020 0020 0020 0020 0020 0020 0020 0020 0020 0020 0040 0040 0020 0020 0040 0040 0020 0020 0cc0
Sle Timer	0000 0073 0000 000b 0020 0020 0040 0020 0020 0020 0020 0020 0020 0020 0020 0020 0020 0040 0040 0020 0020 0040 0020 0020 0040 0cc0
1	0000 0073 0000 000d 0020 0020 0040 0020 0020 0020 0020 0020 0020 0020 0020 0020 0020 0020 0020 0020 0020 0020 0020 0020 0020 0020 0020 0040 0020 0ca0
2	0000 0073 0000 000c 0020 0020 0040 0020 0020 0020 0020 0020 0020 0020 0020 0020 0020 0020 0020 0020 0020 0020 0020 0020 0020 0040 0040 0cc0
3	0000 0073 0000 000d 0020 0020 0040 0020 0020 0020 0020 0020 0020 0020 0020 0020 0020 0020 0020 0020 0020 0020 0020 0020 0020 0040 0020 0020 0020 0ca0
4	0000 0073 0000 000c 0020 0020 0040 0020 0020 0020 0020 0020 0020 0020 0020 0020 0020 0020 0020 0020 0020 0020 0020 0040 0040 0020 0020 0cc0
5	0000 0073 0000 000c 0020 0020 0040 0020 0020 0020 0020 0020 0020 0020 0020 0020 0020 0020 0020 0020 0020 0020 0020 0040 0040 0040 0020 0ca0
6	0000 0073 0000 000c 0020 0020 0040 0020 0020 0020 0020 0020 0020 0020 0020 0020 0020 0020 0020 0020 0020 0020 0020 0040 0020 0020 0040 0cc0
7	0000 0073 0000 000d 0020 0020 0040 0020 0020 0020 0020 0020 0020 0020 0020 0020 0020 0020 0020 0020 0020 0020 0020 0040 0020 0020 0020 0020 0020 0ca0
8	0000 0073 0000 000c 0020 0020 0040 0020 0020 0020 0020 0020 0020 0020 0020 0020 0020 0020 0020 0020 0020 0040 0040 0020 0020 0020 0020 0cc0
9	0000 0073 0000 000c 0020 0020 0040 0020 0020 0020 0020 0020 0020 0020 0020 0020 0020 0020 0020 0020 0020 0040 0040 0020 0020 0040 0020 0ca0
0	0000 0073 0000 000d 0020 0020 0040 0020 0020 0020 0020 0020 0020 0020 0020 0020 0020 0020 0020 0020 0020 0020 0020 0020 0020 0020 0020 0020 0020 0cc0
OSD	0000 0073 0000 000d 0020 0020 0040 0020 0020 0020 0020 0020 0020 0020 0020 0020 0020 0020 0020 0020 0020 0040 0020 0020 0020 0020 0020 0020 0020 0ca0
A/Ch	0000 0073 0000 000b 0020 0020 0040 0020 0020 0020 0020 0020 0020 0020 0020 0020 0020 0040 0040 0020 0020 0020 0020 0040 0040 0cc0
Sma Picture	0000 0073 0000 000a 0020 0020 0040 0020 0020 0020 0020 0020 0020 0040 0020 0020 0040 0020 0020 0040 0040 0040 0040 0cc0
Sma Sound	0000 0073 0000 000b 0020 0020 0040 0020 0020 0020 0020 0020 0020 0040 0020 0020 0040 0020 0020 0040 0040 0040 0020 0020 0020 0ca0
P On/Off	0000 0073 0000 000c 0040 0020 0020 0020 0020 0020 0020 0020 0020 0020 0020 0020 0020 0020 0020 0040 0020 0020 0040 0020 0020 0020 0020 0cc0
P Source	0000 0073 0000 000d 0040 0020 0020 0020 0020 0020 0020 0020 0020 0020 0020 0020 0020 0020 0020 0040 0020 0020 0020 0020 0020 0020 0020 0020 0020 0ca0
P Position	0000 0073 0000 000c 0040 0020 0020 0020 0020 0020 0020 0020 0020 0020 0020 0020 0020 0020 0020 0040 0020 0020 0040 0020 0020 0040 0020 0ca0
P Still	0000 0073 0000 000b 0040 0020 0020 0020 0020 0020 0020 0020 0020 0020 0020 0020 0020 0040 0040 0020 0020 0040 0040 0040 0020 0ca0
P Swap	0000 0073 0000 000b 0040 0020 0020 0020 0020 0020 0020 0020 0020 0020 0020 0020 0020 0020 0020 0040 0020 0020 0040 0040 0040 0cc0
P Program+	0000 0073 0000 000b 0040 0020 0020 0020 0020 0020 0020 0020 0020 0020 0020 0020 0020 0040 0040 0020 0020 0040 0020 0020 0040 0cc0
P Program-	0000 0073 0000 000c 0040 0020 0020 0020 0020 0020 0020 0020 0020 0020 0020 0020 0020 0040 0040 0020 0020 0040 0020 0020 0020 0020 0020 0ca0
P Scan	0000 0073 0000 000b 0020 0020 0040 0020 0020 0020 0020 0020 0020 0020 0020 0020 0020 0040 0040 0040 0040 0040 0020 0020 0020 0ca0
P Ccd	0000 0073 0000 000b 0020 0020 0040 0020 0020 0020 0020 0020 0020 0020 0020 0020 0020 0040 0020 0020 0020 0020 0040 0040 0040 0cc0
Freeze Pic	0000 0073 0000 000c 0040 0020 0020 0020 0020 0020 0020 0020 0020 0020 0020 0020 0020 0020 0020 0040 0020 0020 0020 0020 0040 0040 0020 0ca0
DNR	0000 0073 0000 000c 0040 0020 0020 0020 0020 0020 0020 0020 0020 0020 0020 0020 0020 0040 0040 0020 0020 0020 0020 0020 0020 0040 0020 0ca0
Left OF IP	0000 0073 0000 000c 0040 0020 0020 0020 0020 0020 0020 0020 0020 0020 0020 0020 0020 0020 0020 0040 0020 0020 0020 0020 0020 0020 0040 0cc0
Incred Pic	0000 0073 0000 000c 0020 0020 0040 0020 0020 0020 0020 0020 0020 0020 0020 0020 0020 0040 0020 0020 0020 0020 0020 0020 0020 0020 0040 0cc0
Right OF IP	0000 0073 0000 000b 0040 0020 0020 0020 0020 0020 0020 0020 0020 0020 0020 0020 0020 0040 0020 0020 0040 0040 0040 0040 0020 0ca0
VCR Stop	0000 0073 0000 000a 0020 0020 0040 0020 0020 0020 0020 0040 0040 0040 0020 0020 0020 0020 0040 0040 0020 0020 0040 0cc0
VCR Rew	0000 0073 0000 000a 0020 0020 0040 0020 0020 0020 0020 0040 0040 0040 0020 0020 0020 0020 0040 0020 0020 0040 0040 0cc0
VCR Rec	0000 0073 0000 000b 0020 0020 0040 0020 0020 0020 0020 0040 0040 0040 0020 0020 0020 0020 0040 0040 0020 0020 0020 0020 0020 0ca0
VCR Ffwd	0000 0073 0000 000a 0020 0020 0040 0020 0020 0020 0020 0040 0040 0040 0020 0020 0020 0020 0040 0040 0040 0020 0020 0cc0
VCR Play	0000 0073 0000 000a 0020 0020 0040 0020 0020 0020 0020 0040 0040 0040 0020 0020 0020 0020 0040 0040 0040 0040 0020 0ca0
