Power	0000 0048 0000 0018 00c0 00c0 0031 0031 0031 0090 0031 0031 0031 0031 0031 0031 0031 0031 0031 0031 0031 0031 0031 0031 0031 0031 0031 0090 0031 0090 0031 0031 0031 0090 0031 0090 0031 0090 0031 0090 0031 0090 0031 0090 0031 0090 0031 0090 0031 0031 0031 0872
Tim Rec	0000 0048 0000 0018 00c0 00c0 0031 0031 0031 0090 0031 0031 0031 0031 0031 0031 0031 0031 0031 0090 0031 0090 0031 0031 0031 0090 0031 0090 0031 0090 0031 0031 0031 0090 0031 0090 0031 0090 0031 0090 0031 0031 0031 0031 0031 0090 0031 0031 0031 0031 0031 0872
VCR/TV	0000 0048 0000 0018 00c0 00c0 0031 0031 0031 0090 0031 0031 0031 0031 0031 0031 0031 0031 0031 0090 0031 0031 0031 0090 0031 0031 0031 0090 0031 0090 0031 0031 0031 0090 0031 0090 0031 0090 0031 0090 0031 0031 0031 0090 0031 0031 0031 0090 0031 0031 0031 0872
Memory/Search Lock	0000 0048 0000 0018 00c0 00c0 0031 0031 0031 0090 0031 0031 0031 0031 0031 0031 0031 0031 0031 0090 0031 0031 0031 0031 0031 0090 0031 0090 0031 0090 0031 0031 0031 0090 0031 0090 0031 0090 0031 0090 0031 0031 0031 0090 0031 0090 0031 0031 0031 0031 0031 0872
Reset	0000 0048 0000 0018 00c0 00c0 0031 0031 0031 0090 0031 0031 0031 0031 0031 0031 0031 0090 0031 0090 0031 0031 0031 0031 0031 0090 0031 0090 0031 0090 0031 0031 0031 0090 0031 0090 0031 0090 0031 0031 0031 0031 0031 0090 0031 0090 0031 0031 0031 0031 0031 0872
Check Prog	0000 0048 0000 0018 00c0 00c0 0031 0090 0031 0090 0031 0031 0031 0031 0031 0031 0031 0031 0031 0031 0031 0090 0031 0090 0031 0031 0031 0090 0031 0031 0031 0031 0031 0090 0031 0090 0031 0090 0031 0090 0031 0090 0031 0031 0031 0031 0031 0090 0031 0031 0031 0872
Next	0000 0048 0000 0018 00c0 00c0 0031 0090 0031 0090 0031 0031 0031 0031 0031 0031 0031 0031 0031 0090 0031 0031 0031 0090 0031 0090 0031 0090 0031 0031 0031 0031 0031 0090 0031 0090 0031 0090 0031 0090 0031 0031 0031 0090 0031 0031 0031 0031 0031 0031 0031 0872
1	0000 0048 0000 0018 00c0 00c0 0031 0031 0031 0090 0031 0031 0031 0031 0031 0031 0031 0031 0031 0031 0031 0031 0031 0031 0031 0090 0031 0031 0031 0090 0031 0031 0031 0090 0031 0090 0031 0090 0031 0090 0031 0090 0031 0090 0031 0090 0031 0031 0031 0090 0031 0872
2	0000 0048 0000 0018 00c0 00c0 0031 0031 0031 0090 0031 0031 0031 0031 0031 0031 0031 0090 0031 0031 0031 0031 0031 0031 0031 0090 0031 0031 0031 0090 0031 0031 0031 0090 0031 0090 0031 0090 0031 0031 0031 0090 0031 0090 0031 0090 0031 0031 0031 0090 0031 0872
3	0000 0048 0000 0018 00c0 00c0 0031 0031 0031 0090 0031 0031 0031 0031 0031 0031 0031 0031 0031 0090 0031 0031 0031 0031 0031 0090 0031 0031 0031 0090 0031 0031 0031 0090 0031 0090 0031 0090 0031 0090 0031 0031 0031 0090 0031 0090 0031 0031 0031 0090 0031 0872
4	0000 0048 0000 0018 00c0 00c0 0031 0031 0031 0090 0031 0031 0031 0031 0031 0031 0031 0090 0031 0090 0031 0031 0031 0031 0031 0090 0031 0031 0031 0090 0031 0031 0031 0090 0031 0090 0031 0090 0031 0031 0031 0031 0031 0090 0031 0090 0031 0031 0031 0090 0031 0872
5	0000 0048 0000 0018 00c0 00c0 0031 0031 0031 0090 0031 0031 0031 0031 0031 0031 0031 0031 0031 0031 0031 0090 0031 0031 0031 0090 0031 0031 0031 0090 0031 0031 0031 0090 0031 0090 0031 0090 0031 0090 0031 0090 0031 0031 0031 0090 0031 0031 0031 0090 0031 0872
6	0000 0048 0000 0018 00c0 00c0 0031 0031 0031 0090 0031 0031 0031 0031 0031 0031 0031 0090 0031 0031 0031 0090 0031 0031 0031 0090 0031 0031 0031 0090 0031 0031 0031 0090 0031 0090 0031 0090 0031 0031 0031 0090 0031 0031 0031 0090 0031 0031 0031 0090 0031 0872
7	0000 0048 0000 0018 00c0 00c0 0031 0031 0031 0090 0031 0031 0031 0031 0031 0031 0031 0031 0031 0090 0031 0090 0031 0031 0031 0090 0031 0031 0031 0090 0031 0031 0031 0090 0031 0090 0031 0090 0031 0090 0031 0031 0031 0031 0031 0090 0031 0031 0031 0090 0031 0872
8	0000 0048 0000 0018 00c0 00c0 0031 0031 0031 0090 0031 0031 0031 0031 0031 0031 0031 0090 0031 0090 0031 0090 0031 0031 0031 0090 0031 0031 0031 0090 0031 0031 0031 0090 0031 0090 0031 0090 0031 0031 0031 0031 0031 0031 0031 0090 0031 0031 0031 0090 0031 0872
9	0000 0048 0000 0018 00c0 00c0 0031 0031 0031 0090 0031 0031 0031 0031 0031 0031 0031 0031 0031 0031 0031 0031 0031 0090 0031 0090 0031 0031 0031 0090 0031 0031 0031 0090 0031 0090 0031 0090 0031 0090 0031 0090 0031 0090 0031 0031 0031 0031 0031 0090 0031 0872
0	0000 0048 0000 0018 00c0 00c0 0031 0031 0031 0090 0031 0031 0031 0031 0031 0031 0031 0090 0031 0031 0031 0031 0031 0090 0031 0090 0031 0031 0031 0090 0031 0031 0031 0090 0031 0090 0031 0090 0031 0031 0031 0090 0031 0090 0031 0031 0031 0031 0031 0090 0031 0872
Set-	0000 0048 0000 0018 00c0 00c0 0031 0090 0031 0090 0031 0031 0031 0031 0031 0031 0031 0031 0031 0031 0031 0090 0031 0031 0031 0031 0031 0090 0031 0031 0031 0031 0031 0090 0031 0090 0031 0090 0031 0090 0031 0090 0031 0031 0031 0090 0031 0090 0031 0031 0031 0872
Set+	0000 0048 0000 0018 00c0 00c0 0031 0090 0031 0090 0031 0031 0031 0031 0031 0031 0031 0090 0031 0031 0031 0090 0031 0031 0031 0031 0031 0090 0031 0031 0031 0031 0031 0090 0031 0090 0031 0090 0031 0031 0031 0090 0031 0031 0031 0090 0031 0090 0031 0031 0031 0872
Record	0000 0048 0000 0018 00c0 00c0 0031 0031 0031 0090 0031 0031 0031 0031 0031 0031 0031 0031 0031 0031 0031 0031 0031 0090 0031 0031 0031 0031 0031 0090 0031 0031 0031 0090 0031 0090 0031 0090 0031 0090 0031 0090 0031 0090 0031 0031 0031 0090 0031 0090 0031 0872
Pause	0000 0048 0000 0018 00c0 00c0 0031 0031 0031 0090 0031 0031 0031 0031 0031 0031 0031 0031 0031 0090 0031 0090 0031 0031 0031 0031 0031 0031 0031 0090 0031 0031 0031 0090 0031 0090 0031 0090 0031 0090 0031 0031 0031 0031 0031 0090 0031 0090 0031 0090 0031 0872
Stop	0000 0048 0000 0018 00c0 00c0 0031 0031 0031 0090 0031 0031 0031 0031 0031 0031 0031 0031 0031 0031 0031 0031 0031 0031 0031 0031 0031 0031 0031 0090 0031 0031 0031 0090 0031 0090 0031 0090 0031 0090 0031 0090 0031 0090 0031 0090 0031 0090 0031 0090 0031 0872
F Adv	0000 0048 0000 0018 00c0 00c0 0031 0031 0031 0090 0031 0031 0031 0031 0031 0031 0031 0031 0031 0031 0031 0090 0031 0090 0031 0031 0031 0031 0031 0090 0031 0031 0031 0090 0031 0090 0031 0090 0031 0090 0031 0090 0031 0031 0031 0031 0031 0090 0031 0090 0031 0872
Rew	0000 0048 0000 0018 00c0 00c0 0031 0031 0031 0090 0031 0031 0031 0031 0031 0031 0031 0031 0031 0090 0031 0031 0031 0031 0031 0031 0031 0031 0031 0090 0031 0031 0031 0090 0031 0090 0031 0090 0031 0090 0031 0031 0031 0090 0031 0090 0031 0090 0031 0090 0031 0872
Play	0000 0048 0000 0018 00c0 00c0 0031 0031 0031 0090 0031 0031 0031 0031 0031 0031 0031 0031 0031 0090 0031 0031 0031 0090 0031 0031 0031 0031 0031 0090 0031 0031 0031 0090 0031 0090 0031 0090 0031 0090 0031 0031 0031 0090 0031 0031 0031 0090 0031 0090 0031 0872
Ffwd	0000 0048 0000 0018 00c0 00c0 0031 0031 0031 0090 0031 0031 0031 0031 0031 0031 0031 0090 0031 0090 0031 0031 0031 0031 0031 0031 0031 0031 0031 0090 0031 0031 0031 0090 0031 0090 0031 0090 0031 0031 0031 0031 0031 0090 0031 0090 0031 0090 0031 0090 0031 0872
Slow-	0000 0048 0000 0018 00c0 00c0 0031 0031 0031 0090 0031 0031 0031 0031 0031 0031 0031 0090 0031 0090 0031 0090 0031 0090 0031 0031 0031 0090 0031 0090 0031 0031 0031 0090 0031 0090 0031 0090 0031 0031 0031 0031 0031 0031 0031 0031 0031 0090 0031 0031 0031 0872
Slow	0000 0048 0000 0018 00c0 00c0 0031 0031 0031 0090 0031 0031 0031 0031 0031 0031 0031 0090 0031 0090 0031 0090 0031 0090 0031 0031 0031 0031 0031 0090 0031 0031 0031 0090 0031 0090 0031 0090 0031 0031 0031 0031 0031 0031 0031 0031 0031 0090 0031 0090 0031 0872
Slow+	0000 0048 0000 0018 00c0 00c0 0031 0031 0031 0090 0031 0031 0031 0031 0031 0031 0031 0031 0031 0090 0031 0090 0031 0090 0031 0031 0031 0090 0031 0090 0031 0031 0031 0090 0031 0090 0031 0090 0031 0090 0031 0031 0031 0031 0031 0031 0031 0090 0031 0031 0031 0872
X2	0000 0048 0000 0018 00c0 00c0 0031 0031 0031 0090 0031 0031 0031 0031 0031 0031 0031 0031 0031 0090 0031 0090 0031 0090 0031 0031 0031 0031 0031 0090 0031 0031 0031 0090 0031 0090 0031 0090 0031 0090 0031 0031 0031 0031 0031 0031 0031 0090 0031 0090 0031 0872
