Power	0000 006d 0001 0011 013e 009f 0015 003b 0015 003b 0015 0015 0015 0015 0015 0015 0015 0015 0015 003b 0015 0015 0015 003b 0015 003b 0015 0015 0015 003b 0015 0015 0015 0015 0015 0015 0015 0015 0015 0355
Review	0000 006d 0001 0011 013e 009f 0015 003b 0015 003b 0015 0015 0015 0015 0015 0015 0015 0015 0015 003b 0015 0015 0015 003b 0015 003b 0015 0015 0015 0015 0015 0015 0015 0015 0015 003b 0015 003b 0015 032e
TV/VCR	0000 006d 0001 0011 013e 009f 0015 003b 0015 003b 0015 0015 0015 0015 0015 0015 0015 0015 0015 003b 0015 0015 0015 003b 0015 003b 0015 0015 0015 0015 0015 003b 0015 0015 0015 0015 0015 0015 0015 0355
OSD/Display	0000 006d 0001 0011 013e 009f 0015 003b 0015 003b 0015 0015 0015 0015 0015 0015 0015 0015 0015 003b 0015 0015 0015 0015 0015 0015 0015 0015 0015 003b 0015 003b 0015 003b 0015 0015 0015 0015 0015 0355
Audio	0000 006c 0001 0011 0141 00a0 0015 003b 0015 003b 0015 0015 0015 0015 0015 0015 0015 0015 0015 003b 0015 0015 0015 003b 0015 003b 0015 003b 0015 0015 0015 003b 0015 0015 0015 0015 0015 0015 0015 0335
Ch+	0000 006c 0001 0011 0141 00a0 0015 003b 0015 003b 0015 0015 0015 0015 0015 0015 0015 0015 0015 003b 0015 0015 0015 003b 0015 0015 0015 0015 0015 003b 0015 003b 0015 0015 0015 0015 0015 0015 0015 035d
Ch-	0000 006d 0001 0011 013e 009f 0015 003b 0015 003b 0015 0015 0015 0015 0015 0015 0015 0015 0015 003b 0015 0015 0015 0015 0015 0015 0015 0015 0015 003b 0015 003b 0015 0015 0015 0015 0015 0015 0015 037d
R Srch	0000 006d 0001 0011 013e 009f 0015 003b 0015 003b 0015 0015 0015 0015 0015 0015 0015 0015 0015 003b 0015 0015 0015 003b 0015 0015 0015 003b 0015 0015 0015 003b 0015 0015 0015 0015 0015 0015 0015 0355
F Srch	0000 006d 0001 0011 013e 009f 0015 003b 0015 003b 0015 0015 0015 0015 0015 0015 0015 0015 0015 003b 0015 0015 0015 0015 0015 0015 0015 003b 0015 0015 0015 003b 0015 0015 0015 0015 0015 0015 0015 037d
Record	0000 006d 0001 0011 013e 009f 0015 003b 0015 003b 0015 0015 0015 0015 0015 0015 0015 0015 0015 003b 0015 0015 0015 0015 0015 0015 0015 003b 0015 003b 0015 0015 0015 0015 0015 003b 0015 003b 0015 032d
Menu	0000 006d 0001 0011 013e 009f 0015 003b 0015 003b 0015 0015 0015 0015 0015 0015 0015 0015 0015 003b 0015 0015 0015 003b 0015 003b 0015 003b 0015 0015 0015 003b 0015 003b 0015 0015 0015 0015 0015 0306
Play	0000 006d 0001 0011 013e 009f 0015 003b 0015 003b 0015 0015 0015 0015 0015 0015 0015 0015 0015 003b 0015 0015 0015 0015 0015 0015 0015 003b 0015 003b 0015 0015 0015 0015 0015 0015 0015 0015 0015 037d
Rew	0000 006d 0001 0011 013e 009f 0015 003b 0015 003b 0015 0015 0015 0015 0015 0015 0015 0015 0015 003b 0015 0015 0015 003b 0015 003b 0015 003b 0015 0015 0015 0015 0015 0015 0015 0015 0015 0015 0015 0355
OK	0000 006d 0001 0011 013e 009f 0015 003b 0015 003b 0015 0015 0015 0015 0015 0015 0015 0015 0015 003b 0015 0015 0015 0015 0015 0015 0015 003b 0015 003b 0015 003b 0015 003b 0015 0015 0015 0015 0015 032d
Ffwd	0000 006d 0001 0011 013e 009f 0015 003b 0015 003b 0015 0015 0015 0015 0015 0015 0015 0015 0015 003b 0015 0015 0015 0015 0015 003b 0015 003b 0015 0015 0015 0015 0015 0015 0015 0015 0015 0015 0015 037d
Stop	0000 006d 0001 0011 013e 009f 0015 003b 0015 003b 0015 0015 0015 0015 0015 0015 0015 0015 0015 003b 0015 0015 0015 003b 0015 003b 0015 0015 0015 0015 0015 0015 0015 0015 0015 0015 0015 0015 0015 037d
Pause	0000 006d 0001 0011 013e 009f 0015 003b 0015 003b 0015 0015 0015 0015 0015 0015 0015 0015 0015 003b 0015 0015 0015 003b 0015 0015 0015 003b 0015 003b 0015 0015 0015 0015 0015 0015 0015 0015 0015 0355
Search	0000 006d 0001 0011 013e 009f 0015 003b 0015 003b 0015 0015 0015 0015 0015 0015 0015 0015 0015 003b 0015 0015 0015 0015 0015 003b 0015 003b 0015 0015 0015 003b 0015 0015 0015 0015 0015 003b 0015 032d
Prg/Check	0000 006d 0001 0011 013e 009f 0015 003b 0015 003b 0015 0015 0015 0015 0015 0015 0015 0015 0015 003b 0015 0015 0015 003b 0015 0015 0015 003b 0015 003b 0015 003b 0015 003b 0015 0015 0015 0015 0015 0306
Cancel	0000 006d 0001 0011 013e 009f 0015 003b 0015 003b 0015 0015 0015 0015 0015 0015 0015 0015 0015 003b 0015 0015 0015 0015 0015 003b 0015 003b 0015 0015 0015 003b 0015 003b 0015 0015 0015 0015 0015 032d
Speed	0000 006d 0001 0011 013e 009f 0015 003b 0015 003b 0015 0015 0015 0015 0015 0015 0015 0015 0015 003b 0015 0015 0015 003b 0015 0015 0015 0015 0015 0015 0015 003b 0015 003b 0015 0015 0015 0015 0015 0355
Timer	0000 006d 0001 0011 013e 009f 0015 003b 0015 003b 0015 0015 0015 0015 0015 0015 0015 0015 0015 003b 0015 0015 0015 003b 0015 0015 0015 003b 0015 0015 0015 003b 0015 003b 0015 0015 0015 0015 0015 032e
Prog	0000 006d 0001 0011 013e 009f 0015 003b 0015 003b 0015 0015 0015 0015 0015 0015 0015 0015 0015 003b 0015 0015 0015 003b 0015 0015 0015 0015 0015 0015 0015 0015 0015 0015 0015 003b 0015 003b 0015 0355
Date+	0000 006d 0001 0011 013e 009f 0015 003b 0015 003b 0015 0015 0015 0015 0015 0015 0015 0015 0015 003b 0015 0015 0015 0015 0015 003b 0015 003b 0015 0015 0015 0015 0015 0015 0015 003b 0015 003b 0015 032d
Date-	0000 006d 0001 0011 013e 009f 0015 003b 0015 003b 0015 0015 0015 0015 0015 0015 0015 0015 0015 003b 0015 0015 0015 003b 0015 003b 0015 003b 0015 0015 0015 0015 0015 0015 0015 003b 0015 003b 0015 0306
Tim On+	0000 006d 0001 0011 013e 009f 0015 003b 0015 003b 0015 0015 0015 0015 0015 0015 0015 0015 0015 003b 0015 0015 0015 0015 0015 0015 0015 0015 0015 003b 0015 0015 0015 0015 0015 003b 0015 003b 0015 0355
Tim On-	0000 006d 0001 0011 013e 009f 0015 003b 0015 003b 0015 0015 0015 0015 0015 0015 0015 0015 0015 003b 0015 0015 0015 003b 0015 0015 0015 0015 0015 003b 0015 0015 0015 0015 0015 003b 0015 003b 0015 032e
Tim Off+	0000 006d 0001 0011 013e 009f 0015 003b 0015 003b 0015 0015 0015 0015 0015 0015 0015 0015 0015 003b 0015 0015 0015 0015 0015 003b 0015 0015 0015 003b 0015 0015 0015 0015 0015 003b 0015 003b 0015 032d
Tim Off-	0000 006d 0001 0011 013e 009f 0015 003b 0015 003b 0015 0015 0015 0015 0015 0015 0015 0015 0015 003b 0015 0015 0015 003b 0015 003b 0015 0015 0015 003b 0015 0015 0015 0015 0015 003b 0015 003b 0015 0306
1	0000 006d 0001 0011 013e 009f 0015 003b 0015 003b 0015 0015 0015 0015 0015 0015 0015 0015 0015 003b 0015 0015 0015 003b 0015 0015 0015 0015 0015 0015 0015 0015 0015 003b 0015 0015 0015 0015 0015 037d
2	0000 006d 0001 0011 013e 009f 0015 003b 0015 003b 0015 0015 0015 0015 0015 0015 0015 0015 0015 003b 0015 0015 0015 0015 0015 003b 0015 0015 0015 0015 0015 0015 0015 003b 0015 0015 0015 0015 0015 037d
3	0000 006d 0001 0011 013e 009f 0015 003b 0015 003b 0015 0015 0015 0015 0015 0015 0015 0015 0015 003b 0015 0015 0015 003b 0015 003b 0015 0015 0015 0015 0015 0015 0015 003b 0015 0015 0015 0015 0015 0355
4	0000 006d 0001 0011 013e 009f 0015 003b 0015 003b 0015 0015 0015 0015 0015 0015 0015 0015 0015 003b 0015 0015 0015 0015 0015 0015 0015 003b 0015 0015 0015 0015 0015 003b 0015 0015 0015 0015 0015 037d
5	0000 006d 0001 0011 013e 009f 0015 003b 0015 003b 0015 0015 0015 0015 0015 0015 0015 0015 0015 003b 0015 0015 0015 003b 0015 0015 0015 003b 0015 0015 0015 0015 0015 003b 0015 0015 0015 0015 0015 0355
6	0000 006d 0001 0011 013e 009f 0015 003b 0015 003b 0015 0015 0015 0015 0015 0015 0015 0015 0015 003b 0015 0015 0015 0015 0015 003b 0015 003b 0015 0015 0015 0015 0015 003b 0015 0015 0015 0015 0015 0355
7	0000 006d 0001 0011 013e 009f 0015 003b 0015 003b 0015 0015 0015 0015 0015 0015 0015 0015 0015 003b 0015 0015 0015 003b 0015 003b 0015 003b 0015 0015 0015 0015 0015 003b 0015 0015 0015 0015 0015 032e
8	0000 006d 0001 0011 013e 009f 0015 003b 0015 003b 0015 0015 0015 0015 0015 0015 0015 0015 0015 003b 0015 0015 0015 0015 0015 0015 0015 0015 0015 003b 0015 0015 0015 003b 0015 0015 0015 0015 0015 037d
9	0000 006d 0001 0011 013e 009f 0015 003b 0015 003b 0015 0015 0015 0015 0015 0015 0015 0015 0015 003b 0015 0015 0015 003b 0015 0015 0015 0015 0015 003b 0015 0015 0015 003b 0015 0015 0015 0015 0015 0355
0	0000 006d 0001 0011 013e 009f 0015 003b 0015 003b 0015 0015 0015 0015 0015 0015 0015 0015 0015 003b 0015 0015 0015 003b 0015 003b 0015 0015 0015 0015 0015 003b 0015 003b 0015 0015 0015 0015 0015 032d
