Power	0000 006D 0000 0022 0000 00A9 0000 003E 0000 0015 0000 003E 0000 0015 0000 0015 0000 0015 0000 0015 0000 0015 0000 003E 0000 0015 0000 003E 0000 0015 0000 0015 0000 0015 0000 0015 0000 0015 0000 0015 0000 003E 0000 0015 0000 0015 0000 0015 0000 0015 0000 0015 0000 0015 0000 003E 0000 0015 0000 003E 0000 003E 0000 003E 0000 003E 0000 003E 0000 003E 0000 076F
Eject	0000 006D 0000 0022 0000 00A9 0000 003E 0000 0015 0000 003E 0000 0015 0000 0015 0000 0015 0000 0015 0000 0015 0000 003E 0000 0015 0000 003E 0000 0015 0000 0015 0000 0015 0000 0015 0000 0015 0000 0015 0000 0015 0000 0015 0000 0015 0000 0015 0000 003E 0000 0015 0000 0015 0000 003E 0000 003E 0000 003E 0000 003E 0000 003E 0000 0015 0000 003E 0000 003E 0000 076F
Index	0000 006D 0000 0022 0000 00A9 0000 003E 0000 0015 0000 003E 0000 0015 0000 0015 0000 0015 0000 0015 0000 0015 0000 003E 0000 0015 0000 003E 0000 0015 0000 0015 0000 0015 0000 0015 0000 0015 0000 003E 0000 003E 0000 0015 0000 003E 0000 0015 0000 003E 0000 0015 0000 0015 0000 0015 0000 0015 0000 003E 0000 0015 0000 003E 0000 0015 0000 003E 0000 003E 0000 076F
R Speed	0000 006D 0000 0022 0000 00A9 0000 003E 0000 0015 0000 003E 0000 0015 0000 0015 0000 0015 0000 0015 0000 0015 0000 003E 0000 0015 0000 003E 0000 0015 0000 0015 0000 0015 0000 0015 0000 0015 0000 0015 0000 003E 0000 0015 0000 003E 0000 003E 0000 003E 0000 0015 0000 0015 0000 003E 0000 0015 0000 003E 0000 0015 0000 0015 0000 0015 0000 003E 0000 003E 0000 076F
Clk/Count	0000 006D 0000 0022 0000 00A9 0000 003E 0000 0015 0000 003E 0000 0015 0000 0015 0000 0015 0000 0015 0000 0015 0000 003E 0000 0015 0000 003E 0000 0015 0000 0015 0000 0015 0000 0015 0000 0015 0000 003E 0000 003E 0000 0015 0000 0015 0000 003E 0000 003E 0000 0015 0000 0015 0000 0015 0000 0015 0000 003E 0000 003E 0000 0015 0000 0015 0000 003E 0000 003E 0000 076F
Picture	0000 006D 0000 0022 0000 00A9 0000 003E 0000 0015 0000 003E 0000 0015 0000 0015 0000 0015 0000 0015 0000 0015 0000 003E 0000 0015 0000 003E 0000 0015 0000 0015 0000 0015 0000 0015 0000 0015 0000 003E 0000 0015 0000 003E 0000 0015 0000 003E 0000 003E 0000 003E 0000 0015 0000 0015 0000 003E 0000 0015 0000 003E 0000 0015 0000 0015 0000 0015 0000 003E 0000 076F
Q-Pro	0000 006D 0000 0022 0000 00A9 0000 003E 0000 0015 0000 003E 0000 0015 0000 0015 0000 0015 0000 0015 0000 0015 0000 003E 0000 0015 0000 003E 0000 0015 0000 0015 0000 0015 0000 0015 0000 0015 0000 003E 0000 0015 0000 003E 0000 003E 0000 003E 0000 003E 0000 0015 0000 0015 0000 0015 0000 003E 0000 0015 0000 0015 0000 0015 0000 0015 0000 003E 0000 003E 0000 076F
1	0000 006D 0000 0022 0000 00A9 0000 003E 0000 0015 0000 003E 0000 0015 0000 0015 0000 0015 0000 0015 0000 0015 0000 003E 0000 0015 0000 003E 0000 0015 0000 0015 0000 0015 0000 0015 0000 0015 0000 0015 0000 0015 0000 003E 0000 0015 0000 0015 0000 0015 0000 0015 0000 0015 0000 003E 0000 003E 0000 0015 0000 003E 0000 003E 0000 003E 0000 003E 0000 003E 0000 076E
2	0000 006D 0000 0022 0000 00A9 0000 003E 0000 0015 0000 003E 0000 0015 0000 0015 0000 0015 0000 0015 0000 0015 0000 003E 0000 0015 0000 003E 0000 0015 0000 0015 0000 0015 0000 0015 0000 0015 0000 003E 0000 0015 0000 003E 0000 0015 0000 0015 0000 0015 0000 0015 0000 0015 0000 0015 0000 003E 0000 0015 0000 003E 0000 003E 0000 003E 0000 003E 0000 003E 0000 076F
3	0000 006D 0000 0022 0000 00A9 0000 003E 0000 0015 0000 003E 0000 0015 0000 0015 0000 0015 0000 0015 0000 0015 0000 003E 0000 0015 0000 003E 0000 0015 0000 0015 0000 0015 0000 0015 0000 0015 0000 0015 0000 003E 0000 003E 0000 0015 0000 0015 0000 0015 0000 0015 0000 0015 0000 003E 0000 0015 0000 0015 0000 003E 0000 003E 0000 003E 0000 003E 0000 003E 0000 076F
4	0000 006D 0000 0022 0000 00A9 0000 003E 0000 0015 0000 003E 0000 0015 0000 0015 0000 0015 0000 0015 0000 0015 0000 003E 0000 0015 0000 003E 0000 0015 0000 0015 0000 0015 0000 0015 0000 0015 0000 0015 0000 0015 0000 0015 0000 003E 0000 0015 0000 0015 0000 0015 0000 0015 0000 003E 0000 003E 0000 003E 0000 0015 0000 003E 0000 003E 0000 003E 0000 003E 0000 076E
5	0000 006D 0000 0022 0000 00A9 0000 003E 0000 0015 0000 003E 0000 0015 0000 0015 0000 0015 0000 0015 0000 0015 0000 003E 0000 0015 0000 003E 0000 0015 0000 0015 0000 0015 0000 0015 0000 0015 0000 003E 0000 0015 0000 0015 0000 003E 0000 0015 0000 0015 0000 0015 0000 0015 0000 0015 0000 003E 0000 003E 0000 0015 0000 003E 0000 003E 0000 003E 0000 003E 0000 076E
6	0000 006D 0000 0022 0000 00A9 0000 003E 0000 0015 0000 003E 0000 0015 0000 0015 0000 0015 0000 0015 0000 0015 0000 003E 0000 0015 0000 003E 0000 0015 0000 0015 0000 0015 0000 0015 0000 0015 0000 0015 0000 003E 0000 0015 0000 003E 0000 0015 0000 0015 0000 0015 0000 0015 0000 003E 0000 0015 0000 003E 0000 0015 0000 003E 0000 003E 0000 003E 0000 003E 0000 076F
7	0000 006D 0000 0022 0000 00A9 0000 003E 0000 0015 0000 003E 0000 0015 0000 0015 0000 0015 0000 0015 0000 0015 0000 003E 0000 0015 0000 003E 0000 0015 0000 0015 0000 0015 0000 0015 0000 0015 0000 0015 0000 0015 0000 003E 0000 003E 0000 0015 0000 0015 0000 0015 0000 0015 0000 003E 0000 003E 0000 0015 0000 0015 0000 003E 0000 003E 0000 003E 0000 003E 0000 076F
8	0000 006D 0000 0022 0000 00A9 0000 003E 0000 0015 0000 003E 0000 0015 0000 0015 0000 0015 0000 0015 0000 0015 0000 003E 0000 0015 0000 003E 0000 0015 0000 0015 0000 0015 0000 0015 0000 0015 0000 003E 0000 0015 0000 003E 0000 003E 0000 0015 0000 0015 0000 0015 0000 0015 0000 0015 0000 003E 0000 0015 0000 0015 0000 003E 0000 003E 0000 003E 0000 003E 0000 076F
9	0000 006D 0000 0022 0000 00A9 0000 003E 0000 0015 0000 003E 0000 0015 0000 0015 0000 0015 0000 0015 0000 0015 0000 003E 0000 0015 0000 003E 0000 0015 0000 0015 0000 0015 0000 0015 0000 0015 0000 0015 0000 003E 0000 003E 0000 003E 0000 0015 0000 0015 0000 0015 0000 0015 0000 003E 0000 0015 0000 0015 0000 0015 0000 003E 0000 003E 0000 003E 0000 003E 0000 076F
0	0000 006D 0000 0022 0000 00A9 0000 003E 0000 0015 0000 003E 0000 0015 0000 0015 0000 0015 0000 0015 0000 0015 0000 003E 0000 0015 0000 003E 0000 0015 0000 0015 0000 0015 0000 0015 0000 0015 0000 003E 0000 0015 0000 0015 0000 0015 0000 003E 0000 0015 0000 0015 0000 0015 0000 0015 0000 003E 0000 003E 0000 003E 0000 0015 0000 003E 0000 003E 0000 003E 0000 076E
Input	0000 006D 0000 0022 0000 00A9 0000 003E 0000 0015 0000 003E 0000 0015 0000 0015 0000 0015 0000 0015 0000 0015 0000 003E 0000 0015 0000 003E 0000 0015 0000 0015 0000 0015 0000 0015 0000 0015 0000 0015 0000 0015 0000 003E 0000 0015 0000 0015 0000 003E 0000 0015 0000 0015 0000 003E 0000 003E 0000 0015 0000 003E 0000 003E 0000 0015 0000 003E 0000 003E 0000 076E
Audio	0000 006D 0000 0022 0000 00A9 0000 003E 0000 0015 0000 003E 0000 0015 0000 0015 0000 0015 0000 0015 0000 0015 0000 003E 0000 0015 0000 003E 0000 0015 0000 0015 0000 0015 0000 0015 0000 0015 0000 0015 0000 003E 0000 0015 0000 0015 0000 0015 0000 003E 0000 0015 0000 0015 0000 003E 0000 0015 0000 003E 0000 003E 0000 003E 0000 0015 0000 003E 0000 003E 0000 076F
Strobe	0000 006D 0000 0022 0000 00A9 0000 003E 0000 0015 0000 003E 0000 0015 0000 0015 0000 0015 0000 0015 0000 0015 0000 003E 0000 0015 0000 003E 0000 0015 0000 0015 0000 0015 0000 0015 0000 0015 0000 003E 0000 0015 0000 0015 0000 003E 0000 003E 0000 0015 0000 003E 0000 0015 0000 0015 0000 003E 0000 003E 0000 0015 0000 0015 0000 003E 0000 0015 0000 003E 0000 076E
Art	0000 006D 0000 0022 0000 00A9 0000 003E 0000 0015 0000 003E 0000 0015 0000 0015 0000 0015 0000 0015 0000 0015 0000 003E 0000 0015 0000 003E 0000 0015 0000 0015 0000 0015 0000 0015 0000 0015 0000 0015 0000 003E 0000 003E 0000 003E 0000 003E 0000 003E 0000 0015 0000 0015 0000 003E 0000 0015 0000 0015 0000 0015 0000 0015 0000 0015 0000 003E 0000 003E 0000 076F
Strobe+	0000 006D 0000 0022 0000 00A9 0000 003E 0000 0015 0000 003E 0000 0015 0000 0015 0000 0015 0000 0015 0000 0015 0000 003E 0000 0015 0000 003E 0000 0015 0000 0015 0000 0015 0000 0015 0000 0015 0000 0015 0000 003E 0000 003E 0000 0015 0000 003E 0000 003E 0000 003E 0000 0015 0000 003E 0000 0015 0000 0015 0000 003E 0000 0015 0000 0015 0000 0015 0000 003E 0000 076F
Art+	0000 006D 0000 0022 0000 00A9 0000 003E 0000 0015 0000 003E 0000 0015 0000 0015 0000 0015 0000 0015 0000 0015 0000 003E 0000 0015 0000 003E 0000 0015 0000 0015 0000 0015 0000 0015 0000 0015 0000 0015 0000 003E 0000 0015 0000 0015 0000 003E 0000 0015 0000 0015 0000 0015 0000 003E 0000 0015 0000 003E 0000 003E 0000 0015 0000 003E 0000 003E 0000 003E 0000 076F
Strobe-	0000 006D 0000 0022 0000 00A9 0000 003E 0000 0015 0000 003E 0000 0015 0000 0015 0000 0015 0000 0015 0000 0015 0000 003E 0000 0015 0000 003E 0000 0015 0000 0015 0000 0015 0000 0015 0000 0015 0000 0015 0000 0015 0000 0015 0000 003E 0000 003E 0000 003E 0000 003E 0000 0015 0000 003E 0000 003E 0000 003E 0000 0015 0000 0015 0000 0015 0000 0015 0000 003E 0000 076F
Art-	0000 006D 0000 0022 0000 00A9 0000 003E 0000 0015 0000 003E 0000 0015 0000 0015 0000 0015 0000 0015 0000 0015 0000 003E 0000 0015 0000 003E 0000 0015 0000 0015 0000 0015 0000 0015 0000 0015 0000 0015 0000 0015 0000 0015 0000 0015 0000 003E 0000 0015 0000 0015 0000 0015 0000 003E 0000 003E 0000 003E 0000 003E 0000 0015 0000 003E 0000 003E 0000 003E 0000 076F
Menu	0000 006D 0000 0022 0000 00A9 0000 003E 0000 0015 0000 003E 0000 0015 0000 0015 0000 0015 0000 0015 0000 0015 0000 003E 0000 0015 0000 003E 0000 0015 0000 0015 0000 0015 0000 0015 0000 0015 0000 003E 0000 003E 0000 003E 0000 003E 0000 003E 0000 0015 0000 0015 0000 0015 0000 0015 0000 0015 0000 0015 0000 0015 0000 0015 0000 003E 0000 003E 0000 003E 0000 076F
Clear	0000 006D 0000 0022 0000 00A9 0000 003E 0000 0015 0000 003E 0000 0015 0000 0015 0000 0015 0000 0015 0000 0015 0000 003E 0000 0015 0000 003E 0000 0015 0000 0015 0000 0015 0000 0015 0000 0015 0000 003E 0000 0015 0000 003E 0000 003E 0000 003E 0000 0015 0000 0015 0000 0015 0000 0015 0000 003E 0000 0015 0000 0015 0000 0015 0000 003E 0000 003E 0000 003E 0000 076F
Rew	0000 006D 0000 0022 0000 00A9 0000 003E 0000 0015 0000 003E 0000 0015 0000 0015 0000 0015 0000 0015 0000 0015 0000 003E 0000 0015 0000 003E 0000 0015 0000 0015 0000 0015 0000 0015 0000 0015 0000 0015 0000 0015 0000 0015 0000 003E 0000 003E 0000 0015 0000 0015 0000 0015 0000 003E 0000 003E 0000 003E 0000 0015 0000 0015 0000 003E 0000 003E 0000 003E 0000 076F
Play	0000 006D 0000 0022 0000 00A9 0000 003E 0000 0015 0000 003E 0000 0015 0000 0015 0000 0015 0000 0015 0000 0015 0000 003E 0000 0015 0000 003E 0000 0015 0000 0015 0000 0015 0000 0015 0000 0015 0000 003E 0000 0015 0000 0015 0000 003E 0000 003E 0000 0015 0000 0015 0000 0015 0000 0015 0000 003E 0000 003E 0000 0015 0000 0015 0000 003E 0000 003E 0000 003E 0000 076F
Ffwd	0000 006D 0000 0022 0000 00A9 0000 003E 0000 0015 0000 003E 0000 0015 0000 0015 0000 0015 0000 0015 0000 0015 0000 003E 0000 0015 0000 003E 0000 0015 0000 0015 0000 0015 0000 0015 0000 0015 0000 0015 0000 003E 0000 0015 0000 003E 0000 003E 0000 0015 0000 0015 0000 0015 0000 003E 0000 0015 0000 003E 0000 0015 0000 0015 0000 003E 0000 003E 0000 003E 0000 076E
Record	0000 006D 0000 0022 0000 00A9 0000 003E 0000 0015 0000 003E 0000 0015 0000 0015 0000 0015 0000 0015 0000 0015 0000 003E 0000 0015 0000 003E 0000 0015 0000 0015 0000 0015 0000 0015 0000 0015 0000 0015 0000 0015 0000 003E 0000 0015 0000 003E 0000 0015 0000 0015 0000 0015 0000 003E 0000 003E 0000 0015 0000 003E 0000 0015 0000 003E 0000 003E 0000 003E 0000 076E
Stop	0000 006D 0000 0022 0000 00A9 0000 003E 0000 0015 0000 003E 0000 0015 0000 0015 0000 0015 0000 0015 0000 0015 0000 003E 0000 0015 0000 003E 0000 0015 0000 0015 0000 0015 0000 0015 0000 0015 0000 003E 0000 0015 0000 003E 0000 0015 0000 003E 0000 0015 0000 0015 0000 0015 0000 0015 0000 003E 0000 0015 0000 003E 0000 0015 0000 003E 0000 003E 0000 003E 0000 076F
Pause	0000 006D 0000 0022 0000 00A9 0000 003E 0000 0015 0000 003E 0000 0015 0000 0015 0000 0015 0000 0015 0000 0015 0000 003E 0000 0015 0000 003E 0000 0015 0000 0015 0000 0015 0000 0015 0000 0015 0000 0015 0000 003E 0000 003E 0000 0015 0000 003E 0000 0015 0000 0015 0000 0015 0000 003E 0000 0015 0000 0015 0000 003E 0000 0015 0000 003E 0000 003E 0000 003E 0000 076F
Display	0000 006D 0000 0022 0000 00A9 0000 003E 0000 0015 0000 003E 0000 0015 0000 0015 0000 0015 0000 0015 0000 0015 0000 003E 0000 0015 0000 003E 0000 0015 0000 0015 0000 0015 0000 0015 0000 0015 0000 0015 0000 003E 0000 003E 0000 003E 0000 003E 0000 0015 0000 0015 0000 0015 0000 003E 0000 0015 0000 0015 0000 0015 0000 0015 0000 003E 0000 003E 0000 003E 0000 076F
Momitor	0000 006D 0000 0022 0000 00A9 0000 003E 0000 0015 0000 003E 0000 0015 0000 0015 0000 0015 0000 0015 0000 0015 0000 003E 0000 0015 0000 003E 0000 0015 0000 0015 0000 0015 0000 0015 0000 0015 0000 003E 0000 0015 0000 0015 0000 0015 0000 003E 0000 003E 0000 003E 0000 0015 0000 0015 0000 003E 0000 003E 0000 003E 0000 0015 0000 0015 0000 0015 0000 003E 0000 076F
A-Dub	0000 006D 0000 0022 0000 00A9 0000 003E 0000 0015 0000 003E 0000 0015 0000 0015 0000 0015 0000 0015 0000 0015 0000 003E 0000 0015 0000 003E 0000 0015 0000 0015 0000 0015 0000 0015 0000 0015 0000 0015 0000 003E 0000 003E 0000 003E 0000 0015 0000 003E 0000 0015 0000 0015 0000 003E 0000 0015 0000 0015 0000 0015 0000 003E 0000 0015 0000 003E 0000 003E 0000 076F
Inp System	0000 006D 0000 0022 0000 00A9 0000 003E 0000 0015 0000 003E 0000 0015 0000 0015 0000 0015 0000 0015 0000 0015 0000 003E 0000 0015 0000 003E 0000 0015 0000 0015 0000 0015 0000 0015 0000 0015 0000 0015 0000 003E 0000 003E 0000 003E 0000 0015 0000 003E 0000 003E 0000 0015 0000 003E 0000 0015 0000 0015 0000 0015 0000 003E 0000 0015 0000 0015 0000 003E 0000 076F
Outp System	0000 006D 0000 0022 0000 00A9 0000 003E 0000 0015 0000 003E 0000 0015 0000 0015 0000 0015 0000 0015 0000 0015 0000 003E 0000 0015 0000 003E 0000 0015 0000 0015 0000 0015 0000 0015 0000 0015 0000 003E 0000 003E 0000 003E 0000 003E 0000 0015 0000 003E 0000 003E 0000 0015 0000 0015 0000 0015 0000 0015 0000 0015 0000 003E 0000 0015 0000 0015 0000 003E 0000 076F
Up	0000 006D 0000 0022 0000 00A9 0000 003E 0000 0015 0000 003E 0000 0015 0000 0015 0000 0015 0000 0015 0000 0015 0000 003E 0000 0015 0000 003E 0000 0015 0000 0015 0000 0015 0000 0015 0000 0015 0000 0015 0000 003E 0000 0015 0000 0015 0000 003E 0000 0015 0000 003E 0000 0015 0000 003E 0000 0015 0000 003E 0000 003E 0000 0015 0000 003E 0000 0015 0000 003E 0000 076F
Left	0000 006D 0000 0022 0000 00A9 0000 003E 0000 0015 0000 003E 0000 0015 0000 0015 0000 0015 0000 0015 0000 0015 0000 003E 0000 0015 0000 003E 0000 0015 0000 0015 0000 0015 0000 0015 0000 0015 0000 003E 0000 003E 0000 0015 0000 0015 0000 003E 0000 003E 0000 003E 0000 0015 0000 0015 0000 0015 0000 003E 0000 003E 0000 0015 0000 0015 0000 0015 0000 003E 0000 076F
OK	0000 006D 0000 0022 0000 00A9 0000 003E 0000 0015 0000 003E 0000 0015 0000 0015 0000 0015 0000 0015 0000 0015 0000 003E 0000 0015 0000 003E 0000 0015 0000 0015 0000 0015 0000 0015 0000 0015 0000 0015 0000 0015 0000 003E 0000 003E 0000 003E 0000 0015 0000 003E 0000 0015 0000 003E 0000 003E 0000 0015 0000 0015 0000 0015 0000 003E 0000 0015 0000 003E 0000 076E
Right	0000 006D 0000 0022 0000 00A9 0000 003E 0000 0015 0000 003E 0000 0015 0000 0015 0000 0015 0000 0015 0000 0015 0000 003E 0000 0015 0000 003E 0000 0015 0000 0015 0000 0015 0000 0015 0000 0015 0000 003E 0000 003E 0000 003E 0000 0015 0000 003E 0000 003E 0000 003E 0000 0015 0000 0015 0000 0015 0000 0015 0000 003E 0000 0015 0000 0015 0000 0015 0000 003E 0000 076F
Down	0000 006D 0000 0022 0000 00A9 0000 003E 0000 0015 0000 003E 0000 0015 0000 0015 0000 0015 0000 0015 0000 0015 0000 003E 0000 0015 0000 003E 0000 0015 0000 0015 0000 0015 0000 0015 0000 0015 0000 0015 0000 0015 0000 0015 0000 0015 0000 003E 0000 0015 0000 003E 0000 0015 0000 003E 0000 003E 0000 003E 0000 003E 0000 0015 0000 003E 0000 0015 0000 003E 0000 076F
Tracking	0000 006D 0000 0022 0000 00A9 0000 003E 0000 0015 0000 003E 0000 0015 0000 0015 0000 0015 0000 0015 0000 0015 0000 003E 0000 0015 0000 003E 0000 0015 0000 0015 0000 0015 0000 0015 0000 0015 0000 003E 0000 0015 0000 0015 0000 0015 0000 0015 0000 003E 0000 0015 0000 0015 0000 0015 0000 003E 0000 003E 0000 003E 0000 003E 0000 0015 0000 003E 0000 003E 0000 076E
Tracking-	0000 006D 0000 0022 0000 00A9 0000 003E 0000 0015 0000 003E 0000 0015 0000 0015 0000 0015 0000 0015 0000 0015 0000 003E 0000 0015 0000 003E 0000 0015 0000 0015 0000 0015 0000 0015 0000 0015 0000 003E 0000 0015 0000 003E 0000 003E 0000 0015 0000 003E 0000 0015 0000 0015 0000 0015 0000 003E 0000 0015 0000 0015 0000 003E 0000 0015 0000 003E 0000 003E 0000 076F
Tracking+	0000 006D 0000 0022 0000 00A9 0000 003E 0000 0015 0000 003E 0000 0015 0000 0015 0000 0015 0000 0015 0000 0015 0000 003E 0000 0015 0000 003E 0000 0015 0000 0015 0000 0015 0000 0015 0000 0015 0000 0015 0000 0015 0000 003E 0000 003E 0000 0015 0000 003E 0000 0015 0000 0015 0000 003E 0000 003E 0000 0015 0000 0015 0000 003E 0000 0015 0000 003E 0000 003E 0000 076F
Slow	0000 006D 0000 0022 0000 00A9 0000 003E 0000 0015 0000 003E 0000 0015 0000 0015 0000 0015 0000 0015 0000 0015 0000 003E 0000 0015 0000 003E 0000 0015 0000 0015 0000 0015 0000 0015 0000 0015 0000 003E 0000 003E 0000 003E 0000 0015 0000 0015 0000 003E 0000 003E 0000 0015 0000 0015 0000 0015 0000 0015 0000 003E 0000 003E 0000 0015 0000 0015 0000 003E 0000 076F
Slow-	0000 006D 0000 0022 0000 00A9 0000 003E 0000 0015 0000 003E 0000 0015 0000 0015 0000 0015 0000 0015 0000 0015 0000 003E 0000 0015 0000 003E 0000 0015 0000 0015 0000 0015 0000 0015 0000 0015 0000 003E 0000 003E 0000 003E 0000 0015 0000 003E 0000 0015 0000 0015 0000 0015 0000 0015 0000 0015 0000 0015 0000 003E 0000 0015 0000 003E 0000 003E 0000 003E 0000 076F
Slow+	0000 006D 0000 0022 0000 00A9 0000 003E 0000 0015 0000 003E 0000 0015 0000 0015 0000 0015 0000 0015 0000 0015 0000 003E 0000 0015 0000 003E 0000 0015 0000 0015 0000 0015 0000 0015 0000 0015 0000 003E 0000 003E 0000 0015 0000 0015 0000 003E 0000 0015 0000 0015 0000 0015 0000 0015 0000 0015 0000 003E 0000 003E 0000 0015 0000 003E 0000 003E 0000 003E 0000 076F
R Srch	0000 006D 0000 00AA 0000 00A9 0000 003E 0000 0015 0000 003E 0000 0015 0000 0015 0000 0015 0000 0015 0000 0015 0000 003E 0000 0015 0000 003E 0000 0015 0000 0015 0000 0015 0000 0015 0000 0015 0000 0015 0000 003E 0000 0015 0000 003E 0000 003E 0000 003E 0000 003E 0000 0015 0000 003E 0000 0015 0000 003E 0000 0015 0000 0015 0000 0015 0000 0015 0000 003E 0000 07C4 0000 00A9 0000 0015 0000 003E 0000 0015 0000 0015 0000 0015 0000 0015 0000 0015 0000 0015 0000 0015 0000 003E 0000 0015 0000 0015 0000 0015 0000 0015 0000 0015 0000 0015 0000 003E 0000 0015 0000 003E 0000 0015 0000 0015 0000 0015 0000 0015 0000 003E 0000 0015 0000 003E 0000 0015 0000 003E 0000 003E 0000 003E 0000 003E 0000 0015 0000 07C4 0000 00A9 0000 003E 0000 0015 0000 003E 0000 0015 0000 0015 0000 0015 0000 0015 0000 0015 0000 003E 0000 0015 0000 003E 0000 0015 0000 0015 0000 0015 0000 0015 0000 0015 0000 0015 0000 003E 0000 0015 0000 003E 0000 003E 0000 003E 0000 003E 0000 0015 0000 003E 0000 0015 0000 003E 0000 0015 0000 0015 0000 0015 0000 0015 0000 003E 0000 07C4 0000 00A9 0000 0015 0000 003E 0000 0015 0000 0015 0000 0015 0000 0015 0000 0015 0000 0015 0000 0015 0000 003E 0000 0015 0000 0015 0000 0015 0000 0015 0000 0015 0000 0015 0000 003E 0000 0015 0000 003E 0000 0015 0000 0015 0000 0015 0000 0015 0000 003E 0000 0015 0000 003E 0000 0015 0000 003E 0000 003E 0000 003E 0000 003E 0000 0015 0000 07C4 0000 00A9 0000 003E 0000 0015 0000 003E 0000 0015 0000 0015 0000 0015 0000 0015 0000 0015 0000 003E 0000 0015 0000 003E 0000 0015 0000 0015 0000 0015 0000 0015 0000 0015 0000 0015 0000 003E 0000 0015 0000 003E 0000 003E 0000 003E 0000 003E 0000 0015 0000 003E 0000 0015 0000 003E 0000 0015 0000 0015 0000 0015 0000 0015 0000 003E 0000 0574
F Srch	0000 006D 0000 00AA 0000 00A9 0000 003E 0000 0015 0000 003E 0000 0015 0000 0015 0000 0015 0000 0015 0000 0015 0000 003E 0000 0015 0000 003E 0000 0015 0000 0015 0000 0015 0000 0015 0000 0015 0000 0015 0000 003E 0000 0015 0000 003E 0000 003E 0000 003E 0000 003E 0000 0015 0000 003E 0000 0015 0000 003E 0000 0015 0000 0015 0000 0015 0000 0015 0000 003E 0000 07C5 0000 00A9 0000 0015 0000 003E 0000 0015 0000 0015 0000 0015 0000 0015 0000 0015 0000 0015 0000 0015 0000 003E 0000 0015 0000 0015 0000 0015 0000 0015 0000 0015 0000 0015 0000 0015 0000 0015 0000 003E 0000 0015 0000 0015 0000 0015 0000 0015 0000 003E 0000 003E 0000 003E 0000 0015 0000 003E 0000 003E 0000 003E 0000 003E 0000 0015 0000 07C5 0000 00A9 0000 003E 0000 0015 0000 003E 0000 0015 0000 0015 0000 0015 0000 0015 0000 0015 0000 003E 0000 0015 0000 003E 0000 0015 0000 0015 0000 0015 0000 0015 0000 0015 0000 0015 0000 003E 0000 0015 0000 003E 0000 003E 0000 003E 0000 003E 0000 0015 0000 003E 0000 0015 0000 003E 0000 0015 0000 0015 0000 0015 0000 0015 0000 003E 0000 07C5 0000 00A9 0000 0015 0000 003E 0000 0015 0000 0015 0000 0015 0000 0015 0000 0015 0000 0015 0000 0015 0000 003E 0000 0015 0000 0015 0000 0015 0000 0015 0000 0015 0000 0015 0000 0015 0000 0015 0000 003E 0000 0015 0000 0015 0000 0015 0000 0015 0000 003E 0000 003E 0000 003E 0000 0015 0000 003E 0000 003E 0000 003E 0000 003E 0000 0015 0000 07C5 0000 00A9 0000 003E 0000 0015 0000 003E 0000 0015 0000 0015 0000 0015 0000 0015 0000 0015 0000 003E 0000 0015 0000 003E 0000 0015 0000 0015 0000 0015 0000 0015 0000 0015 0000 0015 0000 003E 0000 0015 0000 003E 0000 003E 0000 003E 0000 003E 0000 0015 0000 003E 0000 0015 0000 003E 0000 0015 0000 0015 0000 0015 0000 0015 0000 003E 0000 0579
R Step	0000 006D 0000 0044 0000 00A9 0000 003E 0000 0015 0000 003E 0000 0015 0000 0015 0000 0015 0000 0015 0000 0015 0000 003E 0000 0015 0000 003E 0000 0015 0000 0015 0000 0015 0000 0015 0000 0015 0000 0015 0000 003E 0000 0015 0000 003E 0000 003E 0000 003E 0000 003E 0000 0015 0000 003E 0000 0015 0000 003E 0000 0015 0000 0015 0000 0015 0000 0015 0000 003E 0000 0749 0000 00A9 0000 0015 0000 003E 0000 0015 0000 0015 0000 0015 0000 0015 0000 0015 0000 0015 0000 0015 0000 003E 0000 0015 0000 0015 0000 0015 0000 0015 0000 0015 0000 0015 0000 0015 0000 0015 0000 0015 0000 0015 0000 003E 0000 0015 0000 003E 0000 003E 0000 003E 0000 003E 0000 003E 0000 003E 0000 0015 0000 003E 0000 0015 0000 0015 0000 0E13
F Step	0000 006D 0000 0003 0000 00A9 0000 003E 0000 0015 0000 003E 0000 0015 0000 0015 0000 0015 0000 0015 0000 0015 0000 003E 0000 0015 0000 003E 0000 0015 0000 0015 0000 0015 0000 0015 0000 0015 0000 0015 0000 003E 0000 0015 0000 003E 0000 003E 0000 003E 0000 003E 0000 0015 0000 003E 0000 0015 0000 003E 0000 0015 0000 0015 0000 0015 0000 0015 0000 003E 0000 078B 0000 00A9 0000 0015 0000 003E 0000 0015 0000 0015 0000 0015 0000 0015 0000 0015 0000 0015 0000 0015 0000 003E 0000 0015 0000 0015 0000 0015 0000 0015 0000 0015 0000 0015 0000 0015 0000 0015 0000 0015 0000 0015 0000 003E 0000 0015 0000 0015 0000 003E 0000 003E 0000 003E 0000 003E 0000 003E 0000 0015
