Power	0000 0070 0000 0032 0000 003F 0000 0010 0000 0030 0000 0010 0000 0010 0000 0010 0000 0010 0000 0010 0000 0010 0000 0010 0000 0010 0000 0010 0000 0010 0000 0010 0000 0030 0000 0010 0000 0010 0000 0010 0000 0010 0000 0010 0000 0010 0000 0010 0000 0010 0000 0010 0000 0030 0000 0010 0000 0010 0000 0010 0000 0010 0000 0010 0000 0010 0000 0010 0000 0010 0000 0030 0000 0010 0000 0030 0000 0030 0000 0030 0000 0030 0000 0010 0000 0010 0000 0030 0000 0010 0000 0030 0000 0030 0000 0030 0000 0030 0000 0010 0000 0030 0000 0AA8
TV/Video	0000 0070 0000 0032 0000 003F 0000 0010 0000 0030 0000 0010 0000 0010 0000 0010 0000 0010 0000 0010 0000 0010 0000 0010 0000 0010 0000 0010 0000 0010 0000 0010 0000 0030 0000 0010 0000 0010 0000 0010 0000 0010 0000 0010 0000 0010 0000 0010 0000 0010 0000 0010 0000 0030 0000 0010 0000 0010 0000 0010 0000 0010 0000 0010 0000 0010 0000 0010 0000 0010 0000 0030 0000 0010 0000 0030 0000 0010 0000 0010 0000 0010 0000 0010 0000 0010 0000 0030 0000 0010 0000 0030 0000 0010 0000 0010 0000 0010 0000 0010 0000 0030 0000 0AA8
Ch+	0000 0070 0000 0032 0000 003F 0000 0010 0000 0030 0000 0010 0000 0010 0000 0010 0000 0010 0000 0010 0000 0010 0000 0010 0000 0010 0000 0010 0000 0010 0000 0010 0000 0030 0000 0010 0000 0010 0000 0010 0000 0010 0000 0010 0000 0010 0000 0010 0000 0010 0000 0010 0000 0030 0000 0010 0000 0010 0000 0010 0000 0010 0000 0010 0000 0010 0000 0010 0000 0010 0000 0010 0000 0010 0000 0030 0000 0010 0000 0030 0000 0030 0000 0010 0000 0010 0000 0010 0000 0010 0000 0030 0000 0010 0000 0030 0000 0030 0000 0010 0000 0030 0000 0AA8
Ch-	0000 0070 0000 0032 0000 003F 0000 0010 0000 0030 0000 0010 0000 0010 0000 0010 0000 0010 0000 0010 0000 0010 0000 0010 0000 0010 0000 0010 0000 0010 0000 0010 0000 0030 0000 0010 0000 0010 0000 0010 0000 0010 0000 0010 0000 0010 0000 0010 0000 0010 0000 0010 0000 0030 0000 0010 0000 0010 0000 0010 0000 0010 0000 0010 0000 0010 0000 0010 0000 0010 0000 0030 0000 0010 0000 0030 0000 0010 0000 0030 0000 0030 0000 0010 0000 0010 0000 0030 0000 0010 0000 0030 0000 0010 0000 0030 0000 0030 0000 0010 0000 0030 0000 0AA8
Vol+	0000 0070 0000 0032 0000 003F 0000 0010 0000 0030 0000 0010 0000 0010 0000 0010 0000 0010 0000 0010 0000 0010 0000 0010 0000 0010 0000 0010 0000 0010 0000 0010 0000 0030 0000 0010 0000 0010 0000 0010 0000 0010 0000 0010 0000 0010 0000 0010 0000 0010 0000 0010 0000 0030 0000 0010 0000 0010 0000 0010 0000 0010 0000 0010 0000 0010 0000 0010 0000 0010 0000 0010 0000 0010 0000 0010 0000 0010 0000 0010 0000 0030 0000 0010 0000 0010 0000 0010 0000 0010 0000 0010 0000 0010 0000 0010 0000 0030 0000 0010 0000 0030 0000 0AA8
Vol-	0000 0070 0000 0032 0000 003F 0000 0010 0000 0030 0000 0010 0000 0010 0000 0010 0000 0010 0000 0010 0000 0010 0000 0010 0000 0010 0000 0010 0000 0010 0000 0010 0000 0030 0000 0010 0000 0010 0000 0010 0000 0010 0000 0010 0000 0010 0000 0010 0000 0010 0000 0010 0000 0030 0000 0010 0000 0010 0000 0010 0000 0010 0000 0010 0000 0010 0000 0010 0000 0010 0000 0030 0000 0010 0000 0010 0000 0010 0000 0010 0000 0030 0000 0010 0000 0010 0000 0030 0000 0010 0000 0010 0000 0010 0000 0010 0000 0030 0000 0010 0000 0030 0000 0AA8
Mute	0000 0070 0000 0032 0000 003F 0000 0010 0000 0030 0000 0010 0000 0010 0000 0010 0000 0010 0000 0010 0000 0010 0000 0010 0000 0010 0000 0010 0000 0010 0000 0010 0000 0030 0000 0010 0000 0010 0000 0010 0000 0010 0000 0010 0000 0010 0000 0010 0000 0010 0000 0010 0000 0030 0000 0010 0000 0010 0000 0010 0000 0010 0000 0010 0000 0010 0000 0010 0000 0010 0000 0010 0000 0030 0000 0010 0000 0010 0000 0030 0000 0030 0000 0010 0000 0010 0000 0010 0000 0030 0000 0010 0000 0010 0000 0030 0000 0030 0000 0010 0000 0030 0000 0AA8
Action	0000 0070 0000 0032 0000 003F 0000 0010 0000 0030 0000 0010 0000 0010 0000 0010 0000 0010 0000 0010 0000 0010 0000 0010 0000 0010 0000 0010 0000 0010 0000 0010 0000 0030 0000 0010 0000 0010 0000 0010 0000 0010 0000 0010 0000 0010 0000 0010 0000 0010 0000 0010 0000 0030 0000 0010 0000 0010 0000 0010 0000 0010 0000 0010 0000 0010 0000 0010 0000 0010 0000 0010 0000 0030 0000 0010 0000 0010 0000 0030 0000 0010 0000 0030 0000 0010 0000 0010 0000 0030 0000 0010 0000 0010 0000 0030 0000 0010 0000 0030 0000 0030 0000 0AA8
1	0000 0070 0000 0032 0000 003F 0000 0010 0000 0030 0000 0010 0000 0010 0000 0010 0000 0010 0000 0010 0000 0010 0000 0010 0000 0010 0000 0010 0000 0010 0000 0010 0000 0030 0000 0010 0000 0010 0000 0010 0000 0010 0000 0010 0000 0010 0000 0010 0000 0010 0000 0010 0000 0030 0000 0010 0000 0010 0000 0010 0000 0010 0000 0010 0000 0010 0000 0010 0000 0010 0000 0010 0000 0010 0000 0010 0000 0010 0000 0030 0000 0010 0000 0010 0000 0010 0000 0010 0000 0010 0000 0010 0000 0010 0000 0030 0000 0010 0000 0010 0000 0030 0000 0AA8
2	0000 0070 0000 0032 0000 003F 0000 0010 0000 0030 0000 0010 0000 0010 0000 0010 0000 0010 0000 0010 0000 0010 0000 0010 0000 0010 0000 0010 0000 0010 0000 0010 0000 0030 0000 0010 0000 0010 0000 0010 0000 0010 0000 0010 0000 0010 0000 0010 0000 0010 0000 0010 0000 0030 0000 0010 0000 0010 0000 0010 0000 0010 0000 0010 0000 0010 0000 0010 0000 0010 0000 0030 0000 0010 0000 0010 0000 0010 0000 0030 0000 0010 0000 0010 0000 0010 0000 0030 0000 0010 0000 0010 0000 0010 0000 0030 0000 0010 0000 0010 0000 0030 0000 0AA8
3	0000 0070 0000 0032 0000 003F 0000 0010 0000 0030 0000 0010 0000 0010 0000 0010 0000 0010 0000 0010 0000 0010 0000 0010 0000 0010 0000 0010 0000 0010 0000 0010 0000 0030 0000 0010 0000 0010 0000 0010 0000 0010 0000 0010 0000 0010 0000 0010 0000 0010 0000 0010 0000 0030 0000 0010 0000 0010 0000 0010 0000 0010 0000 0010 0000 0010 0000 0010 0000 0010 0000 0010 0000 0030 0000 0010 0000 0010 0000 0030 0000 0010 0000 0010 0000 0010 0000 0010 0000 0030 0000 0010 0000 0010 0000 0030 0000 0010 0000 0010 0000 0030 0000 0AA8
4	0000 0070 0000 0032 0000 003F 0000 0010 0000 0030 0000 0010 0000 0010 0000 0010 0000 0010 0000 0010 0000 0010 0000 0010 0000 0010 0000 0010 0000 0010 0000 0010 0000 0030 0000 0010 0000 0010 0000 0010 0000 0010 0000 0010 0000 0010 0000 0010 0000 0010 0000 0010 0000 0030 0000 0010 0000 0010 0000 0010 0000 0010 0000 0010 0000 0010 0000 0010 0000 0010 0000 0030 0000 0030 0000 0010 0000 0010 0000 0030 0000 0010 0000 0010 0000 0010 0000 0030 0000 0030 0000 0010 0000 0010 0000 0030 0000 0010 0000 0010 0000 0030 0000 0AA8
5	0000 0070 0000 0032 0000 003F 0000 0010 0000 0030 0000 0010 0000 0010 0000 0010 0000 0010 0000 0010 0000 0010 0000 0010 0000 0010 0000 0010 0000 0010 0000 0010 0000 0030 0000 0010 0000 0010 0000 0010 0000 0010 0000 0010 0000 0010 0000 0010 0000 0010 0000 0010 0000 0030 0000 0010 0000 0010 0000 0010 0000 0010 0000 0010 0000 0010 0000 0010 0000 0010 0000 0010 0000 0010 0000 0030 0000 0010 0000 0030 0000 0010 0000 0010 0000 0010 0000 0010 0000 0010 0000 0030 0000 0010 0000 0030 0000 0010 0000 0010 0000 0030 0000 0AA8
6	0000 0070 0000 0032 0000 003F 0000 0010 0000 0030 0000 0010 0000 0010 0000 0010 0000 0010 0000 0010 0000 0010 0000 0010 0000 0010 0000 0010 0000 0010 0000 0010 0000 0030 0000 0010 0000 0010 0000 0010 0000 0010 0000 0010 0000 0010 0000 0010 0000 0010 0000 0010 0000 0030 0000 0010 0000 0010 0000 0010 0000 0010 0000 0010 0000 0010 0000 0010 0000 0010 0000 0030 0000 0010 0000 0030 0000 0010 0000 0030 0000 0010 0000 0010 0000 0010 0000 0030 0000 0010 0000 0030 0000 0010 0000 0030 0000 0010 0000 0010 0000 0030 0000 0AA8
7	0000 0070 0000 0032 0000 003F 0000 0010 0000 0030 0000 0010 0000 0010 0000 0010 0000 0010 0000 0010 0000 0010 0000 0010 0000 0010 0000 0010 0000 0010 0000 0010 0000 0030 0000 0010 0000 0010 0000 0010 0000 0010 0000 0010 0000 0010 0000 0010 0000 0010 0000 0010 0000 0030 0000 0010 0000 0010 0000 0010 0000 0010 0000 0010 0000 0010 0000 0010 0000 0010 0000 0010 0000 0030 0000 0030 0000 0010 0000 0030 0000 0010 0000 0010 0000 0010 0000 0010 0000 0030 0000 0030 0000 0010 0000 0030 0000 0010 0000 0010 0000 0030 0000 0AA8
8	0000 0070 0000 0032 0000 003F 0000 0010 0000 0030 0000 0010 0000 0010 0000 0010 0000 0010 0000 0010 0000 0010 0000 0010 0000 0010 0000 0010 0000 0010 0000 0010 0000 0030 0000 0010 0000 0010 0000 0010 0000 0010 0000 0010 0000 0010 0000 0010 0000 0010 0000 0010 0000 0030 0000 0010 0000 0010 0000 0010 0000 0010 0000 0010 0000 0010 0000 0010 0000 0010 0000 0030 0000 0030 0000 0030 0000 0010 0000 0030 0000 0010 0000 0010 0000 0010 0000 0030 0000 0030 0000 0030 0000 0010 0000 0030 0000 0010 0000 0010 0000 0030 0000 0AA8
9	0000 0070 0000 0032 0000 003F 0000 0010 0000 0030 0000 0010 0000 0010 0000 0010 0000 0010 0000 0010 0000 0010 0000 0010 0000 0010 0000 0010 0000 0010 0000 0010 0000 0030 0000 0010 0000 0010 0000 0010 0000 0010 0000 0010 0000 0010 0000 0010 0000 0010 0000 0010 0000 0030 0000 0010 0000 0010 0000 0010 0000 0010 0000 0010 0000 0010 0000 0010 0000 0010 0000 0010 0000 0010 0000 0010 0000 0030 0000 0030 0000 0010 0000 0010 0000 0010 0000 0010 0000 0010 0000 0010 0000 0030 0000 0030 0000 0010 0000 0010 0000 0030 0000 0AA8
0	0000 0070 0000 0032 0000 003F 0000 0010 0000 0030 0000 0010 0000 0010 0000 0010 0000 0010 0000 0010 0000 0010 0000 0010 0000 0010 0000 0010 0000 0010 0000 0010 0000 0030 0000 0010 0000 0010 0000 0010 0000 0010 0000 0010 0000 0010 0000 0010 0000 0010 0000 0010 0000 0030 0000 0010 0000 0010 0000 0010 0000 0010 0000 0010 0000 0010 0000 0010 0000 0010 0000 0030 0000 0010 0000 0010 0000 0030 0000 0030 0000 0010 0000 0010 0000 0010 0000 0030 0000 0010 0000 0010 0000 0030 0000 0030 0000 0010 0000 0010 0000 0030 0000 0AA8
R-Tune	0000 0070 0000 0032 0000 003F 0000 0010 0000 0030 0000 0010 0000 0010 0000 0010 0000 0010 0000 0010 0000 0010 0000 0010 0000 0010 0000 0010 0000 0010 0000 0010 0000 0030 0000 0010 0000 0010 0000 0010 0000 0010 0000 0010 0000 0010 0000 0010 0000 0010 0000 0010 0000 0030 0000 0010 0000 0010 0000 0010 0000 0010 0000 0010 0000 0010 0000 0010 0000 0010 0000 0030 0000 0030 0000 0030 0000 0010 0000 0030 0000 0030 0000 0010 0000 0010 0000 0030 0000 0030 0000 0030 0000 0010 0000 0030 0000 0030 0000 0010 0000 0030 0000 0AA8
Recall	0000 0070 0000 0032 0000 003F 0000 0010 0000 0030 0000 0010 0000 0010 0000 0010 0000 0010 0000 0010 0000 0010 0000 0010 0000 0010 0000 0010 0000 0010 0000 0010 0000 0030 0000 0010 0000 0010 0000 0010 0000 0010 0000 0010 0000 0010 0000 0010 0000 0010 0000 0010 0000 0030 0000 0010 0000 0010 0000 0010 0000 0010 0000 0010 0000 0010 0000 0010 0000 0010 0000 0030 0000 0010 0000 0010 0000 0030 0000 0030 0000 0030 0000 0010 0000 0010 0000 0030 0000 0010 0000 0010 0000 0030 0000 0030 0000 0030 0000 0010 0000 0030 0000 0AA8
Rew	0000 0070 0000 0064 0000 003F 0000 0010 0000 0030 0000 0010 0000 0010 0000 0010 0000 0010 0000 0010 0000 0010 0000 0010 0000 0010 0000 0010 0000 0010 0000 0010 0000 0030 0000 0010 0000 0010 0000 0010 0000 0010 0000 0010 0000 0010 0000 0030 0000 0010 0000 0010 0000 0030 0000 0010 0000 0010 0000 0010 0000 0010 0000 0010 0000 0010 0000 0010 0000 0010 0000 0010 0000 0030 0000 0010 0000 0010 0000 0010 0000 0010 0000 0010 0000 0010 0000 0010 0000 0030 0000 0010 0000 0010 0000 0030 0000 0010 0000 0010 0000 0030 0000 0AA8 0000 003F 0000 0010 0000 0030 0000 0010 0000 0010 0000 0010 0000 0010 0000 0010 0000 0010 0000 0010 0000 0010 0000 0010 0000 0010 0000 0010 0000 0030 0000 0010 0000 0010 0000 0010 0000 0010 0000 0010 0000 0010 0000 0030 0000 0010 0000 0010 0000 0030 0000 0010 0000 0010 0000 0010 0000 0010 0000 0010 0000 0010 0000 0010 0000 0010 0000 0010 0000 0030 0000 0010 0000 0010 0000 0010 0000 0010 0000 0010 0000 0010 0000 0010 0000 0030 0000 0010 0000 0010 0000 0030 0000 0010 0000 0010 0000 0030 0000 0F08
Play	0000 0070 0000 0032 0000 003F 0000 0010 0000 0030 0000 0010 0000 0010 0000 0010 0000 0010 0000 0010 0000 0010 0000 0010 0000 0010 0000 0010 0000 0010 0000 0010 0000 0030 0000 0010 0000 0010 0000 0010 0000 0010 0000 0010 0000 0010 0000 0030 0000 0010 0000 0010 0000 0030 0000 0010 0000 0010 0000 0010 0000 0010 0000 0010 0000 0010 0000 0010 0000 0010 0000 0010 0000 0030 0000 0010 0000 0030 0000 0010 0000 0010 0000 0010 0000 0010 0000 0010 0000 0030 0000 0010 0000 0030 0000 0030 0000 0010 0000 0010 0000 0030 0000 0AA8
Fwd	0000 0070 0000 0032 0000 003F 0000 0010 0000 0030 0000 0010 0000 0010 0000 0010 0000 0010 0000 0010 0000 0010 0000 0010 0000 0010 0000 0010 0000 0010 0000 0010 0000 0030 0000 0010 0000 0010 0000 0010 0000 0010 0000 0010 0000 0010 0000 0030 0000 0010 0000 0010 0000 0030 0000 0010 0000 0010 0000 0010 0000 0010 0000 0010 0000 0010 0000 0010 0000 0010 0000 0030 0000 0030 0000 0010 0000 0010 0000 0010 0000 0010 0000 0010 0000 0010 0000 0030 0000 0030 0000 0010 0000 0010 0000 0030 0000 0010 0000 0010 0000 0030 0000 0AA8
TV/VCR	0000 0070 0000 0032 0000 003F 0000 0010 0000 0030 0000 0010 0000 0010 0000 0010 0000 0010 0000 0010 0000 0010 0000 0010 0000 0010 0000 0010 0000 0010 0000 0010 0000 0030 0000 0010 0000 0010 0000 0010 0000 0010 0000 0010 0000 0010 0000 0030 0000 0010 0000 0010 0000 0030 0000 0010 0000 0010 0000 0010 0000 0010 0000 0010 0000 0010 0000 0010 0000 0010 0000 0010 0000 0030 0000 0030 0000 0010 0000 0030 0000 0030 0000 0010 0000 0010 0000 0010 0000 0030 0000 0030 0000 0010 0000 0010 0000 0030 0000 0010 0000 0030 0000 0AA8
Stop	0000 0070 0000 0032 0000 003F 0000 0010 0000 0030 0000 0010 0000 0010 0000 0010 0000 0010 0000 0010 0000 0010 0000 0010 0000 0010 0000 0010 0000 0010 0000 0010 0000 0030 0000 0010 0000 0010 0000 0010 0000 0010 0000 0010 0000 0010 0000 0030 0000 0010 0000 0010 0000 0030 0000 0010 0000 0010 0000 0010 0000 0010 0000 0010 0000 0010 0000 0010 0000 0010 0000 0010 0000 0010 0000 0010 0000 0010 0000 0010 0000 0010 0000 0010 0000 0010 0000 0010 0000 0010 0000 0010 0000 0010 0000 0030 0000 0010 0000 0010 0000 0030 0000 0AA8
Pause	0000 0070 0000 0032 0000 003F 0000 0010 0000 0030 0000 0010 0000 0010 0000 0010 0000 0010 0000 0010 0000 0010 0000 0010 0000 0010 0000 0010 0000 0010 0000 0010 0000 0030 0000 0010 0000 0010 0000 0010 0000 0010 0000 0010 0000 0010 0000 0030 0000 0010 0000 0010 0000 0030 0000 0010 0000 0010 0000 0010 0000 0010 0000 0010 0000 0010 0000 0010 0000 0010 0000 0010 0000 0030 0000 0030 0000 0010 0000 0010 0000 0010 0000 0010 0000 0010 0000 0010 0000 0030 0000 0030 0000 0010 0000 0030 0000 0010 0000 0010 0000 0030 0000 0AA8
Record	0000 0070 0000 0032 0000 003F 0000 0010 0000 0030 0000 0010 0000 0010 0000 0010 0000 0010 0000 0010 0000 0010 0000 0010 0000 0010 0000 0010 0000 0010 0000 0010 0000 0030 0000 0010 0000 0010 0000 0010 0000 0010 0000 0010 0000 0010 0000 0030 0000 0010 0000 0010 0000 0030 0000 0010 0000 0010 0000 0010 0000 0010 0000 0010 0000 0010 0000 0010 0000 0010 0000 0010 0000 0010 0000 0010 0000 0030 0000 0010 0000 0010 0000 0010 0000 0010 0000 0010 0000 0010 0000 0010 0000 0030 0000 0030 0000 0010 0000 0010 0000 0030 0000 0AA8
V Ch-	0000 0070 0000 0032 0000 003F 0000 0010 0000 0030 0000 0010 0000 0010 0000 0010 0000 0010 0000 0010 0000 0010 0000 0010 0000 0010 0000 0010 0000 0010 0000 0010 0000 0030 0000 0010 0000 0010 0000 0010 0000 0010 0000 0010 0000 0010 0000 0030 0000 0010 0000 0010 0000 0030 0000 0010 0000 0010 0000 0010 0000 0010 0000 0010 0000 0010 0000 0010 0000 0010 0000 0030 0000 0010 0000 0030 0000 0010 0000 0030 0000 0030 0000 0010 0000 0010 0000 0030 0000 0010 0000 0030 0000 0010 0000 0010 0000 0030 0000 0010 0000 0030 0000 0AA8
V Ch+	0000 0070 0000 0032 0000 003F 0000 0010 0000 0030 0000 0010 0000 0010 0000 0010 0000 0010 0000 0010 0000 0010 0000 0010 0000 0010 0000 0010 0000 0010 0000 0010 0000 0030 0000 0010 0000 0010 0000 0010 0000 0010 0000 0010 0000 0010 0000 0030 0000 0010 0000 0010 0000 0030 0000 0010 0000 0010 0000 0010 0000 0010 0000 0010 0000 0010 0000 0010 0000 0010 0000 0010 0000 0010 0000 0030 0000 0010 0000 0030 0000 0030 0000 0010 0000 0010 0000 0010 0000 0010 0000 0030 0000 0010 0000 0010 0000 0030 0000 0010 0000 0030 0000 0AA8
