VCR	0000 0071 0000 0032 0080 003f 0010 0010 0010 002f 0010 0010 0010 0010 0010 0010 0010 0010 0010 0010 0010 0010 0010 0010 0010 0010 0010 0010 0010 0010 0010 0010 0010 002f 0010 0010 0010 0010 0010 0010 0010 0010 0010 0010 0010 0010 0010 002f 0010 0010 0010 0010 0010 002f 0010 002f 0010 0010 0010 002f 0010 0010 0010 0010 0010 0010 0010 0010 0010 0010 0010 0010 0010 002f 0010 0010 0010 002f 0010 002f 0010 0010 0010 002f 0010 0010 0010 002f 0010 002f 0010 002f 0010 002f 0010 0010 0010 0010 0010 002f 0010 002f 0010 0aac
DVD	0000 0071 0000 0032 0080 003f 0010 0010 0010 002f 0010 0010 0010 0010 0010 0010 0010 0010 0010 0010 0010 0010 0010 0010 0010 0010 0010 0010 0010 0010 0010 0010 0010 002f 0010 0010 0010 0010 0010 0010 0010 0010 0010 0010 0010 0010 0010 002f 0010 002f 0010 0010 0010 002f 0010 0010 0010 0010 0010 0010 0010 0010 0010 0010 0010 0010 0010 0010 0010 0010 0010 002f 0010 002f 0010 002f 0010 002f 0010 002f 0010 002f 0010 002f 0010 002f 0010 002f 0010 002f 0010 002f 0010 002f 0010 0010 0010 0010 0010 002f 0010 0010 0010 0aac
Power	0000 0071 0000 0032 0080 003f 0010 0010 0010 002f 0010 0010 0010 0010 0010 0010 0010 0010 0010 0010 0010 0010 0010 0010 0010 0010 0010 0010 0010 0010 0010 0010 0010 002f 0010 0010 0010 0010 0010 0010 0010 0010 0010 0010 0010 0010 0010 002f 0010 0010 0010 0010 0010 002f 0010 0010 0010 0010 0010 0010 0010 0010 0010 0010 0010 0010 0010 0010 0010 0010 0010 002f 0010 0010 0010 002f 0010 002f 0010 002f 0010 002f 0010 0010 0010 0010 0010 002f 0010 0010 0010 002f 0010 002f 0010 0010 0010 002f 0010 0010 0010 002f 0010 0aae
Eject	0000 0071 0000 0032 0080 003f 0010 0010 0010 002f 0010 0010 0010 0010 0010 0010 0010 0010 0010 0010 0010 0010 0010 0010 0010 0010 0010 0010 0010 0010 0010 0010 0010 002f 0010 0010 0010 0010 0010 0010 0010 0010 0010 0010 0010 0010 0010 002f 0010 0010 0010 0010 0010 002f 0010 0010 0010 0010 0010 0010 0010 0010 0010 0010 0010 0010 0010 0010 0010 0010 0010 002f 0010 0010 0010 0010 0010 0010 0010 0010 0010 0010 0010 0010 0010 0010 0010 002f 0010 0010 0010 0010 0010 0010 0010 002f 0010 0010 0010 0010 0010 002f 0010 0aad
Input	0000 0071 0000 0032 0080 003f 0010 0010 0010 002f 0010 0010 0010 0010 0010 0010 0010 0010 0010 0010 0010 0010 0010 0010 0010 0010 0010 0010 0010 0010 0010 0010 0010 002f 0010 0010 0010 0010 0010 0010 0010 0010 0010 0010 0010 0010 0010 002f 0010 0010 0010 0010 0010 002f 0010 0010 0010 0010 0010 0010 0010 0010 0010 0010 0010 0010 0010 0010 0010 0010 0010 0010 0010 0010 0010 0010 0010 0010 0010 0010 0010 0010 0010 002f 0010 002f 0010 0010 0010 0010 0010 0010 0010 0010 0010 002f 0010 0010 0010 002f 0010 0010 0010 0aac
Play	0000 0071 0000 0032 0080 003f 0010 0010 0010 002f 0010 0010 0010 0010 0010 0010 0010 0010 0010 0010 0010 0010 0010 0010 0010 0010 0010 0010 0010 0010 0010 0010 0010 002f 0010 0010 0010 0010 0010 0010 0010 0010 0010 0010 0010 0010 0010 002f 0010 0010 0010 0010 0010 002f 0010 0010 0010 0010 0010 0010 0010 0010 0010 0010 0010 0010 0010 0010 0010 0010 0010 0010 0010 002f 0010 0010 0010 002f 0010 0010 0010 0010 0010 0010 0010 0010 0010 0010 0010 002f 0010 0010 0010 002f 0010 002f 0010 0010 0010 0010 0010 002f 0010 0aac
Rew	0000 0071 0000 0032 0080 003f 0010 0010 0010 002f 0010 0010 0010 0010 0010 0010 0010 0010 0010 0010 0010 0010 0010 0010 0010 0010 0010 0010 0010 0010 0010 0010 0010 002f 0010 0010 0010 0010 0010 0010 0010 0010 0010 0010 0010 0010 0010 002f 0010 0010 0010 0010 0010 002f 0010 0010 0010 0010 0010 0010 0010 0010 0010 0010 0010 0010 0010 0010 0010 0010 0010 0010 0010 002f 0010 0010 0010 0010 0010 0010 0010 0010 0010 0010 0010 0010 0010 0010 0010 002f 0010 0010 0010 0010 0010 002f 0010 0010 0010 0010 0010 002f 0010 0aac
Ffwd	0000 0071 0000 0032 0080 003f 0010 0010 0010 002f 0010 0010 0010 0010 0010 0010 0010 0010 0010 0010 0010 0010 0010 0010 0010 0010 0010 0010 0010 0010 0010 0010 0010 002f 0010 0010 0010 0010 0010 0010 0010 0010 0010 0010 0010 0010 0010 002f 0010 0010 0010 0010 0010 002f 0010 0010 0010 0010 0010 0010 0010 0010 0010 0010 0010 0010 0010 0010 0010 0010 0010 002f 0010 002f 0010 0010 0010 0010 0010 0010 0010 0010 0010 0010 0010 0010 0010 002f 0010 002f 0010 0010 0010 0010 0010 002f 0010 0010 0010 0010 0010 002f 0010 0aac
Stop	0000 0071 0000 0032 0080 003f 0010 0010 0010 002f 0010 0010 0010 0010 0010 0010 0010 0010 0010 0010 0010 0010 0010 0010 0010 0010 0010 0010 0010 0010 0010 0010 0010 002f 0010 0010 0010 0010 0010 0010 0010 0010 0010 0010 0010 0010 0010 002f 0010 0010 0010 0010 0010 002f 0010 0010 0010 0010 0010 0010 0010 0010 0010 0010 0010 0010 0010 0010 0010 0010 0010 0010 0010 0010 0010 0010 0010 0010 0010 0010 0010 0010 0010 0010 0010 0010 0010 0010 0010 0010 0010 0010 0010 0010 0010 002f 0010 0010 0010 0010 0010 002f 0010 0aac
VCR/TV	0000 0071 0000 0032 0080 003f 0010 0010 0010 002f 0010 0010 0010 0010 0010 0010 0010 0010 0010 0010 0010 0010 0010 0010 0010 0010 0010 0010 0010 0010 0010 0010 0010 002f 0010 0010 0010 0010 0010 0010 0010 0010 0010 0010 0010 0010 0010 002f 0010 0010 0010 0010 0010 002f 0010 0010 0010 0010 0010 0010 0010 0010 0010 0010 0010 0010 0010 0010 0010 0010 0010 0010 0010 002f 0010 002f 0010 0010 0010 002f 0010 002f 0010 0010 0010 0010 0010 0010 0010 002f 0010 002f 0010 0010 0010 0010 0010 002f 0010 0010 0010 002f 0010 0aad
Pause	0000 0071 0000 0032 0080 003f 0010 0010 0010 002f 0010 0010 0010 0010 0010 0010 0010 0010 0010 0010 0010 0010 0010 0010 0010 0010 0010 0010 0010 0010 0010 0010 0010 002f 0010 0010 0010 0010 0010 0010 0010 0010 0010 0010 0010 0010 0010 002f 0010 0010 0010 0010 0010 002f 0010 0010 0010 0010 0010 0010 0010 0010 0010 0010 0010 0010 0010 0010 0010 0010 0010 0010 0010 002f 0010 002f 0010 0010 0010 0010 0010 0010 0010 0010 0010 0010 0010 0010 0010 002f 0010 002f 0010 0010 0010 002f 0010 0010 0010 0010 0010 002f 0010 0aac
1	0000 0071 0000 0032 0080 003f 0010 0010 0010 002f 0010 0010 0010 0010 0010 0010 0010 0010 0010 0010 0010 0010 0010 0010 0010 0010 0010 0010 0010 0010 0010 0010 0010 002f 0010 0010 0010 0010 0010 0010 0010 0010 0010 0010 0010 0010 0010 002f 0010 0010 0010 0010 0010 002f 0010 0010 0010 0010 0010 0010 0010 0010 0010 0010 0010 0010 0010 0010 0010 0010 0010 0010 0010 0010 0010 0010 0010 0010 0010 002f 0010 0010 0010 0010 0010 0010 0010 0010 0010 0010 0010 0010 0010 0010 0010 0010 0010 0010 0010 0010 0010 002f 0010 0aac
2	0000 0071 0000 0032 0080 003f 0010 0010 0010 002f 0010 0010 0010 0010 0010 0010 0010 0010 0010 0010 0010 0010 0010 0010 0010 0010 0010 0010 0010 0010 0010 0010 0010 002f 0010 0010 0010 0010 0010 0010 0010 0010 0010 0010 0010 0010 0010 002f 0010 0010 0010 0010 0010 002f 0010 0010 0010 0010 0010 0010 0010 0010 0010 0010 0010 0010 0010 0010 0010 0010 0010 002f 0010 0010 0010 0010 0010 0010 0010 002f 0010 0010 0010 0010 0010 0010 0010 002f 0010 0010 0010 0010 0010 0010 0010 0010 0010 0010 0010 0010 0010 002f 0010 0aac
3	0000 0071 0000 0032 0080 003f 0010 0010 0010 002f 0010 0010 0010 0010 0010 0010 0010 0010 0010 0010 0010 0010 0010 0010 0010 0010 0010 0010 0010 0010 0010 0010 0010 002f 0010 0010 0010 0010 0010 0010 0010 0010 0010 0010 0010 0010 0010 002f 0010 0010 0010 0010 0010 002f 0010 0010 0010 0010 0010 0010 0010 0010 0010 0010 0010 0010 0010 0010 0010 0010 0010 0010 0010 002f 0010 0010 0010 0010 0010 002f 0010 0010 0010 0010 0010 0010 0010 0010 0010 002f 0010 0010 0010 0010 0010 0010 0010 0010 0010 0010 0010 002f 0010 0aac
4	0000 0071 0000 0032 0080 003f 0010 0010 0010 002f 0010 0010 0010 0010 0010 0010 0010 0010 0010 0010 0010 0010 0010 0010 0010 0010 0010 0010 0010 0010 0010 0010 0010 002f 0010 0010 0010 0010 0010 0010 0010 0010 0010 0010 0010 0010 0010 002f 0010 0010 0010 0010 0010 002f 0010 0010 0010 0010 0010 0010 0010 0010 0010 0010 0010 0010 0010 0010 0010 0010 0010 002f 0010 002f 0010 0010 0010 0010 0010 002f 0010 0010 0010 0010 0010 0010 0010 002f 0010 002f 0010 0010 0010 0010 0010 0010 0010 0010 0010 0010 0010 002f 0010 0aac
5	0000 0071 0000 0032 0080 003f 0010 0010 0010 002f 0010 0010 0010 0010 0010 0010 0010 0010 0010 0010 0010 0010 0010 0010 0010 0010 0010 0010 0010 0010 0010 0010 0010 002f 0010 0010 0010 0010 0010 0010 0010 0010 0010 0010 0010 0010 0010 002f 0010 0010 0010 0010 0010 002f 0010 0010 0010 0010 0010 0010 0010 0010 0010 0010 0010 0010 0010 0010 0010 0010 0010 0010 0010 0010 0010 002f 0010 0010 0010 002f 0010 0010 0010 0010 0010 0010 0010 0010 0010 0010 0010 002f 0010 0010 0010 0010 0010 0010 0010 0010 0010 002f 0010 0aac
6	0000 0071 0000 0032 0080 003f 0010 0010 0010 002f 0010 0010 0010 0010 0010 0010 0010 0010 0010 0010 0010 0010 0010 0010 0010 0010 0010 0010 0010 0010 0010 0010 0010 002f 0010 0010 0010 0010 0010 0010 0010 0010 0010 0010 0010 0010 0010 002f 0010 0010 0010 0010 0010 002f 0010 0010 0010 0010 0010 0010 0010 0010 0010 0010 0010 0010 0010 0010 0010 0010 0010 002f 0010 0010 0010 002f 0010 0010 0010 002f 0010 0010 0010 0010 0010 0010 0010 002f 0010 0010 0010 002f 0010 0010 0010 0010 0010 0010 0010 0010 0010 002f 0010 0aac
7	0000 0071 0000 0032 0080 003f 0010 0010 0010 002f 0010 0010 0010 0010 0010 0010 0010 0010 0010 0010 0010 0010 0010 0010 0010 0010 0010 0010 0010 0010 0010 0010 0010 002f 0010 0010 0010 0010 0010 0010 0010 0010 0010 0010 0010 0010 0010 002f 0010 0010 0010 0010 0010 002f 0010 0010 0010 0010 0010 0010 0010 0010 0010 0010 0010 0010 0010 0010 0010 0010 0010 0010 0010 002f 0010 002f 0010 0010 0010 002f 0010 0010 0010 0010 0010 0010 0010 0010 0010 002f 0010 002f 0010 0010 0010 0010 0010 0010 0010 0010 0010 002f 0010 0aac
8	0000 0071 0000 0032 0080 003f 0010 0010 0010 002f 0010 0010 0010 0010 0010 0010 0010 0010 0010 0010 0010 0010 0010 0010 0010 0010 0010 0010 0010 0010 0010 0010 0010 002f 0010 0010 0010 0010 0010 0010 0010 0010 0010 0010 0010 0010 0010 002f 0010 0010 0010 0010 0010 002f 0010 0010 0010 0010 0010 0010 0010 0010 0010 0010 0010 0010 0010 0010 0010 0010 0010 002f 0010 002f 0010 002f 0010 0010 0010 002f 0010 0010 0010 0010 0010 0010 0010 002f 0010 002f 0010 002f 0010 0010 0010 0010 0010 0010 0010 0010 0010 002f 0010 0aad
9	0000 0071 0000 0032 0080 003f 0010 0010 0010 002f 0010 0010 0010 0010 0010 0010 0010 0010 0010 0010 0010 0010 0010 0010 0010 0010 0010 0010 0010 0010 0010 0010 0010 002f 0010 0010 0010 0010 0010 0010 0010 0010 0010 0010 0010 0010 0010 002f 0010 0010 0010 0010 0010 002f 0010 0010 0010 0010 0010 0010 0010 0010 0010 0010 0010 0010 0010 0010 0010 0010 0010 0010 0010 0010 0010 0010 0010 002f 0010 002f 0010 0010 0010 0010 0010 0010 0010 0010 0010 0010 0010 0010 0010 002f 0010 0010 0010 0010 0010 0010 0010 002f 0010 0aac
0	0000 0071 0000 0032 0080 003f 0010 0010 0010 002f 0010 0010 0010 0010 0010 0010 0010 0010 0010 0010 0010 0010 0010 0010 0010 0010 0010 0010 0010 0010 0010 0010 0010 002f 0010 0010 0010 0010 0010 0010 0010 0010 0010 0010 0010 0010 0010 002f 0010 0010 0010 0010 0010 002f 0010 0010 0010 0010 0010 0010 0010 0010 0010 0010 0010 0010 0010 0010 0010 0010 0010 002f 0010 0010 0010 0010 0010 002f 0010 002f 0010 0010 0010 0010 0010 0010 0010 002f 0010 0010 0010 0010 0010 002f 0010 0010 0010 0010 0010 0010 0010 002f 0010 0aac
100	0000 0071 0000 0032 0080 003f 0010 0010 0010 002f 0010 0010 0010 0010 0010 0010 0010 0010 0010 0010 0010 0010 0010 0010 0010 0010 0010 0010 0010 0010 0010 0010 0010 002f 0010 0010 0010 0010 0010 0010 0010 0010 0010 0010 0010 0010 0010 002f 0010 0010 0010 0010 0010 002f 0010 0010 0010 0010 0010 0010 0010 0010 0010 0010 0010 0010 0010 0010 0010 0010 0010 002f 0010 0010 0010 002f 0010 0010 0010 0010 0010 002f 0010 002f 0010 002f 0010 002f 0010 0010 0010 002f 0010 0010 0010 002f 0010 002f 0010 002f 0010 0010 0010 0aae
Clear	0000 0071 0000 0032 0080 003f 0010 0010 0010 002f 0010 0010 0010 0010 0010 0010 0010 0010 0010 0010 0010 0010 0010 0010 0010 0010 0010 0010 0010 0010 0010 0010 0010 002f 0010 0010 0010 0010 0010 0010 0010 0010 0010 0010 0010 0010 0010 002f 0010 0010 0010 0010 0010 002f 0010 002f 0010 0010 0010 0010 0010 0010 0010 0010 0010 0010 0010 0010 0010 0010 0010 002f 0010 0010 0010 0010 0010 0010 0010 002f 0010 002f 0010 0010 0010 0010 0010 0010 0010 0010 0010 0010 0010 0010 0010 0010 0010 002f 0010 0010 0010 002f 0010 0aad
Return	0000 0071 0000 0032 0080 003f 0010 0010 0010 002f 0010 0010 0010 0010 0010 0010 0010 0010 0010 0010 0010 0010 0010 0010 0010 0010 0010 0010 0010 0010 0010 0010 0010 002f 0010 0010 0010 0010 0010 0010 0010 0010 0010 0010 0010 0010 0010 002f 0010 0010 0010 0010 0010 002f 0010 0010 0010 0010 0010 0010 0010 0010 0010 0010 0010 0010 0010 0010 0010 0010 0010 0010 0010 0010 0010 0010 0010 0010 0010 0010 0010 0010 0010 002f 0010 0010 0010 0010 0010 0010 0010 0010 0010 0010 0010 002f 0010 0010 0010 002f 0010 002f 0010 0aac
R Trk	0000 0071 0000 0032 0080 003f 0010 0010 0010 002f 0010 0010 0010 0010 0010 0010 0010 0010 0010 0010 0010 0010 0010 0010 0010 0010 0010 0010 0010 0010 0010 0010 0010 002f 0010 0010 0010 0010 0010 0010 0010 0010 0010 0010 0010 0010 0010 002f 0010 002f 0010 0010 0010 002f 0010 0010 0010 0010 0010 0010 0010 0010 0010 0010 0010 0010 0010 0010 0010 0010 0010 002f 0010 0010 0010 0010 0010 002f 0010 0010 0010 0010 0010 002f 0010 0010 0010 002f 0010 0010 0010 0010 0010 002f 0010 002f 0010 002f 0010 002f 0010 002f 0010 0aad
F Trk	0000 0071 0000 0032 0080 003f 0010 0010 0010 002f 0010 0010 0010 0010 0010 0010 0010 0010 0010 0010 0010 0010 0010 0010 0010 0010 0010 0010 0010 0010 0010 0010 0010 002f 0010 0010 0010 0010 0010 0010 0010 0010 0010 0010 0010 0010 0010 002f 0010 002f 0010 0010 0010 002f 0010 0010 0010 0010 0010 0010 0010 0010 0010 0010 0010 0010 0010 0010 0010 0010 0010 0010 0010 002f 0010 0010 0010 002f 0010 0010 0010 0010 0010 002f 0010 0010 0010 0010 0010 002f 0010 0010 0010 002f 0010 002f 0010 002f 0010 002f 0010 002f 0010 0aad
Enter	0000 0071 0000 0032 0080 003f 0010 0010 0010 002f 0010 0010 0010 0010 0010 0010 0010 0010 0010 0010 0010 0010 0010 0010 0010 0010 0010 0010 0010 0010 0010 0010 0010 002f 0010 0010 0010 0010 0010 0010 0010 0010 0010 0010 0010 0010 0010 002f 0010 002f 0010 0010 0010 002f 0010 0010 0010 0010 0010 0010 0010 0010 0010 0010 0010 0010 0010 0010 0010 0010 0010 0010 0010 002f 0010 002f 0010 002f 0010 002f 0010 0010 0010 0010 0010 002f 0010 0010 0010 002f 0010 002f 0010 002f 0010 0010 0010 002f 0010 0010 0010 0010 0010 0aad
Action	0000 0071 0000 0032 0080 003f 0010 0010 0010 002f 0010 0010 0010 0010 0010 0010 0010 0010 0010 0010 0010 0010 0010 0010 0010 0010 0010 0010 0010 0010 0010 0010 0010 002f 0010 0010 0010 0010 0010 0010 0010 0010 0010 0010 0010 0010 0010 002f 0010 0010 0010 0010 0010 002f 0010 002f 0010 0010 0010 0010 0010 0010 0010 0010 0010 0010 0010 0010 0010 0010 0010 0010 0010 002f 0010 002f 0010 0010 0010 002f 0010 0010 0010 002f 0010 0010 0010 002f 0010 002f 0010 002f 0010 0010 0010 0010 0010 0010 0010 002f 0010 002f 0010 0aae
Prog	0000 0071 0000 0032 0080 003f 0010 0010 0010 002f 0010 0010 0010 0010 0010 0010 0010 0010 0010 0010 0010 0010 0010 0010 0010 0010 0010 0010 0010 0010 0010 0010 0010 002f 0010 0010 0010 0010 0010 0010 0010 0010 0010 0010 0010 0010 0010 002f 0010 0010 0010 0010 0010 002f 0010 002f 0010 0010 0010 0010 0010 0010 0010 0010 0010 0010 0010 0010 0010 0010 0010 002f 0010 0010 0010 0010 0010 0010 0010 0010 0010 0010 0010 0010 0010 0010 0010 0010 0010 0010 0010 0010 0010 0010 0010 002f 0010 0010 0010 0010 0010 002f 0010 0aad
Up	0000 0071 0000 0032 0080 003f 0010 0010 0010 002f 0010 0010 0010 0010 0010 0010 0010 0010 0010 0010 0010 0010 0010 0010 0010 0010 0010 0010 0010 0010 0010 0010 0010 002f 0010 0010 0010 0010 0010 0010 0010 0010 0010 0010 0010 0010 0010 002f 0010 002f 0010 0010 0010 002f 0010 0010 0010 0010 0010 0010 0010 0010 0010 0010 0010 0010 0010 0010 0010 0010 0010 002f 0010 0010 0010 002f 0010 0010 0010 0010 0010 0010 0010 0010 0010 002f 0010 002f 0010 0010 0010 002f 0010 0010 0010 002f 0010 002f 0010 0010 0010 0010 0010 0aad
Left	0000 0071 0000 0032 0080 003f 0010 0010 0010 002f 0010 0010 0010 0010 0010 0010 0010 0010 0010 0010 0010 0010 0010 0010 0010 0010 0010 0010 0010 0010 0010 0010 0010 002f 0010 0010 0010 0010 0010 0010 0010 0010 0010 0010 0010 0010 0010 002f 0010 002f 0010 0010 0010 002f 0010 0010 0010 0010 0010 0010 0010 0010 0010 0010 0010 0010 0010 0010 0010 0010 0010 002f 0010 002f 0010 002f 0010 0010 0010 0010 0010 0010 0010 0010 0010 002f 0010 002f 0010 002f 0010 002f 0010 0010 0010 002f 0010 002f 0010 0010 0010 0010 0010 0aae
Set	0000 0071 0000 0032 0080 003f 0010 0010 0010 002f 0010 0010 0010 0010 0010 0010 0010 0010 0010 0010 0010 0010 0010 0010 0010 0010 0010 0010 0010 0010 0010 0010 0010 002f 0010 0010 0010 0010 0010 0010 0010 0010 0010 0010 0010 0010 0010 002f 0010 002f 0010 0010 0010 002f 0010 0010 0010 0010 0010 0010 0010 0010 0010 0010 0010 0010 0010 0010 0010 0010 0010 0010 0010 002f 0010 0010 0010 0010 0010 0010 0010 0010 0010 0010 0010 002f 0010 0010 0010 002f 0010 0010 0010 0010 0010 002f 0010 002f 0010 0010 0010 0010 0010 0aac
Right	0000 0071 0000 0032 0080 003f 0010 0010 0010 002f 0010 0010 0010 0010 0010 0010 0010 0010 0010 0010 0010 0010 0010 0010 0010 0010 0010 0010 0010 0010 0010 0010 0010 002f 0010 0010 0010 0010 0010 0010 0010 0010 0010 0010 0010 0010 0010 002f 0010 002f 0010 0010 0010 002f 0010 0010 0010 0010 0010 0010 0010 0010 0010 0010 0010 0010 0010 0010 0010 0010 0010 0010 0010 0010 0010 0010 0010 002f 0010 0010 0010 0010 0010 0010 0010 002f 0010 0010 0010 0010 0010 0010 0010 002f 0010 002f 0010 002f 0010 0010 0010 0010 0010 0aac
Down	0000 0071 0000 0032 0080 003f 0010 0010 0010 002f 0010 0010 0010 0010 0010 0010 0010 0010 0010 0010 0010 0010 0010 0010 0010 0010 0010 0010 0010 0010 0010 0010 0010 002f 0010 0010 0010 0010 0010 0010 0010 0010 0010 0010 0010 0010 0010 002f 0010 002f 0010 0010 0010 002f 0010 0010 0010 0010 0010 0010 0010 0010 0010 0010 0010 0010 0010 0010 0010 0010 0010 0010 0010 002f 0010 002f 0010 0010 0010 0010 0010 0010 0010 0010 0010 002f 0010 0010 0010 002f 0010 002f 0010 0010 0010 002f 0010 002f 0010 0010 0010 0010 0010 0aad
Title	0000 0071 0000 0032 0080 003f 0010 0010 0010 002f 0010 0010 0010 0010 0010 0010 0010 0010 0010 0010 0010 0010 0010 0010 0010 0010 0010 0010 0010 0010 0010 0010 0010 002f 0010 0010 0010 0010 0010 0010 0010 0010 0010 0010 0010 0010 0010 002f 0010 002f 0010 0010 0010 002f 0010 0010 0010 0010 0010 0010 0010 0010 0010 0010 0010 0010 0010 0010 0010 0010 0010 002f 0010 002f 0010 0010 0010 002f 0010 002f 0010 0010 0010 0010 0010 002f 0010 002f 0010 002f 0010 0010 0010 002f 0010 0010 0010 002f 0010 0010 0010 0010 0010 0aad
Menu	0000 0071 0000 0032 0080 003f 0010 0010 0010 002f 0010 0010 0010 0010 0010 0010 0010 0010 0010 0010 0010 0010 0010 0010 0010 0010 0010 0010 0010 0010 0010 0010 0010 002f 0010 0010 0010 0010 0010 0010 0010 0010 0010 0010 0010 0010 0010 002f 0010 002f 0010 0010 0010 002f 0010 0010 0010 0010 0010 0010 0010 0010 0010 0010 0010 0010 0010 0010 0010 0010 0010 0010 0010 0010 0010 0010 0010 0010 0010 0010 0010 0010 0010 0010 0010 002f 0010 0010 0010 0010 0010 0010 0010 0010 0010 002f 0010 002f 0010 0010 0010 0010 0010 0aac
Audio	0000 0071 0000 0032 0080 003f 0010 0010 0010 002f 0010 0010 0010 0010 0010 0010 0010 0010 0010 0010 0010 0010 0010 0010 0010 0010 0010 0010 0010 0010 0010 0010 0010 002f 0010 0010 0010 0010 0010 0010 0010 0010 0010 0010 0010 0010 0010 002f 0010 0010 0010 0010 0010 002f 0010 0010 0010 0010 0010 0010 0010 0010 0010 0010 0010 0010 0010 0010 0010 0010 0010 0010 0010 002f 0010 002f 0010 0010 0010 0010 0010 002f 0010 002f 0010 002f 0010 0010 0010 002f 0010 002f 0010 0010 0010 002f 0010 002f 0010 002f 0010 0010 0010 0aae
Angle	0000 0071 0000 0032 0080 003f 0010 0010 0010 002f 0010 0010 0010 0010 0010 0010 0010 0010 0010 0010 0010 0010 0010 0010 0010 0010 0010 0010 0010 0010 0010 0010 0010 002f 0010 0010 0010 0010 0010 0010 0010 0010 0010 0010 0010 0010 0010 002f 0010 002f 0010 0010 0010 002f 0010 0010 0010 0010 0010 0010 0010 0010 0010 0010 0010 0010 0010 0010 0010 0010 0010 0010 0010 0010 0010 0010 0010 0010 0010 002f 0010 0010 0010 0010 0010 002f 0010 0010 0010 0010 0010 0010 0010 0010 0010 0010 0010 002f 0010 0010 0010 0010 0010 0aac
Subtitle	0000 0071 0000 0032 0080 003f 0010 0010 0010 002f 0010 0010 0010 0010 0010 0010 0010 0010 0010 0010 0010 0010 0010 0010 0010 0010 0010 0010 0010 0010 0010 0010 0010 002f 0010 0010 0010 0010 0010 0010 0010 0010 0010 0010 0010 0010 0010 002f 0010 002f 0010 0010 0010 002f 0010 0010 0010 0010 0010 0010 0010 0010 0010 0010 0010 0010 0010 0010 0010 0010 0010 002f 0010 0010 0010 0010 0010 0010 0010 002f 0010 0010 0010 0010 0010 002f 0010 002f 0010 0010 0010 0010 0010 0010 0010 0010 0010 002f 0010 0010 0010 0010 0010 0aac
Zoom	0000 0071 0000 0032 0080 003f 0010 0010 0010 002f 0010 0010 0010 0010 0010 0010 0010 0010 0010 0010 0010 0010 0010 0010 0010 0010 0010 0010 0010 0010 0010 0010 0010 002f 0010 0010 0010 0010 0010 0010 0010 0010 0010 0010 0010 0010 0010 002f 0010 002f 0010 0010 0010 002f 0010 0010 0010 0010 0010 0010 0010 0010 0010 0010 0010 0010 0010 0010 0010 0010 0010 002f 0010 0010 0010 0010 0010 0010 0010 0010 0010 0010 0010 002f 0010 002f 0010 002f 0010 0010 0010 0010 0010 0010 0010 002f 0010 002f 0010 002f 0010 0010 0010 0aad
Vol+	0000 0071 0000 0032 0080 003f 0010 0010 0010 002f 0010 0010 0010 0010 0010 0010 0010 0010 0010 0010 0010 0010 0010 0010 0010 0010 0010 0010 0010 0010 0010 0010 0010 002f 0010 0010 0010 0010 0010 0010 0010 0010 0010 0010 0010 0010 0010 0010 0010 0010 0010 0010 0010 002f 0010 0010 0010 0010 0010 0010 0010 0010 0010 0010 0010 0010 0010 0010 0010 0010 0010 0010 0010 0010 0010 0010 0010 0010 0010 0010 0010 002f 0010 0010 0010 0010 0010 0010 0010 0010 0010 0010 0010 0010 0010 0010 0010 002f 0010 0010 0010 002f 0010 0aac
Vol-	0000 0071 0000 0032 0080 003f 0010 0010 0010 002f 0010 0010 0010 0010 0010 0010 0010 0010 0010 0010 0010 0010 0010 0010 0010 0010 0010 0010 0010 0010 0010 0010 0010 002f 0010 0010 0010 0010 0010 0010 0010 0010 0010 0010 0010 0010 0010 0010 0010 0010 0010 0010 0010 002f 0010 0010 0010 0010 0010 0010 0010 0010 0010 0010 0010 0010 0010 0010 0010 0010 0010 002f 0010 0010 0010 0010 0010 0010 0010 0010 0010 002f 0010 0010 0010 0010 0010 002f 0010 0010 0010 0010 0010 0010 0010 0010 0010 002f 0010 0010 0010 002f 0010 0aad
F Srch	0000 0071 0000 0032 0080 003f 0010 0010 0010 002f 0010 0010 0010 0010 0010 0010 0010 0010 0010 0010 0010 0010 0010 0010 0010 0010 0010 0010 0010 0010 0010 0010 0010 002f 0010 0010 0010 0010 0010 0010 0010 0010 0010 0010 0010 0010 0010 002f 0010 0010 0010 0010 0010 002f 0010 0010 0010 0010 0010 0010 0010 0010 0010 0010 0010 0010 0010 0010 0010 0010 0010 0010 0010 0010 0010 002f 0010 0010 0010 002f 0010 002f 0010 0010 0010 0010 0010 0010 0010 0010 0010 002f 0010 0010 0010 0010 0010 002f 0010 0010 0010 002f 0010 0aac
R Srch	0000 0071 0000 0032 0080 003f 0010 0010 0010 002f 0010 0010 0010 0010 0010 0010 0010 0010 0010 0010 0010 0010 0010 0010 0010 0010 0010 0010 0010 0010 0010 0010 0010 002f 0010 0010 0010 0010 0010 0010 0010 0010 0010 0010 0010 0010 0010 002f 0010 0010 0010 0010 0010 002f 0010 0010 0010 0010 0010 0010 0010 0010 0010 0010 0010 0010 0010 0010 0010 0010 0010 002f 0010 0010 0010 002f 0010 0010 0010 002f 0010 002f 0010 0010 0010 0010 0010 002f 0010 0010 0010 002f 0010 0010 0010 0010 0010 002f 0010 0010 0010 002f 0010 0aad
Display	0000 0071 0000 0032 0080 003f 0010 0010 0010 002f 0010 0010 0010 0010 0010 0010 0010 0010 0010 0010 0010 0010 0010 0010 0010 0010 0010 0010 0010 0010 0010 0010 0010 002f 0010 0010 0010 0010 0010 0010 0010 0010 0010 0010 0010 0010 0010 002f 0010 0010 0010 0010 0010 002f 0010 0010 0010 0010 0010 0010 0010 0010 0010 0010 0010 0010 0010 0010 0010 0010 0010 002f 0010 0010 0010 0010 0010 002f 0010 002f 0010 002f 0010 0010 0010 0010 0010 002f 0010 0010 0010 0010 0010 002f 0010 0010 0010 002f 0010 0010 0010 002f 0010 0aad
Tape Position	0000 0071 0000 0032 0080 003f 0010 0010 0010 002f 0010 0010 0010 0010 0010 0010 0010 0010 0010 0010 0010 0010 0010 0010 0010 0010 0010 0010 0010 0010 0010 0010 0010 002f 0010 0010 0010 0010 0010 0010 0010 0010 0010 0010 0010 0010 0010 002f 0010 0010 0010 0010 0010 002f 0010 002f 0010 0010 0010 002f 0010 0010 0010 0010 0010 0010 0010 0010 0010 0010 0010 002f 0010 002f 0010 0010 0010 002f 0010 0010 0010 002f 0010 0010 0010 0010 0010 0010 0010 002f 0010 002f 0010 002f 0010 002f 0010 002f 0010 0010 0010 002f 0010 0aac
Counter Reset	0000 0071 0000 0032 0080 003f 0010 0010 0010 002f 0010 0010 0010 0010 0010 0010 0010 0010 0010 0010 0010 0010 0010 0010 0010 0010 0010 0010 0010 0010 0010 0010 0010 002f 0010 0010 0010 0010 0010 0010 0010 0010 0010 0010 0010 0010 0010 002f 0010 0010 0010 0010 0010 002f 0010 0010 0010 0010 0010 0010 0010 0010 0010 0010 0010 0010 0010 0010 0010 0010 0010 0010 0010 0010 0010 002f 0010 0010 0010 002f 0010 0010 0010 002f 0010 0010 0010 0010 0010 0010 0010 002f 0010 0010 0010 0010 0010 0010 0010 002f 0010 002f 0010 0aac
Speed	0000 0071 0000 0032 0080 003f 0010 0010 0010 002f 0010 0010 0010 0010 0010 0010 0010 0010 0010 0010 0010 0010 0010 0010 0010 0010 0010 0010 0010 0010 0010 0010 0010 002f 0010 0010 0010 0010 0010 0010 0010 0010 0010 0010 0010 0010 0010 002f 0010 0010 0010 0010 0010 002f 0010 002f 0010 0010 0010 0010 0010 0010 0010 0010 0010 0010 0010 0010 0010 0010 0010 0010 0010 002f 0010 0010 0010 002f 0010 0010 0010 0010 0010 0010 0010 0010 0010 002f 0010 002f 0010 0010 0010 002f 0010 002f 0010 0010 0010 0010 0010 002f 0010 0aae
CA/Zero	0000 0071 0000 0032 0080 003f 0010 0010 0010 002f 0010 0010 0010 0010 0010 0010 0010 0010 0010 0010 0010 0010 0010 0010 0010 0010 0010 0010 0010 0010 0010 0010 0010 002f 0010 0010 0010 0010 0010 0010 0010 0010 0010 0010 0010 0010 0010 002f 0010 0010 0010 0010 0010 002f 0010 0010 0010 0010 0010 0010 0010 0010 0010 0010 0010 0010 0010 0010 0010 0010 0010 0010 0010 0010 0010 0010 0010 002f 0010 002f 0010 002f 0010 002f 0010 002f 0010 0010 0010 0010 0010 0010 0010 002f 0010 0010 0010 002f 0010 002f 0010 0010 0010 0aae
Record	0000 0071 0000 0032 0080 003f 0010 0010 0010 002f 0010 0010 0010 0010 0010 0010 0010 0010 0010 0010 0010 0010 0010 0010 0010 0010 0010 0010 0010 0010 0010 0010 0010 002f 0010 0010 0010 0010 0010 0010 0010 0010 0010 0010 0010 0010 0010 002f 0010 0010 0010 0010 0010 002f 0010 0010 0010 0010 0010 0010 0010 0010 0010 0010 0010 0010 0010 0010 0010 0010 0010 0010 0010 0010 0010 0010 0010 002f 0010 0010 0010 0010 0010 0010 0010 0010 0010 0010 0010 0010 0010 0010 0010 002f 0010 002f 0010 0010 0010 0010 0010 002f 0010 0aac
