Power	0000 0070 0000 0032 0081 0040 0012 0012 0012 0030 0012 0012 0012 0012 0012 0012 0012 0012 0012 0012 0012 0012 0012 0012 0012 0012 0012 0012 0012 0012 0012 0012 0012 0030 0012 0012 0012 0012 0012 0012 0012 0012 0012 0012 0012 0012 0012 0012 0012 0012 0012 0012 0012 0030 0012 0012 0012 0012 0012 0012 0012 0012 0012 0012 0012 0012 0012 0012 0012 0012 0012 0030 0012 0012 0012 0030 0012 0030 0012 0030 0012 0030 0012 0012 0012 0012 0012 0030 0012 0012 0012 0030 0012 0030 0012 0030 0012 0030 0012 0012 0012 0030 0012 0aba
Freeze	0000 0070 0000 0032 0081 0040 0012 0012 0012 0030 0012 0012 0012 0012 0012 0012 0012 0012 0012 0012 0012 0012 0012 0012 0012 0012 0012 0012 0012 0012 0012 0012 0012 0030 0012 0012 0012 0012 0012 0012 0012 0012 0012 0012 0012 0012 0012 0012 0012 0012 0012 0012 0012 0030 0012 0012 0012 0012 0012 0012 0012 0012 0012 0012 0012 0012 0012 0012 0012 0012 0012 0030 0012 0030 0012 0012 0012 0012 0012 0012 0012 0030 0012 0030 0012 0012 0012 0030 0012 0030 0012 0012 0012 0012 0012 0012 0012 0030 0012 0030 0012 0030 0012 0aba
Shutter	0000 0070 0000 0032 0080 0040 0011 0011 0011 0030 0011 0011 0011 0011 0011 0011 0011 0011 0011 0011 0011 0011 0011 0011 0011 0011 0011 0011 0011 0011 0011 0011 0011 0030 0011 0011 0011 0011 0011 0011 0011 0011 0011 0011 0011 0011 0011 0011 0011 0011 0011 0011 0011 0030 0011 0011 0011 0011 0011 0011 0011 0030 0011 0011 0011 0011 0011 0011 0011 0011 0011 0011 0011 0011 0011 0030 0011 0011 0011 0030 0011 0011 0011 0011 0011 0030 0011 0011 0011 0011 0011 0030 0011 0030 0011 0030 0011 0011 0011 0011 0011 0011 0011 0aba
Mute	0000 0070 0000 0032 0081 0040 0012 0012 0012 0030 0012 0012 0012 0012 0012 0012 0012 0012 0012 0012 0012 0012 0012 0012 0012 0012 0012 0012 0012 0012 0012 0012 0012 0030 0012 0012 0012 0012 0012 0012 0012 0012 0012 0012 0012 0012 0012 0012 0012 0012 0012 0012 0012 0030 0012 0012 0012 0012 0012 0012 0012 0012 0012 0012 0012 0012 0012 0012 0012 0012 0012 0012 0012 0030 0012 0012 0012 0012 0012 0030 0012 0030 0012 0012 0012 0012 0012 0012 0012 0030 0012 0012 0012 0012 0012 0030 0012 0030 0012 0012 0012 0030 0012 0aba
Vol-	0000 0070 0000 0032 0080 0040 0011 0011 0011 0030 0011 0011 0011 0011 0011 0011 0011 0011 0011 0011 0011 0011 0011 0011 0011 0011 0011 0011 0011 0011 0011 0011 0011 0030 0011 0011 0011 0011 0011 0011 0011 0011 0011 0011 0011 0011 0011 0011 0011 0011 0011 0011 0011 0030 0011 0011 0011 0011 0011 0011 0011 0011 0011 0011 0011 0011 0011 0011 0011 0011 0011 0030 0011 0011 0011 0011 0011 0011 0011 0011 0011 0030 0011 0011 0011 0011 0011 0030 0011 0011 0011 0011 0011 0011 0011 0011 0011 0030 0011 0011 0011 0030 0011 0aba
Vol+	0000 0070 0000 0032 0080 0040 0011 0011 0011 0030 0011 0011 0011 0011 0011 0011 0011 0011 0011 0011 0011 0011 0011 0011 0011 0011 0011 0011 0011 0011 0011 0011 0011 0030 0011 0011 0011 0011 0011 0011 0011 0011 0011 0011 0011 0011 0011 0011 0011 0011 0011 0011 0011 0030 0011 0011 0011 0011 0011 0011 0011 0011 0011 0011 0011 0011 0011 0011 0011 0011 0011 0011 0011 0011 0011 0011 0011 0011 0011 0011 0011 0030 0011 0011 0011 0011 0011 0011 0011 0011 0011 0011 0011 0011 0011 0011 0011 0030 0011 0011 0011 0030 0011 0aba
Mode	0000 0070 0000 0032 0081 0040 0012 0012 0012 0030 0012 0012 0012 0012 0012 0012 0012 0012 0012 0012 0012 0012 0012 0012 0012 0012 0012 0012 0012 0012 0012 0012 0012 0030 0012 0012 0012 0012 0012 0012 0012 0012 0012 0012 0012 0012 0012 0012 0012 0012 0012 0012 0012 0030 0012 0012 0012 0012 0012 0012 0012 0012 0012 0012 0012 0012 0012 0012 0012 0012 0012 0012 0012 0012 0012 0012 0012 0012 0012 0030 0012 0012 0012 0030 0012 0012 0012 0012 0012 0012 0012 0012 0012 0012 0012 0030 0012 0012 0012 0030 0012 0030 0012 0aba
Menu	0000 0070 0000 0032 0080 0040 0011 0011 0011 0030 0011 0011 0011 0011 0011 0011 0011 0011 0011 0011 0011 0011 0011 0011 0011 0011 0011 0011 0011 0011 0011 0011 0011 0030 0011 0011 0011 0011 0011 0011 0011 0011 0011 0011 0011 0011 0011 0011 0011 0011 0011 0011 0011 0030 0011 0011 0011 0011 0011 0011 0011 0011 0011 0011 0011 0011 0011 0011 0011 0011 0011 0011 0011 0030 0011 0030 0011 0011 0011 0011 0011 0011 0011 0011 0011 0011 0011 0011 0011 0030 0011 0030 0011 0011 0011 0011 0011 0011 0011 0011 0011 0030 0011 0aba
Input	0000 0070 0000 0032 0081 0040 0012 0012 0012 0030 0012 0012 0012 0012 0012 0012 0012 0012 0012 0012 0012 0012 0012 0012 0012 0012 0012 0012 0012 0012 0012 0012 0012 0030 0012 0012 0012 0012 0012 0012 0012 0012 0012 0012 0012 0012 0012 0012 0012 0012 0012 0012 0012 0030 0012 0012 0012 0012 0012 0012 0012 0012 0012 0012 0012 0012 0012 0012 0012 0012 0012 0030 0012 0012 0012 0030 0012 0012 0012 0012 0012 0012 0012 0012 0012 0012 0012 0030 0012 0012 0012 0030 0012 0012 0012 0012 0012 0012 0012 0012 0012 0030 0012 0abb
Up	0000 0070 0000 0032 0080 0040 0011 0011 0011 0030 0011 0011 0011 0011 0011 0011 0011 0011 0011 0011 0011 0011 0011 0011 0011 0011 0011 0011 0011 0011 0011 0011 0011 0030 0011 0011 0011 0011 0011 0011 0011 0011 0011 0011 0011 0011 0011 0011 0011 0011 0011 0011 0011 0030 0011 0011 0011 0011 0011 0011 0011 0011 0011 0011 0011 0011 0011 0011 0011 0011 0011 0011 0011 0030 0011 0011 0011 0030 0011 0011 0011 0011 0011 0030 0011 0011 0011 0011 0011 0030 0011 0011 0011 0030 0011 0011 0011 0011 0011 0030 0011 0030 0011 0aba
Down	0000 0070 0000 0032 0080 0040 0011 0011 0011 0030 0011 0011 0011 0011 0011 0011 0011 0011 0011 0011 0011 0011 0011 0011 0011 0011 0011 0011 0011 0011 0011 0011 0011 0030 0011 0011 0011 0011 0011 0011 0011 0011 0011 0011 0011 0011 0011 0011 0011 0011 0011 0011 0011 0030 0011 0011 0011 0011 0011 0011 0011 0011 0011 0011 0011 0011 0011 0011 0011 0011 0011 0030 0011 0030 0011 0011 0011 0030 0011 0011 0011 0011 0011 0030 0011 0011 0011 0030 0011 0030 0011 0011 0011 0030 0011 0011 0011 0011 0011 0030 0011 0030 0011 0aba
Left	0000 0070 0000 0032 0081 0040 0011 0011 0011 0030 0011 0011 0011 0011 0011 0011 0011 0011 0011 0011 0011 0011 0011 0011 0011 0011 0011 0011 0011 0011 0011 0011 0011 0030 0011 0011 0011 0011 0011 0011 0011 0011 0011 0011 0011 0011 0011 0011 0011 0011 0011 0011 0011 0030 0011 0011 0011 0011 0011 0011 0011 0011 0011 0011 0011 0011 0011 0011 0011 0011 0011 0030 0011 0011 0011 0011 0011 0030 0011 0011 0011 0011 0011 0011 0011 0011 0011 0030 0011 0011 0011 0011 0011 0030 0011 0011 0011 0011 0011 0011 0011 0030 0011 0abb
Right	0000 0070 0000 0032 0080 0040 0012 0012 0012 0030 0012 0012 0012 0012 0012 0012 0012 0012 0012 0012 0012 0012 0012 0012 0012 0012 0012 0012 0012 0012 0012 0012 0012 0030 0012 0012 0012 0012 0012 0012 0012 0012 0012 0012 0012 0012 0012 0012 0012 0012 0012 0012 0012 0030 0012 0012 0012 0012 0012 0012 0012 0012 0012 0012 0012 0012 0012 0012 0012 0012 0012 0012 0012 0012 0012 0012 0012 0030 0012 0012 0012 0012 0012 0012 0012 0012 0012 0012 0012 0012 0012 0012 0012 0030 0012 0012 0012 0012 0012 0012 0012 0030 0012 0aba
Enter	0000 0070 0000 0032 0080 0040 0010 0010 0010 0030 0010 0010 0010 0010 0010 0010 0010 0010 0010 0010 0010 0010 0010 0010 0010 0010 0010 0010 0010 0010 0010 0010 0010 0030 0010 0010 0010 0010 0010 0010 0010 0010 0010 0010 0010 0010 0010 0010 0010 0010 0010 0010 0010 0030 0010 0010 0010 0010 0010 0010 0010 0010 0010 0010 0010 0010 0010 0010 0010 0010 0010 0030 0010 0010 0010 0010 0010 0030 0010 0010 0010 0010 0010 0030 0010 0010 0010 0030 0010 0010 0010 0010 0010 0030 0010 0010 0010 0010 0010 0030 0010 0030 0010 0aae
Top Trigger	0000 0070 0000 001a 003c 001e 000f 002d 000f 000f 000f 002d 000f 000f 000f 002d 000f 000f 000f 000f 000f 000f 000f 000f 000f 000f 000f 000f 000f 000f 000f 000f 000f 000f 000f 000f 000f 002d 000f 000f 000f 000f 000f 000f 000f 000f 000f 000f 000f 000f 000f 002d 000f 000f 000f 01c1
Bottom Trigger	0000 0070 0000 001a 003c 001e 000f 002d 000f 000f 000f 002d 000f 000f 000f 002d 000f 000f 000f 000f 000f 000f 000f 000f 000f 000f 000f 000f 000f 000f 000f 000f 000f 000f 000f 002d 000f 000f 000f 000f 000f 000f 000f 000f 000f 000f 000f 000f 000f 000f 000f 000f 000f 002d 000f 01c1
