Power	0000 0071 0000 0032 0000 003F 0000 0010 0000 002F 0000 0010 0000 0010 0000 0010 0000 0010 0000 0010 0000 0010 0000 0010 0000 0010 0000 0010 0000 0010 0000 0010 0000 002F 0000 0010 0000 0010 0000 0010 0000 0010 0000 0010 0000 0010 0000 002F 0000 0010 0000 0010 0000 002F 0000 0010 0000 0010 0000 0010 0000 0010 0000 0010 0000 0010 0000 0010 0000 0010 0000 002F 0000 0010 0000 002F 0000 002F 0000 002F 0000 002F 0000 0010 0000 0010 0000 002F 0000 0010 0000 002F 0000 002F 0000 0010 0000 002F 0000 0010 0000 002F 0000 0AAD
VCR/TV	0000 0071 0000 0032 0000 003F 0000 0010 0000 002F 0000 0010 0000 0010 0000 0010 0000 0010 0000 0010 0000 0010 0000 0010 0000 0010 0000 0010 0000 0010 0000 0010 0000 002F 0000 0010 0000 0010 0000 0010 0000 0010 0000 0010 0000 0010 0000 002F 0000 0010 0000 0010 0000 002F 0000 0010 0000 0010 0000 0010 0000 0010 0000 0010 0000 0010 0000 0010 0000 0010 0000 0010 0000 002F 0000 002F 0000 0010 0000 002F 0000 002F 0000 0010 0000 0010 0000 0010 0000 002F 0000 002F 0000 0010 0000 0010 0000 002F 0000 0010 0000 002F 0000 0AA8
R-Tune	0000 0071 0000 0032 0000 003E 0000 0010 0000 002F 0000 0010 0000 0010 0000 0010 0000 0010 0000 0010 0000 0010 0000 0010 0000 0010 0000 0010 0000 0010 0000 0010 0000 002F 0000 0010 0000 0010 0000 0010 0000 0010 0000 0010 0000 0010 0000 002F 0000 0010 0000 0010 0000 002F 0000 002F 0000 0010 0000 0010 0000 0010 0000 0010 0000 0010 0000 0010 0000 0010 0000 0010 0000 0010 0000 0010 0000 002F 0000 002F 0000 002F 0000 0010 0000 0010 0000 002F 0000 0010 0000 0010 0000 002F 0000 0010 0000 002F 0000 0010 0000 002F 0000 0AAE
Display	0000 0071 0000 0032 0000 003F 0000 0010 0000 002F 0000 0010 0000 0010 0000 0010 0000 0010 0000 0010 0000 0010 0000 0010 0000 0010 0000 0010 0000 0010 0000 0010 0000 002F 0000 0010 0000 0010 0000 0010 0000 0010 0000 0010 0000 0010 0000 002F 0000 0010 0000 0010 0000 002F 0000 0010 0000 0010 0000 0010 0000 0010 0000 0010 0000 0010 0000 0010 0000 0010 0000 002F 0000 0010 0000 0010 0000 002F 0000 002F 0000 002F 0000 0010 0000 0010 0000 002F 0000 0010 0000 0010 0000 002F 0000 0010 0000 002F 0000 0010 0000 002F 0000 0AA8
Slow-	0000 0071 0000 0032 0000 003E 0000 0010 0000 002F 0000 0010 0000 0010 0000 0010 0000 0010 0000 0010 0000 0010 0000 0010 0000 0010 0000 0010 0000 0010 0000 0010 0000 002F 0000 0010 0000 0010 0000 0010 0000 0010 0000 0010 0000 0010 0000 002F 0000 0010 0000 0010 0000 002F 0000 0010 0000 0010 0000 0010 0000 0010 0000 0010 0000 0010 0000 0010 0000 0010 0000 002F 0000 002F 0000 002F 0000 002F 0000 0010 0000 0010 0000 0010 0000 002F 0000 002F 0000 002F 0000 002F 0000 002F 0000 002F 0000 0010 0000 0010 0000 0010 0000 0AA9
Slow+	0000 0071 0000 0032 0000 003F 0000 0010 0000 002F 0000 0010 0000 0010 0000 0010 0000 0010 0000 0010 0000 0010 0000 0010 0000 0010 0000 0010 0000 0010 0000 0010 0000 002F 0000 0010 0000 0010 0000 0010 0000 0010 0000 0010 0000 0010 0000 002F 0000 0010 0000 0010 0000 002F 0000 0010 0000 0010 0000 0010 0000 0010 0000 0010 0000 0010 0000 0010 0000 0010 0000 0010 0000 002F 0000 002F 0000 002F 0000 0010 0000 0010 0000 0010 0000 002F 0000 0010 0000 002F 0000 002F 0000 002F 0000 002F 0000 0010 0000 0010 0000 0010 0000 0AA9
R Trk	0000 0071 0000 0032 0000 003F 0000 0010 0000 002F 0000 0010 0000 0010 0000 0010 0000 0010 0000 0010 0000 0010 0000 0010 0000 0010 0000 0010 0000 0010 0000 0010 0000 002F 0000 0010 0000 0010 0000 0010 0000 0010 0000 0010 0000 0010 0000 002F 0000 0010 0000 0010 0000 002F 0000 0010 0000 0010 0000 0010 0000 0010 0000 0010 0000 0010 0000 0010 0000 0010 0000 0010 0000 002F 0000 0010 0000 0010 0000 002F 0000 002F 0000 0010 0000 002F 0000 0010 0000 002F 0000 0010 0000 0010 0000 0010 0000 002F 0000 0010 0000 0010 0000 0AA9
F Trk	0000 0071 0000 0032 0000 003F 0000 0010 0000 002F 0000 0010 0000 0010 0000 0010 0000 0010 0000 0010 0000 0010 0000 0010 0000 0010 0000 0010 0000 0010 0000 0010 0000 002F 0000 0010 0000 0010 0000 0010 0000 0010 0000 0010 0000 0010 0000 002F 0000 0010 0000 0010 0000 002F 0000 0010 0000 0010 0000 0010 0000 0010 0000 0010 0000 0010 0000 0010 0000 0010 0000 002F 0000 0010 0000 0010 0000 0010 0000 002F 0000 002F 0000 0010 0000 002F 0000 002F 0000 0010 0000 0010 0000 0010 0000 0010 0000 002F 0000 0010 0000 0010 0000 0AA8
Speed	0000 0071 0000 0032 0000 003E 0000 0010 0000 002F 0000 0010 0000 0010 0000 0010 0000 0010 0000 0010 0000 0010 0000 0010 0000 0010 0000 0010 0000 0010 0000 0010 0000 002F 0000 0010 0000 0010 0000 0010 0000 0010 0000 0010 0000 0010 0000 002F 0000 0010 0000 0010 0000 002F 0000 002F 0000 0010 0000 0010 0000 0010 0000 0010 0000 0010 0000 0010 0000 0010 0000 0010 0000 002F 0000 0010 0000 002F 0000 0010 0000 0010 0000 0010 0000 0010 0000 002F 0000 002F 0000 0010 0000 002F 0000 002F 0000 0010 0000 0010 0000 002F 0000 0AA9
Pause	0000 0071 0000 0032 0000 003F 0000 0010 0000 002F 0000 0010 0000 0010 0000 0010 0000 0010 0000 0010 0000 0010 0000 0010 0000 0010 0000 0010 0000 0010 0000 0010 0000 002F 0000 0010 0000 0010 0000 0010 0000 0010 0000 0010 0000 0010 0000 002F 0000 0010 0000 0010 0000 002F 0000 0010 0000 0010 0000 0010 0000 0010 0000 0010 0000 0010 0000 0010 0000 0010 0000 0010 0000 002F 0000 002F 0000 0010 0000 0010 0000 0010 0000 0010 0000 0010 0000 0010 0000 002F 0000 002F 0000 0010 0000 002F 0000 0010 0000 0010 0000 002F 0000 0AA9
Slo/F Adv	0000 0071 0000 0032 0000 003F 0000 0010 0000 002F 0000 0010 0000 0010 0000 0010 0000 0010 0000 0010 0000 0010 0000 0010 0000 0010 0000 0010 0000 0010 0000 0010 0000 002F 0000 0010 0000 0010 0000 0010 0000 0010 0000 0010 0000 0010 0000 002F 0000 0010 0000 0010 0000 002F 0000 0010 0000 0010 0000 0010 0000 0010 0000 0010 0000 0010 0000 0010 0000 0010 0000 002F 0000 002F 0000 002F 0000 002F 0000 0010 0000 0010 0000 0010 0000 0010 0000 002F 0000 002F 0000 002F 0000 002F 0000 002F 0000 0010 0000 0010 0000 002F 0000 0AA9
Rec/Time	0000 0071 0000 0032 0000 003F 0000 0010 0000 002F 0000 0010 0000 0010 0000 0010 0000 0010 0000 0010 0000 0010 0000 0010 0000 0010 0000 0010 0000 0010 0000 0010 0000 002F 0000 0010 0000 0010 0000 0010 0000 0010 0000 0010 0000 0010 0000 002F 0000 0010 0000 0010 0000 002F 0000 0010 0000 0010 0000 0010 0000 0010 0000 0010 0000 0010 0000 0010 0000 0010 0000 0010 0000 0010 0000 0010 0000 002F 0000 0010 0000 0010 0000 0010 0000 0010 0000 0010 0000 0010 0000 0010 0000 002F 0000 002F 0000 0010 0000 0010 0000 002F 0000 0AA8
Ch+	0000 0071 0000 0032 0000 003E 0000 0010 0000 002F 0000 0010 0000 0010 0000 0010 0000 0010 0000 0010 0000 0010 0000 0010 0000 0010 0000 0010 0000 0010 0000 0010 0000 002F 0000 0010 0000 0010 0000 0010 0000 0010 0000 0010 0000 0010 0000 002F 0000 0010 0000 0010 0000 002F 0000 0010 0000 0010 0000 0010 0000 0010 0000 0010 0000 0010 0000 0010 0000 0010 0000 0010 0000 0010 0000 002F 0000 0010 0000 002F 0000 002F 0000 0010 0000 0010 0000 0010 0000 0010 0000 002F 0000 0010 0000 0010 0000 002F 0000 0010 0000 002F 0000 0AA9
Ch-	0000 0071 0000 0032 0000 003F 0000 0010 0000 002F 0000 0010 0000 0010 0000 0010 0000 0010 0000 0010 0000 0010 0000 0010 0000 0010 0000 0010 0000 0010 0000 0010 0000 002F 0000 0010 0000 0010 0000 0010 0000 0010 0000 0010 0000 0010 0000 002F 0000 0010 0000 0010 0000 002F 0000 0010 0000 0010 0000 0010 0000 0010 0000 0010 0000 0010 0000 0010 0000 0010 0000 002F 0000 0010 0000 002F 0000 0010 0000 002F 0000 002F 0000 0010 0000 0010 0000 002F 0000 0010 0000 002F 0000 0010 0000 0010 0000 002F 0000 0010 0000 002F 0000 0AA9
Play	0000 0071 0000 0032 0000 003F 0000 0010 0000 002F 0000 0010 0000 0010 0000 0010 0000 0010 0000 0010 0000 0010 0000 0010 0000 0010 0000 0010 0000 0010 0000 0010 0000 002F 0000 0010 0000 0010 0000 0010 0000 0010 0000 0010 0000 0010 0000 002F 0000 0010 0000 0010 0000 002F 0000 0010 0000 0010 0000 0010 0000 0010 0000 0010 0000 0010 0000 0010 0000 0010 0000 0010 0000 002F 0000 0010 0000 002F 0000 0010 0000 0010 0000 0010 0000 0010 0000 0010 0000 002F 0000 0010 0000 002F 0000 002F 0000 0010 0000 0010 0000 002F 0000 0AAD
Stop	0000 0071 0000 0032 0000 003F 0000 0010 0000 002F 0000 0010 0000 0010 0000 0010 0000 0010 0000 0010 0000 0010 0000 0010 0000 0010 0000 0010 0000 0010 0000 0010 0000 002F 0000 0010 0000 0010 0000 0010 0000 0010 0000 0010 0000 0010 0000 002F 0000 0010 0000 0010 0000 002F 0000 0010 0000 0010 0000 0010 0000 0010 0000 0010 0000 0010 0000 0010 0000 0010 0000 0010 0000 0010 0000 0010 0000 0010 0000 0010 0000 0010 0000 0010 0000 0010 0000 0010 0000 0010 0000 0010 0000 0010 0000 002F 0000 0010 0000 0010 0000 002F 0000 0AAD
Ffwd	0000 0071 0000 0032 0000 003E 0000 0010 0000 002F 0000 0010 0000 0010 0000 0010 0000 0010 0000 0010 0000 0010 0000 0010 0000 0010 0000 0010 0000 0010 0000 0010 0000 002F 0000 0010 0000 0010 0000 0010 0000 0010 0000 0010 0000 0010 0000 002F 0000 0010 0000 0010 0000 002F 0000 0010 0000 0010 0000 0010 0000 0010 0000 0010 0000 0010 0000 0010 0000 0010 0000 002F 0000 002F 0000 0010 0000 0010 0000 0010 0000 0010 0000 0010 0000 0010 0000 002F 0000 002F 0000 0010 0000 0010 0000 002F 0000 0010 0000 0010 0000 002F 0000 0AAC
Rew	0000 0071 0000 0032 0000 003E 0000 0010 0000 002F 0000 0010 0000 0010 0000 0010 0000 0010 0000 0010 0000 0010 0000 0010 0000 0010 0000 0010 0000 0010 0000 0010 0000 002F 0000 0010 0000 0010 0000 0010 0000 0010 0000 0010 0000 0010 0000 002F 0000 0010 0000 0010 0000 002F 0000 0010 0000 0010 0000 0010 0000 0010 0000 0010 0000 0010 0000 0010 0000 0010 0000 0010 0000 002F 0000 0010 0000 0010 0000 0010 0000 0010 0000 0010 0000 0010 0000 0010 0000 002F 0000 0010 0000 0010 0000 002F 0000 0010 0000 0010 0000 002F 0000 0AAC
Input	0000 0071 0000 0032 0000 003E 0000 0010 0000 002F 0000 0010 0000 0010 0000 0010 0000 0010 0000 0010 0000 0010 0000 0010 0000 0010 0000 0010 0000 0010 0000 0010 0000 002F 0000 0010 0000 0010 0000 0010 0000 0010 0000 0010 0000 0010 0000 002F 0000 0010 0000 0010 0000 002F 0000 0010 0000 0010 0000 0010 0000 0010 0000 0010 0000 0010 0000 0010 0000 0010 0000 0010 0000 0010 0000 0010 0000 0010 0000 0010 0000 0010 0000 002F 0000 002F 0000 0010 0000 0010 0000 0010 0000 0010 0000 002F 0000 0010 0000 002F 0000 0010 0000 0AB5
VCR+	0000 0071 0000 0032 0000 003E 0000 0010 0000 002F 0000 0010 0000 0010 0000 0010 0000 0010 0000 0010 0000 0010 0000 0010 0000 0010 0000 0010 0000 0010 0000 0010 0000 002F 0000 0010 0000 0010 0000 0010 0000 0010 0000 0010 0000 0010 0000 002F 0000 0010 0000 0010 0000 002F 0000 002F 0000 0010 0000 0010 0000 0010 0000 0010 0000 0010 0000 0010 0000 0010 0000 002F 0000 0010 0000 002F 0000 002F 0000 002F 0000 0010 0000 002F 0000 0010 0000 0010 0000 0010 0000 002F 0000 002F 0000 0010 0000 0010 0000 002F 0000 002F 0000 0AB6
Index	0000 0071 0000 0032 0000 003E 0000 0010 0000 002F 0000 0010 0000 0010 0000 0010 0000 0010 0000 0010 0000 0010 0000 0010 0000 0010 0000 0010 0000 0010 0000 0010 0000 002F 0000 0010 0000 0010 0000 0010 0000 0010 0000 0010 0000 0010 0000 002F 0000 0010 0000 0010 0000 002F 0000 0010 0000 0010 0000 0010 0000 0010 0000 0010 0000 0010 0000 0010 0000 0010 0000 0010 0000 0010 0000 0010 0000 0010 0000 0010 0000 0010 0000 002F 0000 0010 0000 0010 0000 0010 0000 0010 0000 0010 0000 002F 0000 0010 0000 002F 0000 002F 0000 0AB6
100	0000 0071 0000 0032 0000 003E 0000 0010 0000 002F 0000 0010 0000 0010 0000 0010 0000 0010 0000 0010 0000 0010 0000 0010 0000 0010 0000 0010 0000 0010 0000 0010 0000 002F 0000 0010 0000 0010 0000 0010 0000 0010 0000 0010 0000 0010 0000 002F 0000 0010 0000 0010 0000 002F 0000 0010 0000 0010 0000 0010 0000 0010 0000 0010 0000 0010 0000 0010 0000 0010 0000 002F 0000 0010 0000 002F 0000 0010 0000 0010 0000 002F 0000 002F 0000 002F 0000 002F 0000 0010 0000 002F 0000 0010 0000 002F 0000 002F 0000 002F 0000 0010 0000 0AB6
1	0000 0071 0000 0032 0000 003E 0000 0010 0000 002F 0000 0010 0000 0010 0000 0010 0000 0010 0000 0010 0000 0010 0000 0010 0000 0010 0000 0010 0000 0010 0000 0010 0000 002F 0000 0010 0000 0010 0000 0010 0000 0010 0000 0010 0000 0010 0000 002F 0000 0010 0000 0010 0000 002F 0000 0010 0000 0010 0000 0010 0000 0010 0000 0010 0000 0010 0000 0010 0000 0010 0000 0010 0000 0010 0000 0010 0000 0010 0000 002F 0000 0010 0000 0010 0000 0010 0000 0010 0000 0010 0000 0010 0000 0010 0000 0010 0000 0010 0000 0010 0000 002F 0000 0AB6
2	0000 0071 0000 0032 0000 003E 0000 0010 0000 002F 0000 0010 0000 0010 0000 0010 0000 0010 0000 0010 0000 0010 0000 0010 0000 0010 0000 0010 0000 0010 0000 0010 0000 002F 0000 0010 0000 0010 0000 0010 0000 0010 0000 0010 0000 0010 0000 002F 0000 0010 0000 0010 0000 002F 0000 0010 0000 0010 0000 0010 0000 0010 0000 0010 0000 0010 0000 0010 0000 0010 0000 002F 0000 0010 0000 0010 0000 0010 0000 002F 0000 0010 0000 0010 0000 0010 0000 002F 0000 0010 0000 0010 0000 0010 0000 0010 0000 0010 0000 0010 0000 002F 0000 0AB6
3	0000 0071 0000 0032 0000 003E 0000 0010 0000 002F 0000 0010 0000 0010 0000 0010 0000 0010 0000 0010 0000 0010 0000 0010 0000 0010 0000 0010 0000 0010 0000 0010 0000 002F 0000 0010 0000 0010 0000 0010 0000 0010 0000 0010 0000 0010 0000 002F 0000 0010 0000 0010 0000 002F 0000 0010 0000 0010 0000 0010 0000 0010 0000 0010 0000 0010 0000 0010 0000 0010 0000 0010 0000 002F 0000 0010 0000 0010 0000 002F 0000 0010 0000 0010 0000 0010 0000 0010 0000 002F 0000 0010 0000 0010 0000 0010 0000 0010 0000 0010 0000 002F 0000 0AB6
4	0000 0071 0000 0032 0000 003F 0000 0010 0000 002F 0000 0010 0000 0010 0000 0010 0000 0010 0000 0010 0000 0010 0000 0010 0000 0010 0000 0010 0000 0010 0000 0010 0000 002F 0000 0010 0000 0010 0000 0010 0000 0010 0000 0010 0000 0010 0000 002F 0000 0010 0000 0010 0000 002F 0000 0010 0000 0010 0000 0010 0000 0010 0000 0010 0000 0010 0000 0010 0000 0010 0000 002F 0000 002F 0000 0010 0000 0010 0000 002F 0000 0010 0000 0010 0000 0010 0000 002F 0000 002F 0000 0010 0000 0010 0000 0010 0000 0010 0000 0010 0000 002F 0000 0AB6
5	0000 0071 0000 0032 0000 003F 0000 0010 0000 002F 0000 0010 0000 0010 0000 0010 0000 0010 0000 0010 0000 0010 0000 0010 0000 0010 0000 0010 0000 0010 0000 0010 0000 002F 0000 0010 0000 0010 0000 0010 0000 0010 0000 0010 0000 0010 0000 002F 0000 0010 0000 0010 0000 002F 0000 0010 0000 0010 0000 0010 0000 0010 0000 0010 0000 0010 0000 0010 0000 0010 0000 0010 0000 0010 0000 002F 0000 0010 0000 002F 0000 0010 0000 0010 0000 0010 0000 0010 0000 0010 0000 002F 0000 0010 0000 0010 0000 0010 0000 0010 0000 002F 0000 0AB6
6	0000 0071 0000 0032 0000 003E 0000 0010 0000 002F 0000 0010 0000 0010 0000 0010 0000 0010 0000 0010 0000 0010 0000 0010 0000 0010 0000 0010 0000 0010 0000 0010 0000 002F 0000 0010 0000 0010 0000 0010 0000 0010 0000 0010 0000 0010 0000 002F 0000 0010 0000 0010 0000 002F 0000 0010 0000 0010 0000 0010 0000 0010 0000 0010 0000 0010 0000 0010 0000 0010 0000 002F 0000 0010 0000 002F 0000 0010 0000 002F 0000 0010 0000 0010 0000 0010 0000 002F 0000 0010 0000 002F 0000 0010 0000 0010 0000 0010 0000 0010 0000 002F 0000 0AB6
7	0000 0071 0000 0032 0000 003F 0000 0010 0000 002F 0000 0010 0000 0010 0000 0010 0000 0010 0000 0010 0000 0010 0000 0010 0000 0010 0000 0010 0000 0010 0000 0010 0000 002F 0000 0010 0000 0010 0000 0010 0000 0010 0000 0010 0000 0010 0000 002F 0000 0010 0000 0010 0000 002F 0000 0010 0000 0010 0000 0010 0000 0010 0000 0010 0000 0010 0000 0010 0000 0010 0000 0010 0000 002F 0000 002F 0000 0010 0000 002F 0000 0010 0000 0010 0000 0010 0000 0010 0000 002F 0000 002F 0000 0010 0000 0010 0000 0010 0000 0010 0000 002F 0000 0AB6
8	0000 0071 0000 0032 0000 003F 0000 0010 0000 002F 0000 0010 0000 0010 0000 0010 0000 0010 0000 0010 0000 0010 0000 0010 0000 0010 0000 0010 0000 0010 0000 0010 0000 002F 0000 0010 0000 0010 0000 0010 0000 0010 0000 0010 0000 0010 0000 002F 0000 0010 0000 0010 0000 002F 0000 0010 0000 0010 0000 0010 0000 0010 0000 0010 0000 0010 0000 0010 0000 0010 0000 002F 0000 002F 0000 002F 0000 0010 0000 002F 0000 0010 0000 0010 0000 0010 0000 002F 0000 002F 0000 002F 0000 0010 0000 0010 0000 0010 0000 0010 0000 002F 0000 0AB6
9	0000 0071 0000 0032 0000 003F 0000 0010 0000 002F 0000 0010 0000 0010 0000 0010 0000 0010 0000 0010 0000 0010 0000 0010 0000 0010 0000 0010 0000 0010 0000 0010 0000 002F 0000 0010 0000 0010 0000 0010 0000 0010 0000 0010 0000 0010 0000 002F 0000 0010 0000 0010 0000 002F 0000 0010 0000 0010 0000 0010 0000 0010 0000 0010 0000 0010 0000 0010 0000 0010 0000 0010 0000 0010 0000 0010 0000 002F 0000 002F 0000 0010 0000 0010 0000 0010 0000 0010 0000 0010 0000 0010 0000 002F 0000 0010 0000 0010 0000 0010 0000 002F 0000 0AB6
0	0000 0071 0000 0032 0000 003E 0000 0010 0000 002F 0000 0010 0000 0010 0000 0010 0000 0010 0000 0010 0000 0010 0000 0010 0000 0010 0000 0010 0000 0010 0000 0010 0000 002F 0000 0010 0000 0010 0000 0010 0000 0010 0000 0010 0000 0010 0000 002F 0000 0010 0000 0010 0000 002F 0000 0010 0000 0010 0000 0010 0000 0010 0000 0010 0000 0010 0000 0010 0000 0010 0000 002F 0000 0010 0000 0010 0000 002F 0000 002F 0000 0010 0000 0010 0000 0010 0000 002F 0000 0010 0000 0010 0000 002F 0000 0010 0000 0010 0000 0010 0000 002F 0000 0AB6
Add/Dlt	0000 0071 0000 0032 0000 003F 0000 0010 0000 002F 0000 0010 0000 0010 0000 0010 0000 0010 0000 0010 0000 0010 0000 0010 0000 0010 0000 0010 0000 0010 0000 0010 0000 002F 0000 0010 0000 0010 0000 0010 0000 0010 0000 0010 0000 0010 0000 002F 0000 0010 0000 0010 0000 002F 0000 002F 0000 0010 0000 0010 0000 0010 0000 0010 0000 0010 0000 0010 0000 0010 0000 002F 0000 0010 0000 0010 0000 0010 0000 002F 0000 002F 0000 0010 0000 0010 0000 0010 0000 0010 0000 0010 0000 0010 0000 0010 0000 002F 0000 0010 0000 002F 0000 0AB5
As Edit	0000 0071 0000 0032 0000 003F 0000 0010 0000 002F 0000 0010 0000 0010 0000 0010 0000 0010 0000 0010 0000 0010 0000 0010 0000 0010 0000 0010 0000 0010 0000 0010 0000 002F 0000 0010 0000 0010 0000 0010 0000 0010 0000 0010 0000 0010 0000 002F 0000 0010 0000 0010 0000 002F 0000 0010 0000 0010 0000 0010 0000 0010 0000 0010 0000 0010 0000 0010 0000 0010 0000 002F 0000 0010 0000 002F 0000 0010 0000 0010 0000 002F 0000 0010 0000 002F 0000 002F 0000 0010 0000 002F 0000 0010 0000 002F 0000 002F 0000 0010 0000 0010 0000 0AB6
As Memory	0000 0071 0000 0032 0000 003E 0000 0010 0000 002F 0000 0010 0000 0010 0000 0010 0000 0010 0000 0010 0000 0010 0000 0010 0000 0010 0000 0010 0000 0010 0000 0010 0000 002F 0000 0010 0000 0010 0000 0010 0000 0010 0000 0010 0000 0010 0000 002F 0000 0010 0000 0010 0000 002F 0000 0010 0000 0010 0000 0010 0000 0010 0000 0010 0000 0010 0000 0010 0000 0010 0000 0010 0000 002F 0000 0010 0000 0010 0000 0010 0000 002F 0000 0010 0000 002F 0000 0010 0000 002F 0000 0010 0000 0010 0000 002F 0000 002F 0000 0010 0000 0010 0000 0AAE
As Start	0000 0071 0000 0032 0000 003E 0000 0010 0000 002F 0000 0010 0000 0010 0000 0010 0000 0010 0000 0010 0000 0010 0000 0010 0000 0010 0000 0010 0000 0010 0000 0010 0000 002F 0000 0010 0000 0010 0000 0010 0000 0010 0000 0010 0000 0010 0000 002F 0000 0010 0000 0010 0000 002F 0000 0010 0000 0010 0000 0010 0000 0010 0000 0010 0000 0010 0000 0010 0000 0010 0000 002F 0000 002F 0000 0010 0000 0010 0000 0010 0000 002F 0000 0010 0000 002F 0000 002F 0000 002F 0000 0010 0000 0010 0000 002F 0000 002F 0000 0010 0000 0010 0000 0AAE
J Shut-On	0000 0071 0000 0032 0000 003F 0000 0010 0000 002F 0000 0010 0000 0010 0000 0010 0000 0010 0000 0010 0000 0010 0000 0010 0000 0010 0000 0010 0000 0010 0000 0010 0000 002F 0000 0010 0000 0010 0000 0010 0000 0010 0000 0010 0000 0010 0000 002F 0000 0010 0000 0010 0000 002F 0000 0010 0000 0010 0000 0010 0000 0010 0000 0010 0000 0010 0000 0010 0000 0010 0000 002F 0000 0010 0000 0010 0000 0010 0000 0010 0000 0010 0000 0010 0000 002F 0000 002F 0000 0010 0000 0010 0000 0010 0000 002F 0000 0010 0000 0010 0000 0010 0000 0AB1
J Shut-Off	0000 0071 0000 0032 0000 003F 0000 0010 0000 002F 0000 0010 0000 0010 0000 0010 0000 0010 0000 0010 0000 0010 0000 0010 0000 0010 0000 0010 0000 0010 0000 0010 0000 002F 0000 0010 0000 0010 0000 0010 0000 0010 0000 0010 0000 0010 0000 002F 0000 0010 0000 0010 0000 002F 0000 0010 0000 0010 0000 0010 0000 0010 0000 0010 0000 0010 0000 0010 0000 0010 0000 002F 0000 002F 0000 0010 0000 0010 0000 002F 0000 0010 0000 0010 0000 002F 0000 002F 0000 002F 0000 0010 0000 0010 0000 0010 0000 0010 0000 0010 0000 0010 0000 0AAD
J Ffwd	0000 0071 0000 0032 0000 003F 0000 0010 0000 002F 0000 0010 0000 0010 0000 0010 0000 0010 0000 0010 0000 0010 0000 0010 0000 0010 0000 0010 0000 0010 0000 0010 0000 002F 0000 0010 0000 0010 0000 0010 0000 0010 0000 0010 0000 0010 0000 002F 0000 0010 0000 0010 0000 002F 0000 0010 0000 0010 0000 0010 0000 0010 0000 0010 0000 0010 0000 0010 0000 0010 0000 002F 0000 002F 0000 002F 0000 0010 0000 002F 0000 0010 0000 0010 0000 002F 0000 002F 0000 002F 0000 002F 0000 0010 0000 0010 0000 0010 0000 0010 0000 0010 0000 0AA4
J Rew	0000 0071 0000 0032 0000 003F 0000 0010 0000 002F 0000 0010 0000 0010 0000 0010 0000 0010 0000 0010 0000 0010 0000 0010 0000 0010 0000 0010 0000 0010 0000 0010 0000 002F 0000 0010 0000 0010 0000 0010 0000 0010 0000 0010 0000 0010 0000 002F 0000 0010 0000 0010 0000 002F 0000 0010 0000 0010 0000 0010 0000 0010 0000 0010 0000 0010 0000 0010 0000 0010 0000 0010 0000 002F 0000 002F 0000 0010 0000 002F 0000 0010 0000 0010 0000 002F 0000 0010 0000 002F 0000 002F 0000 0010 0000 0010 0000 0010 0000 0010 0000 0010 0000 0AA4
SH Ffwd	0000 0071 0000 0032 0000 003E 0000 0010 0000 002F 0000 0010 0000 0010 0000 0010 0000 0010 0000 0010 0000 0010 0000 0010 0000 0010 0000 0010 0000 0010 0000 0010 0000 002F 0000 0010 0000 0010 0000 0010 0000 0010 0000 0010 0000 0010 0000 002F 0000 0010 0000 0010 0000 002F 0000 0010 0000 0010 0000 0010 0000 0010 0000 0010 0000 0010 0000 0010 0000 0010 0000 0010 0000 0010 0000 002F 0000 002F 0000 0010 0000 0010 0000 0010 0000 0010 0000 0010 0000 0010 0000 002F 0000 002F 0000 002F 0000 0010 0000 0010 0000 002F 0000 0AAC
SH Rew	0000 0071 0000 0032 0000 003E 0000 0010 0000 002F 0000 0010 0000 0010 0000 0010 0000 0010 0000 0010 0000 0010 0000 0010 0000 0010 0000 0010 0000 0010 0000 0010 0000 002F 0000 0010 0000 0010 0000 0010 0000 0010 0000 0010 0000 0010 0000 002F 0000 0010 0000 0010 0000 002F 0000 0010 0000 0010 0000 0010 0000 0010 0000 0010 0000 0010 0000 0010 0000 0010 0000 002F 0000 0010 0000 002F 0000 002F 0000 0010 0000 0010 0000 0010 0000 0010 0000 002F 0000 0010 0000 002F 0000 002F 0000 002F 0000 0010 0000 0010 0000 002F 0000 0AAD
J Fwd-Max	0000 0071 0000 0032 0000 003E 0000 0010 0000 002F 0000 0010 0000 0010 0000 0010 0000 0010 0000 0010 0000 0010 0000 0010 0000 0010 0000 0010 0000 0010 0000 0010 0000 002F 0000 0010 0000 0010 0000 0010 0000 0010 0000 0010 0000 0010 0000 002F 0000 0010 0000 0010 0000 002F 0000 0010 0000 0010 0000 0010 0000 0010 0000 0010 0000 0010 0000 0010 0000 0010 0000 002F 0000 0010 0000 0010 0000 002F 0000 0010 0000 0010 0000 0010 0000 002F 0000 002F 0000 0010 0000 0010 0000 002F 0000 002F 0000 0010 0000 0010 0000 0010 0000 0AA6
J Rev-Max	0000 0071 0000 0032 0000 003E 0000 0010 0000 002F 0000 0010 0000 0010 0000 0010 0000 0010 0000 0010 0000 0010 0000 0010 0000 0010 0000 0010 0000 0010 0000 0010 0000 002F 0000 0010 0000 0010 0000 0010 0000 0010 0000 0010 0000 0010 0000 002F 0000 0010 0000 0010 0000 002F 0000 0010 0000 0010 0000 0010 0000 0010 0000 0010 0000 0010 0000 0010 0000 0010 0000 0010 0000 0010 0000 0010 0000 002F 0000 0010 0000 0010 0000 0010 0000 002F 0000 0010 0000 0010 0000 0010 0000 002F 0000 002F 0000 0010 0000 0010 0000 0010 0000 0AA5
Program	0000 0071 0000 0032 0000 0040 0000 000F 0000 002F 0000 0010 0000 0010 0000 0010 0000 0010 0000 0010 0000 0010 0000 0010 0000 0010 0000 0010 0000 0010 0000 0010 0000 002F 0000 0010 0000 0010 0000 0010 0000 0010 0000 0010 0000 0010 0000 002F 0000 0010 0000 0010 0000 002F 0000 002F 0000 0010 0000 0010 0000 0010 0000 0010 0000 0010 0000 0010 0000 0010 0000 002F 0000 0010 0000 0010 0000 0010 0000 0010 0000 0010 0000 0010 0000 0010 0000 0010 0000 0010 0000 0010 0000 0010 0000 002F 0000 0010 0000 0010 0000 002F 0000 0AAE
Sele Set	0000 0071 0000 0032 0000 0040 0000 000F 0000 002F 0000 0010 0000 0010 0000 0010 0000 0010 0000 0010 0000 0010 0000 0010 0000 0010 0000 0010 0000 0010 0000 0010 0000 002F 0000 0010 0000 0010 0000 0010 0000 0010 0000 0010 0000 0010 0000 002F 0000 0010 0000 0010 0000 002F 0000 002F 0000 0010 0000 0010 0000 0010 0000 0010 0000 0010 0000 0010 0000 0010 0000 0010 0000 0010 0000 002F 0000 0010 0000 0010 0000 0010 0000 0010 0000 0010 0000 002F 0000 0010 0000 002F 0000 0010 0000 002F 0000 0010 0000 0010 0000 002F 0000 0AAF
Select+	0000 0071 0000 0032 0000 003F 0000 0010 0000 002F 0000 0010 0000 0010 0000 0010 0000 0010 0000 0010 0000 0010 0000 0010 0000 0010 0000 0010 0000 0010 0000 0010 0000 002F 0000 0010 0000 0010 0000 0010 0000 0010 0000 0010 0000 0010 0000 002F 0000 0010 0000 0010 0000 002F 0000 002F 0000 0010 0000 0010 0000 0010 0000 0010 0000 0010 0000 0010 0000 0010 0000 0010 0000 002F 0000 0010 0000 0010 0000 0010 0000 0010 0000 0010 0000 0010 0000 002F 0000 002F 0000 0010 0000 0010 0000 002F 0000 0010 0000 0010 0000 002F 0000 0EBF
Select-	0000 0071 0000 0032 0000 0040 0000 000F 0000 002F 0000 0010 0000 0010 0000 0010 0000 0010 0000 0010 0000 0010 0000 0010 0000 0010 0000 0010 0000 0010 0000 0010 0000 002F 0000 0010 0000 0010 0000 0010 0000 0010 0000 0010 0000 0010 0000 002F 0000 0010 0000 0010 0000 002F 0000 002F 0000 0010 0000 0010 0000 0010 0000 0010 0000 0010 0000 0010 0000 0010 0000 002F 0000 002F 0000 0010 0000 0010 0000 0010 0000 0010 0000 0010 0000 0010 0000 0010 0000 002F 0000 0010 0000 0010 0000 002F 0000 0010 0000 0010 0000 002F 0000 0EBF
Menu	0000 0071 0000 0032 0000 003F 0000 0010 0000 002F 0000 0010 0000 0010 0000 0010 0000 0010 0000 0010 0000 0010 0000 0010 0000 0010 0000 0010 0000 0010 0000 0010 0000 002F 0000 0010 0000 0010 0000 0010 0000 0010 0000 0010 0000 0010 0000 002F 0000 0010 0000 0010 0000 002F 0000 002F 0000 0010 0000 0010 0000 0010 0000 0010 0000 0010 0000 0010 0000 0010 0000 0010 0000 002F 0000 002F 0000 0010 0000 002F 0000 0010 0000 002F 0000 0010 0000 002F 0000 002F 0000 002F 0000 0010 0000 0010 0000 0010 0000 002F 0000 002F 0000 0AB0
Clear	0000 0071 0000 0032 0000 0040 0000 000F 0000 002F 0000 0010 0000 0010 0000 0010 0000 0010 0000 0010 0000 0010 0000 0010 0000 0010 0000 0010 0000 0010 0000 0010 0000 002F 0000 0010 0000 0010 0000 0010 0000 0010 0000 0010 0000 0010 0000 002F 0000 0010 0000 0010 0000 002F 0000 002F 0000 0010 0000 0010 0000 0010 0000 0010 0000 0010 0000 0010 0000 0010 0000 002F 0000 0010 0000 002F 0000 0010 0000 0010 0000 0010 0000 0010 0000 0010 0000 0010 0000 0010 0000 002F 0000 0010 0000 002F 0000 0010 0000 0010 0000 002F 0000 0AAE
Counter Reset	0000 0070 0000 0032 0000 003F 0000 000F 0000 002F 0000 000F 0000 000F 0000 000F 0000 000F 0000 000F 0000 000F 0000 000F 0000 000F 0000 000F 0000 000F 0000 000F 0000 002F 0000 000F 0000 000F 0000 000F 0000 000F 0000 000F 0000 000F 0000 002F 0000 000F 0000 000F 0000 002F 0000 000F 0000 000F 0000 000F 0000 000F 0000 000F 0000 000F 0000 000F 0000 000F 0000 000F 0000 000F 0000 002F 0000 000F 0000 002F 0000 000F 0000 002F 0000 0010 0000 000F 0000 000F 0000 002F 0000 000F 0000 000F 0000 000F 0000 002F 0000 002F 0000 0ABC
Z-Srch Min-SK	0000 0070 0000 0032 0000 003F 0000 000F 0000 002F 0000 000F 0000 000F 0000 000F 0000 000F 0000 000F 0000 000F 0000 000F 0000 000F 0000 000F 0000 000F 0000 000F 0000 002F 0000 000F 0000 000F 0000 000F 0000 000F 0000 000F 0000 000F 0000 002F 0000 000F 0000 000F 0000 002F 0000 000F 0000 000F 0000 000F 0000 000F 0000 000F 0000 000F 0000 000F 0000 000F 0000 002F 0000 000F 0000 002F 0000 000F 0000 002F 0000 002F 0000 002F 0000 002F 0000 002F 0000 000F 0000 002F 0000 000F 0000 000F 0000 002F 0000 002F 0000 000F 0000 0AC6
R Index	0000 0070 0000 0032 0000 0040 0000 000F 0000 0030 0000 000F 0000 000F 0000 000F 0000 000F 0000 000F 0000 000F 0000 000F 0000 000F 0000 000F 0000 0010 0000 000F 0000 0030 0000 000F 0000 0010 0000 0010 0000 0010 0000 0010 0000 0010 0000 0030 0000 0010 0000 0010 0000 0030 0000 0010 0000 0010 0000 0010 0000 0010 0000 0010 0000 0010 0000 0010 0000 0011 0000 0030 0000 0010 0000 0010 0000 0030 0000 0010 0000 0010 0000 0030 0000 0010 0000 0030 0000 0010 0000 0010 0000 0030 0000 0030 0000 0010 0000 0030 0000 0030 0000 0AB0
F Index	0000 0070 0000 0032 0000 0040 0000 000F 0000 0030 0000 000F 0000 000F 0000 000F 0000 000F 0000 000F 0000 000F 0000 000F 0000 000F 0000 000F 0000 000F 0000 000F 0000 0030 0000 000F 0000 0010 0000 0010 0000 0010 0000 0010 0000 0010 0000 0030 0000 0010 0000 0010 0000 0030 0000 0010 0000 0010 0000 0010 0000 0010 0000 0010 0000 0010 0000 0010 0000 0011 0000 0010 0000 0030 0000 0010 0000 0030 0000 0010 0000 0010 0000 0030 0000 0010 0000 0010 0000 0030 0000 0010 0000 0030 0000 0030 0000 0010 0000 0030 0000 0030 0000 0AB0
Timer Rec	0000 0070 0000 0032 0000 0040 0000 000F 0000 0030 0000 000F 0000 000F 0000 000F 0000 000F 0000 000F 0000 000F 0000 000F 0000 000F 0000 000F 0000 000F 0000 000F 0000 0030 0000 000F 0000 0010 0000 0010 0000 0010 0000 0010 0000 0010 0000 0030 0000 0010 0000 0010 0000 0030 0000 0010 0000 0010 0000 0010 0000 0010 0000 0010 0000 0010 0000 0010 0000 0011 0000 0010 0000 0010 0000 0030 0000 0010 0000 0030 0000 0030 0000 0010 0000 0030 0000 0010 0000 0010 0000 0030 0000 0010 0000 0010 0000 0030 0000 0010 0000 0010 0000 0AB0
Enter	0000 0070 0000 0032 0000 0040 0000 0010 0000 0030 0000 0010 0000 0010 0000 0010 0000 0010 0000 0010 0000 0010 0000 0010 0000 0010 0000 0010 0000 0010 0000 0010 0000 0030 0000 0010 0000 0011 0000 0010 0000 0010 0000 0010 0000 0010 0000 0030 0000 0010 0000 0010 0000 0030 0000 0030 0000 0010 0000 0010 0000 0010 0000 0010 0000 0010 0000 0010 0000 0010 0000 000F 0000 000F 0000 000F 0000 0030 0000 0030 0000 000F 0000 0030 0000 000F 0000 0030 0000 000F 0000 000F 0000 0030 0000 000F 0000 000F 0000 0030 0000 0030 0000 0AAF
OSD	0000 0070 0000 0032 0000 0040 0000 000F 0000 0030 0000 000F 0000 000F 0000 000F 0000 000F 0000 000F 0000 000F 0000 000F 0000 000F 0000 000F 0000 000F 0000 000F 0000 0030 0000 000F 0000 0010 0000 0010 0000 0010 0000 0010 0000 0010 0000 0030 0000 0010 0000 0010 0000 0030 0000 0010 0000 0010 0000 0010 0000 0010 0000 0010 0000 0010 0000 0010 0000 0011 0000 0030 0000 0030 0000 0030 0000 0010 0000 0030 0000 0010 0000 0030 0000 0010 0000 0030 0000 0030 0000 0030 0000 0010 0000 0010 0000 0010 0000 0030 0000 0030 0000 0AB0
Audio Out	0000 0070 0000 0032 0000 0040 0000 000F 0000 0030 0000 000F 0000 000F 0000 000F 0000 000F 0000 000F 0000 000F 0000 000F 0000 000F 0000 000F 0000 000F 0000 0010 0000 0030 0000 000F 0000 0010 0000 0010 0000 0010 0000 0010 0000 0010 0000 0030 0000 0010 0000 0010 0000 0030 0000 0010 0000 0010 0000 0010 0000 0010 0000 0010 0000 0010 0000 0010 0000 0011 0000 0030 0000 0030 0000 0010 0000 0010 0000 0030 0000 0030 0000 0010 0000 0010 0000 0030 0000 0030 0000 0010 0000 0010 0000 0010 0000 0030 0000 0010 0000 0030 0000 0AB0
