Power	0000 0070 0000 0032 0080 003e 0010 0010 0010 002f 0010 0010 0010 0010 0010 0010 0010 0010 0010 0010 0010 0010 0010 0010 0010 0010 0010 0010 0010 0010 0010 0010 0010 002f 0010 0010 0010 0010 0010 0010 0010 0010 0010 0010 0010 0010 0010 002f 0010 0010 0010 0010 0010 002f 0010 0010 0010 0010 0010 0010 0010 0010 0010 0010 0010 0010 0010 0010 0010 0010 0010 002f 0010 0010 0010 002f 0010 002f 0010 002f 0010 002f 0010 0010 0010 0010 0010 002f 0010 0010 0010 002f 0010 002f 0010 0010 0010 002f 0010 0010 0010 002f 0010 0aa7
Eject	0000 0070 0000 0032 0080 003e 0010 0010 0010 002f 0010 0010 0010 0010 0010 0010 0010 0010 0010 0010 0010 0010 0010 0010 0010 0010 0010 0010 0010 0010 0010 0010 0010 002f 0010 0010 0010 0010 0010 0010 0010 0010 0010 0010 0010 0010 0010 002f 0010 0010 0010 0010 0010 002f 0010 0010 0010 0010 0010 0010 0010 0010 0010 0010 0010 0010 0010 0010 0010 0010 0010 002f 0010 0010 0010 0010 0010 0010 0010 0010 0010 0010 0010 0010 0010 0010 0010 002f 0010 0010 0010 0010 0010 0010 0010 002f 0010 0010 0010 0010 0010 002f 0010 0aa7
VCR/TV	0000 0070 0000 0032 0080 003e 0010 0010 0010 002f 0010 0010 0010 0010 0010 0010 0010 0010 0010 0010 0010 0010 0010 0010 0010 0010 0010 0010 0010 0010 0010 0010 0010 002f 0010 0010 0010 0010 0010 0010 0010 0010 0010 0010 0010 0010 0010 002f 0010 0010 0010 0010 0010 002f 0010 0010 0010 0010 0010 0010 0010 0010 0010 0010 0010 0010 0010 0010 0010 0010 0010 0010 0010 002f 0010 002f 0010 0010 0010 002f 0010 002f 0010 0010 0010 0010 0010 0010 0010 002f 0010 002f 0010 0010 0010 0010 0010 002f 0010 0010 0010 002f 0010 0aa8
Input	0000 0070 0000 0032 0080 003e 0010 0010 0010 002f 0010 0010 0010 0010 0010 0010 0010 0010 0010 0010 0010 0010 0010 0010 0010 0010 0010 0010 0010 0010 0010 0010 0010 002f 0010 0010 0010 0010 0010 0010 0010 0010 0010 0010 0010 0010 0010 002f 0010 0010 0010 0010 0010 002f 0010 0010 0010 0010 0010 0010 0010 0010 0010 0010 0010 0010 0010 0010 0010 0010 0010 0010 0010 0010 0010 0010 0010 0010 0010 0010 0010 0010 0010 002f 0010 002f 0010 0010 0010 0010 0010 0010 0010 0010 0010 002f 0010 0010 0010 002f 0010 0010 0010 0aa8
Play	0000 0070 0000 0032 0080 003e 0010 0010 0010 002f 0010 0010 0010 0010 0010 0010 0010 0010 0010 0010 0010 0010 0010 0010 0010 0010 0010 0010 0010 0010 0010 0010 0010 002f 0010 0010 0010 0010 0010 0010 0010 0010 0010 0010 0010 0010 0010 002f 0010 0010 0010 0010 0010 002f 0010 0010 0010 0010 0010 0010 0010 0010 0010 0010 0010 0010 0010 0010 0010 0010 0010 0010 0010 002f 0010 0010 0010 002f 0010 0010 0010 0010 0010 0010 0010 0010 0010 0010 0010 002f 0010 0010 0010 002f 0010 002f 0010 0010 0010 0010 0010 002f 0010 0aa7
Rew	0000 0070 0000 0032 0080 003e 0010 0010 0010 002f 0010 0010 0010 0010 0010 0010 0010 0010 0010 0010 0010 0010 0010 0010 0010 0010 0010 0010 0010 0010 0010 0010 0010 002f 0010 0010 0010 0010 0010 0010 0010 0010 0010 0010 0010 0010 0010 002f 0010 0010 0010 0010 0010 002f 0010 0010 0010 0010 0010 0010 0010 0010 0010 0010 0010 0010 0010 0010 0010 0010 0010 0010 0010 002f 0010 0010 0010 0010 0010 0010 0010 0010 0010 0010 0010 0010 0010 0010 0010 002f 0010 0010 0010 0010 0010 002f 0010 0010 0010 0010 0010 002f 0010 0aa8
Ffwd	0000 0070 0000 0032 0080 003e 0010 0010 0010 002f 0010 0010 0010 0010 0010 0010 0010 0010 0010 0010 0010 0010 0010 0010 0010 0010 0010 0010 0010 0010 0010 0010 0010 002f 0010 0010 0010 0010 0010 0010 0010 0010 0010 0010 0010 0010 0010 002f 0010 0010 0010 0010 0010 002f 0010 0010 0010 0010 0010 0010 0010 0010 0010 0010 0010 0010 0010 0010 0010 0010 0010 002f 0010 002f 0010 0010 0010 0010 0010 0010 0010 0010 0010 0010 0010 0010 0010 002f 0010 002f 0010 0010 0010 0010 0010 002f 0010 0010 0010 0010 0010 002f 0010 0aa7
Stop	0000 0070 0000 0032 0080 003e 0010 0010 0010 002f 0010 0010 0010 0010 0010 0010 0010 0010 0010 0010 0010 0010 0010 0010 0010 0010 0010 0010 0010 0010 0010 0010 0010 002f 0010 0010 0010 0010 0010 0010 0010 0010 0010 0010 0010 0010 0010 002f 0010 0010 0010 0010 0010 002f 0010 0010 0010 0010 0010 0010 0010 0010 0010 0010 0010 0010 0010 0010 0010 0010 0010 0010 0010 0010 0010 0010 0010 0010 0010 0010 0010 0010 0010 0010 0010 0010 0010 0010 0010 0010 0010 0010 0010 0010 0010 002f 0010 0010 0010 0010 0010 002f 0010 0aa7
Action	0000 0070 0000 0032 0080 003e 0010 0010 0010 002f 0010 0010 0010 0010 0010 0010 0010 0010 0010 0010 0010 0010 0010 0010 0010 0010 0010 0010 0010 0010 0010 0010 0010 002f 0010 0010 0010 0010 0010 0010 0010 0010 0010 0010 0010 0010 0010 002f 0010 0010 0010 0010 0010 002f 0010 002f 0010 0010 0010 0010 0010 0010 0010 0010 0010 0010 0010 0010 0010 0010 0010 0010 0010 002f 0010 002f 0010 0010 0010 002f 0010 0010 0010 002f 0010 0010 0010 002f 0010 002f 0010 002f 0010 0010 0010 0010 0010 0010 0010 002f 0010 002f 0010 0aa7
VCR+	0000 0070 0000 0032 0080 003e 0010 0010 0010 002f 0010 0010 0010 0010 0010 0010 0010 0010 0010 0010 0010 0010 0010 0010 0010 0010 0010 0010 0010 0010 0010 0010 0010 002f 0010 0010 0010 0010 0010 0010 0010 0010 0010 0010 0010 0010 0010 002f 0010 0010 0010 0010 0010 002f 0010 002f 0010 0010 0010 0010 0010 0010 0010 0010 0010 0010 0010 0010 0010 0010 0010 002f 0010 0010 0010 0010 0010 0010 0010 0010 0010 0010 0010 0010 0010 0010 0010 0010 0010 0010 0010 0010 0010 0010 0010 002f 0010 0010 0010 0010 0010 002f 0010 0aa8
1	0000 0070 0000 0032 0080 003e 0010 0010 0010 002f 0010 0010 0010 0010 0010 0010 0010 0010 0010 0010 0010 0010 0010 0010 0010 0010 0010 0010 0010 0010 0010 0010 0010 002f 0010 0010 0010 0010 0010 0010 0010 0010 0010 0010 0010 0010 0010 002f 0010 0010 0010 0010 0010 002f 0010 0010 0010 0010 0010 0010 0010 0010 0010 0010 0010 0010 0010 0010 0010 0010 0010 0010 0010 0010 0010 0010 0010 0010 0010 002f 0010 0010 0010 0010 0010 0010 0010 0010 0010 0010 0010 0010 0010 0010 0010 0010 0010 0010 0010 0010 0010 002f 0010 0aa7
2	0000 0070 0000 0032 0080 003e 0010 0010 0010 002f 0010 0010 0010 0010 0010 0010 0010 0010 0010 0010 0010 0010 0010 0010 0010 0010 0010 0010 0010 0010 0010 0010 0010 002f 0010 0010 0010 0010 0010 0010 0010 0010 0010 0010 0010 0010 0010 002f 0010 0010 0010 0010 0010 002f 0010 0010 0010 0010 0010 0010 0010 0010 0010 0010 0010 0010 0010 0010 0010 0010 0010 002f 0010 0010 0010 0010 0010 0010 0010 002f 0010 0010 0010 0010 0010 0010 0010 002f 0010 0010 0010 0010 0010 0010 0010 0010 0010 0010 0010 0010 0010 002f 0010 0aa8
3	0000 0070 0000 0032 0080 003e 0010 0010 0010 002f 0010 0010 0010 0010 0010 0010 0010 0010 0010 0010 0010 0010 0010 0010 0010 0010 0010 0010 0010 0010 0010 0010 0010 002f 0010 0010 0010 0010 0010 0010 0010 0010 0010 0010 0010 0010 0010 002f 0010 0010 0010 0010 0010 002f 0010 0010 0010 0010 0010 0010 0010 0010 0010 0010 0010 0010 0010 0010 0010 0010 0010 0010 0010 002f 0010 0010 0010 0010 0010 002f 0010 0010 0010 0010 0010 0010 0010 0010 0010 002f 0010 0010 0010 0010 0010 0010 0010 0010 0010 0010 0010 002f 0010 0aa8
4	0000 0070 0000 0032 0080 003e 0010 0010 0010 002f 0010 0010 0010 0010 0010 0010 0010 0010 0010 0010 0010 0010 0010 0010 0010 0010 0010 0010 0010 0010 0010 0010 0010 002f 0010 0010 0010 0010 0010 0010 0010 0010 0010 0010 0010 0010 0010 002f 0010 0010 0010 0010 0010 002f 0010 0010 0010 0010 0010 0010 0010 0010 0010 0010 0010 0010 0010 0010 0010 0010 0010 002f 0010 002f 0010 0010 0010 0010 0010 002f 0010 0010 0010 0010 0010 0010 0010 002f 0010 002f 0010 0010 0010 0010 0010 0010 0010 0010 0010 0010 0010 002f 0010 0aa8
5	0000 0070 0000 0032 0080 003e 0010 0010 0010 002f 0010 0010 0010 0010 0010 0010 0010 0010 0010 0010 0010 0010 0010 0010 0010 0010 0010 0010 0010 0010 0010 0010 0010 002f 0010 0010 0010 0010 0010 0010 0010 0010 0010 0010 0010 0010 0010 002f 0010 0010 0010 0010 0010 002f 0010 0010 0010 0010 0010 0010 0010 0010 0010 0010 0010 0010 0010 0010 0010 0010 0010 0010 0010 0010 0010 002f 0010 0010 0010 002f 0010 0010 0010 0010 0010 0010 0010 0010 0010 0010 0010 002f 0010 0010 0010 0010 0010 0010 0010 0010 0010 002f 0010 0aa8
6	0000 0070 0000 0032 0080 003e 0010 0010 0010 002f 0010 0010 0010 0010 0010 0010 0010 0010 0010 0010 0010 0010 0010 0010 0010 0010 0010 0010 0010 0010 0010 0010 0010 002f 0010 0010 0010 0010 0010 0010 0010 0010 0010 0010 0010 0010 0010 002f 0010 0010 0010 0010 0010 002f 0010 0010 0010 0010 0010 0010 0010 0010 0010 0010 0010 0010 0010 0010 0010 0010 0010 002f 0010 0010 0010 002f 0010 0010 0010 002f 0010 0010 0010 0010 0010 0010 0010 002f 0010 0010 0010 002f 0010 0010 0010 0010 0010 0010 0010 0010 0010 002f 0010 0aa8
7	0000 0070 0000 0032 0080 003e 0010 0010 0010 002f 0010 0010 0010 0010 0010 0010 0010 0010 0010 0010 0010 0010 0010 0010 0010 0010 0010 0010 0010 0010 0010 0010 0010 002f 0010 0010 0010 0010 0010 0010 0010 0010 0010 0010 0010 0010 0010 002f 0010 0010 0010 0010 0010 002f 0010 0010 0010 0010 0010 0010 0010 0010 0010 0010 0010 0010 0010 0010 0010 0010 0010 0010 0010 002f 0010 002f 0010 0010 0010 002f 0010 0010 0010 0010 0010 0010 0010 0010 0010 002f 0010 002f 0010 0010 0010 0010 0010 0010 0010 0010 0010 002f 0010 0aa9
8	0000 0070 0000 0032 0080 003e 0010 0010 0010 002f 0010 0010 0010 0010 0010 0010 0010 0010 0010 0010 0010 0010 0010 0010 0010 0010 0010 0010 0010 0010 0010 0010 0010 002f 0010 0010 0010 0010 0010 0010 0010 0010 0010 0010 0010 0010 0010 002f 0010 0010 0010 0010 0010 002f 0010 0010 0010 0010 0010 0010 0010 0010 0010 0010 0010 0010 0010 0010 0010 0010 0010 002f 0010 002f 0010 002f 0010 0010 0010 002f 0010 0010 0010 0010 0010 0010 0010 002f 0010 002f 0010 002f 0010 0010 0010 0010 0010 0010 0010 0010 0010 002f 0010 0aa7
9	0000 0070 0000 0032 0080 003e 0010 0010 0010 002f 0010 0010 0010 0010 0010 0010 0010 0010 0010 0010 0010 0010 0010 0010 0010 0010 0010 0010 0010 0010 0010 0010 0010 002f 0010 0010 0010 0010 0010 0010 0010 0010 0010 0010 0010 0010 0010 002f 0010 0010 0010 0010 0010 002f 0010 0010 0010 0010 0010 0010 0010 0010 0010 0010 0010 0010 0010 0010 0010 0010 0010 0010 0010 0010 0010 0010 0010 002f 0010 002f 0010 0010 0010 0010 0010 0010 0010 0010 0010 0010 0010 0010 0010 002f 0010 0010 0010 0010 0010 0010 0010 002f 0010 0aa8
100	0000 0070 0000 0032 0080 003e 0010 0010 0010 002f 0010 0010 0010 0010 0010 0010 0010 0010 0010 0010 0010 0010 0010 0010 0010 0010 0010 0010 0010 0010 0010 0010 0010 002f 0010 0010 0010 0010 0010 0010 0010 0010 0010 0010 0010 0010 0010 002f 0010 0010 0010 0010 0010 002f 0010 0010 0010 0010 0010 0010 0010 0010 0010 0010 0010 0010 0010 0010 0010 0010 0010 002f 0010 0010 0010 002f 0010 0010 0010 0010 0010 002f 0010 002f 0010 002f 0010 002f 0010 0010 0010 002f 0010 0010 0010 002f 0010 002f 0010 002f 0010 0010 0010 0aa9
0	0000 0070 0000 0032 0080 003e 0010 0010 0010 002f 0010 0010 0010 0010 0010 0010 0010 0010 0010 0010 0010 0010 0010 0010 0010 0010 0010 0010 0010 0010 0010 0010 0010 002f 0010 0010 0010 0010 0010 0010 0010 0010 0010 0010 0010 0010 0010 002f 0010 0010 0010 0010 0010 002f 0010 0010 0010 0010 0010 0010 0010 0010 0010 0010 0010 0010 0010 0010 0010 0010 0010 002f 0010 0010 0010 0010 0010 002f 0010 002f 0010 0010 0010 0010 0010 0010 0010 002f 0010 0010 0010 0010 0010 002f 0010 0010 0010 0010 0010 0010 0010 002f 0010 0aa8
Add/Delete	0000 0070 0000 0032 0080 003e 0010 0010 0010 002f 0010 0010 0010 0010 0010 0010 0010 0010 0010 0010 0010 0010 0010 0010 0010 0010 0010 0010 0010 0010 0010 0010 0010 002f 0010 0010 0010 0010 0010 0010 0010 0010 0010 0010 0010 0010 0010 002f 0010 0010 0010 0010 0010 002f 0010 002f 0010 0010 0010 0010 0010 0010 0010 0010 0010 0010 0010 0010 0010 0010 0010 002f 0010 0010 0010 0010 0010 0010 0010 002f 0010 002f 0010 0010 0010 0010 0010 0010 0010 0010 0010 0010 0010 0010 0010 0010 0010 002f 0010 0010 0010 002f 0010 0aa8
Count Reset	0000 0070 0000 0032 0080 003e 0010 0010 0010 002f 0010 0010 0010 0010 0010 0010 0010 0010 0010 0010 0010 0010 0010 0010 0010 0010 0010 0010 0010 0010 0010 0010 0010 002f 0010 0010 0010 0010 0010 0010 0010 0010 0010 0010 0010 0010 0010 002f 0010 0010 0010 0010 0010 002f 0010 0010 0010 0010 0010 0010 0010 0010 0010 0010 0010 0010 0010 0010 0010 0010 0010 0010 0010 0010 0010 002f 0010 0010 0010 002f 0010 0010 0010 002f 0010 0010 0010 0010 0010 0010 0010 002f 0010 0010 0010 0010 0010 0010 0010 002f 0010 002f 0010 0aa8
Display	0000 0070 0000 0032 0080 003e 0010 0010 0010 002f 0010 0010 0010 0010 0010 0010 0010 0010 0010 0010 0010 0010 0010 0010 0010 0010 0010 0010 0010 0010 0010 0010 0010 002f 0010 0010 0010 0010 0010 0010 0010 0010 0010 0010 0010 0010 0010 002f 0010 0010 0010 0010 0010 002f 0010 0010 0010 0010 0010 0010 0010 0010 0010 0010 0010 0010 0010 0010 0010 0010 0010 002f 0010 0010 0010 0010 0010 002f 0010 002f 0010 002f 0010 0010 0010 0010 0010 002f 0010 0010 0010 0010 0010 002f 0010 0010 0010 002f 0010 0010 0010 002f 0010 0aa7
TA Position	0000 0070 0000 0032 0080 003e 0010 0010 0010 002f 0010 0010 0010 0010 0010 0010 0010 0010 0010 0010 0010 0010 0010 0010 0010 0010 0010 0010 0010 0010 0010 0010 0010 002f 0010 0010 0010 0010 0010 0010 0010 0010 0010 0010 0010 0010 0010 002f 0010 0010 0010 0010 0010 002f 0010 002f 0010 0010 0010 002f 0010 0010 0010 0010 0010 0010 0010 0010 0010 0010 0010 002f 0010 002f 0010 0010 0010 002f 0010 0010 0010 002f 0010 0010 0010 0010 0010 0010 0010 002f 0010 002f 0010 002f 0010 002f 0010 002f 0010 0010 0010 002f 0010 0aa9
Pause	0000 0070 0000 0032 0080 003e 0010 0010 0010 002f 0010 0010 0010 0010 0010 0010 0010 0010 0010 0010 0010 0010 0010 0010 0010 0010 0010 0010 0010 0010 0010 0010 0010 002f 0010 0010 0010 0010 0010 0010 0010 0010 0010 0010 0010 0010 0010 002f 0010 0010 0010 0010 0010 002f 0010 0010 0010 0010 0010 0010 0010 0010 0010 0010 0010 0010 0010 0010 0010 0010 0010 0010 0010 002f 0010 002f 0010 0010 0010 0010 0010 0010 0010 0010 0010 0010 0010 0010 0010 002f 0010 002f 0010 0010 0010 002f 0010 0010 0010 0010 0010 002f 0010 0aa8
CA/Zero	0000 0070 0000 0032 0080 003e 0010 0010 0010 002f 0010 0010 0010 0010 0010 0010 0010 0010 0010 0010 0010 0010 0010 0010 0010 0010 0010 0010 0010 0010 0010 0010 0010 002f 0010 0010 0010 0010 0010 0010 0010 0010 0010 0010 0010 0010 0010 002f 0010 0010 0010 0010 0010 002f 0010 0010 0010 0010 0010 0010 0010 0010 0010 0010 0010 0010 0010 0010 0010 0010 0010 0010 0010 0010 0010 0010 0010 002f 0010 002f 0010 002f 0010 002f 0010 002f 0010 0010 0010 0010 0010 0010 0010 002f 0010 0010 0010 002f 0010 002f 0010 0010 0010 0aa9
Speed	0000 0070 0000 0032 0080 003e 0010 0010 0010 002f 0010 0010 0010 0010 0010 0010 0010 0010 0010 0010 0010 0010 0010 0010 0010 0010 0010 0010 0010 0010 0010 0010 0010 002f 0010 0010 0010 0010 0010 0010 0010 0010 0010 0010 0010 0010 0010 002f 0010 0010 0010 0010 0010 002f 0010 002f 0010 0010 0010 0010 0010 0010 0010 0010 0010 0010 0010 0010 0010 0010 0010 0010 0010 002f 0010 0010 0010 002f 0010 0010 0010 0010 0010 0010 0010 0010 0010 002f 0010 002f 0010 0010 0010 002f 0010 002f 0010 0010 0010 0010 0010 002f 0010 0aa9
Search	0000 0070 0000 0032 0080 003e 0010 0010 0010 002f 0010 0010 0010 0010 0010 0010 0010 0010 0010 0010 0010 0010 0010 0010 0010 0010 0010 0010 0010 0010 0010 0010 0010 002f 0010 0010 0010 0010 0010 0010 0010 0010 0010 0010 0010 0010 0010 002f 0010 0010 0010 0010 0010 002f 0010 0010 0010 0010 0010 0010 0010 0010 0010 0010 0010 0010 0010 0010 0010 0010 0010 0010 0010 0010 0010 0010 0010 0010 0010 0010 0010 0010 0010 002f 0010 0010 0010 0010 0010 0010 0010 0010 0010 0010 0010 002f 0010 0010 0010 002f 0010 002f 0010 0aa9
Saphi/ FI	0000 0070 0000 0032 0080 003e 0010 0010 0010 002f 0010 0010 0010 0010 0010 0010 0010 0010 0010 0010 0010 0010 0010 0010 0010 0010 0010 0010 0010 0010 0010 0010 0010 002f 0010 0010 0010 0010 0010 0010 0010 0010 0010 0010 0010 0010 0010 002f 0010 0010 0010 0010 0010 002f 0010 0010 0010 0010 0010 0010 0010 0010 0010 0010 0010 0010 0010 0010 0010 0010 0010 0010 0010 002f 0010 002f 0010 0010 0010 0010 0010 002f 0010 002f 0010 002f 0010 0010 0010 002f 0010 002f 0010 0010 0010 002f 0010 002f 0010 002f 0010 0010 0010 0aa7
Vol+	0000 0070 0000 0032 0080 003e 0010 0010 0010 002f 0010 0010 0010 0010 0010 0010 0010 0010 0010 0010 0010 0010 0010 0010 0010 0010 0010 0010 0010 0010 0010 0010 0010 002f 0010 0010 0010 0010 0010 0010 0010 0010 0010 0010 0010 0010 0010 0010 0010 0010 0010 0010 0010 002f 0010 0010 0010 0010 0010 0010 0010 0010 0010 0010 0010 0010 0010 0010 0010 0010 0010 0010 0010 0010 0010 0010 0010 0010 0010 0010 0010 002f 0010 0010 0010 0010 0010 0010 0010 0010 0010 0010 0010 0010 0010 0010 0010 002f 0010 0010 0010 002f 0010 0aa8
Vol-	0000 0070 0000 0032 0080 003e 0010 0010 0010 002f 0010 0010 0010 0010 0010 0010 0010 0010 0010 0010 0010 0010 0010 0010 0010 0010 0010 0010 0010 0010 0010 0010 0010 002f 0010 0010 0010 0010 0010 0010 0010 0010 0010 0010 0010 0010 0010 0010 0010 0010 0010 0010 0010 002f 0010 0010 0010 0010 0010 0010 0010 0010 0010 0010 0010 0010 0010 0010 0010 0010 0010 002f 0010 0010 0010 0010 0010 0010 0010 0010 0010 002f 0010 0010 0010 0010 0010 002f 0010 0010 0010 0010 0010 0010 0010 0010 0010 002f 0010 0010 0010 002f 0010 0aa7
Ch+	0000 0070 0000 0032 0080 003e 0010 0010 0010 002f 0010 0010 0010 0010 0010 0010 0010 0010 0010 0010 0010 0010 0010 0010 0010 0010 0010 0010 0010 0010 0010 0010 0010 002f 0010 0010 0010 0010 0010 0010 0010 0010 0010 0010 0010 0010 0010 002f 0010 0010 0010 0010 0010 002f 0010 0010 0010 0010 0010 0010 0010 0010 0010 0010 0010 0010 0010 0010 0010 0010 0010 0010 0010 0010 0010 002f 0010 0010 0010 002f 0010 002f 0010 0010 0010 0010 0010 0010 0010 0010 0010 002f 0010 0010 0010 0010 0010 002f 0010 0010 0010 002f 0010 0aa8
Ch-	0000 0070 0000 0032 0080 003e 0010 0010 0010 002f 0010 0010 0010 0010 0010 0010 0010 0010 0010 0010 0010 0010 0010 0010 0010 0010 0010 0010 0010 0010 0010 0010 0010 002f 0010 0010 0010 0010 0010 0010 0010 0010 0010 0010 0010 0010 0010 002f 0010 0010 0010 0010 0010 002f 0010 0010 0010 0010 0010 0010 0010 0010 0010 0010 0010 0010 0010 0010 0010 0010 0010 002f 0010 0010 0010 002f 0010 0010 0010 002f 0010 002f 0010 0010 0010 0010 0010 002f 0010 0010 0010 002f 0010 0010 0010 0010 0010 002f 0010 0010 0010 002f 0010 0aa7
Record	0000 0070 0000 0032 0080 003e 0010 0010 0010 002f 0010 0010 0010 0010 0010 0010 0010 0010 0010 0010 0010 0010 0010 0010 0010 0010 0010 0010 0010 0010 0010 0010 0010 002f 0010 0010 0010 0010 0010 0010 0010 0010 0010 0010 0010 0010 0010 002f 0010 0010 0010 0010 0010 002f 0010 0010 0010 0010 0010 0010 0010 0010 0010 0010 0010 0010 0010 0010 0010 0010 0010 0010 0010 0010 0010 0010 0010 002f 0010 0010 0010 0010 0010 0010 0010 0010 0010 0010 0010 0010 0010 0010 0010 002f 0010 002f 0010 0010 0010 0010 0010 002f 0010 0aa7
