Power	0000 0070 0000 0032 0080 003e 0010 0010 0010 002f 0010 0010 0010 0010 0010 0010 0010 0010 0010 0010 0010 0010 0010 0010 0010 0010 0010 0010 0010 0010 0010 0010 0010 002f 0010 0010 0010 0010 0010 0010 0010 0010 0010 0010 0010 0010 0010 002f 0010 0010 0010 0010 0010 002f 0010 0010 0010 0010 0010 0010 0010 0010 0010 0010 0010 0010 0010 0010 0010 0010 0010 002f 0010 0010 0010 002f 0010 002f 0010 002f 0010 002f 0010 0010 0010 0010 0010 002f 0010 0010 0010 002f 0010 002f 0010 0010 0010 002f 0010 0010 0010 002f 0010 0aa2
Eject	0000 0070 0000 0032 0080 003e 0010 0010 0010 002f 0010 0010 0010 0010 0010 0010 0010 0010 0010 0010 0010 0010 0010 0010 0010 0010 0010 0010 0010 0010 0010 0010 0010 002f 0010 0010 0010 0010 0010 0010 0010 0010 0010 0010 0010 0010 0010 002f 0010 0010 0010 0010 0010 002f 0010 0010 0010 0010 0010 0010 0010 0010 0010 0010 0010 0010 0010 0010 0010 0010 0010 002f 0010 0010 0010 0010 0010 0010 0010 0010 0010 0010 0010 0010 0010 0010 0010 002f 0010 0010 0010 0010 0010 0010 0010 002f 0010 0010 0010 0010 0010 002f 0010 0aa3
Play/Up	0000 0070 0000 0032 0080 003e 0010 0010 0010 002f 0010 0010 0010 0010 0010 0010 0010 0010 0010 0010 0010 0010 0010 0010 0010 0010 0010 0010 0010 0010 0010 0010 0010 002f 0010 0010 0010 0010 0010 0010 0010 0010 0010 0010 0010 0010 0010 002f 0010 0010 0010 0010 0010 002f 0010 0010 0010 0010 0010 0010 0010 0010 0010 0010 0010 0010 0010 0010 0010 0010 0010 0010 0010 002f 0010 0010 0010 002f 0010 0010 0010 0010 0010 0010 0010 0010 0010 0010 0010 002f 0010 0010 0010 002f 0010 002f 0010 0010 0010 0010 0010 002f 0010 0aa2
Stop/Down	0000 0070 0000 0032 0080 003e 0010 0010 0010 002f 0010 0010 0010 0010 0010 0010 0010 0010 0010 0010 0010 0010 0010 0010 0010 0010 0010 0010 0010 0010 0010 0010 0010 002f 0010 0010 0010 0010 0010 0010 0010 0010 0010 0010 0010 0010 0010 002f 0010 0010 0010 0010 0010 002f 0010 0010 0010 0010 0010 0010 0010 0010 0010 0010 0010 0010 0010 0010 0010 0010 0010 0010 0010 0010 0010 0010 0010 0010 0010 0010 0010 0010 0010 0010 0010 0010 0010 0010 0010 0010 0010 0010 0010 0010 0010 002f 0010 0010 0010 0010 0010 002f 0010 0aa2
Rew/Set	0000 0070 0000 0032 0080 003e 0010 0010 0010 002f 0010 0010 0010 0010 0010 0010 0010 0010 0010 0010 0010 0010 0010 0010 0010 0010 0010 0010 0010 0010 0010 0010 0010 002f 0010 0010 0010 0010 0010 0010 0010 0010 0010 0010 0010 0010 0010 002f 0010 0010 0010 0010 0010 002f 0010 0010 0010 0010 0010 0010 0010 0010 0010 0010 0010 0010 0010 0010 0010 0010 0010 0010 0010 002f 0010 0010 0010 0010 0010 0010 0010 0010 0010 0010 0010 0010 0010 0010 0010 002f 0010 0010 0010 0010 0010 002f 0010 0010 0010 0010 0010 002f 0010 0aa3
Ffwd/Set	0000 0070 0000 0032 0080 003e 0010 0010 0010 002f 0010 0010 0010 0010 0010 0010 0010 0010 0010 0010 0010 0010 0010 0010 0010 0010 0010 0010 0010 0010 0010 0010 0010 002f 0010 0010 0010 0010 0010 0010 0010 0010 0010 0010 0010 0010 0010 002f 0010 0010 0010 0010 0010 002f 0010 0010 0010 0010 0010 0010 0010 0010 0010 0010 0010 0010 0010 0010 0010 0010 0010 002f 0010 002f 0010 0010 0010 0010 0010 0010 0010 0010 0010 0010 0010 0010 0010 002f 0010 002f 0010 0010 0010 0010 0010 002f 0010 0010 0010 0010 0010 002f 0010 0aa2
VCR/TV	0000 0070 0000 0032 0080 003e 0010 0010 0010 002f 0010 0010 0010 0010 0010 0010 0010 0010 0010 0010 0010 0010 0010 0010 0010 0010 0010 0010 0010 0010 0010 0010 0010 002f 0010 0010 0010 0010 0010 0010 0010 0010 0010 0010 0010 0010 0010 002f 0010 0010 0010 0010 0010 002f 0010 0010 0010 0010 0010 0010 0010 0010 0010 0010 0010 0010 0010 0010 0010 0010 0010 0010 0010 002f 0010 002f 0010 0010 0010 002f 0010 002f 0010 0010 0010 0010 0010 0010 0010 002f 0010 002f 0010 0010 0010 0010 0010 002f 0010 0010 0010 002f 0010 0aa3
Input	0000 0070 0000 0032 0080 003e 0010 0010 0010 002f 0010 0010 0010 0010 0010 0010 0010 0010 0010 0010 0010 0010 0010 0010 0010 0010 0010 0010 0010 0010 0010 0010 0010 002f 0010 0010 0010 0010 0010 0010 0010 0010 0010 0010 0010 0010 0010 002f 0010 0010 0010 0010 0010 002f 0010 0010 0010 0010 0010 0010 0010 0010 0010 0010 0010 0010 0010 0010 0010 0010 0010 0010 0010 0010 0010 0010 0010 0010 0010 0010 0010 0010 0010 002f 0010 002f 0010 0010 0010 0010 0010 0010 0010 0010 0010 002f 0010 0010 0010 002f 0010 0010 0010 0aa3
Action	0000 0070 0000 0032 0080 003e 0010 0010 0010 002f 0010 0010 0010 0010 0010 0010 0010 0010 0010 0010 0010 0010 0010 0010 0010 0010 0010 0010 0010 0010 0010 0010 0010 002f 0010 0010 0010 0010 0010 0010 0010 0010 0010 0010 0010 0010 0010 002f 0010 0010 0010 0010 0010 002f 0010 002f 0010 0010 0010 0010 0010 0010 0010 0010 0010 0010 0010 0010 0010 0010 0010 0010 0010 002f 0010 002f 0010 0010 0010 002f 0010 0010 0010 002f 0010 0010 0010 002f 0010 002f 0010 002f 0010 0010 0010 0010 0010 0010 0010 002f 0010 002f 0010 0aa3
Prog	0000 0070 0000 0032 0080 003e 0010 0010 0010 002f 0010 0010 0010 0010 0010 0010 0010 0010 0010 0010 0010 0010 0010 0010 0010 0010 0010 0010 0010 0010 0010 0010 0010 002f 0010 0010 0010 0010 0010 0010 0010 0010 0010 0010 0010 0010 0010 002f 0010 0010 0010 0010 0010 002f 0010 002f 0010 0010 0010 0010 0010 0010 0010 0010 0010 0010 0010 0010 0010 0010 0010 002f 0010 0010 0010 0010 0010 0010 0010 0010 0010 0010 0010 0010 0010 0010 0010 0010 0010 0010 0010 0010 0010 0010 0010 002f 0010 0010 0010 0010 0010 002f 0010 0aa4
1	0000 0070 0000 0032 0080 003e 0010 0010 0010 002f 0010 0010 0010 0010 0010 0010 0010 0010 0010 0010 0010 0010 0010 0010 0010 0010 0010 0010 0010 0010 0010 0010 0010 002f 0010 0010 0010 0010 0010 0010 0010 0010 0010 0010 0010 0010 0010 002f 0010 0010 0010 0010 0010 002f 0010 0010 0010 0010 0010 0010 0010 0010 0010 0010 0010 0010 0010 0010 0010 0010 0010 0010 0010 0010 0010 0010 0010 0010 0010 002f 0010 0010 0010 0010 0010 0010 0010 0010 0010 0010 0010 0010 0010 0010 0010 0010 0010 0010 0010 0010 0010 002f 0010 0aa2
2	0000 0070 0000 0032 0080 003e 0010 0010 0010 002f 0010 0010 0010 0010 0010 0010 0010 0010 0010 0010 0010 0010 0010 0010 0010 0010 0010 0010 0010 0010 0010 0010 0010 002f 0010 0010 0010 0010 0010 0010 0010 0010 0010 0010 0010 0010 0010 002f 0010 0010 0010 0010 0010 002f 0010 0010 0010 0010 0010 0010 0010 0010 0010 0010 0010 0010 0010 0010 0010 0010 0010 002f 0010 0010 0010 0010 0010 0010 0010 002f 0010 0010 0010 0010 0010 0010 0010 002f 0010 0010 0010 0010 0010 0010 0010 0010 0010 0010 0010 0010 0010 002f 0010 0aa4
3	0000 0070 0000 0032 0080 003e 0010 0010 0010 002f 0010 0010 0010 0010 0010 0010 0010 0010 0010 0010 0010 0010 0010 0010 0010 0010 0010 0010 0010 0010 0010 0010 0010 002f 0010 0010 0010 0010 0010 0010 0010 0010 0010 0010 0010 0010 0010 002f 0010 0010 0010 0010 0010 002f 0010 0010 0010 0010 0010 0010 0010 0010 0010 0010 0010 0010 0010 0010 0010 0010 0010 0010 0010 002f 0010 0010 0010 0010 0010 002f 0010 0010 0010 0010 0010 0010 0010 0010 0010 002f 0010 0010 0010 0010 0010 0010 0010 0010 0010 0010 0010 002f 0010 0aa4
4	0000 0070 0000 0032 0080 003e 0010 0010 0010 002f 0010 0010 0010 0010 0010 0010 0010 0010 0010 0010 0010 0010 0010 0010 0010 0010 0010 0010 0010 0010 0010 0010 0010 002f 0010 0010 0010 0010 0010 0010 0010 0010 0010 0010 0010 0010 0010 002f 0010 0010 0010 0010 0010 002f 0010 0010 0010 0010 0010 0010 0010 0010 0010 0010 0010 0010 0010 0010 0010 0010 0010 002f 0010 002f 0010 0010 0010 0010 0010 002f 0010 0010 0010 0010 0010 0010 0010 002f 0010 002f 0010 0010 0010 0010 0010 0010 0010 0010 0010 0010 0010 002f 0010 0aa3
5	0000 0070 0000 0032 0080 003e 0010 0010 0010 002f 0010 0010 0010 0010 0010 0010 0010 0010 0010 0010 0010 0010 0010 0010 0010 0010 0010 0010 0010 0010 0010 0010 0010 002f 0010 0010 0010 0010 0010 0010 0010 0010 0010 0010 0010 0010 0010 002f 0010 0010 0010 0010 0010 002f 0010 0010 0010 0010 0010 0010 0010 0010 0010 0010 0010 0010 0010 0010 0010 0010 0010 0010 0010 0010 0010 002f 0010 0010 0010 002f 0010 0010 0010 0010 0010 0010 0010 0010 0010 0010 0010 002f 0010 0010 0010 0010 0010 0010 0010 0010 0010 002f 0010 0aa4
6	0000 0070 0000 0032 0080 003e 0010 0010 0010 002f 0010 0010 0010 0010 0010 0010 0010 0010 0010 0010 0010 0010 0010 0010 0010 0010 0010 0010 0010 0010 0010 0010 0010 002f 0010 0010 0010 0010 0010 0010 0010 0010 0010 0010 0010 0010 0010 002f 0010 0010 0010 0010 0010 002f 0010 0010 0010 0010 0010 0010 0010 0010 0010 0010 0010 0010 0010 0010 0010 0010 0010 002f 0010 0010 0010 002f 0010 0010 0010 002f 0010 0010 0010 0010 0010 0010 0010 002f 0010 0010 0010 002f 0010 0010 0010 0010 0010 0010 0010 0010 0010 002f 0010 0aa3
7	0000 0070 0000 0032 0080 003e 0010 0010 0010 002f 0010 0010 0010 0010 0010 0010 0010 0010 0010 0010 0010 0010 0010 0010 0010 0010 0010 0010 0010 0010 0010 0010 0010 002f 0010 0010 0010 0010 0010 0010 0010 0010 0010 0010 0010 0010 0010 002f 0010 0010 0010 0010 0010 002f 0010 0010 0010 0010 0010 0010 0010 0010 0010 0010 0010 0010 0010 0010 0010 0010 0010 0010 0010 002f 0010 002f 0010 0010 0010 002f 0010 0010 0010 0010 0010 0010 0010 0010 0010 002f 0010 002f 0010 0010 0010 0010 0010 0010 0010 0010 0010 002f 0010 0aa4
8	0000 0070 0000 0032 0080 003e 0010 0010 0010 002f 0010 0010 0010 0010 0010 0010 0010 0010 0010 0010 0010 0010 0010 0010 0010 0010 0010 0010 0010 0010 0010 0010 0010 002f 0010 0010 0010 0010 0010 0010 0010 0010 0010 0010 0010 0010 0010 002f 0010 0010 0010 0010 0010 002f 0010 0010 0010 0010 0010 0010 0010 0010 0010 0010 0010 0010 0010 0010 0010 0010 0010 002f 0010 002f 0010 002f 0010 0010 0010 002f 0010 0010 0010 0010 0010 0010 0010 002f 0010 002f 0010 002f 0010 0010 0010 0010 0010 0010 0010 0010 0010 002f 0010 0aa3
9	0000 0070 0000 0032 0080 003e 0010 0010 0010 002f 0010 0010 0010 0010 0010 0010 0010 0010 0010 0010 0010 0010 0010 0010 0010 0010 0010 0010 0010 0010 0010 0010 0010 002f 0010 0010 0010 0010 0010 0010 0010 0010 0010 0010 0010 0010 0010 002f 0010 0010 0010 0010 0010 002f 0010 0010 0010 0010 0010 0010 0010 0010 0010 0010 0010 0010 0010 0010 0010 0010 0010 0010 0010 0010 0010 0010 0010 002f 0010 002f 0010 0010 0010 0010 0010 0010 0010 0010 0010 0010 0010 0010 0010 002f 0010 0010 0010 0010 0010 0010 0010 002f 0010 0aa3
0	0000 0070 0000 0032 0080 003e 0010 0010 0010 002f 0010 0010 0010 0010 0010 0010 0010 0010 0010 0010 0010 0010 0010 0010 0010 0010 0010 0010 0010 0010 0010 0010 0010 002f 0010 0010 0010 0010 0010 0010 0010 0010 0010 0010 0010 0010 0010 002f 0010 0010 0010 0010 0010 002f 0010 0010 0010 0010 0010 0010 0010 0010 0010 0010 0010 0010 0010 0010 0010 0010 0010 002f 0010 0010 0010 0010 0010 002f 0010 002f 0010 0010 0010 0010 0010 0010 0010 002f 0010 0010 0010 0010 0010 002f 0010 0010 0010 0010 0010 0010 0010 002f 0010 0aa4
100	0000 0070 0000 0032 0080 003e 0010 0010 0010 002f 0010 0010 0010 0010 0010 0010 0010 0010 0010 0010 0010 0010 0010 0010 0010 0010 0010 0010 0010 0010 0010 0010 0010 002f 0010 0010 0010 0010 0010 0010 0010 0010 0010 0010 0010 0010 0010 002f 0010 0010 0010 0010 0010 002f 0010 0010 0010 0010 0010 0010 0010 0010 0010 0010 0010 0010 0010 0010 0010 0010 0010 002f 0010 0010 0010 002f 0010 0010 0010 0010 0010 002f 0010 002f 0010 002f 0010 002f 0010 0010 0010 002f 0010 0010 0010 002f 0010 002f 0010 002f 0010 0010 0010 0aa4
Add/Dlt	0000 0070 0000 0032 0080 003e 0010 0010 0010 002f 0010 0010 0010 0010 0010 0010 0010 0010 0010 0010 0010 0010 0010 0010 0010 0010 0010 0010 0010 0010 0010 0010 0010 002f 0010 0010 0010 0010 0010 0010 0010 0010 0010 0010 0010 0010 0010 002f 0010 0010 0010 0010 0010 002f 0010 002f 0010 0010 0010 0010 0010 0010 0010 0010 0010 0010 0010 0010 0010 0010 0010 002f 0010 0010 0010 0010 0010 0010 0010 002f 0010 002f 0010 0010 0010 0010 0010 0010 0010 0010 0010 0010 0010 0010 0010 0010 0010 002f 0010 0010 0010 002f 0010 0aa4
Count Rst	0000 0070 0000 0032 0080 003e 0010 0010 0010 002f 0010 0010 0010 0010 0010 0010 0010 0010 0010 0010 0010 0010 0010 0010 0010 0010 0010 0010 0010 0010 0010 0010 0010 002f 0010 0010 0010 0010 0010 0010 0010 0010 0010 0010 0010 0010 0010 002f 0010 0010 0010 0010 0010 002f 0010 0010 0010 0010 0010 0010 0010 0010 0010 0010 0010 0010 0010 0010 0010 0010 0010 0010 0010 0010 0010 002f 0010 0010 0010 002f 0010 0010 0010 002f 0010 0010 0010 0010 0010 0010 0010 002f 0010 0010 0010 0010 0010 0010 0010 002f 0010 002f 0010 0aa4
Display	0000 0070 0000 0032 0080 003e 0010 0010 0010 002f 0010 0010 0010 0010 0010 0010 0010 0010 0010 0010 0010 0010 0010 0010 0010 0010 0010 0010 0010 0010 0010 0010 0010 002f 0010 0010 0010 0010 0010 0010 0010 0010 0010 0010 0010 0010 0010 002f 0010 0010 0010 0010 0010 002f 0010 0010 0010 0010 0010 0010 0010 0010 0010 0010 0010 0010 0010 0010 0010 0010 0010 002f 0010 0010 0010 0010 0010 002f 0010 002f 0010 002f 0010 0010 0010 0010 0010 002f 0010 0010 0010 0010 0010 002f 0010 0010 0010 002f 0010 0010 0010 002f 0010 0aa3
Tape Pos	0000 0070 0000 0032 0080 003e 0010 0010 0010 002f 0010 0010 0010 0010 0010 0010 0010 0010 0010 0010 0010 0010 0010 0010 0010 0010 0010 0010 0010 0010 0010 0010 0010 002f 0010 0010 0010 0010 0010 0010 0010 0010 0010 0010 0010 0010 0010 002f 0010 0010 0010 0010 0010 002f 0010 002f 0010 0010 0010 002f 0010 0010 0010 0010 0010 0010 0010 0010 0010 0010 0010 002f 0010 002f 0010 0010 0010 002f 0010 0010 0010 002f 0010 0010 0010 0010 0010 0010 0010 002f 0010 002f 0010 002f 0010 002f 0010 002f 0010 0010 0010 002f 0010 0aa4
Pause	0000 0070 0000 0032 0080 003e 0010 0010 0010 002f 0010 0010 0010 0010 0010 0010 0010 0010 0010 0010 0010 0010 0010 0010 0010 0010 0010 0010 0010 0010 0010 0010 0010 002f 0010 0010 0010 0010 0010 0010 0010 0010 0010 0010 0010 0010 0010 002f 0010 0010 0010 0010 0010 002f 0010 0010 0010 0010 0010 0010 0010 0010 0010 0010 0010 0010 0010 0010 0010 0010 0010 0010 0010 002f 0010 002f 0010 0010 0010 0010 0010 0010 0010 0010 0010 0010 0010 0010 0010 002f 0010 002f 0010 0010 0010 002f 0010 0010 0010 0010 0010 002f 0010 0aa3
CM Skip	0000 0070 0000 0032 0080 003e 0010 0010 0010 002f 0010 0010 0010 0010 0010 0010 0010 0010 0010 0010 0010 0010 0010 0010 0010 0010 0010 0010 0010 0010 0010 0010 0010 002f 0010 0010 0010 0010 0010 0010 0010 0010 0010 0010 0010 0010 0010 002f 0010 0010 0010 0010 0010 002f 0010 0010 0010 0010 0010 0010 0010 0010 0010 0010 0010 0010 0010 0010 0010 0010 0010 0010 0010 0010 0010 0010 0010 002f 0010 002f 0010 002f 0010 002f 0010 002f 0010 0010 0010 0010 0010 0010 0010 002f 0010 0010 0010 002f 0010 002f 0010 0010 0010 0aa4
Speed	0000 0070 0000 0032 0080 003e 0010 0010 0010 002f 0010 0010 0010 0010 0010 0010 0010 0010 0010 0010 0010 0010 0010 0010 0010 0010 0010 0010 0010 0010 0010 0010 0010 002f 0010 0010 0010 0010 0010 0010 0010 0010 0010 0010 0010 0010 0010 002f 0010 0010 0010 0010 0010 002f 0010 002f 0010 0010 0010 0010 0010 0010 0010 0010 0010 0010 0010 0010 0010 0010 0010 0010 0010 002f 0010 0010 0010 002f 0010 0010 0010 0010 0010 0010 0010 0010 0010 002f 0010 002f 0010 0010 0010 002f 0010 002f 0010 0010 0010 0010 0010 002f 0010 0aa4
Search	0000 0070 0000 0032 0080 003e 0010 0010 0010 002f 0010 0010 0010 0010 0010 0010 0010 0010 0010 0010 0010 0010 0010 0010 0010 0010 0010 0010 0010 0010 0010 0010 0010 002f 0010 0010 0010 0010 0010 0010 0010 0010 0010 0010 0010 0010 0010 002f 0010 0010 0010 0010 0010 002f 0010 0010 0010 0010 0010 0010 0010 0010 0010 0010 0010 0010 0010 0010 0010 0010 0010 0010 0010 0010 0010 0010 0010 0010 0010 0010 0010 0010 0010 002f 0010 0010 0010 0010 0010 0010 0010 0010 0010 0010 0010 002f 0010 0010 0010 002f 0010 002f 0010 0aa4
Sap/Hifi	0000 0070 0000 0032 0080 003e 0010 0010 0010 002f 0010 0010 0010 0010 0010 0010 0010 0010 0010 0010 0010 0010 0010 0010 0010 0010 0010 0010 0010 0010 0010 0010 0010 002f 0010 0010 0010 0010 0010 0010 0010 0010 0010 0010 0010 0010 0010 002f 0010 0010 0010 0010 0010 002f 0010 0010 0010 0010 0010 0010 0010 0010 0010 0010 0010 0010 0010 0010 0010 0010 0010 0010 0010 002f 0010 002f 0010 0010 0010 0010 0010 002f 0010 002f 0010 002f 0010 0010 0010 002f 0010 002f 0010 0010 0010 002f 0010 002f 0010 002f 0010 0010 0010 0aa2
Rec	0000 0070 0000 0032 0080 003e 0010 0010 0010 002f 0010 0010 0010 0010 0010 0010 0010 0010 0010 0010 0010 0010 0010 0010 0010 0010 0010 0010 0010 0010 0010 0010 0010 002f 0010 0010 0010 0010 0010 0010 0010 0010 0010 0010 0010 0010 0010 002f 0010 0010 0010 0010 0010 002f 0010 0010 0010 0010 0010 0010 0010 0010 0010 0010 0010 0010 0010 0010 0010 0010 0010 0010 0010 0010 0010 0010 0010 002f 0010 0010 0010 0010 0010 0010 0010 0010 0010 0010 0010 0010 0010 0010 0010 002f 0010 002f 0010 0010 0010 0010 0010 002f 0010 0aa3
Ch+/Trk+	0000 0070 0000 0032 0080 003e 0010 0010 0010 002f 0010 0010 0010 0010 0010 0010 0010 0010 0010 0010 0010 0010 0010 0010 0010 0010 0010 0010 0010 0010 0010 0010 0010 002f 0010 0010 0010 0010 0010 0010 0010 0010 0010 0010 0010 0010 0010 002f 0010 0010 0010 0010 0010 002f 0010 0010 0010 0010 0010 0010 0010 0010 0010 0010 0010 0010 0010 0010 0010 0010 0010 0010 0010 0010 0010 002f 0010 0010 0010 002f 0010 002f 0010 0010 0010 0010 0010 0010 0010 0010 0010 002f 0010 0010 0010 0010 0010 002f 0010 0010 0010 002f 0010 0aa3
 /Trk-	0000 0070 0000 0032 0080 003e 0010 0010 0010 002f 0010 0010 0010 0010 0010 0010 0010 0010 0010 0010 0010 0010 0010 0010 0010 0010 0010 0010 0010 0010 0010 0010 0010 002f 0010 0010 0010 0010 0010 0010 0010 0010 0010 0010 0010 0010 0010 002f 0010 0010 0010 0010 0010 002f 0010 0010 0010 0010 0010 0010 0010 0010 0010 0010 0010 0010 0010 0010 0010 0010 0010 002f 0010 0010 0010 002f 0010 0010 0010 002f 0010 002f 0010 0010 0010 0010 0010 002f 0010 0010 0010 002f 0010 0010 0010 0010 0010 002f 0010 0010 0010 002f 0010 0aa3
