Power	0000 0071 0000 0032 0000 003E 0000 0010 0000 002F 0000 0010 0000 0010 0000 0010 0000 0010 0000 0010 0000 0010 0000 0010 0000 0010 0000 0010 0000 0010 0000 0010 0000 002F 0000 0010 0000 0010 0000 0010 0000 0010 0000 0010 0000 0010 0000 002F 0000 0010 0000 0010 0000 002F 0000 0010 0000 0010 0000 0010 0000 0010 0000 0010 0000 0010 0000 0010 0000 0010 0000 002F 0000 0010 0000 002F 0000 002F 0000 002F 0000 002F 0000 0010 0000 0010 0000 002F 0000 0010 0000 002F 0000 002F 0000 0010 0000 002F 0000 0010 0000 002F 0000 0A9D
TV/VCR	0000 0071 0000 0032 0000 003E 0000 0010 0000 002F 0000 0010 0000 0010 0000 0010 0000 0010 0000 0010 0000 0010 0000 0010 0000 0010 0000 0010 0000 0010 0000 0010 0000 002F 0000 0010 0000 0010 0000 0010 0000 0010 0000 0010 0000 0010 0000 002F 0000 0010 0000 0010 0000 002F 0000 0010 0000 0010 0000 0010 0000 0010 0000 0010 0000 0010 0000 0010 0000 0010 0000 0010 0000 002F 0000 002F 0000 0010 0000 002F 0000 002F 0000 0010 0000 0010 0000 0010 0000 002F 0000 002F 0000 0010 0000 0010 0000 002F 0000 0010 0000 002F 0000 0A9E
Reset	0000 0071 0000 0032 0000 003E 0000 0010 0000 002F 0000 0010 0000 0010 0000 0010 0000 0010 0000 0010 0000 0010 0000 0010 0000 0010 0000 0010 0000 0010 0000 0010 0000 002F 0000 0010 0000 0010 0000 0010 0000 0010 0000 0010 0000 0010 0000 002F 0000 0010 0000 0010 0000 002F 0000 0010 0000 0010 0000 0010 0000 0010 0000 0010 0000 0010 0000 0010 0000 0010 0000 0010 0000 0010 0000 002F 0000 0010 0000 002F 0000 0010 0000 002F 0000 0010 0000 0010 0000 0010 0000 002F 0000 0010 0000 0010 0000 0010 0000 002F 0000 002F 0000 0AA0
Speed	0000 0071 0000 0032 0000 003E 0000 0010 0000 002F 0000 0010 0000 0010 0000 0010 0000 0010 0000 0010 0000 0010 0000 0010 0000 0010 0000 0010 0000 0010 0000 0010 0000 002F 0000 0010 0000 0010 0000 0010 0000 0010 0000 0010 0000 0010 0000 002F 0000 0010 0000 0010 0000 002F 0000 002F 0000 0010 0000 0010 0000 0010 0000 0010 0000 0010 0000 0010 0000 0010 0000 0010 0000 002F 0000 0010 0000 002F 0000 0010 0000 0010 0000 0010 0000 0010 0000 002F 0000 002F 0000 0010 0000 002F 0000 002F 0000 0010 0000 0010 0000 002F 0000 0AA2
Play	0000 0071 0000 0032 0000 003E 0000 000F 0000 002F 0000 000F 0000 000F 0000 000F 0000 000F 0000 000F 0000 000F 0000 000F 0000 000F 0000 000F 0000 000F 0000 000F 0000 002F 0000 000F 0000 000F 0000 000F 0000 000F 0000 000F 0000 000F 0000 002F 0000 000F 0000 000F 0000 002F 0000 000F 0000 000F 0000 000F 0000 000F 0000 000F 0000 000F 0000 000F 0000 000F 0000 000F 0000 002F 0000 000F 0000 002F 0000 000F 0000 000F 0000 000F 0000 000F 0000 000F 0000 002F 0000 000F 0000 002F 0000 002F 0000 000F 0000 000F 0000 002F 0000 0A9D
Stop	0000 0071 0000 0032 0000 003E 0000 0010 0000 002F 0000 0010 0000 0010 0000 0010 0000 0010 0000 0010 0000 0010 0000 0010 0000 0010 0000 0010 0000 0010 0000 0010 0000 002F 0000 0010 0000 0010 0000 0010 0000 0010 0000 0010 0000 0010 0000 002F 0000 0010 0000 0010 0000 002F 0000 0010 0000 0010 0000 0010 0000 0010 0000 0010 0000 0010 0000 0010 0000 0010 0000 0010 0000 0010 0000 0010 0000 0010 0000 0010 0000 0010 0000 0010 0000 0010 0000 0010 0000 0010 0000 0010 0000 0010 0000 002F 0000 0010 0000 0010 0000 002F 0000 0A9D
Rew	0000 0071 0000 0032 0000 003E 0000 0010 0000 002F 0000 0010 0000 0010 0000 0010 0000 0010 0000 0010 0000 0010 0000 0010 0000 0010 0000 0010 0000 0010 0000 0010 0000 002F 0000 0010 0000 0010 0000 0010 0000 0010 0000 0010 0000 0010 0000 002F 0000 0010 0000 0010 0000 002F 0000 0010 0000 0010 0000 0010 0000 0010 0000 0010 0000 0010 0000 0010 0000 0010 0000 0010 0000 002F 0000 0010 0000 0010 0000 0010 0000 0010 0000 0010 0000 0010 0000 0010 0000 002F 0000 0010 0000 0010 0000 002F 0000 0010 0000 0010 0000 002F 0000 0A9D
Ffwd	0000 0071 0000 0032 0000 003E 0000 0010 0000 002F 0000 0010 0000 0010 0000 0010 0000 0010 0000 0010 0000 0010 0000 0010 0000 0010 0000 0010 0000 0010 0000 0010 0000 002F 0000 0010 0000 0010 0000 0010 0000 0010 0000 0010 0000 0010 0000 002F 0000 0010 0000 0010 0000 002F 0000 0010 0000 0010 0000 0010 0000 0010 0000 0010 0000 0010 0000 0010 0000 0010 0000 002F 0000 002F 0000 0010 0000 0010 0000 0010 0000 0010 0000 0010 0000 0010 0000 002F 0000 002F 0000 0010 0000 0010 0000 002F 0000 0010 0000 0010 0000 002F 0000 0AA0
Zero	0000 0071 0000 0032 0000 003E 0000 0010 0000 002F 0000 0010 0000 0010 0000 0010 0000 0010 0000 0010 0000 0010 0000 0010 0000 0010 0000 0010 0000 0010 0000 0010 0000 002F 0000 0010 0000 0010 0000 0010 0000 0010 0000 0010 0000 0010 0000 002F 0000 0010 0000 0010 0000 002F 0000 0010 0000 0010 0000 0010 0000 0010 0000 0010 0000 0010 0000 0010 0000 0010 0000 002F 0000 0010 0000 002F 0000 0010 0000 002F 0000 002F 0000 002F 0000 002F 0000 002F 0000 0010 0000 002F 0000 0010 0000 0010 0000 002F 0000 002F 0000 0010 0000 0A9D
Slow	0000 0071 0000 0032 0000 003E 0000 0010 0000 002F 0000 0010 0000 0010 0000 0010 0000 0010 0000 0010 0000 0010 0000 0010 0000 0010 0000 0010 0000 0010 0000 0010 0000 002F 0000 0010 0000 0010 0000 0010 0000 0010 0000 0010 0000 0010 0000 002F 0000 0010 0000 0010 0000 002F 0000 0010 0000 0010 0000 0010 0000 0010 0000 0010 0000 0010 0000 0010 0000 0010 0000 002F 0000 002F 0000 002F 0000 002F 0000 0010 0000 0010 0000 0010 0000 0010 0000 002F 0000 002F 0000 002F 0000 002F 0000 002F 0000 0010 0000 0010 0000 002F 0000 0A9D
Pause	0000 0071 0000 0032 0000 003E 0000 0010 0000 002F 0000 0010 0000 0010 0000 0010 0000 0010 0000 0010 0000 0010 0000 0010 0000 0010 0000 0010 0000 0010 0000 0010 0000 002F 0000 0010 0000 0010 0000 0010 0000 0010 0000 0010 0000 0010 0000 002F 0000 0010 0000 0010 0000 002F 0000 0010 0000 0010 0000 0010 0000 0010 0000 0010 0000 0010 0000 0010 0000 0010 0000 0010 0000 002F 0000 002F 0000 0010 0000 0010 0000 0010 0000 0010 0000 0010 0000 0010 0000 002F 0000 002F 0000 0010 0000 002F 0000 0010 0000 0010 0000 002F 0000 0A9F
Record	0000 0071 0000 0032 0000 003E 0000 0010 0000 002F 0000 0010 0000 0010 0000 0010 0000 0010 0000 0010 0000 0010 0000 0010 0000 0010 0000 0010 0000 0010 0000 0010 0000 002F 0000 0010 0000 0010 0000 0010 0000 0010 0000 0010 0000 0010 0000 002F 0000 0010 0000 0010 0000 002F 0000 0010 0000 0010 0000 0010 0000 0010 0000 0010 0000 0010 0000 0010 0000 0010 0000 0010 0000 0010 0000 0010 0000 002F 0000 0010 0000 0010 0000 0010 0000 0010 0000 0010 0000 0010 0000 0010 0000 002F 0000 002F 0000 0010 0000 0010 0000 002F 0000 0AA2
Ch+	0000 0071 0000 0032 0000 003E 0000 0010 0000 002F 0000 0010 0000 0010 0000 0010 0000 0010 0000 0010 0000 0010 0000 0010 0000 0010 0000 0010 0000 0010 0000 0010 0000 002F 0000 0010 0000 0010 0000 0010 0000 0010 0000 0010 0000 0010 0000 0010 0000 0010 0000 0010 0000 002F 0000 0010 0000 0010 0000 0010 0000 0010 0000 0010 0000 0010 0000 0010 0000 0010 0000 0010 0000 0010 0000 002F 0000 0010 0000 002F 0000 002F 0000 0010 0000 0010 0000 0010 0000 0010 0000 002F 0000 0010 0000 002F 0000 002F 0000 0010 0000 002F 0000 0AA2
Ch-	0000 0071 0000 0032 0000 003E 0000 0010 0000 002F 0000 0010 0000 0010 0000 0010 0000 0010 0000 0010 0000 0010 0000 0010 0000 0010 0000 0010 0000 0010 0000 0010 0000 002F 0000 0010 0000 0010 0000 0010 0000 0010 0000 0010 0000 0010 0000 0010 0000 0010 0000 0010 0000 002F 0000 0010 0000 0010 0000 0010 0000 0010 0000 0010 0000 0010 0000 0010 0000 0010 0000 002F 0000 0010 0000 002F 0000 0010 0000 002F 0000 002F 0000 0010 0000 0010 0000 002F 0000 0010 0000 002F 0000 0010 0000 002F 0000 002F 0000 0010 0000 002F 0000 0AA2
Vol+	0000 0071 0000 0032 0000 003E 0000 0010 0000 002F 0000 0010 0000 0010 0000 0010 0000 0010 0000 0010 0000 0010 0000 0010 0000 0010 0000 0010 0000 0010 0000 0010 0000 002F 0000 0010 0000 0010 0000 0010 0000 0010 0000 0010 0000 0010 0000 0010 0000 0010 0000 0010 0000 002F 0000 0010 0000 0010 0000 0010 0000 0010 0000 0010 0000 0010 0000 0010 0000 0010 0000 0010 0000 0010 0000 0010 0000 0010 0000 0010 0000 002F 0000 0010 0000 0010 0000 0010 0000 0010 0000 0010 0000 0010 0000 0010 0000 002F 0000 0010 0000 002F 0000 0AA0
Vol-	0000 0071 0000 0032 0000 003E 0000 0010 0000 002F 0000 0010 0000 0010 0000 0010 0000 0010 0000 0010 0000 0010 0000 0010 0000 0010 0000 0010 0000 0010 0000 0010 0000 002F 0000 0010 0000 0010 0000 0010 0000 0010 0000 0010 0000 0010 0000 0010 0000 0010 0000 0010 0000 002F 0000 0010 0000 0010 0000 0010 0000 0010 0000 0010 0000 0010 0000 0010 0000 0010 0000 002F 0000 0010 0000 0010 0000 0010 0000 0010 0000 002F 0000 0010 0000 0010 0000 002F 0000 0010 0000 0010 0000 0010 0000 0010 0000 002F 0000 0010 0000 002F 0000 0AA0
TV Pwr	0000 0071 0000 0032 0000 003E 0000 0010 0000 002F 0000 0010 0000 0010 0000 0010 0000 0010 0000 0010 0000 0010 0000 0010 0000 0010 0000 0010 0000 0010 0000 0010 0000 002F 0000 0010 0000 0010 0000 0010 0000 0010 0000 0010 0000 0010 0000 0010 0000 0010 0000 0010 0000 002F 0000 0010 0000 0010 0000 0010 0000 0010 0000 0010 0000 0010 0000 0010 0000 0010 0000 002F 0000 0010 0000 002F 0000 002F 0000 002F 0000 002F 0000 0010 0000 0010 0000 002F 0000 0010 0000 002F 0000 002F 0000 002F 0000 002F 0000 0010 0000 002F 0000 0A9D
Cable Pwr	0000 0061 0000 000B 0000 00E2 0000 0060 0000 0060 0000 0060 0000 00E2 0000 0060 0000 00E2 0000 00E2 0000 00E2 0000 0060 0000 0CEE
Cable Ch+	0000 0061 0000 000B 0000 00E2 0000 0060 0000 00E2 0000 0060 0000 0060 0000 0060 0000 00E2 0000 0060 0000 00E2 0000 00E2 0000 07A5
Cable Ch-	0000 0061 0000 000B 0000 00E2 0000 0060 0000 00E2 0000 0060 0000 00E2 0000 0060 0000 00E2 0000 0060 0000 00E2 0000 0060 0000 079A
Menu	0000 0071 0000 0032 0000 003F 0000 000F 0000 002F 0000 000F 0000 000F 0000 000F 0000 000F 0000 000F 0000 000F 0000 000F 0000 000F 0000 000F 0000 000F 0000 000F 0000 002F 0000 000F 0000 000F 0000 000F 0000 000F 0000 000F 0000 000F 0000 002F 0000 000F 0000 000F 0000 002F 0000 002F 0000 000F 0000 000F 0000 000F 0000 000F 0000 000F 0000 000F 0000 000F 0000 000F 0000 002F 0000 002F 0000 000F 0000 002F 0000 000F 0000 002F 0000 000F 0000 002F 0000 002F 0000 002F 0000 000F 0000 000F 0000 000F 0000 002F 0000 002F 0000 0A9D
Program	0000 0071 0000 0032 0000 003E 0000 0010 0000 002F 0000 0010 0000 0010 0000 0010 0000 0010 0000 0010 0000 0010 0000 0010 0000 0010 0000 0010 0000 0010 0000 0010 0000 002F 0000 0010 0000 0010 0000 0010 0000 0010 0000 0010 0000 0010 0000 002F 0000 0010 0000 0010 0000 002F 0000 002F 0000 0010 0000 0010 0000 0010 0000 0010 0000 0010 0000 0010 0000 0010 0000 002F 0000 0010 0000 0010 0000 0010 0000 0010 0000 0010 0000 0010 0000 0010 0000 0010 0000 0010 0000 0010 0000 0010 0000 002F 0000 0010 0000 0010 0000 002F 0000 0A9D
Clear	0000 0071 0000 0032 0000 003E 0000 0010 0000 002F 0000 0010 0000 0010 0000 0010 0000 0010 0000 0010 0000 0010 0000 0010 0000 0010 0000 0010 0000 0010 0000 0010 0000 002F 0000 0010 0000 0010 0000 0010 0000 0010 0000 0010 0000 0010 0000 002F 0000 0010 0000 0010 0000 002F 0000 002F 0000 0010 0000 0010 0000 0010 0000 0010 0000 0010 0000 0010 0000 0010 0000 002F 0000 0010 0000 002F 0000 0010 0000 0010 0000 0010 0000 0010 0000 0010 0000 0010 0000 0010 0000 002F 0000 0010 0000 002F 0000 0010 0000 0010 0000 002F 0000 0A9D
Display	0000 0071 0000 0032 0000 003E 0000 0010 0000 002F 0000 0010 0000 0010 0000 0010 0000 0010 0000 0010 0000 0010 0000 0010 0000 0010 0000 0010 0000 0010 0000 0010 0000 002F 0000 0010 0000 0010 0000 0010 0000 0010 0000 0010 0000 0010 0000 002F 0000 0010 0000 0010 0000 002F 0000 0010 0000 0010 0000 0010 0000 0010 0000 0010 0000 0010 0000 0010 0000 0010 0000 002F 0000 0010 0000 0010 0000 002F 0000 002F 0000 002F 0000 0010 0000 0010 0000 002F 0000 0010 0000 0010 0000 002F 0000 0010 0000 002F 0000 0010 0000 002F 0000 0A9C
VCR+	0000 0071 0000 0032 0000 003E 0000 000F 0000 002F 0000 000F 0000 000F 0000 000F 0000 000F 0000 000F 0000 000F 0000 000F 0000 000F 0000 000F 0000 000F 0000 000F 0000 002F 0000 000F 0000 000F 0000 000F 0000 000F 0000 000F 0000 000F 0000 002F 0000 000F 0000 000F 0000 002F 0000 002F 0000 000F 0000 000F 0000 000F 0000 000F 0000 000F 0000 000F 0000 000F 0000 002F 0000 000F 0000 002F 0000 002F 0000 002F 0000 000F 0000 002F 0000 000F 0000 000F 0000 000F 0000 002F 0000 002F 0000 000F 0000 000F 0000 002F 0000 002F 0000 0A9D
1	0000 0071 0000 0032 0000 003E 0000 0010 0000 002F 0000 0010 0000 0010 0000 0010 0000 0010 0000 0010 0000 0010 0000 0010 0000 0010 0000 0010 0000 0010 0000 0010 0000 002F 0000 0010 0000 0010 0000 0010 0000 0010 0000 0010 0000 0010 0000 002F 0000 0010 0000 0010 0000 002F 0000 0010 0000 0010 0000 0010 0000 0010 0000 0010 0000 0010 0000 0010 0000 0010 0000 0010 0000 0010 0000 0010 0000 0010 0000 002F 0000 0010 0000 0010 0000 0010 0000 0010 0000 0010 0000 0010 0000 0010 0000 0010 0000 0010 0000 0010 0000 002F 0000 0A9D
2	0000 0071 0000 0032 0000 003E 0000 0010 0000 002F 0000 0010 0000 0010 0000 0010 0000 0010 0000 0010 0000 0010 0000 0010 0000 0010 0000 0010 0000 0010 0000 0010 0000 002F 0000 0010 0000 0010 0000 0010 0000 0010 0000 0010 0000 0010 0000 002F 0000 0010 0000 0010 0000 002F 0000 0010 0000 0010 0000 0010 0000 0010 0000 0010 0000 0010 0000 0010 0000 0010 0000 002F 0000 0010 0000 0010 0000 0010 0000 002F 0000 0010 0000 0010 0000 0010 0000 002F 0000 0010 0000 0010 0000 0010 0000 0010 0000 0010 0000 0010 0000 002F 0000 0A9F
3	0000 0071 0000 0032 0000 003E 0000 0010 0000 002F 0000 0010 0000 0010 0000 0010 0000 0010 0000 0010 0000 0010 0000 0010 0000 0010 0000 0010 0000 0010 0000 0010 0000 002F 0000 0010 0000 0010 0000 0010 0000 0010 0000 0010 0000 0010 0000 002F 0000 0010 0000 0010 0000 002F 0000 0010 0000 0010 0000 0010 0000 0010 0000 0010 0000 0010 0000 0010 0000 0010 0000 0010 0000 002F 0000 0010 0000 0010 0000 002F 0000 0010 0000 0010 0000 0010 0000 0010 0000 002F 0000 0010 0000 0010 0000 0010 0000 0010 0000 0010 0000 002F 0000 0AA0
4	0000 0071 0000 0032 0000 003E 0000 0010 0000 002F 0000 0010 0000 0010 0000 0010 0000 0010 0000 0010 0000 0010 0000 0010 0000 0010 0000 0010 0000 0010 0000 0010 0000 002F 0000 0010 0000 0010 0000 0010 0000 0010 0000 0010 0000 0010 0000 002F 0000 0010 0000 0010 0000 002F 0000 0010 0000 0010 0000 0010 0000 0010 0000 0010 0000 0010 0000 0010 0000 0010 0000 002F 0000 002F 0000 0010 0000 0010 0000 002F 0000 0010 0000 0010 0000 0010 0000 002F 0000 002F 0000 0010 0000 0010 0000 0010 0000 0010 0000 0010 0000 002F 0000 0A9D
5	0000 0071 0000 0032 0000 003E 0000 0010 0000 002F 0000 0010 0000 0010 0000 0010 0000 0010 0000 0010 0000 0010 0000 0010 0000 0010 0000 0010 0000 0010 0000 0010 0000 002F 0000 0010 0000 0010 0000 0010 0000 0010 0000 0010 0000 0010 0000 002F 0000 0010 0000 0010 0000 002F 0000 0010 0000 0010 0000 0010 0000 0010 0000 0010 0000 0010 0000 0010 0000 0010 0000 0010 0000 0010 0000 002F 0000 0010 0000 002F 0000 0010 0000 0010 0000 0010 0000 0010 0000 0010 0000 002F 0000 0010 0000 0010 0000 0010 0000 0010 0000 002F 0000 0A9F
6	0000 0071 0000 0032 0000 003E 0000 0010 0000 002F 0000 0010 0000 0010 0000 0010 0000 0010 0000 0010 0000 0010 0000 0010 0000 0010 0000 0010 0000 0010 0000 0010 0000 002F 0000 0010 0000 0010 0000 0010 0000 0010 0000 0010 0000 0010 0000 002F 0000 0010 0000 0010 0000 002F 0000 0010 0000 0010 0000 0010 0000 0010 0000 0010 0000 0010 0000 0010 0000 0010 0000 002F 0000 0010 0000 002F 0000 0010 0000 002F 0000 0010 0000 0010 0000 0010 0000 002F 0000 0010 0000 002F 0000 0010 0000 0010 0000 0010 0000 0010 0000 002F 0000 0AA0
7	0000 0071 0000 0032 0000 003E 0000 0010 0000 002F 0000 0010 0000 0010 0000 0010 0000 0010 0000 0010 0000 0010 0000 0010 0000 0010 0000 0010 0000 0010 0000 0010 0000 002F 0000 0010 0000 0010 0000 0010 0000 0010 0000 0010 0000 0010 0000 002F 0000 0010 0000 0010 0000 002F 0000 0010 0000 0010 0000 0010 0000 0010 0000 0010 0000 0010 0000 0010 0000 0010 0000 0010 0000 002F 0000 002F 0000 0010 0000 002F 0000 0010 0000 0010 0000 0010 0000 0010 0000 002F 0000 002F 0000 0010 0000 0010 0000 0010 0000 0010 0000 002F 0000 0A9D
8	0000 0071 0000 0032 0000 003E 0000 0010 0000 002F 0000 0010 0000 0010 0000 0010 0000 0010 0000 0010 0000 0010 0000 0010 0000 0010 0000 0010 0000 0010 0000 0010 0000 002F 0000 0010 0000 0010 0000 0010 0000 0010 0000 0010 0000 0010 0000 002F 0000 0010 0000 0010 0000 002F 0000 0010 0000 0010 0000 0010 0000 0010 0000 0010 0000 0010 0000 0010 0000 0010 0000 002F 0000 002F 0000 002F 0000 0010 0000 002F 0000 0010 0000 0010 0000 0010 0000 002F 0000 002F 0000 002F 0000 0010 0000 0010 0000 0010 0000 0010 0000 002F 0000 0A9D
9	0000 0071 0000 0032 0000 003E 0000 0010 0000 002F 0000 0010 0000 0010 0000 0010 0000 0010 0000 0010 0000 0010 0000 0010 0000 0010 0000 0010 0000 0010 0000 0010 0000 002F 0000 0010 0000 0010 0000 0010 0000 0010 0000 0010 0000 0010 0000 002F 0000 0010 0000 0010 0000 002F 0000 0010 0000 0010 0000 0010 0000 0010 0000 0010 0000 0010 0000 0010 0000 0010 0000 0010 0000 0010 0000 0010 0000 002F 0000 002F 0000 0010 0000 0010 0000 0010 0000 0010 0000 0010 0000 0010 0000 002F 0000 0010 0000 0010 0000 0010 0000 002F 0000 0A9F
0	0000 0071 0000 0032 0000 003E 0000 000F 0000 002F 0000 000F 0000 000F 0000 000F 0000 000F 0000 000F 0000 000F 0000 000F 0000 000F 0000 000F 0000 000F 0000 000F 0000 002F 0000 000F 0000 000F 0000 000F 0000 000F 0000 000F 0000 000F 0000 002F 0000 000F 0000 000F 0000 002F 0000 000F 0000 000F 0000 000F 0000 000F 0000 000F 0000 000F 0000 000F 0000 000F 0000 002F 0000 000F 0000 000F 0000 002F 0000 002F 0000 000F 0000 000F 0000 000F 0000 002F 0000 000F 0000 000F 0000 002F 0000 000F 0000 000F 0000 000F 0000 002F 0000 0A9D
100	0000 0071 0000 0032 0000 003E 0000 0010 0000 002F 0000 0010 0000 0010 0000 0010 0000 0010 0000 0010 0000 0010 0000 0010 0000 0010 0000 0010 0000 0010 0000 0010 0000 002F 0000 0010 0000 0010 0000 0010 0000 0010 0000 0010 0000 0010 0000 002F 0000 0010 0000 0010 0000 002F 0000 0010 0000 0010 0000 0010 0000 0010 0000 0010 0000 0010 0000 0010 0000 0010 0000 002F 0000 0010 0000 002F 0000 0010 0000 0010 0000 002F 0000 002F 0000 002F 0000 002F 0000 0010 0000 002F 0000 0010 0000 002F 0000 002F 0000 002F 0000 0010 0000 0A9D
Add	0000 0071 0000 0032 0000 003E 0000 0010 0000 002F 0000 0010 0000 0010 0000 0010 0000 0010 0000 0010 0000 0010 0000 0010 0000 0010 0000 0010 0000 0010 0000 0010 0000 002F 0000 0010 0000 0010 0000 0010 0000 0010 0000 0010 0000 0010 0000 002F 0000 0010 0000 0010 0000 002F 0000 002F 0000 0010 0000 0010 0000 0010 0000 0010 0000 0010 0000 0010 0000 0010 0000 002F 0000 0010 0000 0010 0000 0010 0000 002F 0000 002F 0000 0010 0000 0010 0000 0010 0000 0010 0000 0010 0000 0010 0000 0010 0000 002F 0000 0010 0000 002F 0000 0A9D
Track+	0000 0071 0000 0032 0000 003E 0000 0010 0000 002F 0000 0010 0000 0010 0000 0010 0000 0010 0000 0010 0000 0010 0000 0010 0000 0010 0000 0010 0000 0010 0000 0010 0000 002F 0000 0010 0000 0010 0000 0010 0000 0010 0000 0010 0000 0010 0000 002F 0000 0010 0000 0010 0000 002F 0000 0010 0000 0010 0000 0010 0000 0010 0000 0010 0000 0010 0000 0010 0000 0010 0000 0010 0000 0010 0000 002F 0000 0010 0000 002F 0000 002F 0000 0010 0000 0010 0000 0010 0000 0010 0000 002F 0000 0010 0000 0010 0000 002F 0000 0010 0000 002F 0000 0AA2
Track-	0000 0071 0000 0032 0000 003E 0000 0010 0000 002F 0000 0010 0000 0010 0000 0010 0000 0010 0000 0010 0000 0010 0000 0010 0000 0010 0000 0010 0000 0010 0000 0010 0000 002F 0000 0010 0000 0010 0000 0010 0000 0010 0000 0010 0000 0010 0000 002F 0000 0010 0000 0010 0000 002F 0000 0010 0000 0010 0000 0010 0000 0010 0000 0010 0000 0010 0000 0010 0000 0010 0000 002F 0000 0010 0000 002F 0000 0010 0000 002F 0000 002F 0000 0010 0000 0010 0000 002F 0000 0010 0000 002F 0000 0010 0000 0010 0000 002F 0000 0010 0000 002F 0000 0AA2
Dub	0000 0071 0000 0032 0000 003E 0000 000F 0000 002F 0000 000F 0000 000F 0000 000F 0000 000F 0000 000F 0000 000F 0000 000F 0000 000F 0000 000F 0000 000F 0000 000F 0000 002F 0000 000F 0000 000F 0000 000F 0000 000F 0000 000F 0000 000F 0000 002F 0000 000F 0000 000F 0000 002F 0000 000F 0000 000F 0000 000F 0000 000F 0000 000F 0000 000F 0000 000F 0000 000F 0000 002F 0000 000F 0000 002F 0000 002F 0000 002F 0000 000F 0000 002F 0000 002F 0000 002F 0000 000F 0000 002F 0000 002F 0000 000F 0000 000F 0000 002F 0000 000F 0000 0AA0
Set	0000 0071 0000 0032 0000 003E 0000 0010 0000 002F 0000 0010 0000 0010 0000 0010 0000 0010 0000 0010 0000 0010 0000 0010 0000 0010 0000 0010 0000 0010 0000 0010 0000 002F 0000 0010 0000 0010 0000 0010 0000 0010 0000 0010 0000 0010 0000 002F 0000 0010 0000 0010 0000 002F 0000 002F 0000 0010 0000 0010 0000 0010 0000 0010 0000 0010 0000 0010 0000 0010 0000 0010 0000 0010 0000 002F 0000 0010 0000 0010 0000 0010 0000 0010 0000 0010 0000 002F 0000 0010 0000 002F 0000 0010 0000 002F 0000 0010 0000 0010 0000 002F 0000 0A9F
Up	0000 0071 0000 0064 0000 003E 0000 0010 0000 002F 0000 0010 0000 0010 0000 0010 0000 0010 0000 0010 0000 0010 0000 0010 0000 0010 0000 0010 0000 0010 0000 0010 0000 002F 0000 0010 0000 0010 0000 0010 0000 0010 0000 0010 0000 0010 0000 002F 0000 0010 0000 0010 0000 002F 0000 002F 0000 0010 0000 0010 0000 0010 0000 0010 0000 0010 0000 0010 0000 0010 0000 0010 0000 002F 0000 0010 0000 0010 0000 0010 0000 0010 0000 0010 0000 0010 0000 002F 0000 002F 0000 0010 0000 0010 0000 002F 0000 0010 0000 0010 0000 002F 0000 0A9D 0000 003E 0000 0010 0000 002F 0000 0010 0000 0010 0000 0010 0000 0010 0000 0010 0000 0010 0000 0010 0000 0010 0000 0010 0000 0010 0000 0010 0000 002F 0000 0010 0000 0010 0000 0010 0000 0010 0000 0010 0000 0010 0000 002F 0000 0010 0000 0010 0000 002F 0000 002F 0000 0010 0000 0010 0000 0010 0000 0010 0000 0010 0000 0010 0000 0010 0000 0010 0000 002F 0000 0010 0000 0010 0000 0010 0000 0010 0000 0010 0000 0010 0000 002F 0000 002F 0000 0010 0000 0010 0000 002F 0000 0010 0000 0010 0000 002F 0000 0ECE
Down	0000 0071 0000 0064 0000 003E 0000 0010 0000 002F 0000 0010 0000 0010 0000 0010 0000 0010 0000 0010 0000 0010 0000 0010 0000 0010 0000 0010 0000 0010 0000 0010 0000 002F 0000 0010 0000 0010 0000 0010 0000 0010 0000 0010 0000 0010 0000 002F 0000 0010 0000 0010 0000 002F 0000 002F 0000 0010 0000 0010 0000 0010 0000 0010 0000 0010 0000 0010 0000 0010 0000 002F 0000 002F 0000 0010 0000 0010 0000 0010 0000 0010 0000 0010 0000 0010 0000 0010 0000 002F 0000 0010 0000 0010 0000 002F 0000 0010 0000 0010 0000 002F 0000 0AA3 0000 003E 0000 0010 0000 002F 0000 0010 0000 0010 0000 0010 0000 0010 0000 0010 0000 0010 0000 0010 0000 0010 0000 0010 0000 0010 0000 0010 0000 002F 0000 0010 0000 0010 0000 0010 0000 0010 0000 0010 0000 0010 0000 002F 0000 0010 0000 0010 0000 002F 0000 002F 0000 0010 0000 0010 0000 0010 0000 0010 0000 0010 0000 0010 0000 0010 0000 002F 0000 002F 0000 0010 0000 0010 0000 0010 0000 0010 0000 0010 0000 0010 0000 0010 0000 002F 0000 0010 0000 0010 0000 002F 0000 0010 0000 0010 0000 002F 0000 0ECE
