Power	0000 0070 0000 0032 0080 0040 0010 0010 0010 0030 0010 0010 0010 0010 0010 0010 0010 0010 0010 0010 0010 0010 0010 0010 0010 0010 0010 0010 0010 0010 0010 0010 0010 0030 0010 0010 0010 0010 0010 0010 0010 0010 0010 0010 0010 0010 0010 0010 0010 0010 0010 0010 0010 0030 0010 0010 0010 0010 0010 0010 0010 0010 0010 0010 0010 0010 0010 0010 0010 0010 0010 0030 0010 0010 0010 0030 0010 0030 0010 0030 0010 0030 0010 0010 0010 0010 0010 0030 0010 0010 0010 0030 0010 0030 0010 0030 0010 0030 0010 0010 0010 0030 0010 0abe
PIP	0000 0070 0000 0032 0080 003f 0011 000f 0011 002f 0011 000f 0011 000f 0011 000f 0011 000f 0011 000f 0011 000f 0011 000f 0011 000f 0011 000f 0011 000f 0011 000f 0011 002f 0011 000f 0011 000f 0011 000f 0011 000f 0011 000f 0011 000f 0011 000f 0011 000f 0011 000f 0011 002f 0011 000f 0011 000f 0011 000f 0011 000f 0011 000f 0011 000f 0011 000f 0011 000f 0011 002f 0011 000f 0011 000f 0011 002f 0011 002f 0011 002f 0011 000f 0011 000f 0011 002f 0011 000f 0011 000f 0011 002f 0011 002f 0011 002f 0011 000f 0011 002f 0011 0abe
Mute	0000 0070 0000 0032 0080 0040 0010 0010 0010 0030 0010 0010 0010 0010 0010 0010 0010 0010 0010 0010 0010 0010 0010 0010 0010 0010 0010 0010 0010 0010 0010 0010 0010 0030 0010 0010 0010 0010 0010 0010 0010 0010 0010 0010 0010 0010 0010 0010 0010 0010 0010 0010 0010 0030 0010 0010 0010 0010 0010 0010 0010 0010 0010 0010 0010 0010 0010 0010 0010 0010 0010 0010 0010 0030 0010 0010 0010 0010 0010 0030 0010 0030 0010 0010 0010 0010 0010 0010 0010 0030 0010 0010 0010 0010 0010 0030 0010 0030 0010 0010 0010 0030 0010 0abe
TV/AV	0000 0070 0000 0032 0080 0040 0010 0010 0010 0030 0010 0010 0010 0010 0010 0010 0010 0010 0010 0010 0010 0010 0010 0010 0010 0010 0010 0010 0010 0010 0010 0010 0010 0030 0010 0010 0010 0010 0010 0010 0010 0010 0010 0010 0010 0010 0010 0010 0010 0010 0010 0010 0010 0030 0010 0010 0010 0010 0010 0010 0010 0010 0010 0010 0010 0010 0010 0010 0010 0010 0010 0030 0010 0010 0010 0030 0010 0010 0010 0010 0010 0010 0010 0010 0010 0010 0010 0030 0010 0010 0010 0030 0010 0010 0010 0010 0010 0010 0010 0010 0010 0030 0010 0abe
Vol+	0000 0070 0000 0032 0080 0040 0010 0010 0010 0030 0010 0010 0010 0010 0010 0010 0010 0010 0010 0010 0010 0010 0010 0010 0010 0010 0010 0010 0010 0010 0010 0010 0010 0030 0010 0010 0010 0010 0010 0010 0010 0010 0010 0010 0010 0010 0010 0010 0010 0010 0010 0010 0010 0030 0010 0010 0010 0010 0010 0010 0010 0010 0010 0010 0010 0010 0010 0010 0010 0010 0010 0010 0010 0010 0010 0010 0010 0010 0010 0010 0010 0030 0010 0010 0010 0010 0010 0010 0010 0010 0010 0010 0010 0010 0010 0010 0010 0030 0010 0010 0010 0030 0010 0abe
Vol-	0000 0070 0000 0032 0080 0040 0010 0010 0010 0030 0010 0010 0010 0010 0010 0010 0010 0010 0010 0010 0010 0010 0010 0010 0010 0010 0010 0010 0010 0010 0010 0010 0010 0030 0010 0010 0010 0010 0010 0010 0010 0010 0010 0010 0010 0010 0010 0010 0010 0010 0010 0010 0010 0030 0010 0010 0010 0010 0010 0010 0010 0010 0010 0010 0010 0010 0010 0010 0010 0010 0010 0030 0010 0010 0010 0010 0010 0010 0010 0010 0010 0030 0010 0010 0010 0010 0010 0030 0010 0010 0010 0010 0010 0010 0010 0010 0010 0030 0010 0010 0010 0030 0010 0abe
G-Code	0000 0070 0000 0032 0080 003f 0011 000f 0011 002f 0011 000f 0011 000f 0011 000f 0011 000f 0011 000f 0011 000f 0011 000f 0011 000f 0011 000f 0011 000f 0011 000f 0011 002f 0011 000f 0011 000f 0011 000f 0011 000f 0011 000f 0011 000f 0011 000f 0011 000f 0011 000f 0011 002f 0011 000f 0011 000f 0011 000f 0011 000f 0011 000f 0011 000f 0011 000f 0011 000f 0011 000f 0011 002f 0011 002f 0011 000f 0011 002f 0011 000f 0011 002f 0011 002f 0011 000f 0011 002f 0011 002f 0011 000f 0011 002f 0011 000f 0011 002f 0011 000f 0011 0abe
Store	0000 0070 0000 0032 0080 0040 0010 0010 0010 0030 0010 0010 0010 0010 0010 0010 0010 0010 0010 0010 0010 0010 0010 0010 0010 0010 0010 0010 0010 0010 0010 0010 0010 0030 0010 0010 0010 0010 0010 0010 0010 0010 0010 0010 0010 0010 0010 0010 0010 0010 0010 0010 0010 0030 0010 0010 0010 0010 0010 0010 0010 0010 0010 0010 0010 0010 0010 0010 0010 0010 0010 0030 0010 0010 0010 0030 0010 0010 0010 0030 0010 0010 0010 0030 0010 0030 0010 0030 0010 0010 0010 0030 0010 0010 0010 0030 0010 0010 0010 0030 0010 0010 0010 0abe
F Trk	0000 0070 0000 0032 0080 0040 0010 0010 0010 0030 0010 0010 0010 0010 0010 0010 0010 0010 0010 0010 0010 0010 0010 0010 0010 0010 0010 0010 0010 0010 0010 0010 0010 0030 0010 0010 0010 0010 0010 0010 0010 0010 0010 0010 0010 0010 0010 0030 0010 0010 0010 0010 0010 0030 0010 0010 0010 0010 0010 0010 0010 0010 0010 0010 0010 0030 0010 0010 0010 0010 0010 0030 0010 0010 0010 0010 0010 0010 0010 0030 0010 0030 0010 0010 0010 0030 0010 0030 0010 0010 0010 0010 0010 0010 0010 0010 0010 0010 0010 0010 0010 0010 0010 0abe
R Trk	0000 0070 0000 0032 0080 003f 0011 000f 0011 002f 0011 000f 0011 000f 0011 000f 0011 000f 0011 000f 0011 000f 0011 000f 0011 000f 0011 000f 0011 000f 0011 000f 0011 002f 0011 000f 0011 000f 0011 000f 0011 000f 0011 000f 0011 000f 0011 002f 0011 000f 0011 000f 0011 002f 0011 000f 0011 000f 0011 000f 0011 000f 0011 000f 0011 002f 0011 000f 0011 000f 0011 000f 0011 002f 0011 000f 0011 000f 0011 002f 0011 002f 0011 000f 0011 002f 0011 000f 0011 002f 0011 000f 0011 000f 0011 000f 0011 000f 0011 000f 0011 000f 0011 0abe
F Index	0000 0070 0000 0032 0080 0040 0010 0010 0010 0030 0010 0010 0010 0010 0010 0010 0010 0010 0010 0010 0010 0010 0010 0010 0010 0010 0010 0010 0010 0010 0010 0010 0010 0030 0010 0010 0010 0010 0010 0010 0010 0010 0010 0010 0010 0010 0010 0030 0010 0010 0010 0010 0010 0030 0010 0010 0010 0010 0010 0010 0010 0010 0010 0010 0010 0030 0010 0010 0010 0010 0010 0010 0010 0030 0010 0010 0010 0030 0010 0010 0010 0010 0010 0030 0010 0010 0010 0010 0010 0030 0010 0010 0010 0030 0010 0030 0010 0030 0010 0030 0010 0030 0010 0abe
R Index	0000 0070 0000 0032 0080 0040 0010 0010 0010 0030 0010 0010 0010 0010 0010 0010 0010 0010 0010 0010 0010 0010 0010 0010 0010 0010 0010 0010 0010 0010 0010 0010 0010 0030 0010 0010 0010 0010 0010 0010 0010 0010 0010 0010 0010 0010 0010 0030 0010 0010 0010 0010 0010 0030 0010 0010 0010 0010 0010 0010 0010 0010 0010 0010 0010 0030 0010 0010 0010 0010 0010 0030 0010 0010 0010 0010 0010 0030 0010 0010 0010 0010 0010 0030 0010 0010 0010 0030 0010 0010 0010 0010 0010 0030 0010 0030 0010 0030 0010 0030 0010 0030 0010 0abe
Pause	0000 0070 0000 0032 0080 003f 0011 000f 0011 002f 0011 000f 0011 000f 0011 000f 0011 000f 0011 000f 0011 000f 0011 000f 0011 000f 0011 000f 0011 000f 0011 000f 0011 002f 0011 000f 0011 000f 0011 000f 0011 000f 0011 000f 0011 000f 0011 002f 0011 000f 0011 000f 0011 002f 0011 000f 0011 000f 0011 000f 0011 000f 0011 000f 0011 002f 0011 000f 0011 000f 0011 000f 0011 002f 0011 002f 0011 000f 0011 000f 0011 000f 0011 000f 0011 000f 0011 000f 0011 002f 0011 002f 0011 000f 0011 002f 0011 002f 0011 000f 0011 002f 0011 0abe
Slow	0000 0070 0000 0032 0080 0040 0010 0010 0010 0030 0010 0010 0010 0010 0010 0010 0010 0010 0010 0010 0010 0010 0010 0010 0010 0010 0010 0010 0010 0010 0010 0010 0010 0030 0010 0010 0010 0010 0010 0010 0010 0010 0010 0010 0010 0010 0010 0030 0010 0010 0010 0010 0010 0030 0010 0010 0010 0010 0010 0010 0010 0010 0010 0010 0010 0030 0010 0010 0010 0010 0010 0030 0010 0030 0010 0030 0010 0030 0010 0010 0010 0010 0010 0010 0010 0010 0010 0030 0010 0030 0010 0030 0010 0030 0010 0030 0010 0030 0010 0010 0010 0030 0010 0abe
Record	0000 0070 0000 0032 0080 0040 0010 0010 0010 0030 0010 0010 0010 0010 0010 0010 0010 0010 0010 0010 0010 0010 0010 0010 0010 0010 0010 0010 0010 0010 0010 0010 0010 0030 0010 0010 0010 0010 0010 0010 0010 0010 0010 0010 0010 0010 0010 0030 0010 0010 0010 0010 0010 0030 0010 0010 0010 0010 0010 0010 0010 0010 0010 0010 0010 0030 0010 0010 0010 0010 0010 0010 0010 0010 0010 0010 0010 0030 0010 0010 0010 0010 0010 0010 0010 0010 0010 0010 0010 0010 0010 0010 0010 0030 0010 0030 0010 0030 0010 0010 0010 0030 0010 0abe
Call Counter	0000 0070 0000 0032 0080 003f 0011 000f 0011 002f 0011 000f 0011 000f 0011 000f 0011 000f 0011 000f 0011 000f 0011 000f 0011 000f 0011 000f 0011 000f 0011 000f 0011 002f 0011 000f 0011 000f 0011 000f 0011 000f 0011 000f 0011 000f 0011 002f 0011 000f 0011 000f 0011 002f 0011 000f 0011 000f 0011 000f 0011 000f 0011 000f 0011 002f 0011 000f 0011 000f 0011 002f 0011 000f 0011 000f 0011 002f 0011 002f 0011 002f 0011 000f 0011 000f 0011 002f 0011 000f 0011 000f 0011 002f 0011 000f 0011 000f 0011 000f 0011 002f 0011 0abe
Reset Counter	0000 0070 0000 0032 0080 0040 0010 0010 0010 0030 0010 0010 0010 0010 0010 0010 0010 0010 0010 0010 0010 0010 0010 0010 0010 0010 0010 0010 0010 0010 0010 0010 0010 0030 0010 0010 0010 0010 0010 0010 0010 0010 0010 0010 0010 0010 0010 0030 0010 0010 0010 0010 0010 0030 0010 0010 0010 0010 0010 0010 0010 0010 0010 0010 0010 0030 0010 0010 0010 0010 0010 0010 0010 0010 0010 0030 0010 0010 0010 0030 0010 0010 0010 0030 0010 0010 0010 0010 0010 0010 0010 0030 0010 0010 0010 0010 0010 0030 0010 0030 0010 0030 0010 0abe
1	0000 0070 0000 0032 0080 0040 0010 0010 0010 0030 0010 0010 0010 0010 0010 0010 0010 0010 0010 0010 0010 0010 0010 0010 0010 0010 0010 0010 0010 0010 0010 0010 0010 0030 0010 0010 0010 0010 0010 0010 0010 0010 0010 0010 0010 0010 0010 0010 0010 0010 0010 0010 0010 0030 0010 0010 0010 0010 0010 0010 0010 0010 0010 0010 0010 0010 0010 0010 0010 0010 0010 0010 0010 0010 0010 0010 0010 0010 0010 0030 0010 0010 0010 0010 0010 0010 0010 0010 0010 0010 0010 0010 0010 0010 0010 0030 0010 0010 0010 0010 0010 0030 0010 0abe
2	0000 0070 0000 0032 0080 003f 0011 000f 0011 002f 0011 000f 0011 000f 0011 000f 0011 000f 0011 000f 0011 000f 0011 000f 0011 000f 0011 000f 0011 000f 0011 000f 0011 002f 0011 000f 0011 000f 0011 000f 0011 000f 0011 000f 0011 000f 0011 000f 0011 000f 0011 000f 0011 002f 0011 000f 0011 000f 0011 000f 0011 000f 0011 000f 0011 000f 0011 000f 0011 000f 0011 002f 0011 000f 0011 000f 0011 000f 0011 002f 0011 000f 0011 000f 0011 000f 0011 002f 0011 000f 0011 000f 0011 000f 0011 002f 0011 000f 0011 000f 0011 002f 0011 0abe
3	0000 0070 0000 0032 0080 0040 0010 0010 0010 0030 0010 0010 0010 0010 0010 0010 0010 0010 0010 0010 0010 0010 0010 0010 0010 0010 0010 0010 0010 0010 0010 0010 0010 0030 0010 0010 0010 0010 0010 0010 0010 0010 0010 0010 0010 0010 0010 0010 0010 0010 0010 0010 0010 0030 0010 0010 0010 0010 0010 0010 0010 0010 0010 0010 0010 0010 0010 0010 0010 0010 0010 0010 0010 0030 0010 0010 0010 0010 0010 0030 0010 0010 0010 0010 0010 0010 0010 0010 0010 0030 0010 0010 0010 0010 0010 0030 0010 0010 0010 0010 0010 0030 0010 0abe
4	0000 0070 0000 0032 0080 0040 0010 0010 0010 0030 0010 0010 0010 0010 0010 0010 0010 0010 0010 0010 0010 0010 0010 0010 0010 0010 0010 0010 0010 0010 0010 0010 0010 0030 0010 0010 0010 0010 0010 0010 0010 0010 0010 0010 0010 0010 0010 0010 0010 0010 0010 0010 0010 0030 0010 0010 0010 0010 0010 0010 0010 0010 0010 0010 0010 0010 0010 0010 0010 0010 0010 0030 0010 0030 0010 0010 0010 0010 0010 0030 0010 0010 0010 0010 0010 0010 0010 0030 0010 0030 0010 0010 0010 0010 0010 0030 0010 0010 0010 0010 0010 0030 0010 0abe
5	0000 0070 0000 0032 0080 003f 0011 000f 0011 002f 0011 000f 0011 000f 0011 000f 0011 000f 0011 000f 0011 000f 0011 000f 0011 000f 0011 000f 0011 000f 0011 000f 0011 002f 0011 000f 0011 000f 0011 000f 0011 000f 0011 000f 0011 000f 0011 000f 0011 000f 0011 000f 0011 002f 0011 000f 0011 000f 0011 000f 0011 000f 0011 000f 0011 000f 0011 000f 0011 000f 0011 000f 0011 000f 0011 002f 0011 000f 0011 002f 0011 000f 0011 000f 0011 000f 0011 000f 0011 000f 0011 002f 0011 000f 0011 002f 0011 000f 0011 000f 0011 002f 0011 0abe
6	0000 0070 0000 0032 0080 0040 0010 0010 0010 0030 0010 0010 0010 0010 0010 0010 0010 0010 0010 0010 0010 0010 0010 0010 0010 0010 0010 0010 0010 0010 0010 0010 0010 0030 0010 0010 0010 0010 0010 0010 0010 0010 0010 0010 0010 0010 0010 0010 0010 0010 0010 0010 0010 0030 0010 0010 0010 0010 0010 0010 0010 0010 0010 0010 0010 0010 0010 0010 0010 0010 0010 0030 0010 0010 0010 0030 0010 0010 0010 0030 0010 0010 0010 0010 0010 0010 0010 0030 0010 0010 0010 0030 0010 0010 0010 0030 0010 0010 0010 0010 0010 0030 0010 0abe
7	0000 0070 0000 0032 0080 0040 0010 0010 0010 0030 0010 0010 0010 0010 0010 0010 0010 0010 0010 0010 0010 0010 0010 0010 0010 0010 0010 0010 0010 0010 0010 0010 0010 0030 0010 0010 0010 0010 0010 0010 0010 0010 0010 0010 0010 0010 0010 0010 0010 0010 0010 0010 0010 0030 0010 0010 0010 0010 0010 0010 0010 0010 0010 0010 0010 0010 0010 0010 0010 0010 0010 0010 0010 0030 0010 0030 0010 0010 0010 0030 0010 0010 0010 0010 0010 0010 0010 0010 0010 0030 0010 0030 0010 0010 0010 0030 0010 0010 0010 0010 0010 0030 0010 0abe
8	0000 0070 0000 0032 0080 003f 0011 000f 0011 002f 0011 000f 0011 000f 0011 000f 0011 000f 0011 000f 0011 000f 0011 000f 0011 000f 0011 000f 0011 000f 0011 000f 0011 002f 0011 000f 0011 000f 0011 000f 0011 000f 0011 000f 0011 000f 0011 000f 0011 000f 0011 000f 0011 002f 0011 000f 0011 000f 0011 000f 0011 000f 0011 000f 0011 000f 0011 000f 0011 000f 0011 002f 0011 002f 0011 002f 0011 000f 0011 002f 0011 000f 0011 000f 0011 000f 0011 002f 0011 002f 0011 002f 0011 000f 0011 002f 0011 000f 0011 000f 0011 002f 0011 0abe
9	0000 0070 0000 0032 0080 0040 0010 0010 0010 0030 0010 0010 0010 0010 0010 0010 0010 0010 0010 0010 0010 0010 0010 0010 0010 0010 0010 0010 0010 0010 0010 0010 0010 0030 0010 0010 0010 0010 0010 0010 0010 0010 0010 0010 0010 0010 0010 0010 0010 0010 0010 0010 0010 0030 0010 0010 0010 0010 0010 0010 0010 0010 0010 0010 0010 0010 0010 0010 0010 0010 0010 0010 0010 0010 0010 0010 0010 0030 0010 0030 0010 0010 0010 0010 0010 0010 0010 0010 0010 0010 0010 0010 0010 0030 0010 0030 0010 0010 0010 0010 0010 0030 0010 0abe
0	0000 0070 0000 0032 0080 0040 0010 0010 0010 0030 0010 0010 0010 0010 0010 0010 0010 0010 0010 0010 0010 0010 0010 0010 0010 0010 0010 0010 0010 0010 0010 0010 0010 0030 0010 0010 0010 0010 0010 0010 0010 0010 0010 0010 0010 0010 0010 0010 0010 0010 0010 0010 0010 0030 0010 0010 0010 0010 0010 0010 0010 0010 0010 0010 0010 0010 0010 0010 0010 0010 0010 0030 0010 0010 0010 0010 0010 0030 0010 0030 0010 0010 0010 0010 0010 0010 0010 0030 0010 0010 0010 0010 0010 0030 0010 0030 0010 0010 0010 0010 0010 0030 0010 0abe
 -	0000 0070 0000 0032 0080 003f 0011 000f 0011 002f 0011 000f 0011 000f 0011 000f 0011 000f 0011 000f 0011 000f 0011 000f 0011 000f 0011 000f 0011 000f 0011 000f 0011 002f 0011 000f 0011 000f 0011 000f 0011 000f 0011 000f 0011 000f 0011 000f 0011 000f 0011 000f 0011 002f 0011 000f 0011 000f 0011 000f 0011 000f 0011 000f 0011 000f 0011 000f 0011 000f 0011 002f 0011 002f 0011 000f 0011 002f 0011 002f 0011 002f 0011 000f 0011 000f 0011 002f 0011 002f 0011 000f 0011 002f 0011 002f 0011 002f 0011 000f 0011 002f 0011 0abe
Up	0000 0070 0000 0032 0080 0040 0010 0010 0010 0030 0010 0010 0010 0010 0010 0010 0010 0010 0010 0010 0010 0010 0010 0010 0010 0010 0010 0010 0010 0010 0010 0010 0010 0030 0010 0010 0010 0010 0010 0010 0010 0010 0010 0010 0010 0010 0010 0010 0010 0010 0010 0010 0010 0030 0010 0010 0010 0010 0010 0010 0010 0010 0010 0010 0010 0010 0010 0010 0010 0010 0010 0010 0010 0030 0010 0010 0010 0030 0010 0010 0010 0010 0010 0030 0010 0010 0010 0010 0010 0030 0010 0010 0010 0030 0010 0010 0010 0010 0010 0030 0010 0030 0010 0abe
Down	0000 0070 0000 0032 0080 0040 0010 0010 0010 0030 0010 0010 0010 0010 0010 0010 0010 0010 0010 0010 0010 0010 0010 0010 0010 0010 0010 0010 0010 0010 0010 0010 0010 0030 0010 0010 0010 0010 0010 0010 0010 0010 0010 0010 0010 0010 0010 0010 0010 0010 0010 0010 0010 0030 0010 0010 0010 0010 0010 0010 0010 0010 0010 0010 0010 0010 0010 0010 0010 0010 0010 0030 0010 0030 0010 0010 0010 0030 0010 0010 0010 0010 0010 0030 0010 0010 0010 0030 0010 0030 0010 0010 0010 0030 0010 0010 0010 0010 0010 0030 0010 0030 0010 0abe
Right	0000 0070 0000 0032 0080 003f 0011 000f 0011 002f 0011 000f 0011 000f 0011 000f 0011 000f 0011 000f 0011 000f 0011 000f 0011 000f 0011 000f 0011 000f 0011 000f 0011 002f 0011 000f 0011 000f 0011 000f 0011 000f 0011 000f 0011 000f 0011 000f 0011 000f 0011 000f 0011 002f 0011 000f 0011 000f 0011 000f 0011 000f 0011 000f 0011 000f 0011 000f 0011 000f 0011 002f 0011 002f 0011 002f 0011 002f 0011 000f 0011 000f 0011 002f 0011 000f 0011 002f 0011 002f 0011 002f 0011 002f 0011 000f 0011 000f 0011 002f 0011 002f 0011 0abe
Left	0000 0070 0000 0032 0080 0040 0010 0010 0010 0030 0010 0010 0010 0010 0010 0010 0010 0010 0010 0010 0010 0010 0010 0010 0010 0010 0010 0010 0010 0010 0010 0010 0010 0030 0010 0010 0010 0010 0010 0010 0010 0010 0010 0010 0010 0010 0010 0010 0010 0010 0010 0010 0010 0030 0010 0010 0010 0010 0010 0010 0010 0010 0010 0010 0010 0010 0010 0010 0010 0010 0010 0010 0010 0030 0010 0030 0010 0030 0010 0010 0010 0010 0010 0030 0010 0010 0010 0010 0010 0030 0010 0030 0010 0030 0010 0010 0010 0010 0010 0030 0010 0030 0010 0abe
Menu	0000 0070 0000 0032 0080 0040 0010 0010 0010 0030 0010 0010 0010 0010 0010 0010 0010 0010 0010 0010 0010 0010 0010 0010 0010 0010 0010 0010 0010 0010 0010 0010 0010 0030 0010 0010 0010 0010 0010 0010 0010 0010 0010 0010 0010 0010 0010 0010 0010 0010 0010 0010 0010 0030 0010 0010 0010 0010 0010 0010 0010 0010 0010 0010 0010 0010 0010 0010 0010 0010 0010 0010 0010 0030 0010 0010 0010 0010 0010 0030 0010 0010 0010 0030 0010 0010 0010 0010 0010 0030 0010 0010 0010 0010 0010 0030 0010 0010 0010 0030 0010 0030 0010 0abe
N	0000 0070 0000 0032 0080 003f 0011 000f 0011 002f 0011 000f 0011 000f 0011 000f 0011 000f 0011 000f 0011 000f 0011 000f 0011 000f 0011 000f 0011 000f 0011 000f 0011 002f 0011 000f 0011 000f 0011 000f 0011 000f 0011 000f 0011 000f 0011 000f 0011 000f 0011 000f 0011 002f 0011 000f 0011 000f 0011 000f 0011 000f 0011 000f 0011 000f 0011 000f 0011 000f 0011 000f 0011 000f 0011 002f 0011 002f 0011 000f 0011 000f 0011 000f 0011 000f 0011 000f 0011 000f 0011 002f 0011 002f 0011 000f 0011 000f 0011 000f 0011 002f 0011 0abe
C	0000 0070 0000 0032 0080 0040 0010 0010 0010 0030 0010 0010 0010 0010 0010 0010 0010 0010 0010 0010 0010 0010 0010 0010 0010 0010 0010 0010 0010 0010 0010 0010 0010 0030 0010 0010 0010 0010 0010 0010 0010 0010 0010 0010 0010 0010 0010 0010 0010 0010 0010 0010 0010 0030 0010 0010 0010 0010 0010 0010 0010 0010 0010 0010 0010 0010 0010 0010 0010 0010 0010 0010 0010 0030 0010 0010 0010 0030 0010 0030 0010 0030 0010 0010 0010 0010 0010 0010 0010 0030 0010 0010 0010 0030 0010 0030 0010 0030 0010 0010 0010 0030 0010 0abe
Ch-	0000 0070 0000 0032 0080 0040 0010 0010 0010 0030 0010 0010 0010 0010 0010 0010 0010 0010 0010 0010 0010 0010 0010 0010 0010 0010 0010 0010 0010 0010 0010 0010 0010 0030 0010 0010 0010 0010 0010 0010 0010 0010 0010 0010 0010 0010 0010 0010 0010 0010 0010 0010 0010 0030 0010 0010 0010 0010 0010 0010 0010 0010 0010 0010 0010 0010 0010 0010 0010 0010 0010 0010 0010 0010 0010 0030 0010 0010 0010 0030 0010 0030 0010 0010 0010 0010 0010 0010 0010 0010 0010 0030 0010 0010 0010 0030 0010 0030 0010 0010 0010 0030 0010 0abe
Ch+	0000 0070 0000 0032 0080 003f 0011 000f 0011 002f 0011 000f 0011 000f 0011 000f 0011 000f 0011 000f 0011 000f 0011 000f 0011 000f 0011 000f 0011 000f 0011 000f 0011 002f 0011 000f 0011 000f 0011 000f 0011 000f 0011 000f 0011 000f 0011 000f 0011 000f 0011 000f 0011 002f 0011 000f 0011 000f 0011 000f 0011 000f 0011 000f 0011 000f 0011 000f 0011 000f 0011 002f 0011 000f 0011 002f 0011 000f 0011 002f 0011 002f 0011 000f 0011 000f 0011 002f 0011 000f 0011 002f 0011 000f 0011 002f 0011 002f 0011 000f 0011 002f 0011 0abe
Play	0000 0070 0000 0032 0080 0040 0010 0010 0010 0030 0010 0010 0010 0010 0010 0010 0010 0010 0010 0010 0010 0010 0010 0010 0010 0010 0010 0010 0010 0010 0010 0010 0010 0030 0010 0010 0010 0010 0010 0010 0010 0010 0010 0010 0010 0010 0010 0030 0010 0010 0010 0010 0010 0030 0010 0010 0010 0010 0010 0010 0010 0010 0010 0010 0010 0030 0010 0010 0010 0010 0010 0010 0010 0030 0010 0010 0010 0030 0010 0010 0010 0010 0010 0010 0010 0010 0010 0010 0010 0030 0010 0010 0010 0030 0010 0030 0010 0030 0010 0010 0010 0030 0010 0abe
Stop	0000 0070 0000 0032 0080 0040 0010 0010 0010 0030 0010 0010 0010 0010 0010 0010 0010 0010 0010 0010 0010 0010 0010 0010 0010 0010 0010 0010 0010 0010 0010 0010 0010 0030 0010 0010 0010 0010 0010 0010 0010 0010 0010 0010 0010 0010 0010 0030 0010 0010 0010 0010 0010 0030 0010 0010 0010 0010 0010 0010 0010 0010 0010 0010 0010 0030 0010 0010 0010 0010 0010 0010 0010 0010 0010 0010 0010 0010 0010 0010 0010 0010 0010 0010 0010 0010 0010 0010 0010 0010 0010 0010 0010 0010 0010 0030 0010 0030 0010 0010 0010 0030 0010 0abe
Rew	0000 0070 0000 0032 0080 003f 0011 000f 0011 002f 0011 000f 0011 000f 0011 000f 0011 000f 0011 000f 0011 000f 0011 000f 0011 000f 0011 000f 0011 000f 0011 000f 0011 002f 0011 000f 0011 000f 0011 000f 0011 000f 0011 000f 0011 000f 0011 002f 0011 000f 0011 000f 0011 002f 0011 000f 0011 000f 0011 000f 0011 000f 0011 000f 0011 002f 0011 000f 0011 000f 0011 000f 0011 002f 0011 000f 0011 000f 0011 000f 0011 000f 0011 000f 0011 000f 0011 000f 0011 002f 0011 000f 0011 000f 0011 002f 0011 002f 0011 000f 0011 002f 0011 0abe
Ffwd	0000 0070 0000 0032 0080 0040 0010 0010 0010 0030 0010 0010 0010 0010 0010 0010 0010 0010 0010 0010 0010 0010 0010 0010 0010 0010 0010 0010 0010 0010 0010 0010 0010 0030 0010 0010 0010 0010 0010 0010 0010 0010 0010 0010 0010 0010 0010 0030 0010 0010 0010 0010 0010 0030 0010 0010 0010 0010 0010 0010 0010 0010 0010 0010 0010 0030 0010 0010 0010 0010 0010 0030 0010 0030 0010 0010 0010 0010 0010 0010 0010 0010 0010 0010 0010 0010 0010 0030 0010 0030 0010 0010 0010 0010 0010 0030 0010 0030 0010 0010 0010 0030 0010 0abe
Timer Record	0000 0070 0000 0032 0080 0040 0010 0010 0010 0030 0010 0010 0010 0010 0010 0010 0010 0010 0010 0010 0010 0010 0010 0010 0010 0010 0010 0010 0010 0010 0010 0010 0010 0030 0010 0010 0010 0010 0010 0010 0010 0010 0010 0010 0010 0010 0010 0030 0010 0010 0010 0010 0010 0030 0010 0010 0010 0010 0010 0010 0010 0010 0010 0010 0010 0030 0010 0010 0010 0010 0010 0010 0010 0010 0010 0030 0010 0010 0010 0030 0010 0030 0010 0010 0010 0030 0010 0010 0010 0010 0010 0030 0010 0010 0010 0010 0010 0010 0010 0010 0010 0010 0010 0abe
