Power	0000 0048 0000 0018 00c0 00c1 0090 0031 0030 0031 0090 0031 0090 0031 0030 0031 0030 0031 0030 0031 0030 0031 0030 0031 0030 0031 0090 0031 0030 0031 0090 0031 0030 0031 0030 0031 0090 0031 0090 0031 0090 0031 0090 0031 0090 0031 0090 0031 0030 0031 0875 0031
1	0000 0048 0000 0018 00c1 00c0 0031 0090 0031 0030 0031 0090 0031 0090 0031 0030 0031 0030 0031 0030 0031 0030 0031 0030 0031 0090 0031 0030 0031 0030 0031 0090 0031 0030 0031 0030 0031 0090 0031 0090 0031 0090 0031 0090 0031 0090 0031 0030 0031 0090 0031 0875
2	0000 0048 0000 0018 00c1 00c0 0031 0090 0031 0030 0031 0090 0031 0090 0031 0030 0031 0090 0031 0030 0031 0030 0031 0030 0031 0090 0031 0030 0031 0030 0031 0090 0031 0030 0031 0030 0031 0090 0031 0030 0031 0090 0031 0090 0031 0090 0031 0030 0031 0090 0031 0875
3	0000 0048 0000 0018 00c1 00c0 0031 0090 0031 0030 0031 0090 0031 0090 0031 0030 0031 0030 0031 0090 0031 0030 0031 0030 0031 0090 0031 0030 0031 0030 0031 0090 0031 0030 0031 0030 0031 0090 0031 0090 0031 0030 0031 0090 0031 0090 0031 0030 0031 0090 0031 0875
4	0000 0048 0000 0018 00c1 00c0 0031 0090 0031 0030 0031 0090 0031 0090 0031 0030 0031 0090 0031 0090 0031 0030 0031 0030 0031 0090 0031 0030 0031 0030 0031 0090 0031 0030 0031 0030 0031 0090 0031 0030 0031 0030 0031 0090 0031 0090 0031 0030 0031 0090 0031 0875
5	0000 0048 0000 0018 00c1 00c0 0031 0090 0031 0030 0031 0090 0031 0090 0031 0030 0031 0030 0031 0030 0031 0090 0031 0030 0031 0090 0031 0030 0031 0030 0031 0090 0031 0030 0031 0030 0031 0090 0031 0090 0031 0090 0031 0030 0031 0090 0031 0030 0031 0090 0031 0875
6	0000 0048 0000 0018 00c1 00c0 0031 0090 0031 0030 0031 0090 0031 0090 0031 0030 0031 0090 0031 0030 0031 0090 0031 0030 0031 0090 0031 0030 0031 0030 0031 0090 0031 0030 0031 0030 0031 0090 0031 0030 0031 0090 0031 0030 0031 0090 0031 0030 0031 0090 0031 0875
7	0000 0048 0000 0018 00c1 00c0 0031 0090 0031 0030 0031 0090 0031 0090 0031 0030 0031 0030 0031 0090 0031 0090 0031 0030 0031 0090 0031 0030 0031 0030 0031 0090 0031 0030 0031 0030 0031 0090 0031 0090 0031 0030 0031 0030 0031 0090 0031 0030 0031 0090 0031 0875
8	0000 0048 0000 0018 00c1 00c0 0031 0090 0031 0030 0031 0090 0031 0090 0031 0030 0031 0090 0031 0090 0031 0090 0031 0030 0031 0090 0031 0030 0031 0030 0031 0090 0031 0030 0031 0030 0031 0090 0031 0030 0031 0030 0031 0030 0031 0090 0031 0030 0031 0090 0031 0875
9	0000 0048 0000 0018 00c1 00c0 0031 0090 0031 0030 0031 0090 0031 0090 0031 0030 0031 0030 0031 0030 0031 0030 0031 0090 0031 0090 0031 0030 0031 0030 0031 0090 0031 0030 0031 0030 0031 0090 0031 0090 0031 0090 0031 0090 0031 0030 0031 0030 0031 0090 0031 0875
0	0000 0048 0000 0018 00c1 00c0 0031 0090 0031 0030 0031 0090 0031 0090 0031 0030 0031 0090 0031 0030 0031 0030 0031 0090 0031 0090 0031 0030 0031 0030 0031 0090 0031 0030 0031 0030 0031 0090 0031 0030 0031 0090 0031 0090 0031 0030 0031 0030 0031 0090 0031 0875
Ch+	0000 0048 0000 0018 00c1 00c0 0031 0090 0031 0030 0031 0090 0031 0090 0031 0030 0031 0030 0031 0090 0031 0030 0031 0030 0031 0030 0031 0090 0031 0030 0031 0090 0031 0030 0031 0030 0031 0090 0031 0090 0031 0030 0031 0090 0031 0090 0031 0090 0031 0030 0031 0875
Ch-	0000 0048 0000 0018 00c1 00c0 0031 0090 0031 0030 0031 0090 0031 0090 0031 0030 0031 0090 0031 0090 0031 0030 0031 0030 0031 0030 0031 0090 0031 0030 0031 0090 0031 0030 0031 0030 0031 0090 0031 0030 0031 0030 0031 0090 0031 0090 0031 0090 0031 0030 0031 0875
Vol+	0000 0048 0000 0018 00c1 00c0 0031 0090 0031 0030 0031 0090 0031 0090 0031 0030 0031 0030 0031 0030 0031 0090 0031 0030 0031 0030 0031 0090 0031 0030 0031 0090 0031 0030 0031 0030 0031 0090 0031 0090 0031 0090 0031 0030 0031 0090 0031 0090 0031 0030 0031 0875
Vol-	0000 0048 0000 0018 00c1 00c0 0031 0090 0031 0030 0031 0090 0031 0090 0031 0030 0031 0090 0031 0030 0031 0090 0031 0030 0031 0030 0031 0090 0031 0030 0031 0090 0031 0030 0031 0030 0031 0090 0031 0030 0031 0090 0031 0030 0031 0090 0031 0090 0031 0030 0031 0875
Mute	0000 0048 0000 0018 00c1 00c0 0031 0090 0031 0030 0031 0090 0031 0090 0031 0030 0031 0030 0031 0030 0031 0030 0031 0030 0031 0030 0031 0030 0031 0030 0031 0090 0031 0030 0031 0030 0031 0090 0031 0090 0031 0090 0031 0090 0031 0090 0031 0090 0031 0090 0031 0875
Sleep	0000 0048 0000 0018 00c1 00c0 0031 0090 0031 0030 0031 0090 0031 0090 0031 0030 0031 0090 0031 0090 0031 0030 0031 0090 0031 0030 0031 0030 0031 0030 0031 0090 0031 0030 0031 0030 0031 0090 0031 0030 0031 0030 0031 0090 0031 0030 0031 0090 0031 0090 0031 0875
PG	0000 0048 0000 0018 00c1 00c0 0031 0090 0031 0030 0031 0090 0031 0090 0031 0030 0031 0090 0031 0030 0031 0030 0031 0030 0031 0030 0031 0030 0031 0030 0031 0090 0031 0030 0031 0030 0031 0090 0031 0030 0031 0090 0031 0090 0031 0090 0031 0090 0031 0090 0031 0875
Erase	0000 0048 0000 0018 00c1 00c0 0031 0090 0031 0030 0031 0090 0031 0090 0031 0030 0031 0090 0031 0030 0031 0030 0031 0090 0031 0030 0031 0030 0031 0030 0031 0090 0031 0030 0031 0030 0031 0090 0031 0030 0031 0090 0031 0090 0031 0030 0031 0090 0031 0090 0031 0875
Store	0000 0048 0000 0018 00c1 00c0 0031 0090 0031 0030 0031 0090 0031 0090 0031 0030 0031 0030 0031 0030 0031 0030 0031 0090 0031 0030 0031 0030 0031 0030 0031 0090 0031 0030 0031 0030 0031 0090 0031 0090 0031 0090 0031 0090 0031 0030 0031 0090 0031 0090 0031 0875
Memory	0000 0048 0000 0018 00c1 00c0 0031 0090 0031 0030 0031 0090 0031 0090 0031 0030 0031 0030 0031 0090 0031 0030 0031 0090 0031 0030 0031 0030 0031 0030 0031 0090 0031 0030 0031 0030 0031 0090 0031 0090 0031 0030 0031 0090 0031 0030 0031 0090 0031 0090 0031 0875
Lcr	0000 0048 0000 0018 00c1 00c0 0031 0090 0031 0030 0031 0090 0031 0090 0031 0030 0031 0090 0031 0090 0031 0090 0031 0090 0031 0030 0031 0030 0031 0030 0031 0090 0031 0030 0031 0030 0031 0090 0031 0030 0031 0030 0031 0030 0031 0030 0031 0090 0031 0090 0031 0875
