Power	0000 0071 0000 0032 0000 003E 0000 0010 0000 002F 0000 0010 0000 0010 0000 0010 0000 0010 0000 0010 0000 0010 0000 0010 0000 0010 0000 0010 0000 0010 0000 0010 0000 002F 0000 0010 0000 0010 0000 0010 0000 0010 0000 0010 0000 0010 0000 002F 0000 0010 0000 0010 0000 002F 0000 0010 0000 0010 0000 0010 0000 0010 0000 0010 0000 002F 0000 0010 0000 0010 0000 002F 0000 0010 0000 002F 0000 002F 0000 002F 0000 002F 0000 0010 0000 0010 0000 002F 0000 0010 0000 002F 0000 002F 0000 0010 0000 0010 0000 0010 0000 002F 0000 0AA5
Counter Reset	0000 0071 0000 0032 0000 003E 0000 0010 0000 002F 0000 0010 0000 0010 0000 0010 0000 0010 0000 0010 0000 0010 0000 0010 0000 0010 0000 0010 0000 0010 0000 0010 0000 002F 0000 0010 0000 0010 0000 0010 0000 0010 0000 0010 0000 0010 0000 002F 0000 0010 0000 0010 0000 002F 0000 0010 0000 0010 0000 0010 0000 0010 0000 0010 0000 002F 0000 0010 0000 0010 0000 0010 0000 0010 0000 002F 0000 0010 0000 002F 0000 0010 0000 002F 0000 0010 0000 0010 0000 0010 0000 002F 0000 0010 0000 0010 0000 002F 0000 002F 0000 002F 0000 0AA3
Speed	0000 0071 0000 0032 0000 003E 0000 0010 0000 002F 0000 0010 0000 0010 0000 0010 0000 0010 0000 0010 0000 0010 0000 0010 0000 0010 0000 0010 0000 0010 0000 0010 0000 002F 0000 0010 0000 0010 0000 0010 0000 0010 0000 0010 0000 0010 0000 002F 0000 0010 0000 0010 0000 002F 0000 002F 0000 0010 0000 0010 0000 0010 0000 0010 0000 002F 0000 0010 0000 0010 0000 0010 0000 002F 0000 0010 0000 002F 0000 0010 0000 0010 0000 0010 0000 0010 0000 002F 0000 002F 0000 0010 0000 002F 0000 002F 0000 002F 0000 0010 0000 002F 0000 0AA1
Play	0000 0071 0000 0032 0000 003F 0000 0010 0000 002F 0000 0010 0000 0010 0000 0010 0000 0010 0000 0010 0000 0010 0000 0010 0000 0010 0000 0010 0000 0010 0000 0010 0000 002F 0000 0010 0000 0010 0000 0010 0000 0010 0000 0010 0000 0010 0000 002F 0000 0010 0000 0010 0000 002F 0000 0010 0000 0010 0000 0010 0000 0010 0000 0010 0000 002F 0000 0010 0000 0010 0000 0010 0000 002F 0000 0010 0000 002F 0000 0010 0000 0010 0000 0010 0000 0010 0000 0010 0000 002F 0000 0010 0000 002F 0000 002F 0000 002F 0000 0010 0000 002F 0000 0AA3
Stop	0000 0071 0000 0032 0000 003E 0000 0010 0000 002F 0000 0010 0000 0010 0000 0010 0000 0010 0000 0010 0000 0010 0000 0010 0000 0010 0000 0010 0000 0010 0000 0010 0000 002F 0000 0010 0000 0010 0000 0010 0000 0010 0000 0010 0000 0010 0000 002F 0000 0010 0000 0010 0000 002F 0000 0010 0000 0010 0000 0010 0000 0010 0000 0010 0000 002F 0000 0010 0000 0010 0000 0010 0000 0010 0000 0010 0000 0010 0000 0010 0000 0010 0000 0010 0000 0010 0000 0010 0000 0010 0000 0010 0000 0010 0000 002F 0000 002F 0000 0010 0000 002F 0000 0AA2
Pause	0000 0071 0000 0032 0000 003E 0000 0010 0000 002F 0000 0010 0000 0010 0000 0010 0000 0010 0000 0010 0000 0010 0000 0010 0000 0010 0000 0010 0000 0010 0000 0010 0000 002F 0000 0010 0000 0010 0000 0010 0000 0010 0000 0010 0000 0010 0000 002F 0000 0010 0000 0010 0000 002F 0000 0010 0000 0010 0000 0010 0000 0010 0000 0010 0000 002F 0000 0010 0000 0010 0000 0010 0000 002F 0000 002F 0000 0010 0000 0010 0000 0010 0000 0010 0000 0010 0000 0010 0000 002F 0000 002F 0000 0010 0000 002F 0000 002F 0000 0010 0000 002F 0000 0AAA
Ffwd	0000 0071 0000 0032 0000 003F 0000 0010 0000 002F 0000 0010 0000 0010 0000 0010 0000 0010 0000 0010 0000 0010 0000 0010 0000 0010 0000 0010 0000 0010 0000 0010 0000 002F 0000 0010 0000 0010 0000 0010 0000 0010 0000 0010 0000 0010 0000 002F 0000 0010 0000 0010 0000 002F 0000 0010 0000 0010 0000 0010 0000 0010 0000 0010 0000 002F 0000 0010 0000 0010 0000 002F 0000 002F 0000 0010 0000 0010 0000 0010 0000 0010 0000 0010 0000 0010 0000 002F 0000 002F 0000 0010 0000 0010 0000 002F 0000 002F 0000 0010 0000 002F 0000 0AA3
Rew	0000 0071 0000 0032 0000 003E 0000 0010 0000 002F 0000 0010 0000 0010 0000 0010 0000 0010 0000 0010 0000 0010 0000 0010 0000 0010 0000 0010 0000 0010 0000 0010 0000 002F 0000 0010 0000 0010 0000 0010 0000 0010 0000 0010 0000 0010 0000 002F 0000 0010 0000 0010 0000 002F 0000 0010 0000 0010 0000 0010 0000 0010 0000 0010 0000 002F 0000 0010 0000 0010 0000 0010 0000 002F 0000 0010 0000 0010 0000 0010 0000 0010 0000 0010 0000 0010 0000 0010 0000 002F 0000 0010 0000 0010 0000 002F 0000 002F 0000 0010 0000 002F 0000 0AA3
Slow	0000 0071 0000 0032 0000 003E 0000 0010 0000 002F 0000 0010 0000 0010 0000 0010 0000 0010 0000 0010 0000 0010 0000 0010 0000 0010 0000 0010 0000 0010 0000 0010 0000 002F 0000 0010 0000 0010 0000 0010 0000 0010 0000 0010 0000 0010 0000 002F 0000 0010 0000 0010 0000 002F 0000 0010 0000 0010 0000 0010 0000 0010 0000 0010 0000 002F 0000 0010 0000 0010 0000 002F 0000 002F 0000 002F 0000 002F 0000 0010 0000 0010 0000 0010 0000 0010 0000 002F 0000 002F 0000 002F 0000 002F 0000 002F 0000 002F 0000 0010 0000 002F 0000 0AA2
Zero/1min	0000 0071 0000 0032 0000 003E 0000 0010 0000 002F 0000 0010 0000 0010 0000 0010 0000 0010 0000 0010 0000 0010 0000 0010 0000 0010 0000 0010 0000 0010 0000 0010 0000 002F 0000 0010 0000 0010 0000 0010 0000 0010 0000 0010 0000 0010 0000 002F 0000 0010 0000 0010 0000 002F 0000 0010 0000 0010 0000 0010 0000 0010 0000 0010 0000 002F 0000 0010 0000 0010 0000 002F 0000 0010 0000 002F 0000 0010 0000 002F 0000 002F 0000 002F 0000 002F 0000 002F 0000 0010 0000 002F 0000 0010 0000 0010 0000 0010 0000 002F 0000 0010 0000 0AAD
Rec/Time	0000 0071 0000 0032 0000 003E 0000 0010 0000 002F 0000 0010 0000 0010 0000 0010 0000 0010 0000 0010 0000 0010 0000 0010 0000 0010 0000 0010 0000 0010 0000 0010 0000 002F 0000 0010 0000 0010 0000 0010 0000 0010 0000 0010 0000 0010 0000 002F 0000 0010 0000 0010 0000 002F 0000 0010 0000 0010 0000 0010 0000 0010 0000 0010 0000 002F 0000 0010 0000 0010 0000 0010 0000 0010 0000 0010 0000 002F 0000 0010 0000 0010 0000 0010 0000 0010 0000 0010 0000 0010 0000 0010 0000 002F 0000 002F 0000 002F 0000 0010 0000 002F 0000 0AA3
Menu	0000 0071 0000 0032 0000 003F 0000 0010 0000 002F 0000 0010 0000 0010 0000 0010 0000 0010 0000 0010 0000 0010 0000 0010 0000 0010 0000 0010 0000 0010 0000 0010 0000 002F 0000 0010 0000 0010 0000 0010 0000 0010 0000 0010 0000 0010 0000 002F 0000 0010 0000 0010 0000 002F 0000 002F 0000 0010 0000 0010 0000 0010 0000 0010 0000 002F 0000 0010 0000 0010 0000 0010 0000 002F 0000 002F 0000 0010 0000 002F 0000 0010 0000 002F 0000 0010 0000 002F 0000 002F 0000 002F 0000 0010 0000 0010 0000 002F 0000 002F 0000 002F 0000 0AA8
Clear	0000 0071 0000 0032 0000 003F 0000 0010 0000 002F 0000 0010 0000 0010 0000 0010 0000 0010 0000 0010 0000 0010 0000 0010 0000 0010 0000 0010 0000 0010 0000 0010 0000 002F 0000 0010 0000 0010 0000 0010 0000 0010 0000 0010 0000 0010 0000 002F 0000 0010 0000 0010 0000 002F 0000 002F 0000 0010 0000 0010 0000 0010 0000 0010 0000 002F 0000 0010 0000 0010 0000 002F 0000 0010 0000 002F 0000 0010 0000 0010 0000 0010 0000 0010 0000 0010 0000 0010 0000 0010 0000 002F 0000 0010 0000 002F 0000 002F 0000 0010 0000 002F 0000 0AA4
Prog	0000 0071 0000 0032 0000 003F 0000 0010 0000 002F 0000 0010 0000 0010 0000 0010 0000 0010 0000 0010 0000 0010 0000 0010 0000 0010 0000 0010 0000 0010 0000 0010 0000 002F 0000 0010 0000 0010 0000 0010 0000 0010 0000 0010 0000 0010 0000 002F 0000 0010 0000 0010 0000 002F 0000 002F 0000 0010 0000 0010 0000 0010 0000 0010 0000 002F 0000 0010 0000 0010 0000 002F 0000 0010 0000 0010 0000 0010 0000 0010 0000 0010 0000 0010 0000 0010 0000 0010 0000 0010 0000 0010 0000 0010 0000 002F 0000 002F 0000 0010 0000 002F 0000 0AAC
Select Fwd	0000 0071 0000 0096 0000 003F 0000 0010 0000 002F 0000 0010 0000 0010 0000 0010 0000 0010 0000 0010 0000 0010 0000 0010 0000 0010 0000 0010 0000 0010 0000 0010 0000 002F 0000 0010 0000 0010 0000 0010 0000 0010 0000 0010 0000 0010 0000 002F 0000 0010 0000 0010 0000 002F 0000 002F 0000 0010 0000 0010 0000 0010 0000 0010 0000 002F 0000 0010 0000 0010 0000 0010 0000 002F 0000 0010 0000 0010 0000 0010 0000 0010 0000 0010 0000 0010 0000 002F 0000 002F 0000 0010 0000 0010 0000 002F 0000 002F 0000 0010 0000 002F 0000 0AAD 0000 003F 0000 0010 0000 002F 0000 0010 0000 0010 0000 0010 0000 0010 0000 0010 0000 0010 0000 0010 0000 0010 0000 0010 0000 0010 0000 0010 0000 002F 0000 0010 0000 0010 0000 0010 0000 0010 0000 0010 0000 0010 0000 002F 0000 0010 0000 0010 0000 002F 0000 002F 0000 0010 0000 0010 0000 0010 0000 0010 0000 002F 0000 0010 0000 0010 0000 0010 0000 002F 0000 0010 0000 0010 0000 0010 0000 0010 0000 0010 0000 0010 0000 002F 0000 002F 0000 0010 0000 0010 0000 002F 0000 002F 0000 0010 0000 002F 0000 0A9C 0000 003F 0000 0010 0000 002F 0000 0010 0000 0010 0000 0010 0000 0010 0000 0010 0000 0010 0000 0010 0000 0010 0000 0010 0000 0010 0000 0010 0000 002F 0000 0010 0000 0010 0000 0010 0000 0010 0000 0010 0000 0010 0000 002F 0000 0010 0000 0010 0000 002F 0000 002F 0000 0010 0000 0010 0000 0010 0000 0010 0000 002F 0000 0010 0000 0010 0000 0010 0000 002F 0000 0010 0000 0010 0000 0010 0000 0010 0000 0010 0000 0010 0000 002F 0000 002F 0000 0010 0000 0010 0000 002F 0000 002F 0000 0010 0000 002F 0000 0E7E
Display	0000 0071 0000 0032 0000 003F 0000 0010 0000 002F 0000 0010 0000 0010 0000 0010 0000 0010 0000 0010 0000 0010 0000 0010 0000 0010 0000 0010 0000 0010 0000 0010 0000 002F 0000 0010 0000 0010 0000 0010 0000 0010 0000 0010 0000 0010 0000 002F 0000 0010 0000 0010 0000 002F 0000 0010 0000 0010 0000 0010 0000 0010 0000 0010 0000 002F 0000 0010 0000 0010 0000 002F 0000 0010 0000 0010 0000 002F 0000 002F 0000 002F 0000 0010 0000 0010 0000 002F 0000 0010 0000 0010 0000 002F 0000 0010 0000 0010 0000 0010 0000 002F 0000 0AA8
VCR+	0000 0071 0000 0032 0000 003F 0000 0010 0000 002F 0000 0010 0000 0010 0000 0010 0000 0010 0000 0010 0000 0010 0000 0010 0000 0010 0000 0010 0000 0010 0000 0010 0000 002F 0000 0010 0000 0010 0000 0010 0000 0010 0000 0010 0000 0010 0000 002F 0000 0010 0000 0010 0000 002F 0000 002F 0000 0010 0000 0010 0000 0010 0000 0010 0000 002F 0000 0010 0000 0010 0000 002F 0000 0010 0000 002F 0000 002F 0000 002F 0000 0010 0000 002F 0000 0010 0000 0010 0000 0010 0000 002F 0000 002F 0000 0010 0000 002F 0000 002F 0000 002F 0000 0AAE
Push To Set	0000 0071 0000 0032 0000 003F 0000 0010 0000 002F 0000 0010 0000 0010 0000 0010 0000 0010 0000 0010 0000 0010 0000 0010 0000 0010 0000 0010 0000 0010 0000 0010 0000 002F 0000 0010 0000 0010 0000 0010 0000 0010 0000 0010 0000 0010 0000 002F 0000 0010 0000 0010 0000 002F 0000 002F 0000 0010 0000 0010 0000 0010 0000 0010 0000 002F 0000 0010 0000 0010 0000 0010 0000 0010 0000 002F 0000 0010 0000 0010 0000 0010 0000 0010 0000 0010 0000 002F 0000 0010 0000 002F 0000 0010 0000 002F 0000 002F 0000 0010 0000 002F 0000 0AA1
1	0000 0071 0000 0032 0000 003F 0000 0010 0000 002F 0000 0010 0000 0010 0000 0010 0000 0010 0000 0010 0000 0010 0000 0010 0000 0010 0000 0010 0000 0010 0000 0010 0000 002F 0000 0010 0000 0010 0000 0010 0000 0010 0000 0010 0000 0010 0000 002F 0000 0010 0000 0010 0000 002F 0000 0010 0000 0010 0000 0010 0000 0010 0000 0010 0000 002F 0000 0010 0000 0010 0000 0010 0000 0010 0000 0010 0000 0010 0000 002F 0000 0010 0000 0010 0000 0010 0000 0010 0000 0010 0000 0010 0000 0010 0000 0010 0000 002F 0000 0010 0000 002F 0000 0AA2
2	0000 0071 0000 0032 0000 003F 0000 0010 0000 002F 0000 0010 0000 0010 0000 0010 0000 0010 0000 0010 0000 0010 0000 0010 0000 0010 0000 0010 0000 0010 0000 0010 0000 002F 0000 0010 0000 0010 0000 0010 0000 0010 0000 0010 0000 0010 0000 002F 0000 0010 0000 0010 0000 002F 0000 0010 0000 0010 0000 0010 0000 0010 0000 0010 0000 002F 0000 0010 0000 0010 0000 002F 0000 0010 0000 0010 0000 0010 0000 002F 0000 0010 0000 0010 0000 0010 0000 002F 0000 0010 0000 0010 0000 0010 0000 0010 0000 002F 0000 0010 0000 002F 0000 0AAA
3	0000 0071 0000 0032 0000 003F 0000 0010 0000 002F 0000 0010 0000 0010 0000 0010 0000 0010 0000 0010 0000 0010 0000 0010 0000 0010 0000 0010 0000 0010 0000 0010 0000 002F 0000 0010 0000 0010 0000 0010 0000 0010 0000 0010 0000 0010 0000 002F 0000 0010 0000 0010 0000 002F 0000 0010 0000 0010 0000 0010 0000 0010 0000 0010 0000 002F 0000 0010 0000 0010 0000 0010 0000 002F 0000 0010 0000 0010 0000 002F 0000 0010 0000 0010 0000 0010 0000 0010 0000 002F 0000 0010 0000 0010 0000 0010 0000 002F 0000 0010 0000 002F 0000 0AA4
4	0000 0071 0000 0032 0000 003F 0000 0010 0000 002F 0000 0010 0000 0010 0000 0010 0000 0010 0000 0010 0000 0010 0000 0010 0000 0010 0000 0010 0000 0010 0000 0010 0000 002F 0000 0010 0000 0010 0000 0010 0000 0010 0000 0010 0000 0010 0000 002F 0000 0010 0000 0010 0000 002F 0000 0010 0000 0010 0000 0010 0000 0010 0000 0010 0000 002F 0000 0010 0000 0010 0000 002F 0000 002F 0000 0010 0000 0010 0000 002F 0000 0010 0000 0010 0000 0010 0000 002F 0000 002F 0000 0010 0000 0010 0000 0010 0000 002F 0000 0010 0000 002F 0000 0AA1
5	0000 0071 0000 0032 0000 003E 0000 0010 0000 002F 0000 0010 0000 0010 0000 0010 0000 0010 0000 0010 0000 0010 0000 0010 0000 0010 0000 0010 0000 0010 0000 0010 0000 002F 0000 0010 0000 0010 0000 0010 0000 0010 0000 0010 0000 0010 0000 002F 0000 0010 0000 0010 0000 002F 0000 0010 0000 0010 0000 0010 0000 0010 0000 0010 0000 002F 0000 0010 0000 0010 0000 0010 0000 0010 0000 002F 0000 0010 0000 002F 0000 0010 0000 0010 0000 0010 0000 0010 0000 0010 0000 002F 0000 0010 0000 0010 0000 002F 0000 0010 0000 002F 0000 0AA3
6	0000 0071 0000 0032 0000 003F 0000 0010 0000 002F 0000 0010 0000 0010 0000 0010 0000 0010 0000 0010 0000 0010 0000 0010 0000 0010 0000 0010 0000 0010 0000 0010 0000 002F 0000 0010 0000 0010 0000 0010 0000 0010 0000 0010 0000 0010 0000 002F 0000 0010 0000 0010 0000 002F 0000 0010 0000 0010 0000 0010 0000 0010 0000 0010 0000 002F 0000 0010 0000 0010 0000 002F 0000 0010 0000 002F 0000 0010 0000 002F 0000 0010 0000 0010 0000 0010 0000 002F 0000 0010 0000 002F 0000 0010 0000 0010 0000 002F 0000 0010 0000 002F 0000 0AA1
7	0000 0071 0000 0032 0000 003F 0000 0010 0000 002F 0000 0010 0000 0010 0000 0010 0000 0010 0000 0010 0000 0010 0000 0010 0000 0010 0000 0010 0000 0010 0000 0010 0000 002F 0000 0010 0000 0010 0000 0010 0000 0010 0000 0010 0000 0010 0000 002F 0000 0010 0000 0010 0000 002F 0000 0010 0000 0010 0000 0010 0000 0010 0000 0010 0000 002F 0000 0010 0000 0010 0000 0010 0000 002F 0000 002F 0000 0010 0000 002F 0000 0010 0000 0010 0000 0010 0000 0010 0000 002F 0000 002F 0000 0010 0000 0010 0000 002F 0000 0010 0000 002F 0000 0AA4
8	0000 0071 0000 0032 0000 003F 0000 0010 0000 002F 0000 0010 0000 0010 0000 0010 0000 0010 0000 0010 0000 0010 0000 0010 0000 0010 0000 0010 0000 0010 0000 0010 0000 002F 0000 0010 0000 0010 0000 0010 0000 0010 0000 0010 0000 0010 0000 002F 0000 0010 0000 0010 0000 002F 0000 0010 0000 0010 0000 0010 0000 0010 0000 0010 0000 002F 0000 0010 0000 0010 0000 002F 0000 002F 0000 002F 0000 0010 0000 002F 0000 0010 0000 0010 0000 0010 0000 002F 0000 002F 0000 002F 0000 0010 0000 0010 0000 002F 0000 0010 0000 002F 0000 0AA5
9	0000 0071 0000 0032 0000 003F 0000 0010 0000 002F 0000 0010 0000 0010 0000 0010 0000 0010 0000 0010 0000 0010 0000 0010 0000 0010 0000 0010 0000 0010 0000 0010 0000 002F 0000 0010 0000 0010 0000 0010 0000 0010 0000 0010 0000 0010 0000 002F 0000 0010 0000 0010 0000 002F 0000 0010 0000 0010 0000 0010 0000 0010 0000 0010 0000 002F 0000 0010 0000 0010 0000 0010 0000 0010 0000 0010 0000 002F 0000 002F 0000 0010 0000 0010 0000 0010 0000 0010 0000 0010 0000 0010 0000 002F 0000 0010 0000 002F 0000 0010 0000 002F 0000 0AA7
0	0000 0071 0000 0032 0000 003F 0000 0010 0000 002F 0000 0010 0000 0010 0000 0010 0000 0010 0000 0010 0000 0010 0000 0010 0000 0010 0000 0010 0000 0010 0000 0010 0000 002F 0000 0010 0000 0010 0000 0010 0000 0010 0000 0010 0000 0010 0000 002F 0000 0010 0000 0010 0000 002F 0000 0010 0000 0010 0000 0010 0000 0010 0000 0010 0000 002F 0000 0010 0000 0010 0000 002F 0000 0010 0000 0010 0000 002F 0000 002F 0000 0010 0000 0010 0000 0010 0000 002F 0000 0010 0000 0010 0000 002F 0000 0010 0000 002F 0000 0010 0000 002F 0000 0AA1
100	0000 0071 0000 0032 0000 003F 0000 0010 0000 002F 0000 0010 0000 0010 0000 0010 0000 0010 0000 0010 0000 0010 0000 0010 0000 0010 0000 0010 0000 0010 0000 0010 0000 002F 0000 0010 0000 0010 0000 0010 0000 0010 0000 0010 0000 0010 0000 002F 0000 0010 0000 0010 0000 002F 0000 0010 0000 0010 0000 0010 0000 0010 0000 0010 0000 002F 0000 0010 0000 0010 0000 002F 0000 0010 0000 002F 0000 0010 0000 0010 0000 002F 0000 002F 0000 002F 0000 002F 0000 0010 0000 002F 0000 0010 0000 002F 0000 0010 0000 002F 0000 0010 0000 0A9A
Add/Dlt	0000 0071 0000 0032 0000 003F 0000 0010 0000 002F 0000 0010 0000 0010 0000 0010 0000 0010 0000 0010 0000 0010 0000 0010 0000 0010 0000 0010 0000 0010 0000 0010 0000 002F 0000 0010 0000 0010 0000 0010 0000 0010 0000 0010 0000 0010 0000 002F 0000 0010 0000 0010 0000 002F 0000 002F 0000 0010 0000 0010 0000 0010 0000 0010 0000 002F 0000 0010 0000 0010 0000 002F 0000 0010 0000 0010 0000 0010 0000 002F 0000 002F 0000 0010 0000 0010 0000 0010 0000 0010 0000 0010 0000 0010 0000 0010 0000 0010 0000 0010 0000 002F 0000 0AB0
Ch+	0000 0071 0000 0032 0000 003F 0000 0010 0000 002F 0000 0010 0000 0010 0000 0010 0000 0010 0000 0010 0000 0010 0000 0010 0000 0010 0000 0010 0000 0010 0000 0010 0000 002F 0000 0010 0000 0010 0000 0010 0000 0010 0000 0010 0000 0010 0000 002F 0000 0010 0000 0010 0000 002F 0000 0010 0000 0010 0000 0010 0000 0010 0000 0010 0000 002F 0000 0010 0000 0010 0000 0010 0000 0010 0000 002F 0000 0010 0000 002F 0000 002F 0000 0010 0000 0010 0000 0010 0000 0010 0000 002F 0000 0010 0000 0010 0000 0010 0000 0010 0000 002F 0000 0AA3
Ch-	0000 0071 0000 0032 0000 003F 0000 0010 0000 002F 0000 0010 0000 0010 0000 0010 0000 0010 0000 0010 0000 0010 0000 0010 0000 0010 0000 0010 0000 0010 0000 0010 0000 002F 0000 0010 0000 0010 0000 0010 0000 0010 0000 0010 0000 0010 0000 002F 0000 0010 0000 0010 0000 002F 0000 0010 0000 0010 0000 0010 0000 0010 0000 0010 0000 002F 0000 0010 0000 0010 0000 002F 0000 0010 0000 002F 0000 0010 0000 002F 0000 002F 0000 0010 0000 0010 0000 002F 0000 0010 0000 002F 0000 0010 0000 0010 0000 0010 0000 0010 0000 002F 0000 0AAE
Spatializer	0000 0070 0000 0032 0000 003F 0000 0010 0000 002F 0000 0010 0000 0010 0000 0010 0000 0010 0000 0010 0000 0010 0000 0010 0000 0010 0000 0010 0000 0010 0000 0010 0000 0030 0000 0010 0000 0010 0000 0010 0000 0010 0000 0010 0000 0010 0000 0030 0000 0010 0000 0010 0000 002F 0000 0010 0000 0010 0000 0010 0000 0010 0000 0010 0000 0010 0000 0010 0000 0010 0000 002F 0000 0010 0000 0010 0000 0010 0000 0030 0000 002F 0000 0010 0000 0010 0000 0030 0000 0010 0000 0010 0000 0010 0000 0010 0000 002F 0000 0010 0000 0030 0000 0AAC
Sap/ FI	0000 0070 0000 0032 0000 003F 0000 0010 0000 002F 0000 0010 0000 0010 0000 0010 0000 0010 0000 0010 0000 0010 0000 0010 0000 0010 0000 0010 0000 0010 0000 0010 0000 0030 0000 0010 0000 0010 0000 0010 0000 0010 0000 0010 0000 0010 0000 0030 0000 0010 0000 0010 0000 002F 0000 0010 0000 0010 0000 0010 0000 0010 0000 0010 0000 0010 0000 0010 0000 0010 0000 0010 0000 002F 0000 0030 0000 0010 0000 0010 0000 002F 0000 002F 0000 0030 0000 0010 0000 002F 0000 002F 0000 0010 0000 0030 0000 002F 0000 002F 0000 0010 0000 0AAF
Input	0000 0071 0000 0032 0000 003F 0000 0010 0000 002F 0000 0010 0000 0010 0000 0010 0000 0010 0000 0010 0000 0010 0000 0010 0000 0010 0000 0010 0000 0010 0000 0010 0000 002F 0000 0010 0000 0010 0000 0010 0000 0010 0000 0010 0000 0010 0000 002F 0000 0010 0000 0010 0000 002F 0000 0010 0000 0010 0000 0010 0000 0010 0000 0010 0000 002F 0000 0010 0000 0010 0000 0010 0000 0010 0000 0010 0000 0010 0000 0010 0000 0010 0000 002F 0000 002F 0000 0010 0000 0010 0000 0010 0000 0010 0000 002F 0000 002F 0000 002F 0000 0010 0000 0A9B
Jog	0000 0071 0000 0032 0000 003F 0000 0010 0000 002F 0000 0010 0000 0010 0000 0010 0000 0010 0000 0010 0000 0010 0000 0010 0000 0010 0000 0010 0000 0010 0000 0010 0000 002F 0000 0010 0000 0010 0000 0010 0000 0010 0000 0010 0000 0010 0000 002F 0000 0010 0000 0010 0000 002F 0000 0010 0000 0010 0000 0010 0000 0010 0000 0010 0000 002F 0000 0010 0000 0010 0000 002F 0000 0010 0000 0010 0000 0010 0000 0010 0000 0010 0000 0010 0000 002F 0000 002F 0000 0010 0000 0010 0000 0010 0000 002F 0000 002F 0000 0010 0000 0010 0000 0ABC
F Jog	0000 0071 0000 0032 0000 003F 0000 0010 0000 002F 0000 0010 0000 0010 0000 0010 0000 0010 0000 0010 0000 0010 0000 0010 0000 0010 0000 0010 0000 0010 0000 0010 0000 002F 0000 0010 0000 0010 0000 0010 0000 0010 0000 0010 0000 0010 0000 002F 0000 0010 0000 0010 0000 002F 0000 0010 0000 0010 0000 0010 0000 0010 0000 0010 0000 002F 0000 0010 0000 0010 0000 0010 0000 0010 0000 002F 0000 002F 0000 0010 0000 0010 0000 0010 0000 0010 0000 0010 0000 0010 0000 002F 0000 002F 0000 002F 0000 002F 0000 0010 0000 002F 0000 0ACA
R Jog	0000 0071 0000 0032 0000 003F 0000 0010 0000 002F 0000 0010 0000 0010 0000 0010 0000 0010 0000 0010 0000 0010 0000 0010 0000 0010 0000 0010 0000 0010 0000 0010 0000 002F 0000 0010 0000 0010 0000 0010 0000 0010 0000 0010 0000 0010 0000 002F 0000 0010 0000 0010 0000 002F 0000 0010 0000 0010 0000 0010 0000 0010 0000 0010 0000 002F 0000 0010 0000 0010 0000 002F 0000 0010 0000 002F 0000 002F 0000 0010 0000 0010 0000 0010 0000 0010 0000 002F 0000 0010 0000 002F 0000 002F 0000 002F 0000 002F 0000 0010 0000 002F 0000 0AB9
R Tune	0000 0071 0000 0032 0000 003F 0000 0010 0000 002F 0000 0010 0000 0010 0000 0010 0000 0010 0000 0010 0000 0010 0000 0010 0000 0010 0000 0010 0000 0010 0000 0010 0000 002F 0000 0010 0000 0010 0000 0010 0000 0010 0000 0010 0000 0010 0000 002F 0000 0010 0000 0010 0000 002F 0000 002F 0000 0010 0000 0010 0000 0010 0000 0010 0000 002F 0000 0010 0000 0010 0000 0010 0000 0010 0000 0010 0000 002F 0000 002F 0000 002F 0000 0010 0000 0010 0000 002F 0000 0010 0000 0010 0000 002F 0000 0010 0000 0010 0000 0010 0000 002F 0000 0A9C
Slow+	0000 0071 0000 0032 0000 003F 0000 0010 0000 002F 0000 0010 0000 0010 0000 0010 0000 0010 0000 0010 0000 0010 0000 0010 0000 0010 0000 0010 0000 0010 0000 0010 0000 002F 0000 0010 0000 0010 0000 0010 0000 0010 0000 0010 0000 0010 0000 002F 0000 0010 0000 0010 0000 002F 0000 0010 0000 0010 0000 0010 0000 0010 0000 0010 0000 002F 0000 0010 0000 0010 0000 0010 0000 002F 0000 002F 0000 002F 0000 0010 0000 0010 0000 0010 0000 002F 0000 0010 0000 002F 0000 002F 0000 002F 0000 002F 0000 002F 0000 0010 0000 0010 0000 0A9C
Slow-	0000 0071 0000 0032 0000 003F 0000 0010 0000 002F 0000 0010 0000 0010 0000 0010 0000 0010 0000 0010 0000 0010 0000 0010 0000 0010 0000 0010 0000 0010 0000 0010 0000 002F 0000 0010 0000 0010 0000 0010 0000 0010 0000 0010 0000 0010 0000 002F 0000 0010 0000 0010 0000 002F 0000 0010 0000 0010 0000 0010 0000 0010 0000 0010 0000 002F 0000 0010 0000 0010 0000 002F 0000 002F 0000 002F 0000 002F 0000 0010 0000 0010 0000 0010 0000 002F 0000 002F 0000 002F 0000 002F 0000 002F 0000 002F 0000 002F 0000 0010 0000 0010 0000 0AAA
Scrh Bk Mrk	0000 0071 0000 0032 0000 003F 0000 0010 0000 002F 0000 0010 0000 0010 0000 0010 0000 0010 0000 0010 0000 0010 0000 0010 0000 0010 0000 0010 0000 0010 0000 0010 0000 002F 0000 0010 0000 0010 0000 0010 0000 0010 0000 0010 0000 0010 0000 002F 0000 0010 0000 0010 0000 002F 0000 0010 0000 0010 0000 0010 0000 0010 0000 0010 0000 002F 0000 0010 0000 0010 0000 0010 0000 0010 0000 0010 0000 0010 0000 002F 0000 0010 0000 0010 0000 002F 0000 0010 0000 0010 0000 0010 0000 0010 0000 0010 0000 002F 0000 0010 0000 0010 0000 0A9B
Select Rev	0000 0071 0000 0096 0000 003F 0000 0010 0000 002F 0000 0010 0000 0010 0000 0010 0000 0010 0000 0010 0000 0010 0000 0010 0000 0010 0000 0010 0000 0010 0000 0010 0000 002F 0000 0010 0000 0010 0000 0010 0000 0010 0000 0010 0000 0010 0000 002F 0000 0010 0000 0010 0000 002F 0000 002F 0000 0010 0000 0010 0000 0010 0000 0010 0000 002F 0000 0010 0000 0010 0000 002F 0000 002F 0000 0010 0000 0010 0000 0010 0000 0010 0000 0010 0000 0010 0000 0010 0000 002F 0000 0010 0000 0010 0000 002F 0000 002F 0000 0010 0000 002F 0000 0A9D 0000 003F 0000 0010 0000 002F 0000 0010 0000 0010 0000 0010 0000 0010 0000 0010 0000 0010 0000 0010 0000 0010 0000 0010 0000 0010 0000 0010 0000 002F 0000 0010 0000 0010 0000 0010 0000 0010 0000 0010 0000 0010 0000 002F 0000 0010 0000 0010 0000 002F 0000 002F 0000 0010 0000 0010 0000 0010 0000 0010 0000 002F 0000 0010 0000 0010 0000 002F 0000 002F 0000 0010 0000 0010 0000 0010 0000 0010 0000 0010 0000 0010 0000 0010 0000 002F 0000 0010 0000 0010 0000 002F 0000 002F 0000 0010 0000 002F 0000 0AA9 0000 003F 0000 0010 0000 002F 0000 0010 0000 0010 0000 0010 0000 0010 0000 0010 0000 0010 0000 0010 0000 0010 0000 0010 0000 0010 0000 0010 0000 002F 0000 0010 0000 0010 0000 0010 0000 0010 0000 0010 0000 0010 0000 002F 0000 0010 0000 0010 0000 002F 0000 002F 0000 0010 0000 0010 0000 0010 0000 0010 0000 002F 0000 0010 0000 0010 0000 002F 0000 002F 0000 0010 0000 0010 0000 0010 0000 0010 0000 0010 0000 0010 0000 0010 0000 002F 0000 0010 0000 0010 0000 002F 0000 002F 0000 0010 0000 002F 0000 0E81
R Trk	0000 0071 0000 0032 0000 003F 0000 0010 0000 002F 0000 0010 0000 0010 0000 0010 0000 0010 0000 0010 0000 0010 0000 0010 0000 0010 0000 0010 0000 0010 0000 0010 0000 002F 0000 0010 0000 0010 0000 0010 0000 0010 0000 0010 0000 0010 0000 002F 0000 0010 0000 0010 0000 002F 0000 0010 0000 0010 0000 0010 0000 0010 0000 0010 0000 002F 0000 0010 0000 0010 0000 0010 0000 002F 0000 0010 0000 0010 0000 002F 0000 002F 0000 0010 0000 002F 0000 0010 0000 002F 0000 0010 0000 0010 0000 0010 0000 0010 0000 0010 0000 0010 0000 0A9B
F Trk	0000 0071 0000 0032 0000 003F 0000 0010 0000 002F 0000 0010 0000 0010 0000 0010 0000 0010 0000 0010 0000 0010 0000 0010 0000 0010 0000 0010 0000 0010 0000 0010 0000 002F 0000 0010 0000 0010 0000 0010 0000 0010 0000 0010 0000 0010 0000 002F 0000 0010 0000 0010 0000 002F 0000 0010 0000 0010 0000 0010 0000 0010 0000 0010 0000 002F 0000 0010 0000 0010 0000 002F 0000 0010 0000 0010 0000 0010 0000 002F 0000 002F 0000 0010 0000 002F 0000 002F 0000 0010 0000 0010 0000 0010 0000 0010 0000 0010 0000 0010 0000 0010 0000 0A9C
Index	0000 0071 0000 0032 0000 003F 0000 0010 0000 002F 0000 0010 0000 0010 0000 0010 0000 0010 0000 0010 0000 0010 0000 0010 0000 0010 0000 0010 0000 0010 0000 0010 0000 002F 0000 0010 0000 0010 0000 0010 0000 0010 0000 0010 0000 0010 0000 002F 0000 0010 0000 0010 0000 002F 0000 0010 0000 0010 0000 0010 0000 0010 0000 0010 0000 002F 0000 0010 0000 0010 0000 0010 0000 0010 0000 0010 0000 0010 0000 0010 0000 0010 0000 002F 0000 0010 0000 0010 0000 0010 0000 0010 0000 0010 0000 002F 0000 002F 0000 002F 0000 002F 0000 0AAA
Edit	0000 0071 0000 0032 0000 003F 0000 0010 0000 002F 0000 0010 0000 0010 0000 0010 0000 0010 0000 0010 0000 0010 0000 0010 0000 0010 0000 0010 0000 0010 0000 0010 0000 002F 0000 0010 0000 0010 0000 0010 0000 0010 0000 0010 0000 0010 0000 002F 0000 0010 0000 0010 0000 002F 0000 0010 0000 0010 0000 0010 0000 0010 0000 0010 0000 002F 0000 0010 0000 0010 0000 002F 0000 0010 0000 002F 0000 0010 0000 0010 0000 002F 0000 0010 0000 002F 0000 002F 0000 0010 0000 002F 0000 0010 0000 002F 0000 0010 0000 0010 0000 0010 0000 0AAF
Memory	0000 0071 0000 0032 0000 003E 0000 0010 0000 002F 0000 0010 0000 0010 0000 0010 0000 0010 0000 0010 0000 0010 0000 0010 0000 0010 0000 0010 0000 0010 0000 0010 0000 002F 0000 0010 0000 0010 0000 0010 0000 0010 0000 0010 0000 0010 0000 002F 0000 0010 0000 0010 0000 002F 0000 0010 0000 0010 0000 0010 0000 0010 0000 0010 0000 002F 0000 0010 0000 0010 0000 0010 0000 002F 0000 0010 0000 0010 0000 0010 0000 002F 0000 0010 0000 002F 0000 0010 0000 002F 0000 0010 0000 0010 0000 002F 0000 0010 0000 0010 0000 0010 0000 0A9C
Start	0000 0071 0000 0032 0000 003F 0000 0010 0000 002F 0000 0010 0000 0010 0000 0010 0000 0010 0000 0010 0000 0010 0000 0010 0000 0010 0000 0010 0000 0010 0000 0010 0000 002F 0000 0010 0000 0010 0000 0010 0000 0010 0000 0010 0000 0010 0000 002F 0000 0010 0000 0010 0000 002F 0000 0010 0000 0010 0000 0010 0000 0010 0000 0010 0000 002F 0000 0010 0000 0010 0000 002F 0000 002F 0000 0010 0000 0010 0000 0010 0000 002F 0000 0010 0000 002F 0000 002F 0000 002F 0000 0010 0000 0010 0000 002F 0000 0010 0000 0010 0000 0010 0000 0AAA
