Power	0000 0071 0000 0032 0000 003E 0000 0010 0000 002F 0000 0010 0000 0010 0000 0010 0000 0010 0000 0010 0000 0010 0000 0010 0000 0010 0000 0010 0000 0010 0000 0010 0000 002F 0000 0010 0000 0010 0000 0010 0000 0010 0000 0010 0000 0010 0000 002F 0000 0010 0000 0010 0000 002F 0000 0010 0000 0010 0000 0010 0000 0010 0000 0010 0000 0010 0000 0010 0000 0010 0000 002F 0000 0010 0000 002F 0000 002F 0000 002F 0000 002F 0000 0010 0000 0010 0000 002F 0000 0010 0000 002F 0000 002F 0000 0010 0000 002F 0000 0010 0000 002F 0000 0AA1
TV	0000 0071 0000 0032 0000 003F 0000 0010 0000 002F 0000 0010 0000 0010 0000 0010 0000 0010 0000 0010 0000 0010 0000 0010 0000 0010 0000 0010 0000 0010 0000 0010 0000 002F 0000 0010 0000 0010 0000 0010 0000 0010 0000 0010 0000 0010 0000 002F 0000 0010 0000 0010 0000 002F 0000 0010 0000 0010 0000 0010 0000 0010 0000 0010 0000 0010 0000 0010 0000 0010 0000 0010 0000 002F 0000 002F 0000 0010 0000 002F 0000 002F 0000 0010 0000 0010 0000 0010 0000 002F 0000 002F 0000 0010 0000 0010 0000 002F 0000 0010 0000 002F 0000 0AA3
Counter Reset	0000 0071 0000 0032 0000 003E 0000 0010 0000 002F 0000 0010 0000 0010 0000 0010 0000 0010 0000 0010 0000 0010 0000 0010 0000 0010 0000 0010 0000 0010 0000 0010 0000 002F 0000 0010 0000 0010 0000 0010 0000 0010 0000 0010 0000 0010 0000 002F 0000 0010 0000 0010 0000 002F 0000 0010 0000 0010 0000 0010 0000 0010 0000 0010 0000 0010 0000 0010 0000 0010 0000 0010 0000 0010 0000 002F 0000 0010 0000 002F 0000 0010 0000 002F 0000 0010 0000 0010 0000 0010 0000 002F 0000 0010 0000 0010 0000 0010 0000 002F 0000 002F 0000 0AA8
Speed	0000 0070 0000 0032 0000 0040 0000 0010 0000 0030 0000 0010 0000 0010 0000 0010 0000 0010 0000 0010 0000 0010 0000 0010 0000 0010 0000 0010 0000 0010 0000 0010 0000 002F 0000 0010 0000 0010 0000 0010 0000 0010 0000 0010 0000 0010 0000 0030 0000 0010 0000 0010 0000 002F 0000 002F 0000 0010 0000 0010 0000 0010 0000 0010 0000 0010 0000 0010 0000 0010 0000 0010 0000 0030 0000 0010 0000 0030 0000 0010 0000 0010 0000 0010 0000 0010 0000 0030 0000 0030 0000 0010 0000 002F 0000 0030 0000 0010 0000 0010 0000 0030 0000 0AAC
Play	0000 0071 0000 0032 0000 003E 0000 0010 0000 002F 0000 0010 0000 0010 0000 0010 0000 0010 0000 0010 0000 0010 0000 0010 0000 0010 0000 0010 0000 0010 0000 0010 0000 002F 0000 0010 0000 0010 0000 0010 0000 0010 0000 0010 0000 0010 0000 002F 0000 0010 0000 0010 0000 002F 0000 0010 0000 0010 0000 0010 0000 0010 0000 0010 0000 0010 0000 0010 0000 0010 0000 0010 0000 002F 0000 0010 0000 002F 0000 0010 0000 0010 0000 0010 0000 0010 0000 0010 0000 002F 0000 0010 0000 002F 0000 002F 0000 0010 0000 0010 0000 002F 0000 0AAF
Stop	0000 0071 0000 0032 0000 003E 0000 0010 0000 002F 0000 0010 0000 0010 0000 0010 0000 0010 0000 0010 0000 0010 0000 0010 0000 0010 0000 0010 0000 0010 0000 0010 0000 002F 0000 0010 0000 0010 0000 0010 0000 0010 0000 0010 0000 0010 0000 002F 0000 0010 0000 0010 0000 002F 0000 0010 0000 0010 0000 0010 0000 0010 0000 0010 0000 0010 0000 0010 0000 0010 0000 0010 0000 0010 0000 0010 0000 0010 0000 0010 0000 0010 0000 0010 0000 0010 0000 0010 0000 0010 0000 0010 0000 0010 0000 002F 0000 0010 0000 0010 0000 002F 0000 0AA4
Pause	0000 0071 0000 0032 0000 003E 0000 0010 0000 002F 0000 0010 0000 0010 0000 0010 0000 0010 0000 0010 0000 0010 0000 0010 0000 0010 0000 0010 0000 0010 0000 0010 0000 002F 0000 0010 0000 0010 0000 0010 0000 0010 0000 0010 0000 0010 0000 002F 0000 0010 0000 0010 0000 002F 0000 0010 0000 0010 0000 0010 0000 0010 0000 0010 0000 0010 0000 0010 0000 0010 0000 0010 0000 002F 0000 002F 0000 0010 0000 0010 0000 0010 0000 0010 0000 0010 0000 0010 0000 002F 0000 002F 0000 0010 0000 002F 0000 0010 0000 0010 0000 002F 0000 0AA9
Ffwd	0000 0071 0000 0032 0000 003E 0000 0010 0000 002F 0000 0010 0000 0010 0000 0010 0000 0010 0000 0010 0000 0010 0000 0010 0000 0010 0000 0010 0000 0010 0000 0010 0000 002F 0000 0010 0000 0010 0000 0010 0000 0010 0000 0010 0000 0010 0000 002F 0000 0010 0000 0010 0000 002F 0000 0010 0000 0010 0000 0010 0000 0010 0000 0010 0000 0010 0000 0010 0000 0010 0000 002F 0000 002F 0000 0010 0000 0010 0000 0010 0000 0010 0000 0010 0000 0010 0000 002F 0000 002F 0000 0010 0000 0010 0000 002F 0000 0010 0000 0010 0000 002F 0000 0AAF
Rew	0000 0071 0000 0032 0000 003F 0000 0010 0000 002F 0000 0010 0000 0010 0000 0010 0000 0010 0000 0010 0000 0010 0000 0010 0000 0010 0000 0010 0000 0010 0000 0010 0000 002F 0000 0010 0000 0010 0000 0010 0000 0010 0000 0010 0000 0010 0000 002F 0000 0010 0000 0010 0000 002F 0000 0010 0000 0010 0000 0010 0000 0010 0000 0010 0000 0010 0000 0010 0000 0010 0000 0010 0000 002F 0000 0010 0000 0010 0000 0010 0000 0010 0000 0010 0000 0010 0000 0010 0000 002F 0000 0010 0000 0010 0000 002F 0000 0010 0000 0010 0000 002F 0000 0AA2
Slow	0000 0070 0000 0032 0000 003F 0000 0010 0000 0030 0000 0010 0000 0010 0000 0010 0000 0010 0000 0010 0000 0010 0000 0010 0000 0010 0000 0010 0000 0010 0000 0010 0000 002F 0000 0010 0000 0010 0000 0010 0000 0010 0000 0010 0000 0010 0000 002F 0000 0010 0000 0010 0000 002F 0000 0010 0000 0010 0000 0010 0000 0010 0000 0010 0000 0010 0000 0010 0000 0010 0000 0030 0000 0030 0000 002F 0000 002F 0000 0010 0000 0010 0000 0010 0000 0010 0000 0030 0000 002F 0000 002F 0000 0030 0000 0030 0000 0010 0000 0010 0000 002F 0000 0AAB
Zero/1min	0000 0070 0000 0032 0000 003F 0000 0010 0000 0030 0000 0010 0000 0010 0000 0010 0000 0010 0000 0010 0000 0010 0000 0010 0000 0010 0000 0010 0000 0010 0000 0010 0000 002F 0000 0010 0000 0010 0000 0010 0000 0010 0000 0010 0000 0010 0000 002F 0000 0010 0000 0010 0000 002F 0000 0010 0000 0010 0000 0010 0000 0010 0000 0010 0000 0010 0000 0010 0000 0010 0000 0030 0000 0010 0000 0030 0000 0010 0000 002F 0000 002F 0000 0030 0000 002F 0000 002F 0000 0010 0000 0030 0000 0010 0000 0010 0000 002F 0000 002F 0000 0010 0000 0AAA
Rec/Time	0000 0070 0000 0032 0000 0040 0000 0010 0000 0030 0000 0010 0000 0010 0000 0010 0000 0010 0000 0010 0000 0010 0000 0010 0000 0010 0000 0010 0000 0010 0000 0010 0000 002F 0000 0010 0000 0010 0000 0010 0000 0010 0000 0010 0000 0010 0000 002F 0000 0010 0000 0010 0000 0030 0000 0010 0000 0010 0000 0010 0000 0010 0000 0010 0000 0010 0000 0010 0000 0010 0000 0010 0000 0010 0000 0010 0000 002F 0000 0010 0000 0010 0000 0010 0000 0010 0000 0010 0000 0010 0000 0010 0000 002F 0000 002F 0000 0010 0000 0010 0000 0030 0000 0AAB
Menu	0000 0070 0000 0032 0000 003F 0000 0010 0000 002F 0000 0010 0000 0010 0000 0010 0000 0010 0000 0010 0000 0010 0000 0010 0000 0010 0000 0010 0000 0010 0000 0010 0000 0030 0000 0010 0000 0010 0000 0010 0000 0010 0000 0010 0000 0010 0000 0030 0000 0010 0000 0010 0000 002F 0000 0030 0000 0010 0000 0010 0000 0010 0000 0010 0000 0010 0000 0010 0000 0010 0000 0010 0000 0030 0000 0030 0000 0010 0000 002F 0000 0010 0000 002F 0000 0010 0000 0030 0000 002F 0000 002F 0000 0010 0000 0010 0000 0010 0000 0030 0000 002F 0000 0AAB
Clear	0000 0070 0000 0032 0000 003F 0000 0010 0000 002F 0000 0010 0000 0010 0000 0010 0000 0010 0000 0010 0000 0010 0000 0010 0000 0010 0000 0010 0000 0010 0000 0010 0000 0030 0000 0010 0000 0010 0000 0010 0000 0010 0000 0010 0000 0010 0000 002F 0000 0010 0000 0010 0000 0030 0000 002F 0000 0010 0000 0010 0000 0010 0000 0010 0000 0010 0000 0010 0000 0010 0000 0030 0000 0010 0000 002F 0000 0010 0000 0010 0000 0010 0000 0010 0000 0010 0000 0010 0000 0010 0000 002F 0000 0010 0000 0030 0000 0010 0000 0010 0000 002F 0000 0AAC
Prog	0000 0070 0000 0032 0000 003F 0000 0010 0000 002F 0000 0010 0000 0010 0000 0010 0000 0010 0000 0010 0000 0010 0000 0010 0000 0010 0000 0010 0000 0010 0000 0010 0000 0030 0000 0010 0000 0010 0000 0010 0000 0010 0000 0010 0000 0010 0000 0030 0000 0010 0000 0010 0000 0030 0000 002F 0000 0010 0000 0010 0000 0010 0000 0010 0000 0010 0000 0010 0000 0010 0000 002F 0000 0010 0000 0010 0000 0010 0000 0010 0000 0010 0000 0010 0000 0010 0000 0010 0000 0010 0000 0010 0000 0010 0000 0030 0000 0010 0000 0010 0000 002F 0000 0AAB
Select Fwd	0000 0070 0000 0032 0000 003F 0000 0010 0000 002F 0000 0010 0000 0010 0000 0010 0000 0010 0000 0010 0000 0010 0000 0010 0000 0010 0000 0010 0000 0010 0000 0010 0000 0030 0000 0010 0000 0010 0000 0010 0000 0010 0000 0010 0000 0010 0000 0030 0000 0010 0000 0010 0000 002F 0000 002F 0000 0010 0000 0010 0000 0010 0000 0010 0000 0010 0000 0010 0000 0010 0000 0010 0000 002F 0000 0010 0000 0010 0000 0010 0000 0010 0000 0010 0000 0010 0000 002F 0000 002F 0000 0010 0000 0010 0000 0030 0000 0010 0000 0010 0000 002F 0000 0EBF
Display	0000 0070 0000 0032 0000 003F 0000 0010 0000 002F 0000 0010 0000 0010 0000 0010 0000 0010 0000 0010 0000 0010 0000 0010 0000 0010 0000 0010 0000 0010 0000 0010 0000 0030 0000 0010 0000 0010 0000 0010 0000 0010 0000 0010 0000 0010 0000 0030 0000 0010 0000 0010 0000 002F 0000 0010 0000 0010 0000 0010 0000 0010 0000 0010 0000 0010 0000 0010 0000 0010 0000 002F 0000 0010 0000 0010 0000 0030 0000 0030 0000 002F 0000 0010 0000 0010 0000 002F 0000 0010 0000 0010 0000 0030 0000 0010 0000 002F 0000 0010 0000 0030 0000 0AAC
VCR+	0000 0070 0000 0032 0000 003F 0000 0010 0000 002F 0000 0010 0000 0010 0000 0010 0000 0010 0000 0010 0000 0010 0000 0010 0000 0010 0000 0010 0000 0010 0000 0010 0000 002F 0000 0010 0000 0010 0000 0010 0000 0010 0000 0010 0000 0010 0000 002F 0000 0010 0000 0010 0000 0030 0000 002F 0000 0010 0000 0010 0000 0010 0000 0010 0000 0010 0000 0010 0000 0010 0000 002F 0000 0010 0000 002F 0000 0030 0000 0030 0000 0010 0000 002F 0000 0010 0000 0010 0000 0010 0000 0030 0000 002F 0000 0010 0000 0010 0000 002F 0000 0030 0000 0AAC
Push To Set1	0000 0070 0000 0032 0000 003F 0000 0010 0000 002F 0000 0010 0000 0010 0000 0010 0000 0010 0000 0010 0000 0010 0000 0010 0000 0010 0000 0010 0000 0010 0000 0010 0000 0030 0000 0010 0000 0010 0000 0010 0000 0010 0000 0010 0000 0010 0000 002F 0000 0010 0000 0010 0000 0030 0000 002F 0000 0010 0000 0010 0000 0010 0000 0010 0000 0010 0000 0010 0000 0010 0000 0010 0000 0010 0000 002F 0000 0010 0000 0010 0000 0010 0000 0010 0000 0010 0000 0030 0000 0010 0000 002F 0000 0010 0000 0030 0000 0010 0000 0010 0000 002F 0000 0AAD
1	0000 0070 0000 0032 0000 003F 0000 0010 0000 002F 0000 0010 0000 0010 0000 0010 0000 0010 0000 0010 0000 0010 0000 0010 0000 0010 0000 0010 0000 0010 0000 0010 0000 002F 0000 0010 0000 0010 0000 0010 0000 0010 0000 0010 0000 0010 0000 002F 0000 0010 0000 0010 0000 0030 0000 0010 0000 0010 0000 0010 0000 0010 0000 0010 0000 0010 0000 0010 0000 0010 0000 0010 0000 0010 0000 0010 0000 0010 0000 002F 0000 0010 0000 0010 0000 0010 0000 0010 0000 0010 0000 0010 0000 0010 0000 0010 0000 0010 0000 0010 0000 002F 0000 0AAB
2	0000 0070 0000 0032 0000 003F 0000 0010 0000 002F 0000 0010 0000 0010 0000 0010 0000 0010 0000 0010 0000 0010 0000 0010 0000 0010 0000 0010 0000 0010 0000 0010 0000 0030 0000 0010 0000 0010 0000 0010 0000 0010 0000 0010 0000 0010 0000 002F 0000 0010 0000 0010 0000 0030 0000 0010 0000 0010 0000 0010 0000 0010 0000 0010 0000 0010 0000 0010 0000 0010 0000 0030 0000 0010 0000 0010 0000 0010 0000 0030 0000 0010 0000 0010 0000 0010 0000 002F 0000 0010 0000 0010 0000 0010 0000 0010 0000 0010 0000 0010 0000 0030 0000 0AAC
3	0000 0070 0000 0032 0000 003F 0000 0010 0000 002F 0000 0010 0000 0010 0000 0010 0000 0010 0000 0010 0000 0010 0000 0010 0000 0010 0000 0010 0000 0010 0000 0010 0000 0030 0000 0010 0000 0010 0000 0010 0000 0010 0000 0010 0000 0010 0000 002F 0000 0010 0000 0010 0000 0030 0000 0010 0000 0010 0000 0010 0000 0010 0000 0010 0000 0010 0000 0010 0000 0010 0000 0010 0000 002F 0000 0010 0000 0010 0000 002F 0000 0010 0000 0010 0000 0010 0000 0010 0000 002F 0000 0010 0000 0010 0000 0010 0000 0010 0000 0010 0000 0030 0000 0AAD
4	0000 0070 0000 0032 0000 003F 0000 0010 0000 002F 0000 0010 0000 0010 0000 0010 0000 0010 0000 0010 0000 0010 0000 0010 0000 0010 0000 0010 0000 0010 0000 0010 0000 0030 0000 0010 0000 0010 0000 0010 0000 0010 0000 0010 0000 0010 0000 0030 0000 0010 0000 0010 0000 002F 0000 0010 0000 0010 0000 0010 0000 0010 0000 0010 0000 0010 0000 0010 0000 0010 0000 002F 0000 002F 0000 0010 0000 0010 0000 0030 0000 0010 0000 0010 0000 0010 0000 002F 0000 0030 0000 0010 0000 0010 0000 0010 0000 0010 0000 0010 0000 002F 0000 0AAB
5	0000 0070 0000 0032 0000 003F 0000 0010 0000 002F 0000 0010 0000 0010 0000 0010 0000 0010 0000 0010 0000 0010 0000 0010 0000 0010 0000 0010 0000 0010 0000 0010 0000 002F 0000 0010 0000 0010 0000 0010 0000 0010 0000 0010 0000 0010 0000 002F 0000 0010 0000 0010 0000 0030 0000 0010 0000 0010 0000 0010 0000 0010 0000 0010 0000 0010 0000 0010 0000 0010 0000 0010 0000 0010 0000 002F 0000 0010 0000 002F 0000 0010 0000 0010 0000 0010 0000 0010 0000 0010 0000 002F 0000 0010 0000 0010 0000 0010 0000 0010 0000 0030 0000 0AAD
6	0000 0070 0000 0032 0000 003F 0000 0010 0000 002F 0000 0010 0000 0010 0000 0010 0000 0010 0000 0010 0000 0010 0000 0010 0000 0010 0000 0010 0000 0010 0000 0010 0000 0030 0000 0010 0000 0010 0000 0010 0000 0010 0000 0010 0000 0010 0000 0030 0000 0010 0000 0010 0000 002F 0000 0010 0000 0010 0000 0010 0000 0010 0000 0010 0000 0010 0000 0010 0000 0010 0000 002F 0000 0010 0000 002F 0000 0010 0000 0030 0000 0010 0000 0010 0000 0010 0000 002F 0000 0010 0000 0030 0000 0010 0000 0010 0000 0010 0000 0010 0000 002F 0000 0AAC
7	0000 0070 0000 0032 0000 003F 0000 0010 0000 002F 0000 0010 0000 0010 0000 0010 0000 0010 0000 0010 0000 0010 0000 0010 0000 0010 0000 0010 0000 0010 0000 0010 0000 0030 0000 0010 0000 0010 0000 0010 0000 0010 0000 0010 0000 0010 0000 0030 0000 0010 0000 0010 0000 002F 0000 0010 0000 0010 0000 0010 0000 0010 0000 0010 0000 0010 0000 0010 0000 0010 0000 0010 0000 002F 0000 0030 0000 0010 0000 002F 0000 0010 0000 0010 0000 0010 0000 0010 0000 0030 0000 0030 0000 0010 0000 0010 0000 0010 0000 0010 0000 0030 0000 0AAB
8	0000 0070 0000 0032 0000 003F 0000 0010 0000 002F 0000 0010 0000 0010 0000 0010 0000 0010 0000 0010 0000 0010 0000 0010 0000 0010 0000 0010 0000 0010 0000 0010 0000 0030 0000 0010 0000 0010 0000 0010 0000 0010 0000 0010 0000 0010 0000 0030 0000 0010 0000 0010 0000 002F 0000 0010 0000 0010 0000 0010 0000 0010 0000 0010 0000 0010 0000 0010 0000 0010 0000 002F 0000 002F 0000 0030 0000 0010 0000 002F 0000 0010 0000 0010 0000 0010 0000 0030 0000 0030 0000 002F 0000 0010 0000 0010 0000 0010 0000 0010 0000 0030 0000 0AAC
9	0000 0070 0000 0032 0000 003F 0000 0010 0000 002F 0000 0010 0000 0010 0000 0010 0000 0010 0000 0010 0000 0010 0000 0010 0000 0010 0000 0010 0000 0010 0000 0010 0000 0030 0000 0010 0000 0010 0000 0010 0000 0010 0000 0010 0000 0010 0000 0030 0000 0010 0000 0010 0000 002F 0000 0010 0000 0010 0000 0010 0000 0010 0000 0010 0000 0010 0000 0010 0000 0010 0000 0010 0000 0010 0000 0010 0000 0030 0000 0030 0000 0010 0000 0010 0000 0010 0000 0010 0000 0010 0000 0010 0000 0030 0000 0010 0000 0010 0000 0010 0000 002F 0000 0AAD
0	0000 0070 0000 0032 0000 003F 0000 0010 0000 002F 0000 0010 0000 0010 0000 0010 0000 0010 0000 0010 0000 0010 0000 0010 0000 0010 0000 0010 0000 0010 0000 0010 0000 0030 0000 0010 0000 0010 0000 0010 0000 0010 0000 0010 0000 0010 0000 002F 0000 0010 0000 0010 0000 0030 0000 0010 0000 0010 0000 0010 0000 0010 0000 0010 0000 0010 0000 0010 0000 0010 0000 002F 0000 0010 0000 0010 0000 002F 0000 0030 0000 0010 0000 0010 0000 0010 0000 002F 0000 0010 0000 0010 0000 0030 0000 0010 0000 0010 0000 0010 0000 002F 0000 0AAC
100	0000 0070 0000 0032 0000 003F 0000 0010 0000 0030 0000 0010 0000 0010 0000 0010 0000 0010 0000 0010 0000 0010 0000 0010 0000 0010 0000 0010 0000 0010 0000 0010 0000 002F 0000 0010 0000 0010 0000 0010 0000 0010 0000 0010 0000 0010 0000 002F 0000 0010 0000 0010 0000 0030 0000 0010 0000 0010 0000 0010 0000 0010 0000 0010 0000 0010 0000 0010 0000 0010 0000 0030 0000 0010 0000 002F 0000 0010 0000 0010 0000 0030 0000 0030 0000 002F 0000 002F 0000 0010 0000 0030 0000 0010 0000 002F 0000 002F 0000 0030 0000 0010 0000 0AAB
Add/Dlt	0000 0070 0000 0032 0000 003F 0000 0010 0000 002F 0000 0010 0000 0010 0000 0010 0000 0010 0000 0010 0000 0010 0000 0010 0000 0010 0000 0010 0000 0010 0000 0010 0000 0030 0000 0010 0000 0010 0000 0010 0000 0010 0000 0010 0000 0010 0000 0030 0000 0010 0000 0010 0000 002F 0000 002F 0000 0010 0000 0010 0000 0010 0000 0010 0000 0010 0000 0010 0000 0010 0000 002F 0000 0010 0000 0010 0000 0010 0000 002F 0000 002F 0000 0010 0000 0010 0000 0010 0000 0010 0000 0010 0000 0010 0000 0010 0000 002F 0000 0010 0000 0030 0000 0AAB
Ch+	0000 0070 0000 0032 0000 003F 0000 0010 0000 002F 0000 0010 0000 0010 0000 0010 0000 0010 0000 0010 0000 0010 0000 0010 0000 0010 0000 0010 0000 0010 0000 0010 0000 0030 0000 0010 0000 0010 0000 0010 0000 0010 0000 0010 0000 0010 0000 0030 0000 0010 0000 0010 0000 002F 0000 0010 0000 0010 0000 0010 0000 0010 0000 0010 0000 0010 0000 0010 0000 0010 0000 0010 0000 0010 0000 002F 0000 0010 0000 0030 0000 002F 0000 0010 0000 0010 0000 0010 0000 0010 0000 0030 0000 0010 0000 0010 0000 002F 0000 0010 0000 0030 0000 0AAF
Ch-	0000 0070 0000 0032 0000 003F 0000 0010 0000 002F 0000 0010 0000 0010 0000 0010 0000 0010 0000 0010 0000 0010 0000 0010 0000 0010 0000 0010 0000 0010 0000 0010 0000 0030 0000 0010 0000 0010 0000 0010 0000 0010 0000 0010 0000 0010 0000 0030 0000 0010 0000 0010 0000 002F 0000 0010 0000 0010 0000 0010 0000 0010 0000 0010 0000 0010 0000 0010 0000 0010 0000 002F 0000 0010 0000 0030 0000 0010 0000 002F 0000 002F 0000 0010 0000 0010 0000 002F 0000 0010 0000 002F 0000 0010 0000 0010 0000 0030 0000 0010 0000 002F 0000 0AAF
Spatializer	0000 0070 0000 0032 0000 003F 0000 0010 0000 002F 0000 0010 0000 0010 0000 0010 0000 0010 0000 0010 0000 0010 0000 0010 0000 0010 0000 0010 0000 0010 0000 0010 0000 0030 0000 0010 0000 0010 0000 0010 0000 0010 0000 0010 0000 0010 0000 0030 0000 0010 0000 0010 0000 002F 0000 0010 0000 0010 0000 0010 0000 0010 0000 0010 0000 0010 0000 0010 0000 0010 0000 002F 0000 0010 0000 0010 0000 0010 0000 0030 0000 002F 0000 0010 0000 0010 0000 0030 0000 0010 0000 0010 0000 0010 0000 0010 0000 002F 0000 0010 0000 0030 0000 0AAC
Sap/ FI	0000 0070 0000 0032 0000 003F 0000 0010 0000 002F 0000 0010 0000 0010 0000 0010 0000 0010 0000 0010 0000 0010 0000 0010 0000 0010 0000 0010 0000 0010 0000 0010 0000 0030 0000 0010 0000 0010 0000 0010 0000 0010 0000 0010 0000 0010 0000 0030 0000 0010 0000 0010 0000 002F 0000 0010 0000 0010 0000 0010 0000 0010 0000 0010 0000 0010 0000 0010 0000 0010 0000 0010 0000 002F 0000 0030 0000 0010 0000 0010 0000 002F 0000 002F 0000 0030 0000 0010 0000 002F 0000 002F 0000 0010 0000 0030 0000 002F 0000 002F 0000 0010 0000 0AAF
Input	0000 0071 0000 0032 0000 003E 0000 0010 0000 002F 0000 0010 0000 0010 0000 0010 0000 0010 0000 0010 0000 0010 0000 0010 0000 0010 0000 0010 0000 0010 0000 0010 0000 002F 0000 0010 0000 0010 0000 0010 0000 0010 0000 0010 0000 0010 0000 002F 0000 0010 0000 0010 0000 002F 0000 0010 0000 0010 0000 0010 0000 0010 0000 0010 0000 0010 0000 0010 0000 0010 0000 0010 0000 0010 0000 0010 0000 0010 0000 0010 0000 0010 0000 002F 0000 002F 0000 0010 0000 0010 0000 0010 0000 0010 0000 002F 0000 0010 0000 002F 0000 0010 0000 0AAE
Shuttle On	0000 0071 0000 0032 0000 003F 0000 0010 0000 002F 0000 0010 0000 0010 0000 0010 0000 0010 0000 0010 0000 0010 0000 0010 0000 0010 0000 0010 0000 0010 0000 0010 0000 002F 0000 0010 0000 0010 0000 0010 0000 0010 0000 0010 0000 0010 0000 002F 0000 0010 0000 0010 0000 002F 0000 0010 0000 0010 0000 0010 0000 0010 0000 0010 0000 0010 0000 0010 0000 0010 0000 002F 0000 0010 0000 0010 0000 0010 0000 0010 0000 0010 0000 0010 0000 002F 0000 002F 0000 0010 0000 0010 0000 0010 0000 002F 0000 0010 0000 0010 0000 0010 0000 0AB0
Shuttle Off	0000 0071 0000 0032 0000 003E 0000 0010 0000 002F 0000 0010 0000 0010 0000 0010 0000 0010 0000 0010 0000 0010 0000 0010 0000 0010 0000 0010 0000 0010 0000 0010 0000 002F 0000 0010 0000 0010 0000 0010 0000 0010 0000 0010 0000 0010 0000 002F 0000 0010 0000 0010 0000 002F 0000 0010 0000 0010 0000 0010 0000 0010 0000 0010 0000 0010 0000 0010 0000 0010 0000 002F 0000 002F 0000 0010 0000 0010 0000 002F 0000 0010 0000 0010 0000 002F 0000 002F 0000 002F 0000 0010 0000 0010 0000 0010 0000 0010 0000 0010 0000 0010 0000 0AAE
R Tune	0000 0071 0000 0032 0000 003F 0000 0010 0000 002F 0000 0010 0000 0010 0000 0010 0000 0010 0000 0010 0000 0010 0000 0010 0000 0010 0000 0010 0000 0010 0000 0010 0000 002F 0000 0010 0000 0010 0000 0010 0000 0010 0000 0010 0000 0010 0000 002F 0000 0010 0000 0010 0000 002F 0000 002F 0000 0010 0000 0010 0000 0010 0000 0010 0000 0010 0000 0010 0000 0010 0000 0010 0000 0010 0000 0010 0000 002F 0000 002F 0000 002F 0000 0010 0000 0010 0000 002F 0000 0010 0000 0010 0000 002F 0000 0010 0000 002F 0000 0010 0000 002F 0000 0A9B
Slow +	0000 0071 0000 0032 0000 003F 0000 0010 0000 002F 0000 0010 0000 0010 0000 0010 0000 0010 0000 0010 0000 0010 0000 0010 0000 0010 0000 0010 0000 0010 0000 0010 0000 002F 0000 0010 0000 0010 0000 0010 0000 0010 0000 0010 0000 0010 0000 002F 0000 0010 0000 0010 0000 002F 0000 0010 0000 0010 0000 0010 0000 0010 0000 0010 0000 0010 0000 0010 0000 0010 0000 0010 0000 002F 0000 002F 0000 002F 0000 0010 0000 0010 0000 0010 0000 002F 0000 0010 0000 002F 0000 002F 0000 002F 0000 002F 0000 0010 0000 0010 0000 0010 0000 0A9B
Slow -	0000 0071 0000 0032 0000 003F 0000 0010 0000 002F 0000 0010 0000 0010 0000 0010 0000 0010 0000 0010 0000 0010 0000 0010 0000 0010 0000 0010 0000 0010 0000 0010 0000 002F 0000 0010 0000 0010 0000 0010 0000 0010 0000 0010 0000 0010 0000 002F 0000 0010 0000 0010 0000 002F 0000 0010 0000 0010 0000 0010 0000 0010 0000 0010 0000 0010 0000 0010 0000 0010 0000 002F 0000 002F 0000 002F 0000 002F 0000 0010 0000 0010 0000 0010 0000 002F 0000 002F 0000 002F 0000 002F 0000 002F 0000 002F 0000 0010 0000 0010 0000 0010 0000 0A9B
Scrh Bk Mrk	0000 0071 0000 0032 0000 003F 0000 0010 0000 002F 0000 0010 0000 0010 0000 0010 0000 0010 0000 0010 0000 0010 0000 0010 0000 0010 0000 0010 0000 0010 0000 0010 0000 002F 0000 0010 0000 0010 0000 0010 0000 0010 0000 0010 0000 0010 0000 002F 0000 0010 0000 0010 0000 002F 0000 0010 0000 0010 0000 0010 0000 0010 0000 0010 0000 0010 0000 0010 0000 0010 0000 0010 0000 0010 0000 0010 0000 0010 0000 002F 0000 0010 0000 0010 0000 002F 0000 0010 0000 0010 0000 0010 0000 0010 0000 0010 0000 0010 0000 0010 0000 0010 0000 0A9D
Select Rev	0000 0071 0000 0032 0000 003F 0000 0010 0000 002F 0000 0010 0000 0010 0000 0010 0000 0010 0000 0010 0000 0010 0000 0010 0000 0010 0000 0010 0000 0010 0000 0010 0000 002F 0000 0010 0000 0010 0000 0010 0000 0010 0000 0010 0000 0010 0000 002F 0000 0010 0000 0010 0000 002F 0000 002F 0000 0010 0000 0010 0000 0010 0000 0010 0000 0010 0000 0010 0000 0010 0000 002F 0000 002F 0000 0010 0000 0010 0000 0010 0000 0010 0000 0010 0000 0010 0000 0010 0000 002F 0000 0010 0000 0010 0000 002F 0000 0010 0000 0010 0000 002F 0000 0A9B
R Trk	0000 0071 0000 0032 0000 003F 0000 0010 0000 002F 0000 0010 0000 0010 0000 0010 0000 0010 0000 0010 0000 0010 0000 0010 0000 0010 0000 0010 0000 0010 0000 0010 0000 002F 0000 0010 0000 0010 0000 0010 0000 0010 0000 0010 0000 0010 0000 002F 0000 0010 0000 0010 0000 002F 0000 0010 0000 0010 0000 0010 0000 0010 0000 0010 0000 0010 0000 0010 0000 0010 0000 0010 0000 002F 0000 0010 0000 0010 0000 002F 0000 002F 0000 0010 0000 002F 0000 0010 0000 002F 0000 0010 0000 0010 0000 0010 0000 002F 0000 0010 0000 0010 0000 0AA3
F Trk	0000 0071 0000 0032 0000 003F 0000 0010 0000 002F 0000 0010 0000 0010 0000 0010 0000 0010 0000 0010 0000 0010 0000 0010 0000 0010 0000 0010 0000 0010 0000 0010 0000 002F 0000 0010 0000 0010 0000 0010 0000 0010 0000 0010 0000 0010 0000 002F 0000 0010 0000 0010 0000 002F 0000 0010 0000 0010 0000 0010 0000 0010 0000 0010 0000 0010 0000 0010 0000 0010 0000 002F 0000 0010 0000 0010 0000 0010 0000 002F 0000 002F 0000 0010 0000 002F 0000 002F 0000 0010 0000 0010 0000 0010 0000 0010 0000 002F 0000 0010 0000 0010 0000 0AAC
Index	0000 0071 0000 0032 0000 003F 0000 0010 0000 002F 0000 0010 0000 0010 0000 0010 0000 0010 0000 0010 0000 0010 0000 0010 0000 0010 0000 0010 0000 0010 0000 0010 0000 002F 0000 0010 0000 0010 0000 0010 0000 0010 0000 0010 0000 0010 0000 002F 0000 0010 0000 0010 0000 002F 0000 0010 0000 0010 0000 0010 0000 0010 0000 0010 0000 0010 0000 0010 0000 0010 0000 0010 0000 0010 0000 0010 0000 0010 0000 0010 0000 0010 0000 002F 0000 0010 0000 0010 0000 0010 0000 0010 0000 0010 0000 002F 0000 0010 0000 002F 0000 002F 0000 0AA8
Edit	0000 0071 0000 0032 0000 003F 0000 0010 0000 002F 0000 0010 0000 0010 0000 0010 0000 0010 0000 0010 0000 0010 0000 0010 0000 0010 0000 0010 0000 0010 0000 0010 0000 002F 0000 0010 0000 0010 0000 0010 0000 0010 0000 0010 0000 0010 0000 002F 0000 0010 0000 0010 0000 002F 0000 0010 0000 0010 0000 0010 0000 0010 0000 0010 0000 0010 0000 0010 0000 0010 0000 002F 0000 0010 0000 002F 0000 0010 0000 0010 0000 002F 0000 0010 0000 002F 0000 002F 0000 0010 0000 002F 0000 0010 0000 002F 0000 002F 0000 0010 0000 0010 0000 0AAD
Memory	0000 0071 0000 0032 0000 003F 0000 0010 0000 002F 0000 0010 0000 0010 0000 0010 0000 0010 0000 0010 0000 0010 0000 0010 0000 0010 0000 0010 0000 0010 0000 0010 0000 002F 0000 0010 0000 0010 0000 0010 0000 0010 0000 0010 0000 0010 0000 002F 0000 0010 0000 0010 0000 002F 0000 0010 0000 0010 0000 0010 0000 0010 0000 0010 0000 0010 0000 0010 0000 0010 0000 0010 0000 002F 0000 0010 0000 0010 0000 0010 0000 002F 0000 0010 0000 002F 0000 0010 0000 002F 0000 0010 0000 0010 0000 002F 0000 002F 0000 0010 0000 0010 0000 0A9B
Start	0000 0071 0000 0032 0000 003F 0000 0010 0000 002F 0000 0010 0000 0010 0000 0010 0000 0010 0000 0010 0000 0010 0000 0010 0000 0010 0000 0010 0000 0010 0000 0010 0000 002F 0000 0010 0000 0010 0000 0010 0000 0010 0000 0010 0000 0010 0000 002F 0000 0010 0000 0010 0000 002F 0000 0010 0000 0010 0000 0010 0000 0010 0000 0010 0000 0010 0000 0010 0000 0010 0000 002F 0000 002F 0000 0010 0000 0010 0000 0010 0000 002F 0000 0010 0000 002F 0000 002F 0000 002F 0000 0010 0000 0010 0000 002F 0000 002F 0000 0010 0000 0010 0000 0AA4
F Shuttle	0000 0071 0000 0032 0000 003F 0000 0010 0000 002F 0000 0010 0000 0010 0000 0010 0000 0010 0000 0010 0000 0010 0000 0010 0000 0010 0000 0010 0000 0010 0000 0010 0000 002F 0000 0010 0000 0010 0000 0010 0000 0010 0000 0010 0000 0010 0000 002F 0000 0010 0000 0010 0000 002F 0000 0010 0000 0010 0000 0010 0000 0010 0000 0010 0000 0010 0000 0010 0000 0010 0000 002F 0000 002F 0000 0010 0000 0010 0000 0010 0000 0010 0000 0010 0000 002F 0000 002F 0000 002F 0000 0010 0000 0010 0000 002F 0000 0010 0000 0010 0000 0010 0000 0AA6
R Shuttle	0000 0071 0000 0032 0000 003E 0000 0010 0000 002F 0000 0010 0000 0010 0000 0010 0000 0010 0000 0010 0000 0010 0000 0010 0000 0010 0000 0010 0000 0010 0000 0010 0000 002F 0000 0010 0000 0010 0000 0010 0000 0010 0000 0010 0000 0010 0000 002F 0000 0010 0000 0010 0000 002F 0000 0010 0000 0010 0000 0010 0000 0010 0000 0010 0000 0010 0000 0010 0000 0010 0000 0010 0000 0010 0000 002F 0000 0010 0000 0010 0000 0010 0000 0010 0000 002F 0000 0010 0000 0010 0000 002F 0000 0010 0000 002F 0000 0010 0000 0010 0000 0010 0000 0AA5
