Stby	0000 0073 0007 000b 0020 0020 0020 0020 0020 0020 0020 0020 0040 0020 0020 0040 0041 0020 0020 0040 0020 0020 0040 0020 0020 0cc0 0020 0020 0020 0020 0020 0020 0020 0020 0040 0020 0020 0040 0040 0020
Path	0000 0073 0000 000a 0020 0020 0040 0040 0020 0020 0040 0020 0020 0040 0040 0040 0020 0020 0020 0020 0040 0020 0020 0cc0
Display	0000 0073 0007 000b 0020 0020 0040 0040 0020 0020 0040 0020 0020 0040 0030 0002 0010 0020 0020 0040 0020 0020 0020 0020 0020 0020 0020 0ca0 0020 0020 0040 0040 0020 0020 0040 0020 0020 0040 0040 0020
Recall	0000 0073 0007 000b 0020 0020 0020 0020 0020 0020 0020 0020 0040 0020 0020 0040 0041 0040 0020 0020 0020 0020 0040 0040 0020 0ca0 0020 0020 0020 0020 0020 0020 0020 0020 0040 0020 0020 0040 0040 0040
Memory	0000 0073 0000 000b 0020 0020 0020 0020 0020 0020 0020 0020 0040 0020 0020 0040 0040 0040 0020 0020 0020 0020 0020 0020 0040 0cc0
Store	0000 0073 0000 000c 0020 0020 0020 0020 0020 0020 0020 0020 0040 0020 0020 0040 0040 0040 0020 0020 0020 0020 0020 0020 0020 0020 0020 0ca0
Mode	0000 0073 0006 000b 0020 0020 0040 0040 0020 0020 0040 0020 0020 0040 0020 0021 0040 0020 0020 0020 0020 0020 0020 0020 0020 0cc0 0020 0020 0040 0040 0020 0020 0040 0020 0020 0040 0020 0020
Menu	0000 0073 0000 000c 0020 0020 0020 0020 0020 0020 0020 0020 0040 0020 0020 0040 0020 0020 0040 0020 0020 0020 0020 0020 0020 0040 0020 0ca0
Up	0000 0073 0006 000a 0020 0020 0040 0040 0020 0020 0040 0020 0020 0040 0020 0022 0040 0020 0020 0020 0020 0040 0040 0cc0 0020 0020 0040 0040 0020 0020 0040 0020 0020 0040 0020 0020
Down	0000 0073 0007 000b 0020 0020 0020 0020 0020 0020 0020 0020 0040 0020 0020 0040 0020 0022 0040 0020 0020 0040 0040 0040 0020 0ca0 0020 0020 0020 0020 0020 0020 0020 0020 0040 0020 0020 0040 0020 0020
Left	0000 0073 0000 000b 0020 0020 0040 0040 0020 0020 0040 0020 0020 0040 0020 0020 0040 0020 0020 0020 0020 0040 0020 0020 0020 0ca0
Right	0000 0073 0007 000b 0020 0020 0020 0020 0020 0020 0020 0020 0040 0020 0020 0040 0020 0021 0040 0020 0020 0040 0040 0020 0020 0cc0 0020 0020 0020 0020 0020 0020 0020 0020 0040 0020 0020 0040 0020 0020
Enter	0000 0073 0006 000a 0020 0020 0040 0040 0020 0020 0040 0020 0020 0040 0020 0022 0040 0020 0020 0040 0020 0020 0040 0cc0 0020 0020 0040 0040 0020 0020 0040 0020 0020 0040 0020 0020
Video&lt;	0000 0073 0007 000c 0020 0020 0020 0020 0020 0020 0020 0020 0040 0020 0020 0040 0020 0022 0040 0020 0020 0040 0020 0020 0020 0020 0020 0ca0 0020 0020 0020 0020 0020 0020 0020 0020 0040 0020 0020 0040 0020 0020
Video&gt;	0000 0073 0006 000a 0020 0020 0040 0040 0020 0020 0040 0020 0020 0040 0020 0022 0040 0040 0040 0020 0020 0020 0020 0cc0 0020 0020 0040 0040 0020 0020 0040 0020 0020 0040 0020 0020
Audio&lt;	0000 0073 0007 000b 0020 0020 0020 0020 0020 0020 0020 0020 0040 0020 0020 0040 0020 0022 0040 0040 0040 0020 0020 0040 0020 0ca0 0020 0020 0020 0020 0020 0020 0020 0020 0040 0020 0020 0040 0020 0020
Audio&gt;	0000 0073 0006 0009 0020 0020 0040 0040 0020 0020 0040 0020 0020 0040 0020 0021 0040 0040 0040 0040 0040 0cc0 0020 0020 0040 0040 0020 0020 0040 0020 0020 0040 0020 0020
Leftch	0000 0073 0007 000b 0020 0020 0020 0020 0020 0020 0020 0020 0040 0020 0020 0040 0020 0022 0040 0040 0020 0020 0040 0020 0020 0cc0 0020 0020 0020 0020 0020 0020 0020 0020 0040 0020 0020 0040 0020 0020
Rightch	0000 0073 0006 000a 0020 0020 0040 0040 0020 0020 0040 0020 0020 0040 0020 0021 0040 0040 0020 0020 0040 0040 0020 0ca0 0020 0020 0040 0040 0020 0020 0040 0020 0020 0040 0020 0020
Center	0000 0073 0007 000c 0020 0020 0020 0020 0020 0020 0020 0020 0040 0020 0020 0040 0020 0021 0020 0020 0020 0020 0040 0040 0020 0020 0020 0ca0 0020 0020 0020 0020 0020 0020 0020 0020 0040 0020 0020 0040 0020 0020
Sub	0000 0073 0006 000a 0020 0020 0040 0040 0020 0020 0040 0020 0020 0040 0020 0021 0020 0020 0020 0020 0040 0040 0040 0cc0 0020 0020 0040 0040 0020 0020 0040 0020 0020 0040 0020 0020
L Surr	0000 0073 0000 000b 0020 0020 0020 0020 0020 0020 0020 0020 0040 0020 0020 0040 0020 0020 0040 0040 0020 0020 0020 0020 0040 0cc0
R Surr	0000 0073 0000 000b 0020 0020 0040 0040 0020 0020 0040 0020 0020 0040 0020 0020 0040 0040 0020 0020 0020 0020 0020 0020 0020 0ca0
Mute	0000 0073 0006 000a 0020 0020 0040 0040 0020 0020 0040 0020 0020 0040 0041 0020 0020 0040 0020 0020 0040 0040 0020 0ca0 0020 0020 0040 0040 0020 0020 0040 0020 0020 0040 0040 0020
Vol+	0000 0073 0000 000b 0020 0020 0020 0020 0020 0020 0020 0020 0040 0020 0020 0040 0040 0040 0040 0020 0020 0020 0020 0020 0020 0cc0
Vol-	0000 0073 0006 000a 0020 0020 0040 0040 0020 0020 0040 0020 0020 0040 0041 0040 0040 0020 0020 0020 0020 0040 0020 0ca0 0020 0020 0040 0040 0020 0020 0040 0020 0020 0040 0040 0040
