Standby	0000 0073 0006 000a 0020 0020 0040 0040 0020 0020 0040 0020 0020 0040 0041 0020 0020 0040 0020 0020 0040 0020 0020 0cc1 0020 0020 0040 0040 0020 0020 0040 0020 0020 0040 0040 0020
Display	0000 0073 0000 000b 0020 0020 0040 0040 0020 0020 0040 0020 0020 0040 0040 0020 0020 0040 0020 0020 0020 0020 0020 0020 0020 0ca1
THX	0000 0073 0006 000b 0020 0020 0040 0040 0020 0020 0040 0020 0020 0040 0020 0022 0020 0020 0020 0020 0040 0020 0020 0040 0020 0ca1 0020 0020 0040 0040 0020 0020 0040 0020 0020 0040 0020 0020
Trim	0000 0073 0007 000c 0020 0020 0020 0020 0020 0020 0020 0020 0040 0020 0020 0040 0020 0021 0020 0020 0020 0020 0020 0020 0020 0020 0040 0cc1 0020 0020 0020 0020 0020 0020 0020 0020 0040 0020 0020 0040 0020 0020
Mode+	0000 0073 0000 000b 0020 0020 0040 0040 0020 0020 0040 0020 0020 0040 0020 0020 0040 0020 0020 0020 0020 0020 0020 0020 0020 0cc1
Mode-	0000 0073 0007 000c 0020 0020 0020 0020 0020 0020 0020 0020 0040 0020 0020 0040 0020 0021 0020 0020 0020 0020 0040 0020 0020 0020 0020 0cc1 0020 0020 0020 0020 0020 0020 0020 0020 0040 0020 0020 0040 0020 0020
Auto	0000 0073 0006 000b 0020 0020 0040 0040 0020 0020 0040 0020 0020 0040 0020 0021 0020 0020 0020 0020 0020 0020 0040 0020 0020 0cc1 0020 0020 0040 0040 0020 0020 0040 0020 0020 0040 0020 0020
Menu	0000 0073 0007 000c 0020 0020 0020 0020 0020 0020 0020 0020 0040 0020 0020 0040 0020 0022 0040 0020 0020 0020 0020 0020 0020 0040 0020 0ca1 0020 0020 0020 0020 0020 0020 0020 0020 0040 0020 0020 0040 0020 0020
Up	0000 0073 0006 000a 0020 0020 0040 0040 0020 0020 0040 0020 0020 0040 0020 0022 0040 0020 0020 0020 0020 0040 0040 0cc1 0020 0020 0040 0040 0020 0020 0040 0020 0020 0040 0020 0020
Left	0000 0073 0007 000c 0020 0020 0020 0020 0020 0020 0020 0020 0040 0020 0020 0040 0020 0021 0040 0020 0020 0020 0020 0040 0020 0020 0020 0ca1 0020 0020 0020 0020 0020 0020 0020 0020 0040 0020 0020 0040 0020 0020
Enter	0000 0073 0006 000a 0020 0020 0040 0040 0020 0020 0040 0020 0020 0040 0020 0022 0040 0020 0020 0040 0020 0020 0040 0cc1 0020 0020 0040 0040 0020 0020 0040 0020 0020 0040 0020 0020
Right	0000 0073 0007 000b 0020 0020 0020 0020 0020 0020 0020 0020 0040 0020 0020 0040 0020 0022 0040 0020 0020 0040 0040 0020 0020 0cc1 0020 0020 0020 0020 0020 0020 0020 0020 0040 0020 0020 0040 0020 0020
Down	0000 0073 0000 000a 0020 0020 0040 0040 0020 0020 0040 0020 0020 0040 0020 0020 0040 0020 0020 0040 0040 0040 0020 0ca1
Av1	0000 0073 0007 000c 0020 0020 0020 0020 0020 0020 0020 0020 0040 0020 0020 0040 0020 0022 0020 0020 0040 0020 0020 0020 0020 0020 0020 0cc1 0020 0020 0020 0020 0020 0020 0020 0020 0040 0020 0020 0040 0020 0020
Av2	0000 0073 0006 000b 0020 0020 0040 0040 0020 0020 0040 0020 0020 0040 0020 0021 0020 0020 0040 0020 0020 0020 0020 0040 0020 0ca1 0020 0020 0040 0040 0020 0020 0040 0020 0020 0040 0020 0020
Av3	0000 0073 0007 000b 0020 0020 0020 0020 0020 0020 0020 0020 0040 0020 0020 0040 0020 0022 0020 0020 0040 0020 0020 0040 0040 0cc1 0020 0020 0020 0020 0020 0020 0020 0020 0040 0020 0020 0040 0020 0020
Av4	0000 0073 0006 000b 0020 0020 0040 0040 0020 0020 0040 0020 0020 0040 0020 0021 0020 0020 0040 0020 0020 0040 0020 0020 0020 0ca1 0020 0020 0040 0040 0020 0020 0040 0020 0020 0040 0020 0020
Aud1	0000 0073 0008 000a 0020 0020 0020 0020 0020 0020 0020 0020 0040 0020 0020 0040 002f 0002 0011 0040 0040 0040 0040 0020 0020 0cc1 0020 0020 0020 0020 0020 0020 0020 0020 0040 0020 0020 0040 0040 0040
Aud2	0000 0073 0006 0009 0020 0020 0040 0040 0020 0020 0040 0020 0020 0040 0041 0040 0040 0040 0040 0040 0020 0ca1 0020 0020 0040 0040 0020 0020 0040 0020 0020 0040 0040 0040
Aud3	0000 0073 0000 000a 0020 0020 0020 0020 0020 0020 0020 0020 0040 0020 0020 0040 0040 0040 0040 0040 0020 0020 0040 0cc1
Comptr	0000 0073 0006 000b 0020 0020 0040 0040 0020 0020 0040 0020 0020 0040 0020 0021 0020 0020 0020 0020 0020 0020 0040 0040 0020 0ca1 0020 0020 0040 0040 0020 0020 0040 0020 0020 0040 0020 0020
Mute	0000 0073 0007 000b 0020 0020 0020 0020 0020 0020 0020 0020 0040 0020 0020 0040 0041 0020 0020 0040 0020 0020 0040 0040 0020 0ca1 0020 0020 0020 0020 0020 0020 0020 0020 0040 0020 0020 0040 0040 0020
Vol+	0000 0073 0000 000a 0020 0020 0040 0040 0020 0020 0040 0020 0020 0040 0040 0040 0040 0020 0020 0020 0020 0020 0020 0cc1
Vol-	0000 0073 0000 000b 0020 0020 0020 0020 0020 0020 0020 0020 0040 0020 0020 0040 0040 0040 0040 0020 0020 0020 0020 0040 0020 0ca1
