Power	0000 006D 0000 0022 0000 00A8 0000 003F 0000 0015 0000 003F 0000 0016 0000 0015 0000 0015 0000 0015 0000 0015 0000 003F 0000 0015 0000 003F 0000 0015 0000 0015 0000 0015 0000 0015 0000 0015 0000 0015 0000 003F 0000 0016 0000 0015 0000 0015 0000 0015 0000 0015 0000 0015 0000 003F 0000 0015 0000 003F 0000 003F 0000 003F 0000 003F 0000 003F 0000 003F 0000 075F
Play	0000 006D 0000 0022 0000 00A8 0000 003F 0000 0015 0000 003F 0000 0016 0000 0015 0000 0015 0000 0015 0000 0015 0000 003F 0000 0015 0000 003F 0000 0015 0000 0015 0000 0015 0000 0015 0000 0015 0000 003F 0000 0015 0000 0016 0000 003F 0000 003F 0000 0015 0000 0015 0000 0015 0000 0015 0000 003F 0000 003F 0000 0015 0000 0015 0000 003F 0000 003F 0000 003F 0000 075F
Stop	0000 006D 0000 0022 0000 00A8 0000 003F 0000 0015 0000 003F 0000 0015 0000 0015 0000 0015 0000 0015 0000 0015 0000 003F 0000 0015 0000 003F 0000 0015 0000 0015 0000 0015 0000 0015 0000 0015 0000 003F 0000 0015 0000 003F 0000 0015 0000 003F 0000 0015 0000 0015 0000 0015 0000 0015 0000 003F 0000 0015 0000 003F 0000 0015 0000 003F 0000 003F 0000 003F 0000 0763
Pause	0000 006D 0000 0022 0000 00A8 0000 003F 0000 0015 0000 003F 0000 0016 0000 0015 0000 0015 0000 0015 0000 0015 0000 003F 0000 0015 0000 003F 0000 0015 0000 0015 0000 0015 0000 0015 0000 0015 0000 0015 0000 003F 0000 003F 0000 0015 0000 003F 0000 0015 0000 0015 0000 0015 0000 0040 0000 0015 0000 0015 0000 003F 0000 0015 0000 003F 0000 003F 0000 003F 0000 075F
Rew	0000 006D 0000 0022 0000 00A8 0000 003F 0000 0015 0000 003F 0000 0016 0000 0015 0000 0015 0000 0015 0000 0015 0000 003F 0000 0015 0000 003F 0000 0015 0000 0015 0000 0015 0000 0015 0000 0015 0000 0015 0000 0015 0000 0015 0000 003F 0000 003F 0000 0015 0000 0015 0000 0015 0000 003F 0000 003F 0000 003F 0000 0015 0000 0015 0000 003F 0000 0040 0000 003F 0000 075F
Ffwd	0000 006D 0000 0022 0000 00A8 0000 003F 0000 0015 0000 003F 0000 0015 0000 0015 0000 0015 0000 0015 0000 0015 0000 003F 0000 0015 0000 003F 0000 0015 0000 0015 0000 0015 0000 0015 0000 0015 0000 0015 0000 003F 0000 0015 0000 003F 0000 003F 0000 0015 0000 0015 0000 0015 0000 003F 0000 0015 0000 003F 0000 0015 0000 0015 0000 003F 0000 003F 0000 003F 0000 0763
Record	0000 006D 0000 0022 0000 00A8 0000 003F 0000 0015 0000 003F 0000 0015 0000 0015 0000 0015 0000 0015 0000 0015 0000 003F 0000 0015 0000 003F 0000 0015 0000 0015 0000 0015 0000 0015 0000 0015 0000 0015 0000 0015 0000 003F 0000 0015 0000 003F 0000 0015 0000 0015 0000 0015 0000 003F 0000 003F 0000 0015 0000 003F 0000 0015 0000 003F 0000 003F 0000 003F 0000 0763
1	0000 006D 0000 0022 0000 00A8 0000 003F 0000 0015 0000 003F 0000 0015 0000 0015 0000 0015 0000 0015 0000 0015 0000 003F 0000 0015 0000 003F 0000 0015 0000 0015 0000 0015 0000 0015 0000 0015 0000 0015 0000 0015 0000 003F 0000 0015 0000 0015 0000 0015 0000 0015 0000 0015 0000 003F 0000 003F 0000 0015 0000 003F 0000 003F 0000 003F 0000 003F 0000 003F 0000 0DBF
2	0000 006D 0000 0022 0000 00A8 0000 003F 0000 0015 0000 003F 0000 0015 0000 0015 0000 0015 0000 0015 0000 0015 0000 003F 0000 0015 0000 003F 0000 0015 0000 0015 0000 0015 0000 0015 0000 0015 0000 003F 0000 0015 0000 003F 0000 0015 0000 0015 0000 0015 0000 0015 0000 0015 0000 0015 0000 003F 0000 0015 0000 003F 0000 003F 0000 003F 0000 003F 0000 003F 0000 0DBF
3	0000 006D 0000 0022 0000 00A8 0000 003F 0000 0015 0000 003F 0000 0015 0000 0015 0000 0015 0000 0015 0000 0015 0000 003F 0000 0015 0000 003F 0000 0015 0000 0015 0000 0015 0000 0015 0000 0015 0000 0015 0000 003F 0000 003F 0000 0015 0000 0015 0000 0015 0000 0015 0000 0015 0000 003F 0000 0015 0000 0015 0000 003F 0000 003F 0000 003F 0000 003F 0000 003F 0000 0DBF
4	0000 006D 0000 0022 0000 00A8 0000 003F 0000 0015 0000 003F 0000 0015 0000 0015 0000 0015 0000 0015 0000 0015 0000 003F 0000 0015 0000 003F 0000 0015 0000 0015 0000 0015 0000 0015 0000 0015 0000 0015 0000 0015 0000 0015 0000 003F 0000 0015 0000 0015 0000 0015 0000 0015 0000 003F 0000 003F 0000 003F 0000 0015 0000 003F 0000 003F 0000 003F 0000 003F 0000 0DBF
5	0000 006D 0000 0022 0000 00A8 0000 003F 0000 0015 0000 003F 0000 0015 0000 0015 0000 0015 0000 0015 0000 0015 0000 003F 0000 0015 0000 003F 0000 0015 0000 0015 0000 0015 0000 0015 0000 0015 0000 003F 0000 0015 0000 0015 0000 003F 0000 0015 0000 0015 0000 0015 0000 0015 0000 0015 0000 003F 0000 003F 0000 0015 0000 003F 0000 003F 0000 003F 0000 003F 0000 0DBF
6	0000 006D 0000 0022 0000 00A8 0000 003F 0000 0015 0000 003F 0000 0015 0000 0015 0000 0015 0000 0015 0000 0015 0000 003F 0000 0015 0000 003F 0000 0015 0000 0015 0000 0015 0000 0015 0000 0015 0000 0015 0000 003F 0000 0015 0000 003F 0000 0015 0000 0015 0000 0015 0000 0015 0000 003F 0000 0015 0000 003F 0000 0015 0000 003F 0000 003F 0000 003F 0000 003F 0000 0DBF
7	0000 006D 0000 0022 0000 00A8 0000 003F 0000 0015 0000 003F 0000 0015 0000 0015 0000 0015 0000 0015 0000 0015 0000 003F 0000 0015 0000 003F 0000 0015 0000 0015 0000 0015 0000 0015 0000 0015 0000 0015 0000 0015 0000 003F 0000 003F 0000 0015 0000 0015 0000 0015 0000 0015 0000 003F 0000 003F 0000 0015 0000 0015 0000 003F 0000 003F 0000 003F 0000 003F 0000 0DBF
8	0000 006D 0000 0022 0000 00A8 0000 003F 0000 0015 0000 003F 0000 0015 0000 0015 0000 0015 0000 0015 0000 0015 0000 003F 0000 0015 0000 003F 0000 0015 0000 0015 0000 0015 0000 0015 0000 0015 0000 003F 0000 0015 0000 003F 0000 003F 0000 0015 0000 0015 0000 0015 0000 0015 0000 0015 0000 003F 0000 0015 0000 0015 0000 003F 0000 003F 0000 003F 0000 003F 0000 0DBF
9	0000 006D 0000 0022 0000 00A8 0000 003F 0000 0015 0000 003F 0000 0015 0000 0015 0000 0015 0000 0015 0000 0015 0000 003F 0000 0015 0000 003F 0000 0015 0000 0015 0000 0015 0000 0015 0000 0015 0000 0015 0000 003F 0000 003F 0000 003F 0000 0015 0000 0015 0000 0015 0000 0015 0000 003F 0000 0015 0000 0015 0000 0015 0000 003F 0000 003F 0000 003F 0000 003F 0000 0DBF
0	0000 006D 0000 0022 0000 00A8 0000 003F 0000 0015 0000 003F 0000 0015 0000 0015 0000 0015 0000 0015 0000 0015 0000 003F 0000 0015 0000 003F 0000 0015 0000 0015 0000 0015 0000 0015 0000 0015 0000 003F 0000 0015 0000 0015 0000 0015 0000 003F 0000 0015 0000 0015 0000 0015 0000 0015 0000 003F 0000 003F 0000 003F 0000 0015 0000 003F 0000 003F 0000 003F 0000 0DBF
Enter	0000 006D 0000 0022 0000 00A8 0000 003F 0000 0015 0000 003F 0000 0015 0000 0015 0000 0015 0000 0015 0000 0015 0000 003F 0000 0015 0000 003F 0000 0015 0000 0015 0000 0015 0000 0015 0000 0015 0000 003F 0000 0015 0000 003F 0000 0015 0000 003F 0000 0015 0000 003F 0000 0015 0000 0015 0000 003F 0000 0015 0000 003F 0000 0015 0000 003F 0000 0015 0000 003F 0000 0763
Ch+	0000 006D 0000 0022 0000 00A8 0000 003F 0000 0015 0000 003F 0000 0015 0000 0015 0000 0015 0000 0015 0000 0015 0000 003F 0000 0015 0000 003F 0000 0015 0000 0015 0000 0015 0000 0015 0000 0015 0000 0015 0000 003F 0000 0015 0000 0015 0000 003F 0000 0015 0000 0015 0000 0015 0000 003F 0000 0015 0000 003F 0000 003F 0000 0015 0000 003F 0000 003F 0000 003F 0000 0763
Ch-	0000 006D 0000 0022 0000 00A8 0000 003F 0000 0015 0000 003F 0000 0015 0000 0015 0000 0015 0000 0015 0000 0015 0000 003F 0000 0015 0000 003F 0000 0015 0000 0015 0000 0015 0000 0015 0000 0015 0000 0015 0000 0015 0000 0015 0000 0015 0000 003F 0000 0015 0000 0015 0000 0015 0000 003F 0000 003F 0000 003F 0000 003F 0000 0015 0000 003F 0000 003F 0000 003F 0000 0763
Menu	0000 006D 0000 0022 0000 00A8 0000 003F 0000 0015 0000 003F 0000 0015 0000 0015 0000 0015 0000 0015 0000 0015 0000 003F 0000 0015 0000 003F 0000 0015 0000 0015 0000 0015 0000 0015 0000 0015 0000 003F 0000 003F 0000 003F 0000 003F 0000 003F 0000 0015 0000 0015 0000 0015 0000 0015 0000 0015 0000 0015 0000 0015 0000 0015 0000 003F 0000 003F 0000 003F 0000 0763
Eject	0000 006D 0000 0088 0000 00A8 0000 003F 0000 0015 0000 003F 0000 0016 0000 0015 0000 0015 0000 0015 0000 0015 0000 003F 0000 0015 0000 003F 0000 0015 0000 0015 0000 0015 0000 0015 0000 0015 0000 0015 0000 003F 0000 0016 0000 0015 0000 003F 0000 003F 0000 0015 0000 0015 0000 003F 0000 0015 0000 003F 0000 003F 0000 0015 0000 0015 0000 003F 0000 003F 0000 075F 0000 00A8 0000 003F 0000 0015 0000 003F 0000 0015 0000 0015 0000 0015 0000 0015 0000 0015 0000 003F 0000 0015 0000 003F 0000 0015 0000 0015 0000 0015 0000 0015 0000 0015 0000 0015 0000 003F 0000 0015 0000 0015 0000 003F 0000 003F 0000 0015 0000 0015 0000 003F 0000 0015 0000 003F 0000 003F 0000 0015 0000 0015 0000 003F 0000 003F 0000 0746 0000 00A8 0000 003F 0000 0015 0000 003F 0000 0015 0000 0015 0000 0015 0000 0015 0000 0015 0000 003F 0000 0015 0000 003F 0000 0015 0000 0015 0000 0015 0000 0015 0000 0015 0000 0015 0000 003F 0000 0015 0000 0015 0000 003F 0000 003F 0000 0015 0000 0015 0000 003F 0000 0015 0000 003F 0000 003F 0000 0015 0000 0015 0000 003F 0000 003F 0000 0746 0000 00A8 0000 003F 0000 0015 0000 003F 0000 0015 0000 0015 0000 0015 0000 0015 0000 0015 0000 003F 0000 0015 0000 003F 0000 0015 0000 0015 0000 0015 0000 0015 0000 0015 0000 0015 0000 003F 0000 0015 0000 0015 0000 003F 0000 003F 0000 0015 0000 0015 0000 003F 0000 0015 0000 003F 0000 003F 0000 0015 0000 0015 0000 003F 0000 003F 0000 0DC6
Index	0000 006D 0000 0022 0000 00A8 0000 003F 0000 0015 0000 003F 0000 0016 0000 0015 0000 0015 0000 0015 0000 0015 0000 003F 0000 0015 0000 003F 0000 0015 0000 0015 0000 0015 0000 0015 0000 0015 0000 003F 0000 0015 0000 0016 0000 003F 0000 003F 0000 0015 0000 003F 0000 0015 0000 0015 0000 003F 0000 003F 0000 0015 0000 0015 0000 003F 0000 0015 0000 003F 0000 075F
Caption	0000 006D 0000 0022 0000 00A8 0000 003F 0000 0015 0000 003F 0000 0015 0000 0015 0000 0015 0000 0015 0000 0015 0000 003F 0000 0015 0000 003F 0000 0015 0000 0015 0000 0015 0000 0015 0000 0015 0000 003F 0000 003F 0000 003F 0000 003F 0000 0015 0000 0015 0000 003F 0000 0015 0000 0015 0000 0015 0000 0015 0000 0015 0000 003F 0000 003F 0000 0015 0000 003F 0000 0763
SP/Slp	0000 006D 0000 0022 0000 00A8 0000 003F 0000 0015 0000 003F 0000 0015 0000 0015 0000 0015 0000 0015 0000 0015 0000 003F 0000 0015 0000 003F 0000 0015 0000 0015 0000 0015 0000 0015 0000 0015 0000 0015 0000 003F 0000 0015 0000 003F 0000 003F 0000 003F 0000 0015 0000 0015 0000 003F 0000 0015 0000 003F 0000 0015 0000 0015 0000 0015 0000 003F 0000 003F 0000 0763
Audio	0000 006D 0000 0022 0000 00A8 0000 003F 0000 0015 0000 003F 0000 0015 0000 0015 0000 0015 0000 0015 0000 0015 0000 003F 0000 0015 0000 003F 0000 0015 0000 0015 0000 0015 0000 0015 0000 0015 0000 003F 0000 0015 0000 003F 0000 003F 0000 003F 0000 003F 0000 0015 0000 0015 0000 0015 0000 003F 0000 0015 0000 0015 0000 0015 0000 0015 0000 003F 0000 003F 0000 0763
Line In	0000 006D 0000 0022 0000 00A8 0000 003F 0000 0015 0000 003F 0000 0015 0000 0015 0000 0015 0000 0015 0000 0015 0000 003F 0000 0015 0000 003F 0000 0015 0000 0015 0000 0015 0000 0015 0000 0015 0000 0015 0000 0015 0000 003F 0000 0015 0000 0015 0000 003F 0000 0015 0000 0015 0000 003F 0000 003F 0000 0015 0000 003F 0000 003F 0000 0015 0000 003F 0000 003F 0000 0763
Exit	0000 006D 0000 0022 0000 00A8 0000 003F 0000 0015 0000 003F 0000 0015 0000 0015 0000 0015 0000 0015 0000 0015 0000 003F 0000 0015 0000 003F 0000 0015 0000 0015 0000 0015 0000 0015 0000 0015 0000 0015 0000 0015 0000 003F 0000 0015 0000 0015 0000 003F 0000 003F 0000 0015 0000 003F 0000 003F 0000 0015 0000 003F 0000 003F 0000 0015 0000 0015 0000 003F 0000 0763
100	0000 006D 0000 0022 0000 00A8 0000 003F 0000 0015 0000 003F 0000 0015 0000 0015 0000 0015 0000 0015 0000 0015 0000 003F 0000 0015 0000 003F 0000 0015 0000 0015 0000 0015 0000 0015 0000 0015 0000 0015 0000 003F 0000 003F 0000 0015 0000 0015 0000 003F 0000 0015 0000 0015 0000 003F 0000 0015 0000 0015 0000 003F 0000 003F 0000 0015 0000 003F 0000 003F 0000 0DBF
Prog	0000 006D 0000 0022 0000 00A8 0000 003F 0000 0015 0000 003F 0000 0015 0000 0015 0000 0015 0000 0015 0000 0015 0000 003F 0000 0015 0000 003F 0000 0015 0000 0015 0000 0015 0000 0015 0000 0015 0000 003F 0000 0015 0000 003F 0000 0015 0000 0015 0000 0015 0000 003F 0000 0015 0000 0015 0000 003F 0000 0015 0000 003F 0000 003F 0000 003F 0000 0015 0000 003F 0000 0763
Heme	0000 006D 0000 0022 0000 00A8 0000 003F 0000 0015 0000 003F 0000 0015 0000 0015 0000 0015 0000 0015 0000 0015 0000 003F 0000 0015 0000 003F 0000 0015 0000 0015 0000 0015 0000 0015 0000 0015 0000 0015 0000 0015 0000 0015 0000 0015 0000 0015 0000 003F 0000 003F 0000 0015 0000 003F 0000 003F 0000 003F 0000 003F 0000 003F 0000 0015 0000 0015 0000 003F 0000 0762
Guide	0000 006D 0000 0022 0000 00A8 0000 003F 0000 0015 0000 003F 0000 0016 0000 0015 0000 0015 0000 0015 0000 0015 0000 003F 0000 0015 0000 003F 0000 0015 0000 0015 0000 0015 0000 0015 0000 0015 0000 003F 0000 0015 0000 0016 0000 0015 0000 0015 0000 003F 0000 003F 0000 0015 0000 0015 0000 003F 0000 003F 0000 003F 0000 003F 0000 0015 0000 0015 0000 003F 0000 075F
Info	0000 006D 0000 0022 0000 00A8 0000 003F 0000 0015 0000 003F 0000 0016 0000 0015 0000 0015 0000 0015 0000 0015 0000 003F 0000 0015 0000 003F 0000 0015 0000 0015 0000 0015 0000 0015 0000 0015 0000 0015 0000 003F 0000 0016 0000 0015 0000 0015 0000 003F 0000 003F 0000 0015 0000 003F 0000 0015 0000 003F 0000 003F 0000 003F 0000 0015 0000 0015 0000 003F 0000 075F
F Trk	0000 006D 0000 0022 0000 00A8 0000 003F 0000 0015 0000 003F 0000 0016 0000 0015 0000 0015 0000 0015 0000 0015 0000 003F 0000 0015 0000 003F 0000 0015 0000 0015 0000 0015 0000 0015 0000 0015 0000 0015 0000 0015 0000 0040 0000 003F 0000 0015 0000 003F 0000 0015 0000 0015 0000 003F 0000 003F 0000 0015 0000 0015 0000 003F 0000 0015 0000 003F 0000 003F 0000 075F
R Trk	0000 006D 0000 0022 0000 00A8 0000 003F 0000 0015 0000 003F 0000 0015 0000 0015 0000 0015 0000 0015 0000 0015 0000 003F 0000 0015 0000 003F 0000 0015 0000 0015 0000 0015 0000 0015 0000 0015 0000 003F 0000 0015 0000 003F 0000 003F 0000 0015 0000 003F 0000 0015 0000 0015 0000 0015 0000 003F 0000 0015 0000 0015 0000 003F 0000 0015 0000 003F 0000 003F 0000 0763
Disp	0000 006D 0000 0022 0000 00A8 0000 003F 0000 0015 0000 003F 0000 0016 0000 0015 0000 0015 0000 0015 0000 0015 0000 003F 0000 0015 0000 003F 0000 0015 0000 0015 0000 0015 0000 0015 0000 0015 0000 0015 0000 003F 0000 003F 0000 003F 0000 003F 0000 0015 0000 0015 0000 0015 0000 003F 0000 0015 0000 0015 0000 0015 0000 0015 0000 003F 0000 0040 0000 003F 0000 075F
Slow-	0000 006D 0000 0022 0000 00A8 0000 003F 0000 0015 0000 003F 0000 0015 0000 0015 0000 0015 0000 0015 0000 0015 0000 003F 0000 0015 0000 003F 0000 0015 0000 0015 0000 0015 0000 0015 0000 0015 0000 003F 0000 003F 0000 003F 0000 0015 0000 003F 0000 0015 0000 0015 0000 0015 0000 0015 0000 0015 0000 0015 0000 003F 0000 0015 0000 003F 0000 003F 0000 003F 0000 0763
Slow+	0000 006D 0000 0022 0000 00A8 0000 003F 0000 0015 0000 003F 0000 0016 0000 0015 0000 0015 0000 0015 0000 0015 0000 003F 0000 0015 0000 003F 0000 0015 0000 0015 0000 0015 0000 0015 0000 0015 0000 003F 0000 003F 0000 0015 0000 0015 0000 003F 0000 0015 0000 0015 0000 0015 0000 0015 0000 0016 0000 003F 0000 003F 0000 0015 0000 003F 0000 003F 0000 003F 0000 075E
Clear	0000 006D 0000 0022 0000 00A8 0000 003F 0000 0015 0000 003F 0000 0016 0000 0015 0000 0015 0000 0015 0000 0015 0000 003F 0000 0015 0000 003F 0000 0015 0000 0015 0000 0015 0000 0015 0000 0015 0000 003F 0000 0015 0000 003F 0000 003F 0000 003F 0000 0015 0000 0015 0000 0015 0000 0016 0000 003F 0000 0015 0000 0015 0000 0015 0000 003F 0000 003F 0000 003F 0000 075F
TV/VCR	0000 006D 0000 0022 0000 00A8 0000 003F 0000 0015 0000 003F 0000 0015 0000 0015 0000 0015 0000 0015 0000 0015 0000 003F 0000 0015 0000 003F 0000 0015 0000 0015 0000 0015 0000 0015 0000 0015 0000 003F 0000 0015 0000 0015 0000 0015 0000 0015 0000 0015 0000 0015 0000 0015 0000 0015 0000 003F 0000 003F 0000 003F 0000 003F 0000 003F 0000 003F 0000 003F 0000 0762
Up	0000 006D 0000 0022 0000 00A8 0000 003F 0000 0015 0000 003F 0000 0016 0000 0015 0000 0015 0000 0015 0000 0015 0000 003F 0000 0015 0000 003F 0000 0015 0000 0015 0000 0015 0000 0015 0000 0015 0000 0015 0000 0015 0000 0015 0000 0016 0000 0015 0000 0015 0000 0015 0000 0015 0000 003F 0000 003F 0000 003F 0000 003F 0000 003F 0000 003F 0000 003F 0000 003F 0000 075E
Down	0000 006D 0000 0022 0000 00A8 0000 003F 0000 0015 0000 003F 0000 0016 0000 0015 0000 0015 0000 0015 0000 0015 0000 003F 0000 0015 0000 003F 0000 0015 0000 0015 0000 0015 0000 0015 0000 0015 0000 003F 0000 003F 0000 0015 0000 003F 0000 003F 0000 003F 0000 003F 0000 0015 0000 0015 0000 0015 0000 003F 0000 0015 0000 0015 0000 0015 0000 0015 0000 003F 0000 075F
Left	0000 006D 0000 0022 0000 00A8 0000 003F 0000 0015 0000 003F 0000 0015 0000 0015 0000 0015 0000 0015 0000 0015 0000 003F 0000 0015 0000 003F 0000 0015 0000 0015 0000 0015 0000 0015 0000 0015 0000 0015 0000 003F 0000 0015 0000 0015 0000 0015 0000 0015 0000 003F 0000 0015 0000 003F 0000 0015 0000 003F 0000 003F 0000 003F 0000 003F 0000 0015 0000 003F 0000 0763
Right	0000 006D 0000 0022 0000 00A8 0000 003F 0000 0015 0000 003F 0000 0015 0000 0015 0000 0015 0000 0015 0000 0015 0000 003F 0000 0015 0000 003F 0000 0015 0000 0015 0000 0015 0000 0015 0000 0015 0000 003F 0000 003F 0000 0015 0000 0015 0000 0015 0000 0015 0000 003F 0000 0015 0000 0015 0000 0015 0000 003F 0000 003F 0000 003F 0000 003F 0000 0015 0000 003F 0000 0763
