Confirm	0000 006c 0022 0002 0156 00b1 0016 0016 0016 0042 0016 0042 0016 0016 0016 0042 0016 0042 0016 0016 0016 0042 0016 0016 0016 0016 0016 0016 0016 0042 0016 0016 0016 0016 0016 0042 0016 0016 0016 0016 0016 0042 0016 0016 0016 0016 0016 0016 0016 0016 0016 0016 0016 0016 0016 0042 0016 0016 0016 0042 0016 0042 0016 0042 0016 0042 0016 0042 0016 0042 0016 05d1 0156 0058 0016 0e43
Cont Play	0000 006c 0022 0002 0156 00b1 0016 0016 0016 0042 0016 0042 0016 0016 0016 0042 0016 0042 0016 0016 0016 0042 0016 0016 0016 0016 0016 0016 0016 0042 0016 0016 0016 0016 0016 0042 0016 0016 0016 0042 0016 0016 0016 0042 0016 0016 0016 0016 0016 0016 0016 0016 0016 0016 0016 0016 0016 0042 0016 0016 0016 0042 0016 0042 0016 0042 0016 0042 0016 0042 0016 05d1 0156 0058 0016 0e43
Sub Out	0000 006c 0022 0002 0156 00b1 0016 0016 0016 0042 0016 0042 0016 0016 0016 0042 0016 0042 0016 0016 0016 0042 0016 0016 0016 0016 0016 0016 0016 0042 0016 0016 0016 0016 0016 0042 0016 0016 0016 0016 0016 0042 0016 0042 0016 0016 0016 0016 0016 0016 0016 0016 0016 0016 0016 0042 0016 0016 0016 0016 0016 0042 0016 0042 0016 0042 0016 0042 0016 0042 0016 05d1 0156 0058 0016 0e43
Power	0000 006c 0022 0002 0156 00b1 0016 0016 0016 0042 0016 0042 0016 0016 0016 0042 0016 0042 0016 0016 0016 0042 0016 0042 0016 0016 0016 0016 0016 0042 0016 0016 0016 0016 0016 0042 0016 0016 0016 0042 0016 0016 0016 0016 0016 0016 0016 0042 0016 0016 0016 0016 0016 0042 0016 0016 0016 0042 0016 0042 0016 0042 0016 0016 0016 0042 0016 0042 0016 0016 0016 05a5 0156 0058 0016 0e43
Best	0000 006c 0022 0002 0156 00b1 0016 0016 0016 0042 0016 0042 0016 0016 0016 0042 0016 0042 0016 0016 0016 0042 0016 0042 0016 0016 0016 0016 0016 0042 0016 0016 0016 0016 0016 0042 0016 0016 0016 0016 0016 0042 0016 0016 0016 0016 0016 0042 0016 0016 0016 0042 0016 0042 0016 0042 0016 0016 0016 0042 0016 0042 0016 0016 0016 0042 0016 0016 0016 0016 0016 05a5 0156 0058 0016 0e43
Repeat	0000 006c 0022 0002 0156 00b1 0016 0016 0016 0042 0016 0042 0016 0016 0016 0042 0016 0042 0016 0016 0016 0042 0016 0042 0016 0016 0016 0016 0016 0042 0016 0016 0016 0016 0016 0042 0016 0016 0016 0042 0016 0016 0016 0016 0016 0042 0016 0042 0016 0016 0016 0016 0016 0016 0016 0016 0016 0042 0016 0042 0016 0016 0016 0016 0016 0042 0016 0042 0016 0042 0016 05a5 0156 0058 0016 0e43
Random	0000 006c 0022 0002 0156 00b1 0016 0016 0016 0042 0016 0042 0016 0016 0016 0042 0016 0042 0016 0016 0016 0042 0016 0042 0016 0016 0016 0016 0016 0042 0016 0016 0016 0016 0016 0042 0016 0016 0016 0042 0016 0042 0016 0042 0016 0042 0016 0016 0016 0016 0016 0042 0016 0016 0016 0016 0016 0016 0016 0016 0016 0016 0016 0042 0016 0042 0016 0016 0016 0042 0016 05a5 0156 0058 0016 0e43
Display	0000 006c 0022 0002 0156 00b1 0016 0016 0016 0042 0016 0042 0016 0016 0016 0042 0016 0042 0016 0016 0016 0042 0016 0042 0016 0016 0016 0016 0016 0042 0016 0016 0016 0016 0016 0042 0016 0016 0016 0016 0016 0016 0016 0016 0016 0042 0016 0042 0016 0016 0016 0016 0016 0016 0016 0042 0016 0042 0016 0042 0016 0016 0016 0016 0016 0042 0016 0042 0016 0042 0016 05a5 0156 0058 0016 0e43
1	0000 006c 0022 0002 0156 00b1 0016 0016 0016 0042 0016 0042 0016 0016 0016 0042 0016 0042 0016 0016 0016 0042 0016 0042 0016 0016 0016 0016 0016 0042 0016 0016 0016 0016 0016 0042 0016 0016 0016 0042 0016 0016 0016 0016 0016 0016 0016 0016 0016 0016 0016 0016 0016 0016 0016 0016 0016 0042 0016 0042 0016 0042 0016 0042 0016 0042 0016 0042 0016 0042 0016 05a5 0156 0058 0016 0e43
2	0000 006c 0022 0002 0156 00b1 0016 0016 0016 0042 0016 0042 0016 0016 0016 0042 0016 0042 0016 0016 0016 0042 0016 0042 0016 0016 0016 0016 0016 0042 0016 0016 0016 0016 0016 0042 0016 0016 0016 0016 0016 0042 0016 0016 0016 0016 0016 0016 0016 0016 0016 0016 0016 0016 0016 0042 0016 0016 0016 0042 0016 0042 0016 0042 0016 0042 0016 0042 0016 0042 0016 05a5 0156 0058 0016 0e43
3	0000 006c 0022 0002 0156 00b1 0016 0016 0016 0042 0016 0042 0016 0016 0016 0042 0016 0042 0016 0016 0016 0042 0016 0042 0016 0016 0016 0016 0016 0042 0016 0016 0016 0016 0016 0042 0016 0016 0016 0042 0016 0042 0016 0016 0016 0016 0016 0016 0016 0016 0016 0016 0016 0016 0016 0016 0016 0016 0016 0042 0016 0042 0016 0042 0016 0042 0016 0042 0016 0042 0016 05a5 0156 0058 0016 0e43
4	0000 006c 0022 0002 0156 00b1 0016 0016 0016 0042 0016 0042 0016 0016 0016 0042 0016 0042 0016 0016 0016 0042 0016 0042 0016 0016 0016 0016 0016 0042 0016 0016 0016 0016 0016 0042 0016 0016 0016 0016 0016 0016 0016 0042 0016 0016 0016 0016 0016 0016 0016 0016 0016 0016 0016 0042 0016 0042 0016 0016 0016 0042 0016 0042 0016 0042 0016 0042 0016 0042 0016 05a5 0156 0058 0016 0e43
5	0000 006c 0022 0002 0156 00b1 0016 0016 0016 0042 0016 0042 0016 0016 0016 0042 0016 0042 0016 0016 0016 0042 0016 0042 0016 0016 0016 0016 0016 0042 0016 0016 0016 0016 0016 0042 0016 0016 0016 0042 0016 0016 0016 0042 0016 0016 0016 0016 0016 0016 0016 0016 0016 0016 0016 0016 0016 0042 0016 0016 0016 0042 0016 0042 0016 0042 0016 0042 0016 0042 0016 05a5 0156 0058 0016 0e43
6	0000 006c 0022 0002 0156 00b1 0016 0016 0016 0042 0016 0042 0016 0016 0016 0042 0016 0042 0016 0016 0016 0042 0016 0042 0016 0016 0016 0016 0016 0042 0016 0016 0016 0016 0016 0042 0016 0016 0016 0016 0016 0042 0016 0042 0016 0016 0016 0016 0016 0016 0016 0016 0016 0016 0016 0042 0016 0016 0016 0016 0016 0042 0016 0042 0016 0042 0016 0042 0016 0042 0016 05a5 0156 0058 0016 0e43
7	0000 006c 0022 0002 0156 00b1 0016 0016 0016 0042 0016 0042 0016 0016 0016 0042 0016 0042 0016 0016 0016 0042 0016 0042 0016 0016 0016 0016 0016 0042 0016 0016 0016 0016 0016 0042 0016 0016 0016 0042 0016 0042 0016 0042 0016 0016 0016 0016 0016 0016 0016 0016 0016 0016 0016 0016 0016 0016 0016 0016 0016 0042 0016 0042 0016 0042 0016 0042 0016 0042 0016 05a5 0156 0058 0016 0e43
8	0000 006c 0022 0002 0156 00b1 0016 0016 0016 0042 0016 0042 0016 0016 0016 0042 0016 0042 0016 0016 0016 0042 0016 0042 0016 0016 0016 0016 0016 0042 0016 0016 0016 0016 0016 0042 0016 0016 0016 0016 0016 0016 0016 0016 0016 0042 0016 0016 0016 0016 0016 0016 0016 0016 0016 0042 0016 0042 0016 0042 0016 0016 0016 0042 0016 0042 0016 0042 0016 0042 0016 05a5 0156 0058 0016 0e43
9	0000 006c 0022 0002 0156 00b1 0016 0016 0016 0042 0016 0042 0016 0016 0016 0042 0016 0042 0016 0016 0016 0042 0016 0042 0016 0016 0016 0016 0016 0042 0016 0016 0016 0016 0016 0042 0016 0016 0016 0042 0016 0016 0016 0016 0016 0042 0016 0016 0016 0016 0016 0016 0016 0016 0016 0016 0016 0042 0016 0042 0016 0016 0016 0042 0016 0042 0016 0042 0016 0042 0016 05a5 0156 0058 0016 0e43
0	0000 006c 0022 0002 0156 00b1 0016 0016 0016 0042 0016 0042 0016 0016 0016 0042 0016 0042 0016 0016 0016 0042 0016 0042 0016 0016 0016 0016 0016 0042 0016 0016 0016 0016 0016 0042 0016 0016 0016 0016 0016 0016 0016 0016 0016 0016 0016 0016 0016 0016 0016 0016 0016 0016 0016 0042 0016 0042 0016 0042 0016 0042 0016 0042 0016 0042 0016 0042 0016 0042 0016 05a5 0156 0058 0016 0e43
+10	0000 006c 0022 0002 0156 00b1 0016 0016 0016 0042 0016 0042 0016 0016 0016 0042 0016 0042 0016 0016 0016 0042 0016 0042 0016 0016 0016 0016 0016 0042 0016 0016 0016 0016 0016 0042 0016 0016 0016 0016 0016 0042 0016 0016 0016 0042 0016 0016 0016 0016 0016 0016 0016 0016 0016 0042 0016 0016 0016 0042 0016 0016 0016 0042 0016 0042 0016 0042 0016 0042 0016 05a5 0156 0058 0016 0e43
+100	0000 006c 0022 0002 0156 00b1 0016 0016 0016 0042 0016 0042 0016 0016 0016 0042 0016 0042 0016 0016 0016 0042 0016 0016 0016 0016 0016 0016 0016 0042 0016 0016 0016 0016 0016 0042 0016 0016 0016 0016 0016 0016 0016 0016 0016 0016 0016 0016 0016 0016 0016 0016 0016 0016 0016 0042 0016 0042 0016 0042 0016 0042 0016 0042 0016 0042 0016 0042 0016 0042 0016 05d1 0156 0058 0016 0e43
Mode	0000 006c 0022 0002 0156 00b1 0016 0016 0016 0042 0016 0042 0016 0016 0016 0042 0016 0042 0016 0016 0016 0042 0016 0016 0016 0016 0016 0016 0016 0042 0016 0016 0016 0016 0016 0042 0016 0016 0016 0042 0016 0042 0016 0016 0016 0016 0016 0016 0016 0016 0016 0016 0016 0016 0016 0016 0016 0016 0016 0042 0016 0042 0016 0042 0016 0042 0016 0042 0016 0042 0016 05d1 0156 0058 0016 0e43
R Disc	0000 006c 0022 0002 0156 00b1 0016 0016 0016 0042 0016 0042 0016 0016 0016 0042 0016 0042 0016 0016 0016 0042 0016 0042 0016 0016 0016 0016 0016 0042 0016 0016 0016 0016 0016 0042 0016 0016 0016 0016 0016 0042 0016 0016 0016 0042 0016 0042 0016 0016 0016 0016 0016 0042 0016 0042 0016 0016 0016 0042 0016 0016 0016 0016 0016 0042 0016 0042 0016 0016 0016 05a5 0156 0058 0016 0e43
F Disc	0000 006c 0022 0002 0156 00b1 0016 0016 0016 0042 0016 0042 0016 0016 0016 0042 0016 0042 0016 0016 0016 0042 0016 0042 0016 0016 0016 0016 0016 0042 0016 0016 0016 0016 0016 0042 0016 0016 0016 0042 0016 0016 0016 0042 0016 0042 0016 0016 0016 0016 0016 0042 0016 0016 0016 0016 0016 0042 0016 0016 0016 0016 0016 0042 0016 0042 0016 0016 0016 0042 0016 05a5 0156 0058 0016 0e43
Disc	0000 006c 0022 0002 0156 00b1 0016 0016 0016 0042 0016 0042 0016 0016 0016 0042 0016 0042 0016 0016 0016 0042 0016 0042 0016 0016 0016 0016 0016 0042 0016 0016 0016 0016 0016 0042 0016 0016 0016 0016 0016 0016 0016 0042 0016 0042 0016 0042 0016 0016 0016 0016 0016 0042 0016 0042 0016 0042 0016 0016 0016 0016 0016 0016 0016 0042 0016 0042 0016 0016 0016 05a5 0156 0058 0016 0e43
Set	0000 006c 0022 0002 0156 00b1 0016 0016 0016 0042 0016 0042 0016 0016 0016 0042 0016 0042 0016 0016 0016 0042 0016 0042 0016 0016 0016 0016 0016 0042 0016 0016 0016 0016 0016 0042 0016 0016 0016 0042 0016 0042 0016 0016 0016 0042 0016 0042 0016 0016 0016 0016 0016 0042 0016 0016 0016 0016 0016 0042 0016 0016 0016 0016 0016 0042 0016 0042 0016 0016 0016 05a5 0156 0058 0016 0e43
Enter	0000 006c 0022 0002 0156 00b1 0016 0016 0016 0042 0016 0042 0016 0016 0016 0042 0016 0042 0016 0016 0016 0042 0016 0042 0016 0016 0016 0016 0016 0042 0016 0016 0016 0016 0016 0042 0016 0016 0016 0042 0016 0042 0016 0016 0016 0016 0016 0042 0016 0016 0016 0042 0016 0042 0016 0016 0016 0016 0016 0042 0016 0042 0016 0016 0016 0042 0016 0016 0016 0016 0016 05a5 0156 0058 0016 0e43
P Mode	0000 006c 0022 0002 0156 00b1 0016 0016 0016 0042 0016 0042 0016 0016 0016 0042 0016 0042 0016 0016 0016 0042 0016 0042 0016 0016 0016 0016 0016 0042 0016 0016 0016 0016 0016 0042 0016 0016 0016 0042 0016 0016 0016 0042 0016 0016 0016 0016 0016 0016 0016 0042 0016 0016 0016 0016 0016 0042 0016 0016 0016 0042 0016 0042 0016 0042 0016 0016 0016 0042 0016 05a5 0156 0058 0016 0e43
Space	0000 006c 0022 0002 0156 00b1 0016 0016 0016 0042 0016 0042 0016 0016 0016 0042 0016 0042 0016 0016 0016 0042 0016 0042 0016 0016 0016 0016 0016 0042 0016 0016 0016 0016 0016 0042 0016 0016 0016 0042 0016 0042 0016 0016 0016 0042 0016 0042 0016 0016 0016 0016 0016 0016 0016 0016 0016 0016 0016 0042 0016 0016 0016 0016 0016 0042 0016 0042 0016 0042 0016 05a5 0156 0058 0016 0e43
Insert	0000 006c 0022 0002 0156 00b1 0016 0016 0016 0042 0016 0042 0016 0016 0016 0042 0016 0042 0016 0016 0016 0042 0016 0016 0016 0016 0016 0016 0016 0042 0016 0016 0016 0016 0016 0042 0016 0016 0016 0016 0016 0016 0016 0042 0016 0016 0016 0016 0016 0016 0016 0016 0016 0016 0016 0042 0016 0042 0016 0016 0016 0042 0016 0042 0016 0042 0016 0042 0016 0042 0016 05d1 0156 0058 0016 0e43
Delete	0000 006c 0022 0002 0156 00b1 0016 0016 0016 0042 0016 0042 0016 0016 0016 0042 0016 0042 0016 0016 0016 0042 0016 0042 0016 0016 0016 0016 0016 0042 0016 0016 0016 0016 0016 0042 0016 0016 0016 0016 0016 0042 0016 0016 0016 0042 0016 0042 0016 0016 0016 0016 0016 0016 0016 0042 0016 0016 0016 0042 0016 0016 0016 0016 0016 0042 0016 0042 0016 0042 0016 05a5 0156 0058 0016 0e43
Play	0000 006c 0022 0002 0156 00b1 0016 0016 0016 0042 0016 0042 0016 0016 0016 0042 0016 0042 0016 0016 0016 0042 0016 0042 0016 0016 0016 0016 0016 0042 0016 0016 0016 0016 0016 0042 0016 0016 0016 0042 0016 0042 0016 0016 0016 0016 0016 0042 0016 0016 0016 0016 0016 0016 0016 0016 0016 0016 0016 0042 0016 0042 0016 0016 0016 0042 0016 0042 0016 0042 0016 05a5 0156 0058 0016 0e43
Stop	0000 006c 0022 0002 0156 00b1 0016 0016 0016 0042 0016 0042 0016 0016 0016 0042 0016 0042 0016 0016 0016 0042 0016 0042 0016 0016 0016 0016 0016 0042 0016 0016 0016 0016 0016 0042 0016 0016 0016 0042 0016 0016 0016 0016 0016 0016 0016 0042 0016 0016 0016 0016 0016 0016 0016 0016 0016 0042 0016 0042 0016 0042 0016 0016 0016 0042 0016 0042 0016 0042 0016 05a5 0156 0058 0016 0e43
R Trk	0000 006c 0022 0002 0156 00b1 0016 0016 0016 0042 0016 0042 0016 0016 0016 0042 0016 0042 0016 0016 0016 0042 0016 0042 0016 0016 0016 0016 0016 0042 0016 0016 0016 0016 0016 0042 0016 0016 0016 0016 0016 0042 0016 0042 0016 0016 0016 0042 0016 0016 0016 0016 0016 0016 0016 0042 0016 0016 0016 0016 0016 0042 0016 0016 0016 0042 0016 0042 0016 0042 0016 05a5 0156 0058 0016 0e43
F Trk	0000 006c 0022 0002 0156 00b1 0016 0016 0016 0042 0016 0042 0016 0016 0016 0042 0016 0042 0016 0016 0016 0042 0016 0042 0016 0016 0016 0016 0016 0042 0016 0016 0016 0016 0016 0042 0016 0016 0016 0042 0016 0042 0016 0042 0016 0016 0016 0042 0016 0016 0016 0016 0016 0016 0016 0016 0016 0016 0016 0016 0016 0042 0016 0016 0016 0042 0016 0042 0016 0042 0016 05a5 0156 0058 0016 0e43
Rew	0000 006c 0022 0002 0156 00b1 0016 0016 0016 0042 0016 0042 0016 0016 0016 0042 0016 0042 0016 0016 0016 0042 0016 0042 0016 0016 0016 0016 0016 0042 0016 0016 0016 0016 0016 0042 0016 0016 0016 0016 0016 0016 0016 0042 0016 0016 0016 0042 0016 0016 0016 0016 0016 0016 0016 0042 0016 0042 0016 0016 0016 0042 0016 0016 0016 0042 0016 0042 0016 0042 0016 05a5 0156 0058 0016 0e43
Ffwd	0000 006c 0022 0002 0156 00b1 0016 0016 0016 0042 0016 0042 0016 0016 0016 0042 0016 0042 0016 0016 0016 0042 0016 0042 0016 0016 0016 0016 0016 0042 0016 0016 0016 0016 0016 0042 0016 0016 0016 0042 0016 0016 0016 0042 0016 0016 0016 0042 0016 0016 0016 0016 0016 0016 0016 0016 0016 0042 0016 0016 0016 0042 0016 0016 0016 0042 0016 0042 0016 0042 0016 05a5 0156 0058 0016 0e43
