Confirm	0000 006d 0022 0002 0155 00b0 0016 0016 0016 0042 0016 0042 0016 0016 0016 0042 0016 0042 0016 0016 0016 0042 0016 0016 0016 0016 0016 0016 0016 0042 0016 0016 0016 0016 0016 0042 0016 0016 0016 0016 0016 0042 0016 0016 0016 0016 0016 0016 0016 0016 0016 0016 0016 0016 0016 0042 0016 0016 0016 0042 0016 0042 0016 0042 0016 0042 0016 0042 0016 0042 0016 05ce 0155 0058 0016 0e3b
Power	0000 006d 0022 0002 0155 00b0 0016 0016 0016 0042 0016 0042 0016 0016 0016 0042 0016 0042 0016 0016 0016 0042 0016 0042 0016 0016 0016 0016 0016 0042 0016 0016 0016 0016 0016 0042 0016 0016 0016 0042 0016 0016 0016 0016 0016 0016 0016 0042 0016 0016 0016 0016 0016 0042 0016 0016 0016 0042 0016 0042 0016 0042 0016 0016 0016 0042 0016 0042 0016 0016 0016 05a2 0155 0058 0016 0e3b
BE Selection	0000 006d 0022 0002 0155 00b0 0016 0016 0016 0042 0016 0042 0016 0016 0016 0042 0016 0042 0016 0016 0016 0042 0016 0042 0016 0016 0016 0016 0016 0042 0016 0016 0016 0016 0016 0042 0016 0016 0016 0016 0016 0042 0016 0016 0016 0016 0016 0042 0016 0016 0016 0042 0016 0042 0016 0042 0016 0016 0016 0042 0016 0042 0016 0016 0016 0042 0016 0016 0016 0016 0016 05a2 0155 0058 0016 0e3b
Repeat	0000 006d 0022 0002 0155 00b0 0016 0016 0016 0042 0016 0042 0016 0016 0016 0042 0016 0042 0016 0016 0016 0042 0016 0042 0016 0016 0016 0016 0016 0042 0016 0016 0016 0016 0016 0042 0016 0016 0016 0042 0016 0016 0016 0016 0016 0042 0016 0042 0016 0016 0016 0016 0016 0016 0016 0016 0016 0042 0016 0042 0016 0016 0016 0016 0016 0042 0016 0042 0016 0042 0016 05a2 0155 0058 0016 0e3b
Random	0000 006d 0022 0002 0155 00b0 0016 0016 0016 0042 0016 0042 0016 0016 0016 0042 0016 0042 0016 0016 0016 0042 0016 0042 0016 0016 0016 0016 0016 0042 0016 0016 0016 0016 0016 0042 0016 0016 0016 0042 0016 0042 0016 0042 0016 0042 0016 0016 0016 0016 0016 0042 0016 0016 0016 0016 0016 0016 0016 0016 0016 0016 0016 0042 0016 0042 0016 0016 0016 0042 0016 05a2 0155 0058 0016 0e3b
Display	0000 006d 0022 0002 0155 00b0 0016 0016 0016 0042 0016 0042 0016 0016 0016 0042 0016 0042 0016 0016 0016 0042 0016 0042 0016 0016 0016 0016 0016 0042 0016 0016 0016 0016 0016 0042 0016 0016 0016 0016 0016 0016 0016 0016 0016 0042 0016 0042 0016 0016 0016 0016 0016 0016 0016 0042 0016 0042 0016 0042 0016 0016 0016 0016 0016 0042 0016 0042 0016 0042 0016 05a2 0155 0058 0016 0e3b
1	0000 006d 0022 0002 0155 00b0 0016 0016 0016 0042 0016 0042 0016 0016 0016 0042 0016 0042 0016 0016 0016 0042 0016 0042 0016 0016 0016 0016 0016 0042 0016 0016 0016 0016 0016 0042 0016 0016 0016 0042 0016 0016 0016 0016 0016 0016 0016 0016 0016 0016 0016 0016 0016 0016 0016 0016 0016 0042 0016 0042 0016 0042 0016 0042 0016 0042 0016 0042 0016 0042 0016 05a2 0155 0058 0016 0e3b
2	0000 006d 0022 0002 0155 00b0 0016 0016 0016 0042 0016 0042 0016 0016 0016 0042 0016 0042 0016 0016 0016 0042 0016 0042 0016 0016 0016 0016 0016 0042 0016 0016 0016 0016 0016 0042 0016 0016 0016 0016 0016 0042 0016 0016 0016 0016 0016 0016 0016 0016 0016 0016 0016 0016 0016 0042 0016 0016 0016 0042 0016 0042 0016 0042 0016 0042 0016 0042 0016 0042 0016 05a2 0155 0058 0016 0e3b
3	0000 006d 0022 0002 0155 00b0 0016 0016 0016 0042 0016 0042 0016 0016 0016 0042 0016 0042 0016 0016 0016 0042 0016 0042 0016 0016 0016 0016 0016 0042 0016 0016 0016 0016 0016 0042 0016 0016 0016 0042 0016 0042 0016 0016 0016 0016 0016 0016 0016 0016 0016 0016 0016 0016 0016 0016 0016 0016 0016 0042 0016 0042 0016 0042 0016 0042 0016 0042 0016 0042 0016 05a2 0155 0058 0016 0e3b
4	0000 006d 0022 0002 0155 00b0 0016 0016 0016 0042 0016 0042 0016 0016 0016 0042 0016 0042 0016 0016 0016 0042 0016 0042 0016 0016 0016 0016 0016 0042 0016 0016 0016 0016 0016 0042 0016 0016 0016 0016 0016 0016 0016 0042 0016 0016 0016 0016 0016 0016 0016 0016 0016 0016 0016 0042 0016 0042 0016 0016 0016 0042 0016 0042 0016 0042 0016 0042 0016 0042 0016 05a2 0155 0058 0016 0e3b
5	0000 006d 0022 0002 0155 00b0 0016 0016 0016 0042 0016 0042 0016 0016 0016 0042 0016 0042 0016 0016 0016 0042 0016 0042 0016 0016 0016 0016 0016 0042 0016 0016 0016 0016 0016 0042 0016 0016 0016 0042 0016 0016 0016 0042 0016 0016 0016 0016 0016 0016 0016 0016 0016 0016 0016 0016 0016 0042 0016 0016 0016 0042 0016 0042 0016 0042 0016 0042 0016 0042 0016 05a2 0155 0058 0016 0e3b
6	0000 006d 0022 0002 0155 00b0 0016 0016 0016 0042 0016 0042 0016 0016 0016 0042 0016 0042 0016 0016 0016 0042 0016 0042 0016 0016 0016 0016 0016 0042 0016 0016 0016 0016 0016 0042 0016 0016 0016 0016 0016 0042 0016 0042 0016 0016 0016 0016 0016 0016 0016 0016 0016 0016 0016 0042 0016 0016 0016 0016 0016 0042 0016 0042 0016 0042 0016 0042 0016 0042 0016 05a2 0155 0058 0016 0e3b
7	0000 006d 0022 0002 0155 00b0 0016 0016 0016 0042 0016 0042 0016 0016 0016 0042 0016 0042 0016 0016 0016 0042 0016 0042 0016 0016 0016 0016 0016 0042 0016 0016 0016 0016 0016 0042 0016 0016 0016 0042 0016 0042 0016 0042 0016 0016 0016 0016 0016 0016 0016 0016 0016 0016 0016 0016 0016 0016 0016 0016 0016 0042 0016 0042 0016 0042 0016 0042 0016 0042 0016 05a2 0155 0058 0016 0e3b
8	0000 006d 0022 0002 0155 00b0 0016 0016 0016 0042 0016 0042 0016 0016 0016 0042 0016 0042 0016 0016 0016 0042 0016 0042 0016 0016 0016 0016 0016 0042 0016 0016 0016 0016 0016 0042 0016 0016 0016 0016 0016 0016 0016 0016 0016 0042 0016 0016 0016 0016 0016 0016 0016 0016 0016 0042 0016 0042 0016 0042 0016 0016 0016 0042 0016 0042 0016 0042 0016 0042 0016 05a2 0155 0058 0016 0e3b
9	0000 006d 0022 0002 0155 00b0 0016 0016 0016 0042 0016 0042 0016 0016 0016 0042 0016 0042 0016 0016 0016 0042 0016 0042 0016 0016 0016 0016 0016 0042 0016 0016 0016 0016 0016 0042 0016 0016 0016 0042 0016 0016 0016 0016 0016 0042 0016 0016 0016 0016 0016 0016 0016 0016 0016 0016 0016 0042 0016 0042 0016 0016 0016 0042 0016 0042 0016 0042 0016 0042 0016 05a2 0155 0058 0016 0e3b
0	0000 006d 0022 0002 0155 00b0 0016 0016 0016 0042 0016 0042 0016 0016 0016 0042 0016 0042 0016 0016 0016 0042 0016 0042 0016 0016 0016 0016 0016 0042 0016 0016 0016 0016 0016 0042 0016 0016 0016 0016 0016 0016 0016 0016 0016 0016 0016 0016 0016 0016 0016 0016 0016 0016 0016 0042 0016 0042 0016 0042 0016 0042 0016 0042 0016 0042 0016 0042 0016 0042 0016 05a2 0155 0058 0016 0e3b
+10	0000 006d 0022 0002 0155 00b0 0016 0016 0016 0042 0016 0042 0016 0016 0016 0042 0016 0042 0016 0016 0016 0042 0016 0042 0016 0016 0016 0016 0016 0042 0016 0016 0016 0016 0016 0042 0016 0016 0016 0016 0016 0042 0016 0016 0016 0042 0016 0016 0016 0016 0016 0016 0016 0016 0016 0042 0016 0016 0016 0042 0016 0016 0016 0042 0016 0042 0016 0042 0016 0042 0016 05a2 0155 0058 0016 0e3b
+100	0000 006d 0022 0002 0155 00b0 0016 0016 0016 0042 0016 0042 0016 0016 0016 0042 0016 0042 0016 0016 0016 0042 0016 0016 0016 0016 0016 0016 0016 0042 0016 0016 0016 0016 0016 0042 0016 0016 0016 0016 0016 0016 0016 0016 0016 0016 0016 0016 0016 0016 0016 0016 0016 0016 0016 0042 0016 0042 0016 0042 0016 0042 0016 0042 0016 0042 0016 0042 0016 0042 0016 05ce 0155 0058 0016 0e3b
Mode	0000 006d 0022 0002 0155 00b0 0016 0016 0016 0042 0016 0042 0016 0016 0016 0042 0016 0042 0016 0016 0016 0042 0016 0016 0016 0016 0016 0016 0016 0042 0016 0016 0016 0016 0016 0042 0016 0016 0016 0042 0016 0042 0016 0016 0016 0016 0016 0016 0016 0016 0016 0016 0016 0016 0016 0016 0016 0016 0016 0042 0016 0042 0016 0042 0016 0042 0016 0042 0016 0042 0016 05ce 0155 0058 0016 0e3b
DI Skip-	0000 006d 0022 0002 0155 00b0 0016 0016 0016 0042 0016 0042 0016 0016 0016 0042 0016 0042 0016 0016 0016 0042 0016 0042 0016 0016 0016 0016 0016 0042 0016 0016 0016 0016 0016 0042 0016 0016 0016 0016 0016 0042 0016 0016 0016 0042 0016 0042 0016 0016 0016 0016 0016 0042 0016 0042 0016 0016 0016 0042 0016 0016 0016 0016 0016 0042 0016 0042 0016 0016 0016 05a2 0155 0058 0016 0e3b
DI Skip+	0000 006d 0022 0002 0155 00b0 0016 0016 0016 0042 0016 0042 0016 0016 0016 0042 0016 0042 0016 0016 0016 0042 0016 0042 0016 0016 0016 0016 0016 0042 0016 0016 0016 0016 0016 0042 0016 0016 0016 0042 0016 0016 0016 0042 0016 0042 0016 0016 0016 0016 0016 0042 0016 0016 0016 0016 0016 0042 0016 0016 0016 0016 0016 0042 0016 0042 0016 0016 0016 0042 0016 05a2 0155 0058 0016 0e3b
DI Selector	0000 006d 0022 0002 0155 00b0 0016 0016 0016 0042 0016 0042 0016 0016 0016 0042 0016 0042 0016 0016 0016 0042 0016 0042 0016 0016 0016 0016 0016 0042 0016 0016 0016 0016 0016 0042 0016 0016 0016 0016 0016 0016 0016 0042 0016 0042 0016 0042 0016 0016 0016 0016 0016 0042 0016 0042 0016 0042 0016 0016 0016 0016 0016 0016 0016 0042 0016 0042 0016 0016 0016 05a2 0155 0058 0016 0e3b
Set	0000 006d 0022 0002 0155 00b0 0016 0016 0016 0042 0016 0042 0016 0016 0016 0042 0016 0042 0016 0016 0016 0042 0016 0042 0016 0016 0016 0016 0016 0042 0016 0016 0016 0016 0016 0042 0016 0016 0016 0042 0016 0042 0016 0016 0016 0042 0016 0042 0016 0016 0016 0016 0016 0042 0016 0016 0016 0016 0016 0042 0016 0016 0016 0016 0016 0042 0016 0042 0016 0016 0016 05a2 0155 0058 0016 0e3b
Enter	0000 006d 0022 0002 0155 00b0 0016 0016 0016 0042 0016 0042 0016 0016 0016 0042 0016 0042 0016 0016 0016 0042 0016 0042 0016 0016 0016 0016 0016 0042 0016 0016 0016 0016 0016 0042 0016 0016 0016 0042 0016 0042 0016 0016 0016 0016 0016 0042 0016 0016 0016 0042 0016 0042 0016 0016 0016 0016 0016 0042 0016 0042 0016 0016 0016 0042 0016 0016 0016 0016 0016 05a2 0155 0058 0016 0e3b
Stop	0000 006d 0022 0002 0155 00b0 0016 0016 0016 0042 0016 0042 0016 0016 0016 0042 0016 0042 0016 0016 0016 0042 0016 0042 0016 0016 0016 0016 0016 0042 0016 0016 0016 0016 0016 0042 0016 0016 0016 0042 0016 0016 0016 0016 0016 0016 0016 0042 0016 0016 0016 0016 0016 0016 0016 0016 0016 0042 0016 0042 0016 0042 0016 0016 0016 0042 0016 0042 0016 0042 0016 05a2 0155 0058 0016 0e3b
Play	0000 006d 0022 0002 0155 00b0 0016 0016 0016 0042 0016 0042 0016 0016 0016 0042 0016 0042 0016 0016 0016 0042 0016 0042 0016 0016 0016 0016 0016 0042 0016 0016 0016 0016 0016 0042 0016 0016 0016 0042 0016 0042 0016 0016 0016 0016 0016 0042 0016 0016 0016 0016 0016 0016 0016 0016 0016 0016 0016 0042 0016 0042 0016 0016 0016 0042 0016 0042 0016 0042 0016 05a2 0155 0058 0016 0e3b
Character/R Mode	0000 006d 0022 0002 0155 00b0 0016 0016 0016 0042 0016 0042 0016 0016 0016 0042 0016 0042 0016 0016 0016 0042 0016 0042 0016 0016 0016 0016 0016 0042 0016 0016 0016 0016 0016 0042 0016 0016 0016 0042 0016 0016 0016 0042 0016 0016 0016 0016 0016 0016 0016 0042 0016 0016 0016 0016 0016 0042 0016 0016 0016 0042 0016 0042 0016 0042 0016 0016 0016 0042 0016 05a2 0155 0058 0016 0e3b
Space/Check	0000 006d 0022 0002 0155 00b0 0016 0016 0016 0042 0016 0042 0016 0016 0016 0042 0016 0042 0016 0016 0016 0042 0016 0042 0016 0016 0016 0016 0016 0042 0016 0016 0016 0016 0016 0042 0016 0016 0016 0042 0016 0042 0016 0016 0016 0042 0016 0042 0016 0016 0016 0016 0016 0016 0016 0016 0016 0016 0016 0042 0016 0016 0016 0016 0016 0042 0016 0042 0016 0042 0016 05a2 0155 0058 0016 0e3b
Character/Search-	0000 006d 0022 0002 0155 00b0 0016 0016 0016 0042 0016 0042 0016 0016 0016 0042 0016 0042 0016 0016 0016 0042 0016 0042 0016 0016 0016 0016 0016 0042 0016 0016 0016 0016 0016 0042 0016 0016 0016 0016 0016 0042 0016 0042 0016 0016 0016 0042 0016 0016 0016 0016 0016 0016 0016 0042 0016 0016 0016 0016 0016 0042 0016 0016 0016 0042 0016 0042 0016 0042 0016 05a2 0155 0058 0016 0e3b
Character/Search+	0000 006d 0022 0002 0155 00b0 0016 0016 0016 0042 0016 0042 0016 0016 0016 0042 0016 0042 0016 0016 0016 0042 0016 0042 0016 0016 0016 0016 0016 0042 0016 0016 0016 0016 0016 0042 0016 0016 0016 0042 0016 0042 0016 0042 0016 0016 0016 0042 0016 0016 0016 0016 0016 0016 0016 0016 0016 0016 0016 0016 0016 0042 0016 0016 0016 0042 0016 0042 0016 0042 0016 05a2 0155 0058 0016 0e3b
Insert	0000 006d 0022 0002 0155 00b0 0016 0016 0016 0042 0016 0042 0016 0016 0016 0042 0016 0042 0016 0016 0016 0042 0016 0016 0016 0016 0016 0016 0016 0042 0016 0016 0016 0016 0016 0042 0016 0016 0016 0016 0016 0016 0016 0042 0016 0016 0016 0016 0016 0016 0016 0016 0016 0016 0016 0042 0016 0042 0016 0016 0016 0042 0016 0042 0016 0042 0016 0042 0016 0042 0016 05ce 0155 0058 0016 0e3b
Clear	0000 006d 0022 0002 0155 00b0 0016 0016 0016 0042 0016 0042 0016 0016 0016 0042 0016 0042 0016 0016 0016 0042 0016 0042 0016 0016 0016 0016 0016 0042 0016 0016 0016 0016 0016 0042 0016 0016 0016 0016 0016 0042 0016 0016 0016 0042 0016 0042 0016 0016 0016 0016 0016 0016 0016 0042 0016 0016 0016 0042 0016 0016 0016 0016 0016 0042 0016 0042 0016 0042 0016 05a2 0155 0058 0016 0e3b
Rew	0000 006d 0022 0002 0155 00b0 0016 0016 0016 0042 0016 0042 0016 0016 0016 0042 0016 0042 0016 0016 0016 0042 0016 0042 0016 0016 0016 0016 0016 0042 0016 0016 0016 0016 0016 0042 0016 0016 0016 0016 0016 0016 0016 0042 0016 0016 0016 0042 0016 0016 0016 0016 0016 0016 0016 0042 0016 0042 0016 0016 0016 0042 0016 0016 0016 0042 0016 0042 0016 0042 0016 05a2 0155 0058 0016 0e3b
Ffwd	0000 006d 0022 0002 0155 00b0 0016 0016 0016 0042 0016 0042 0016 0016 0016 0042 0016 0042 0016 0016 0016 0042 0016 0042 0016 0016 0016 0016 0016 0042 0016 0016 0016 0016 0016 0042 0016 0016 0016 0042 0016 0016 0016 0042 0016 0016 0016 0042 0016 0016 0016 0016 0016 0016 0016 0016 0016 0042 0016 0016 0016 0042 0016 0016 0016 0042 0016 0042 0016 0042 0016 05a2 0155 0058 0016 0e3b
