Power	0000 006d 0022 0002 0347 01a3 0034 0034 0034 0034 0034 0034 0034 009d 0034 009d 0034 009d 0034 0034 0034 009d 0034 009d 0034 009d 0034 009d 0034 0034 0034 0034 0034 0034 0034 009d 0034 0034 0034 009d 0034 0034 0034 009d 0034 009d 0034 009d 0034 0034 0034 0034 0034 009d 0034 0034 0034 009d 0034 0034 0034 0034 0034 0034 0034 009d 0034 009d 0034 0034 0034 0e89 0347 00d2 0034 2301
Mac 1	0000 006d 0022 0002 0347 01a3 0034 0034 0034 0034 0034 0034 0034 009d 0034 009d 0034 009d 0034 0034 0034 009d 0034 0034 0034 009d 0034 0034 0034 0034 0034 0034 0034 0034 0034 0034 0034 0034 0034 009d 0034 009d 0034 009d 0034 0034 0034 0034 0034 0034 0034 0034 0034 009d 0034 0034 0034 0034 0034 0034 0034 009d 0034 009d 0034 009d 0034 009d 0034 0034 0034 0fc4 0347 00d2 0034 2301
Mac 2	0000 006d 0022 0002 0347 01a3 0034 0034 0034 0034 0034 0034 0034 009d 0034 009d 0034 009d 0034 0034 0034 009d 0034 0034 0034 009d 0034 0034 0034 0034 0034 0034 0034 0034 0034 0034 0034 0034 0034 0034 0034 0034 0034 0034 0034 009d 0034 0034 0034 0034 0034 0034 0034 009d 0034 009d 0034 009d 0034 009d 0034 0034 0034 009d 0034 009d 0034 009d 0034 0034 0034 0fc4 0347 00d2 0034 2301
Input	0000 006d 0022 0002 0347 01a3 0034 0034 0034 0034 0034 0034 0034 009d 0034 009d 0034 009d 0034 0034 0034 009d 0034 009d 0034 0034 0034 0034 0034 0034 0034 0034 0034 0034 0034 0034 0034 0034 0034 0034 0034 0034 0034 009d 0034 009d 0034 0034 0034 0034 0034 009d 0034 009d 0034 009d 0034 009d 0034 0034 0034 0034 0034 009d 0034 009d 0034 0034 0034 0034 0034 0fc4 0347 00d2 0034 2301
Receiver	0000 006d 0022 0002 0347 01a3 0034 0034 0034 0034 0034 0034 0034 009d 0034 009d 0034 009d 0034 0034 0034 009d 0034 0034 0034 009d 0034 0034 0034 0034 0034 0034 0034 0034 0034 0034 0034 0034 0034 009d 0034 009d 0034 0034 0034 0034 0034 009d 0034 0034 0034 0034 0034 009d 0034 0034 0034 0034 0034 009d 0034 009d 0034 0034 0034 009d 0034 009d 0034 0034 0034 0fc4 0347 00d2 0034 2301
TA A	0000 006d 0022 0002 0347 01a3 0034 0034 0034 0034 0034 0034 0034 009d 0034 009d 0034 009d 0034 0034 0034 009d 0034 0034 0034 009d 0034 0034 0034 0034 0034 0034 0034 0034 0034 0034 0034 0034 0034 0034 0034 0034 0034 009d 0034 0034 0034 009d 0034 0034 0034 0034 0034 009d 0034 009d 0034 009d 0034 0034 0034 009d 0034 0034 0034 009d 0034 009d 0034 0034 0034 0fc4 0347 00d2 0034 2301
TA B/MD	0000 006d 0022 0002 0347 01a3 0034 0034 0034 0034 0034 0034 0034 009d 0034 009d 0034 009d 0034 0034 0034 009d 0034 0034 0034 009d 0034 0034 0034 0034 0034 0034 0034 0034 0034 0034 0034 0034 0034 009d 0034 0034 0034 009d 0034 0034 0034 009d 0034 0034 0034 0034 0034 009d 0034 0034 0034 009d 0034 0034 0034 009d 0034 0034 0034 009d 0034 009d 0034 0034 0034 0fc4 0347 00d2 0034 2301
Displ Mode	0000 006d 0022 0002 0347 01a3 0034 0034 0034 0034 0034 0034 0034 009d 0034 009d 0034 009d 0034 0034 0034 009d 0034 0034 0034 009d 0034 0034 0034 0034 0034 0034 0034 0034 0034 0034 0034 0034 0034 0034 0034 009d 0034 009d 0034 009d 0034 009d 0034 0034 0034 0034 0034 0034 0034 009d 0034 0034 0034 0034 0034 0034 0034 0034 0034 009d 0034 009d 0034 009d 0034 0fc4 0347 00d2 0034 2301
1	0000 006d 0022 0002 0347 01a3 0034 0034 0034 0034 0034 0034 0034 009d 0034 009d 0034 009d 0034 0034 0034 009d 0034 009d 0034 009d 0034 009d 0034 0034 0034 0034 0034 0034 0034 009d 0034 0034 0034 009d 0034 0034 0034 0034 0034 0034 0034 0034 0034 0034 0034 0034 0034 009d 0034 0034 0034 009d 0034 009d 0034 009d 0034 009d 0034 009d 0034 009d 0034 0034 0034 0e89 0347 00d2 0034 2301
2	0000 006d 0022 0002 0347 01a3 0034 0034 0034 0034 0034 0034 0034 009d 0034 009d 0034 009d 0034 0034 0034 009d 0034 009d 0034 009d 0034 009d 0034 0034 0034 0034 0034 0034 0034 009d 0034 0034 0034 0034 0034 009d 0034 0034 0034 0034 0034 0034 0034 0034 0034 0034 0034 009d 0034 009d 0034 0034 0034 009d 0034 009d 0034 009d 0034 009d 0034 009d 0034 0034 0034 0e89 0347 00d2 0034 2301
3	0000 006d 0022 0002 0347 01a3 0034 0034 0034 0034 0034 0034 0034 009d 0034 009d 0034 009d 0034 0034 0034 009d 0034 009d 0034 009d 0034 009d 0034 0034 0034 0034 0034 0034 0034 009d 0034 0034 0034 009d 0034 009d 0034 0034 0034 0034 0034 0034 0034 0034 0034 0034 0034 009d 0034 0034 0034 0034 0034 009d 0034 009d 0034 009d 0034 009d 0034 009d 0034 0034 0034 0e89 0347 00d2 0034 2301
4	0000 006d 0022 0002 0347 01a3 0034 0034 0034 0034 0034 0034 0034 009d 0034 009d 0034 009d 0034 0034 0034 009d 0034 009d 0034 009d 0034 009d 0034 0034 0034 0034 0034 0034 0034 009d 0034 0034 0034 0034 0034 0034 0034 009d 0034 0034 0034 0034 0034 0034 0034 0034 0034 009d 0034 009d 0034 009d 0034 0034 0034 009d 0034 009d 0034 009d 0034 009d 0034 0034 0034 0e89 0347 00d2 0034 2301
5	0000 006d 0022 0002 0347 01a3 0034 0034 0034 0034 0034 0034 0034 009d 0034 009d 0034 009d 0034 0034 0034 009d 0034 009d 0034 009d 0034 009d 0034 0034 0034 0034 0034 0034 0034 009d 0034 0034 0034 009d 0034 0034 0034 009d 0034 0034 0034 0034 0034 0034 0034 0034 0034 009d 0034 0034 0034 009d 0034 0034 0034 009d 0034 009d 0034 009d 0034 009d 0034 0034 0034 0e89 0347 00d2 0034 2301
6	0000 006d 0022 0002 0347 01a3 0034 0034 0034 0034 0034 0034 0034 009d 0034 009d 0034 009d 0034 0034 0034 009d 0034 009d 0034 009d 0034 009d 0034 0034 0034 0034 0034 0034 0034 009d 0034 0034 0034 0034 0034 009d 0034 009d 0034 0034 0034 0034 0034 0034 0034 0034 0034 009d 0034 009d 0034 0034 0034 0034 0034 009d 0034 009d 0034 009d 0034 009d 0034 0034 0034 0e89 0347 00d2 0034 2301
7	0000 006d 0022 0002 0347 01a3 0034 0034 0034 0034 0034 0034 0034 009d 0034 009d 0034 009d 0034 0034 0034 009d 0034 009d 0034 009d 0034 009d 0034 0034 0034 0034 0034 0034 0034 009d 0034 0034 0034 009d 0034 009d 0034 009d 0034 0034 0034 0034 0034 0034 0034 0034 0034 009d 0034 0034 0034 0034 0034 0034 0034 009d 0034 009d 0034 009d 0034 009d 0034 0034 0034 0e8e 0347 00d2 0034 2306
8	0000 006d 0022 0002 0347 01a3 0034 0034 0034 0034 0034 0034 0034 009d 0034 009d 0034 009d 0034 0034 0034 009d 0034 009d 0034 009d 0034 009d 0034 0034 0034 0034 0034 0034 0034 009d 0034 0034 0034 0034 0034 0034 0034 0034 0034 009d 0034 0034 0034 0034 0034 0034 0034 009d 0034 009d 0034 009d 0034 009d 0034 0034 0034 009d 0034 009d 0034 009d 0034 0034 0034 0e8e 0347 00d2 0034 2306
9	0000 006d 0022 0002 0347 01a3 0034 0034 0034 0034 0034 0034 0034 009d 0034 009d 0034 009d 0034 0034 0034 009d 0034 009d 0034 009d 0034 009d 0034 0034 0034 0034 0034 0034 0034 009d 0034 0034 0034 009d 0034 0034 0034 0034 0034 009d 0034 0034 0034 0034 0034 0034 0034 009d 0034 0034 0034 009d 0034 009d 0034 0034 0034 009d 0034 009d 0034 009d 0034 0034 0034 0e8e 0347 00d2 0034 2306
0	0000 006d 0022 0002 0347 01a3 0034 0034 0034 0034 0034 0034 0034 009d 0034 009d 0034 009d 0034 0034 0034 009d 0034 009d 0034 009d 0034 009d 0034 0034 0034 0034 0034 0034 0034 009d 0034 0034 0034 0034 0034 0034 0034 0034 0034 0034 0034 0034 0034 0034 0034 0034 0034 009d 0034 009d 0034 009d 0034 009d 0034 009d 0034 009d 0034 009d 0034 009d 0034 0034 0034 0e8e 0347 00d2 0034 2306
+10	0000 006d 0022 0002 0347 01a3 0034 0034 0034 0034 0034 0034 0034 009d 0034 009d 0034 009d 0034 0034 0034 009d 0034 009d 0034 009d 0034 009d 0034 0034 0034 0034 0034 0034 0034 009d 0034 0034 0034 009d 0034 0034 0034 009d 0034 009d 0034 0034 0034 0034 0034 0034 0034 0034 0034 0034 0034 009d 0034 0034 0034 0034 0034 009d 0034 009d 0034 009d 0034 009d 0034 0e8e 0347 00d2 0034 2306
Ch+	0000 006d 0022 0002 0347 01a3 0034 0034 0034 0034 0034 0034 0034 009d 0034 009d 0034 009d 0034 0034 0034 009d 0034 009d 0034 0034 0034 0034 0034 0034 0034 0034 0034 0034 0034 0034 0034 0034 0034 009d 0034 0034 0034 009d 0034 0034 0034 009d 0034 0034 0034 009d 0034 0034 0034 0034 0034 009d 0034 0034 0034 009d 0034 0034 0034 009d 0034 0034 0034 009d 0034 0fc4 0347 00d2 0034 2301
Ch-	0000 006d 0022 0002 0347 01a3 0034 0034 0034 0034 0034 0034 0034 009d 0034 009d 0034 009d 0034 0034 0034 009d 0034 009d 0034 0034 0034 0034 0034 0034 0034 0034 0034 0034 0034 0034 0034 0034 0034 0034 0034 0034 0034 009d 0034 0034 0034 009d 0034 0034 0034 009d 0034 0034 0034 009d 0034 009d 0034 0034 0034 009d 0034 0034 0034 009d 0034 0034 0034 009d 0034 0fc4 0347 00d2 0034 2301
Vol+	0000 006d 0022 0002 0347 01a3 0034 0034 0034 0034 0034 0034 0034 009d 0034 009d 0034 009d 0034 0034 0034 009d 0034 009d 0034 009d 0034 009d 0034 0034 0034 0034 0034 0034 0034 009d 0034 0034 0034 009d 0034 009d 0034 0034 0034 009d 0034 009d 0034 0034 0034 0034 0034 009d 0034 0034 0034 0034 0034 009d 0034 0034 0034 0034 0034 009d 0034 009d 0034 0034 0034 0e89 0347 00d2 0034 2301
Vol-	0000 006d 0022 0002 0347 01a3 0034 0034 0034 0034 0034 0034 0034 009d 0034 009d 0034 009d 0034 0034 0034 009d 0034 009d 0034 009d 0034 009d 0034 0034 0034 0034 0034 0034 0034 009d 0034 0034 0034 0034 0034 009d 0034 0034 0034 009d 0034 009d 0034 0034 0034 0034 0034 009d 0034 009d 0034 0034 0034 009d 0034 0034 0034 0034 0034 009d 0034 009d 0034 0034 0034 0e89 0347 00d2 0034 2301
Mute	0000 006d 0022 0002 0347 01a3 0034 0034 0034 0034 0034 0034 0034 009d 0034 009d 0034 009d 0034 0034 0034 009d 0034 009d 0034 009d 0034 009d 0034 0034 0034 0034 0034 0034 0034 009d 0034 0034 0034 0034 0034 0034 0034 009d 0034 009d 0034 009d 0034 0034 0034 0034 0034 009d 0034 009d 0034 009d 0034 0034 0034 0034 0034 0034 0034 009d 0034 009d 0034 0034 0034 0e8e 0347 00d2 0034 2306
CD	0000 006d 0022 0002 0347 01a3 0034 0034 0034 0034 0034 0034 0034 009d 0034 009d 0034 009d 0034 0034 0034 009d 0034 0034 0034 009d 0034 0034 0034 0034 0034 0034 0034 0034 0034 0034 0034 0034 0034 0034 0034 009d 0034 009d 0034 0034 0034 009d 0034 0034 0034 0034 0034 009d 0034 009d 0034 0034 0034 0034 0034 009d 0034 0034 0034 009d 0034 009d 0034 0034 0034 0fc4 0347 00d2 0034 2301
LD	0000 006d 0022 0002 0347 01a3 0034 0034 0034 0034 0034 0034 0034 009d 0034 009d 0034 009d 0034 0034 0034 009d 0034 0034 0034 009d 0034 0034 0034 0034 0034 0034 0034 0034 0034 0034 0034 0034 0034 009d 0034 009d 0034 009d 0034 0034 0034 009d 0034 0034 0034 0034 0034 009d 0034 0034 0034 0034 0034 0034 0034 009d 0034 0034 0034 009d 0034 009d 0034 0034 0034 0fc4 0347 00d2 0034 2301
TV	0000 006d 0022 0002 0347 01a3 0034 0034 0034 0034 0034 0034 0034 009d 0034 009d 0034 009d 0034 0034 0034 009d 0034 0034 0034 009d 0034 0034 0034 0034 0034 0034 0034 0034 0034 0034 0034 0034 0034 0034 0034 0034 0034 0034 0034 009d 0034 009d 0034 0034 0034 0034 0034 009d 0034 009d 0034 009d 0034 009d 0034 0034 0034 0034 0034 009d 0034 009d 0034 0034 0034 0fc4 0347 00d2 0034 2301
Vid 1	0000 006d 0022 0002 0347 01a3 0034 0034 0034 0034 0034 0034 0034 009d 0034 009d 0034 009d 0034 0034 0034 009d 0034 0034 0034 009d 0034 0034 0034 0034 0034 0034 0034 0034 0034 0034 0034 0034 0034 009d 0034 0034 0034 0034 0034 009d 0034 009d 0034 0034 0034 0034 0034 009d 0034 0034 0034 009d 0034 009d 0034 0034 0034 0034 0034 009d 0034 009d 0034 0034 0034 0fc4 0347 00d2 0034 2301
Vid 2	0000 006d 0022 0002 0347 01a3 0034 0034 0034 0034 0034 0034 0034 009d 0034 009d 0034 009d 0034 0034 0034 009d 0034 0034 0034 009d 0034 0034 0034 0034 0034 0034 0034 0034 0034 0034 0034 0034 0034 0034 0034 009d 0034 0034 0034 009d 0034 009d 0034 0034 0034 0034 0034 009d 0034 009d 0034 0034 0034 009d 0034 0034 0034 0034 0034 009d 0034 009d 0034 0034 0034 0fc4 0347 00d2 0034 2301
Cable\Sat	0000 006d 0022 0002 0347 01a3 0034 0034 0034 0034 0034 0034 0034 009d 0034 009d 0034 009d 0034 0034 0034 009d 0034 0034 0034 009d 0034 0034 0034 0034 0034 0034 0034 0034 0034 0034 0034 0034 0034 009d 0034 009d 0034 0034 0034 009d 0034 009d 0034 0034 0034 0034 0034 009d 0034 0034 0034 0034 0034 009d 0034 0034 0034 0034 0034 009d 0034 009d 0034 0034 0034 0fc4 0347 00d2 0034 2301
Enter	0000 006d 0022 0002 0347 01a3 0034 0034 0034 0034 0034 0034 0034 009d 0034 009d 0034 009d 0034 0034 0034 009d 0034 0034 0034 009d 0034 0034 0034 0034 0034 0034 0034 0034 0034 0034 0034 0034 0034 0034 0034 009d 0034 009d 0034 009d 0034 009d 0034 0034 0034 0034 0034 009d 0034 009d 0034 0034 0034 0034 0034 0034 0034 0034 0034 009d 0034 009d 0034 0034 0034 0fc9 0347 00d2 0034 2306
Gui	0000 006d 0022 0002 0347 01a3 0034 0034 0034 0034 0034 0034 0034 009d 0034 009d 0034 009d 0034 0034 0034 009d 0034 0034 0034 009d 0034 0034 0034 0034 0034 0034 0034 0034 0034 0034 0034 0034 0034 0034 0034 009d 0034 009d 0034 0034 0034 0034 0034 0034 0034 0034 0034 009d 0034 009d 0034 0034 0034 0034 0034 009d 0034 009d 0034 009d 0034 009d 0034 0034 0034 0fc4 0347 00d2 0034 2301
Tape2\Mon	0000 006d 0022 0002 0347 01a3 0034 0034 0034 0034 0034 0034 0034 009d 0034 009d 0034 009d 0034 0034 0034 009d 0034 009d 0034 009d 0034 009d 0034 0034 0034 0034 0034 0034 0034 009d 0034 0034 0034 009d 0034 0034 0034 009d 0034 0034 0034 009d 0034 0034 0034 0034 0034 009d 0034 0034 0034 009d 0034 0034 0034 009d 0034 0034 0034 009d 0034 009d 0034 0034 0034 0e89 0347 00d2 0034 2301
Play	0000 006d 0022 0002 0347 01a3 0034 0034 0034 0034 0034 0034 0034 009d 0034 009d 0034 009d 0034 0034 0034 009d 0034 0034 0034 009d 0034 0034 0034 0034 0034 0034 0034 0034 0034 0034 0034 0034 0034 009d 0034 0034 0034 0034 0034 0034 0034 009d 0034 0034 0034 0034 0034 009d 0034 0034 0034 009d 0034 009d 0034 009d 0034 0034 0034 009d 0034 009d 0034 0034 0034 0fc4 0347 00d2 0034 2301
Pause	0000 006d 0022 0002 0347 01a3 0034 0034 0034 0034 0034 0034 0034 009d 0034 009d 0034 009d 0034 0034 0034 009d 0034 0034 0034 009d 0034 0034 0034 0034 0034 0034 0034 0034 0034 0034 0034 0034 0034 009d 0034 0034 0034 0034 0034 009d 0034 0034 0034 0034 0034 0034 0034 009d 0034 0034 0034 009d 0034 009d 0034 0034 0034 009d 0034 009d 0034 009d 0034 0034 0034 0fc4 0347 00d2 0034 2301
Rew/Scan-	0000 006d 0022 0002 0347 01a3 0034 0034 0034 0034 0034 0034 0034 009d 0034 009d 0034 009d 0034 0034 0034 009d 0034 0034 0034 009d 0034 0034 0034 0034 0034 0034 0034 0034 0034 0034 0034 0034 0034 009d 0034 009d 0034 009d 0034 009d 0034 0034 0034 0034 0034 0034 0034 009d 0034 0034 0034 0034 0034 0034 0034 0034 0034 009d 0034 009d 0034 009d 0034 0034 0034 0fc4 0347 00d2 0034 2301
Ffwd/Scan+	0000 006d 0022 0002 0347 01a3 0034 0034 0034 0034 0034 0034 0034 009d 0034 009d 0034 009d 0034 0034 0034 009d 0034 0034 0034 009d 0034 0034 0034 0034 0034 0034 0034 0034 0034 0034 0034 0034 0034 009d 0034 009d 0034 0034 0034 009d 0034 0034 0034 0034 0034 0034 0034 009d 0034 0034 0034 0034 0034 009d 0034 0034 0034 009d 0034 009d 0034 009d 0034 0034 0034 0fc4 0347 00d2 0034 2301
Stop	0000 006d 0022 0002 0347 01a3 0034 0034 0034 0034 0034 0034 0034 009d 0034 009d 0034 009d 0034 0034 0034 009d 0034 0034 0034 009d 0034 0034 0034 0034 0034 0034 0034 0034 0034 0034 0034 0034 0034 009d 0034 0034 0034 009d 0034 009d 0034 0034 0034 0034 0034 0034 0034 009d 0034 0034 0034 009d 0034 0034 0034 0034 0034 009d 0034 009d 0034 009d 0034 0034 0034 0fc4 0347 00d2 0034 2301
Rec	0000 006d 0022 0002 0347 01a3 0034 0034 0034 0034 0034 0034 0034 009d 0034 009d 0034 009d 0034 0034 0034 009d 0034 0034 0034 009d 0034 0034 0034 0034 0034 0034 0034 0034 0034 0034 0034 0034 0034 0034 0034 009d 0034 0034 0034 0034 0034 009d 0034 0034 0034 0034 0034 009d 0034 009d 0034 0034 0034 009d 0034 009d 0034 0034 0034 009d 0034 009d 0034 0034 0034 0fc4 0347 00d2 0034 2301
N-West	0000 006d 0046 0002 0347 01a3 0034 0034 0034 0034 0034 0034 0034 009d 0034 009d 0034 009d 0034 0034 0034 009d 0034 0034 0034 009d 0034 0034 0034 0034 0034 0034 0034 0034 0034 0034 0034 0034 0034 009d 0034 009d 0034 009d 0034 009d 0034 0034 0034 0034 0034 0034 0034 009d 0034 0034 0034 0034 0034 0034 0034 0034 0034 009d 0034 009d 0034 009d 0034 0034 0034 0fc4 0347 00d2 0034 230e 0347 01a3 0034 0034 0034 0034 0034 0034 0034 009d 0034 009d 0034 009d 0034 0034 0034 009d 0034 0034 0034 009d 0034 0034 0034 0034 0034 0034 0034 0034 0034 0034 0034 0034 0034 0034 0034 0034 0034 0034 0034 0034 0034 009d 0034 0034 0034 0034 0034 009d 0034 009d 0034 009d 0034 009d 0034 009d 0034 0034 0034 009d 0034 009d 0034 0034 0034 0fcb 0347 00d2 0034 2309
N-East	0000 006d 0044 0002 0347 01a3 0034 0034 0034 0034 0034 0034 0034 009d 0034 009d 0034 009d 0034 0034 0034 009d 0034 0034 0034 009d 0034 0034 0034 0034 0034 0034 0034 0034 0034 0034 0034 0034 0034 009d 0034 0034 0034 0034 0034 009d 0034 0034 0034 0034 0034 0034 0034 009d 0034 0034 0034 009d 0034 009d 0034 0034 0034 009d 0034 009d 0034 009d 0034 0034 0034 0fd1 0347 01a3 0034 0034 0034 0034 0034 0034 0034 009d 0034 009d 0034 009d 0034 0034 0034 009d 0034 0034 0034 009d 0034 0034 0034 0034 0034 0034 0034 0034 0034 0034 0034 0034 0034 0034 0034 009d 0034 0034 0034 009d 0034 0034 0034 0034 0034 0034 0034 009d 0034 009d 0034 0034 0034 009d 0034 0034 0034 009d 0034 009d 0034 009d 0034 0034 0034 0fcd 0347 00d2 0034 230a
S-West	0000 006d 0044 0002 0347 01a3 0034 0034 0034 0034 0034 0034 0034 009d 0034 009d 0034 009d 0034 0034 0034 009d 0034 0034 0034 009d 0034 0034 0034 0034 0034 0034 0034 0034 0034 0034 0034 0034 0034 009d 0034 009d 0034 009d 0034 009d 0034 0034 0034 0034 0034 0034 0034 009d 0034 0034 0034 0034 0034 0034 0034 0034 0034 009d 0034 009d 0034 009d 0034 0034 0034 0fd2 0347 01a3 0034 0034 0034 0034 0034 0034 0034 009d 0034 009d 0034 009d 0034 0034 0034 009d 0034 0034 0034 009d 0034 0034 0034 0034 0034 0034 0034 0034 0034 0034 0034 0034 0034 0034 0034 009d 0034 009d 0034 009d 0034 0034 0034 0034 0034 0034 0034 009d 0034 009d 0034 0034 0034 0034 0034 0034 0034 009d 0034 009d 0034 009d 0034 0034 0034 0fce 0347 00d2 0034 230c
S-East	0000 006d 0044 0002 0347 01a3 0034 0034 0034 0034 0034 0034 0034 009d 0034 009d 0034 009d 0034 0034 0034 009d 0034 0034 0034 009d 0034 0034 0034 0034 0034 0034 0034 0034 0034 0034 0034 0034 0034 009d 0034 009d 0034 0034 0034 009d 0034 0034 0034 0034 0034 0034 0034 009d 0034 0034 0034 0034 0034 009d 0034 0034 0034 009d 0034 009d 0034 009d 0034 0034 0034 0fd4 0347 01a3 0034 0034 0034 0034 0034 0034 0034 009d 0034 009d 0034 009d 0034 0034 0034 009d 0034 0034 0034 009d 0034 0034 0034 0034 0034 0034 0034 0034 0034 0034 0034 0034 0034 0034 0034 0034 0034 009d 0034 009d 0034 0034 0034 0034 0034 0034 0034 009d 0034 009d 0034 009d 0034 0034 0034 0034 0034 009d 0034 009d 0034 009d 0034 0034 0034 0fd0 0347 00d2 0034 230e
