Vol-	0000 006c 0022 0002 0158 00ab 0016 0015 0016 0015 0016 0014 0016 0040 0016 003f 0016 003f 0016 0015 0016 003f 0016 0040 0016 003f 0016 003f 0016 0015 0016 0015 0016 0014 0016 0040 0016 0014 0016 0015 0016 003f 0016 0015 0016 003f 0016 0040 0016 0014 0016 0015 0016 003f 0016 0040 0016 0014 0016 0040 0016 0014 0016 0015 0016 003f 0016 0040 0016 0014 0016 05f3 0157 0055 0016 0e52
Vol+	0000 006c 0022 0002 0158 00ab 0016 0015 0016 0015 0016 0014 0016 0040 0016 003f 0016 003f 0016 0015 0016 003f 0016 003f 0016 003f 0016 003f 0016 0015 0016 0014 0016 0014 0016 003f 0016 0014 0016 003f 0016 003f 0016 0014 0016 003f 0016 003f 0016 0015 0016 0014 0016 003f 0016 0014 0016 0014 0016 003f 0016 0014 0016 0015 0016 003f 0016 003f 0016 0015 0016 05f0 0157 0055 0016 0e50
CD	0000 006c 0022 0002 0158 00ab 0016 0015 0016 0015 0016 0014 0016 0040 0016 003f 0016 003f 0016 0015 0016 003f 0016 003f 0016 003f 0016 003f 0016 0015 0016 0014 0016 0014 0016 003f 0016 0014 0016 0015 0016 003f 0016 0015 0016 0014 0016 003f 0016 0014 0016 0014 0016 003f 0016 003f 0016 0014 0016 003f 0016 003f 0016 0015 0016 003f 0016 003f 0016 0014 0016 05ef 0157 0055 0016 0e4f
Phono	0000 006c 0022 0002 0158 00ac 0016 0014 0016 0015 0016 0015 0016 003f 0016 003f 0016 0040 0016 0014 0016 0040 0016 003f 0016 003f 0016 0040 0016 0014 0016 0015 0016 0015 0016 003f 0016 0014 0016 0014 0016 0015 0016 0015 0016 0014 0016 0040 0016 0014 0016 0015 0016 003f 0016 0040 0016 003f 0016 003f 0016 003f 0016 0014 0016 003f 0016 003f 0016 0014 0016 05ef 0157 0055 0016 0e4f
Tune	0000 006c 0022 0002 0158 00ac 0016 0014 0016 0014 0016 0015 0016 003f 0016 003f 0016 003f 0016 0014 0016 003f 0016 003f 0016 003f 0016 0040 0016 0014 0016 0015 0016 0015 0016 003f 0016 0015 0016 003f 0016 0015 0016 0014 0016 0015 0016 003f 0016 0015 0016 0015 0016 003f 0016 0015 0016 003f 0016 003f 0016 0040 0016 0014 0016 0040 0016 003f 0016 0015 0016 05ef 0157 0055 0016 0e4f
Acr1	0000 006c 0022 0002 0158 00ac 0016 0015 0016 0014 0016 0015 0016 003f 0016 0040 0016 003f 0016 0015 0016 003f 0016 003f 0016 003f 0016 003f 0016 0014 0016 0014 0016 0015 0016 003f 0016 0015 0016 0015 0016 0014 0016 003f 0016 0014 0016 003f 0016 0014 0016 0015 0016 003f 0016 003f 0016 003f 0016 0014 0016 003f 0016 0014 0016 003f 0016 003f 0016 0015 0016 05ef 0157 0055 0016 0e4f
Acr2	0000 006c 0022 0002 0158 00ab 0016 0015 0016 0015 0016 0014 0016 0040 0016 003f 0016 003f 0016 0015 0016 003f 0016 0040 0016 003f 0016 003f 0016 0015 0016 0015 0016 0014 0016 0040 0016 0014 0016 0040 0016 0014 0016 0040 0016 0014 0016 003f 0016 0014 0016 0015 0016 003f 0016 0015 0016 003f 0016 0015 0016 003f 0016 0015 0016 003f 0016 003f 0016 0014 0016 05ef 0157 0055 0016 0e4f
VCR1	0000 006d 0022 0002 0154 00aa 0016 0015 0016 0014 0016 0015 0016 003f 0016 003f 0016 003f 0016 0015 0016 003f 0016 003f 0016 003f 0016 003f 0016 0015 0016 0014 0016 0015 0016 003f 0016 0015 0016 0015 0016 003f 0016 003f 0016 0015 0016 003f 0016 0015 0016 0015 0016 003f 0016 003f 0016 0015 0016 0015 0016 003f 0016 0015 0016 003f 0016 003f 0016 0015 0016 05e1 0154 0054 0016 0e2c
VCR2	0000 006c 0022 0002 0158 00ab 0016 0015 0016 0015 0016 0014 0016 0040 0016 003f 0016 003f 0016 0015 0016 003f 0016 003f 0016 003f 0016 003f 0016 0015 0016 0014 0016 0014 0016 003f 0016 0014 0016 003f 0016 003f 0016 0014 0016 0014 0016 003f 0016 0014 0016 0015 0016 003f 0016 0015 0016 0014 0016 003f 0016 003f 0016 0015 0016 003f 0016 003f 0016 0015 0016 05ef 0157 0055 0016 0e4f
Mute	0000 006c 0022 0002 0158 00ac 0016 0014 0016 0014 0016 0015 0016 003f 0016 003f 0016 003f 0016 0014 0016 0040 0016 003f 0016 003f 0016 0040 0016 0014 0016 0015 0016 0015 0016 003f 0016 0015 0016 0014 0016 0015 0016 003f 0016 0040 0016 003f 0016 0015 0016 0014 0016 0040 0016 003f 0016 003f 0016 0015 0016 0015 0016 0014 0016 0040 0016 003f 0016 0015 0016 05f0 0157 0055 0016 0e50
Power Audio	0000 006d 0022 0002 0154 00aa 0016 0014 0016 0014 0016 0015 0016 003f 0016 003f 0016 003f 0016 0014 0016 003f 0016 003f 0016 003f 0016 003f 0016 0014 0016 0015 0016 0015 0016 003f 0016 0015 0016 003f 0016 0015 0016 003f 0016 003f 0016 003f 0016 0014 0016 0015 0016 003f 0016 0015 0016 003f 0016 0015 0016 0015 0016 0014 0016 003f 0016 003f 0016 0015 0016 05e4 0154 0054 0016 0e2f
Tape A Play	0000 006c 0022 0002 0158 00ab 0016 0014 0016 0015 0016 0014 0016 003f 0016 003f 0016 003f 0016 0015 0016 003f 0016 0040 0016 003f 0016 003f 0016 0015 0016 0015 0016 0014 0016 0040 0016 0014 0016 0040 0016 0014 0016 0015 0016 0015 0016 003f 0016 0015 0016 003f 0016 003f 0016 0015 0016 003f 0016 0040 0016 003f 0016 0015 0016 003f 0016 0015 0016 0014 0016 05f1 0157 0055 0016 0e51
Tape A Stop	0000 006c 0022 0002 0158 00ac 0016 0014 0016 0015 0016 0015 0016 003f 0016 003f 0016 0040 0016 0014 0016 0040 0016 003f 0016 003f 0016 0040 0016 0014 0016 0015 0016 0015 0016 003f 0016 0015 0016 003f 0016 0015 0016 003f 0016 0015 0016 003f 0016 0015 0016 003f 0016 003f 0016 0015 0016 003f 0016 0015 0016 003f 0016 0015 0016 003f 0016 0015 0016 0015 0016 05f0 0157 0055 0016 0e50
Tape A Rew	0000 006d 0022 0002 0154 00aa 0016 0014 0016 0014 0016 0015 0016 003f 0016 003f 0016 003f 0016 0014 0016 003f 0016 003f 0016 003f 0016 003f 0016 0014 0016 0014 0016 0015 0016 003f 0016 0015 0016 0014 0016 003f 0016 0014 0016 0014 0016 003f 0016 0014 0016 003f 0016 003f 0016 003f 0016 0015 0016 003f 0016 003f 0016 0015 0016 003f 0016 0015 0016 0015 0016 05e4 0154 0054 0016 0e2f
Tape A Ffwd	0000 006c 0022 0002 0158 00ac 0016 0014 0016 0014 0016 0015 0016 003f 0016 003f 0016 0040 0016 0014 0016 0040 0016 003f 0016 003f 0016 0040 0016 0014 0016 0015 0016 0015 0016 003f 0016 0015 0016 003f 0016 003f 0016 0015 0016 0015 0016 003f 0016 0015 0016 003f 0016 003f 0016 0015 0016 0015 0016 003f 0016 003f 0016 0015 0016 003f 0016 0015 0016 0015 0016 05f1 0157 0055 0016 0e51
Tape A Rev Play	0000 006c 0022 0002 0158 00ac 0016 0014 0016 0015 0016 0015 0016 003f 0016 003f 0016 0040 0016 0014 0016 0040 0016 003f 0016 003f 0016 0040 0016 0014 0016 0015 0016 0014 0016 003f 0016 0014 0016 0014 0016 0015 0016 0015 0016 0014 0016 0040 0016 0014 0016 0040 0016 003f 0016 003f 0016 003f 0016 003f 0016 003f 0016 0015 0016 003f 0016 0015 0016 0014 0016 05f1 0157 0055 0016 0e51
CD Play/Pse	0000 006c 0022 0002 0158 00ac 0016 0014 0016 0015 0016 0015 0016 003f 0016 003f 0016 0040 0016 0014 0016 0040 0016 003f 0016 003f 0016 0040 0016 0014 0016 0015 0016 0015 0016 003f 0016 0015 0016 003f 0016 003f 0016 0015 0016 003f 0016 0015 0016 0015 0016 003f 0016 003f 0016 0015 0016 0015 0016 003f 0016 0015 0016 003f 0016 003f 0016 0015 0016 0015 0016 05fa 0157 0055 0016 0e5a
CD Stop	0000 006c 0022 0002 0158 00ac 0016 0014 0016 0015 0016 0015 0016 003f 0016 003f 0016 0040 0016 0014 0016 0040 0016 003f 0016 003f 0016 0040 0016 0014 0016 0015 0016 0015 0016 003f 0016 0015 0016 003f 0016 0015 0016 0014 0016 0040 0016 0014 0016 0015 0016 003f 0016 0040 0016 0014 0016 0040 0016 003f 0016 0015 0016 003f 0016 003f 0016 0015 0016 0015 0016 05f3 0157 0055 0016 0e52
CD Scan -	0000 006c 0022 0002 0158 00ac 0016 0014 0016 0014 0016 0015 0016 003f 0016 003f 0016 003f 0016 0014 0016 0040 0016 003f 0016 003f 0016 0040 0016 0014 0016 0015 0016 0015 0016 003f 0016 0015 0016 0014 0016 0040 0016 003f 0016 0015 0016 0014 0016 0015 0016 0015 0016 0014 0016 0040 0016 0014 0016 0015 0016 003f 0016 0040 0016 003f 0016 003f 0016 0040 0016 05f3 0157 0055 0016 0e52
CD Scan +	0000 006d 0022 0002 0154 00aa 0016 0014 0016 0014 0016 0015 0016 003f 0016 003f 0016 003f 0016 0014 0016 003f 0016 003f 0016 003f 0016 003f 0016 0014 0016 0014 0016 0015 0016 003f 0016 0015 0016 003f 0016 003f 0016 003f 0016 0014 0016 0014 0016 0015 0016 0014 0016 0014 0016 0015 0016 0014 0016 0014 0016 003f 0016 003f 0016 003f 0016 003f 0016 003f 0016 05e4 0154 0054 0016 0e2f
CD Skip -	0000 006c 0022 0002 0158 00ab 0016 0014 0016 0015 0016 0014 0016 003f 0016 003f 0016 003f 0016 0014 0016 003f 0016 003f 0016 003f 0016 003f 0016 0015 0016 0015 0016 0014 0016 0040 0016 0014 0016 0015 0016 003f 0016 0040 0016 003f 0016 0015 0016 0014 0016 0040 0016 003f 0016 003f 0016 0015 0016 0015 0016 0014 0016 0040 0016 003f 0016 0015 0016 0014 0016 05fa 0157 0055 0016 0e5a
CD Skip +	0000 006c 0022 0002 0158 00ac 0016 0014 0016 0015 0016 0015 0016 003f 0016 003f 0016 0040 0016 0014 0016 0040 0016 003f 0016 003f 0016 0040 0016 0014 0016 0015 0016 0015 0016 003f 0016 0015 0016 003f 0016 003f 0016 0040 0016 003f 0016 0015 0016 0014 0016 0040 0016 003f 0016 0015 0016 0014 0016 0015 0016 0015 0016 003f 0016 003f 0016 0015 0016 0015 0016 05fa 0157 0055 0016 0e5a
Disc	0000 006c 0022 0002 0158 00ab 0016 0015 0016 0015 0016 0014 0016 003f 0016 003f 0016 003f 0016 0015 0016 003f 0016 0040 0016 003f 0016 003f 0016 0015 0016 0015 0016 0014 0016 0040 0016 0014 0016 0015 0016 0015 0016 0014 0016 0040 0016 0014 0016 0015 0016 0015 0016 0014 0016 0040 0016 003f 0016 003f 0016 0015 0016 003f 0016 0040 0016 003f 0016 003f 0016 05f3 0157 0055 0016 0e52
Surr On/Bypass	0000 006c 0022 0002 0158 00ab 0016 0015 0016 0015 0016 0014 0016 0040 0016 003f 0016 003f 0016 0015 0016 003f 0016 0040 0016 003f 0016 003f 0016 0015 0016 0015 0016 0014 0016 0040 0016 0014 0016 0040 0016 003f 0016 003f 0016 0015 0016 003f 0016 0015 0016 003f 0016 003f 0016 0014 0016 0015 0016 0014 0016 003f 0016 0014 0016 003f 0016 0014 0016 0014 0016 05f3 0157 0055 0016 0e52
Tape B Play	0000 006d 0022 0002 0154 00aa 0016 0015 0016 0014 0016 0015 0016 003f 0016 003f 0016 003f 0016 0015 0016 003f 0016 003f 0016 003f 0016 003f 0016 0014 0016 0014 0016 0015 0016 003f 0016 0015 0016 003f 0016 0015 0016 0014 0016 003f 0016 003f 0016 0015 0016 003f 0016 003f 0016 0014 0016 003f 0016 003f 0016 0014 0016 0014 0016 003f 0016 0014 0016 0015 0016 05e3 0154 0054 0016 0e2f
Tape B Stop	0000 006c 0022 0002 0158 00ab 0016 0015 0016 0014 0016 0015 0016 003f 0016 0040 0016 003f 0016 0015 0016 003f 0016 003f 0016 0040 0016 003f 0016 0015 0016 0014 0016 0015 0016 003f 0016 0015 0016 003f 0016 0015 0016 003f 0016 0040 0016 003f 0016 0015 0016 003f 0016 003f 0016 0015 0016 003f 0016 0015 0016 0015 0016 0014 0016 0040 0016 0014 0016 0015 0016 05f0 0157 0055 0016 0e50
Tape B Pause	0000 006c 0022 0002 0158 00ac 0016 0014 0016 0014 0016 0015 0016 003f 0016 003f 0016 003f 0016 0014 0016 003f 0016 003f 0016 003f 0016 0040 0016 0014 0016 0015 0016 0015 0016 003f 0016 0015 0016 0014 0016 0015 0016 003f 0016 0040 0016 003f 0016 0015 0016 003f 0016 003f 0016 0040 0016 003f 0016 0015 0016 0014 0016 0015 0016 003f 0016 0015 0016 0015 0016 05f0 0157 0055 0016 0e50
Tape B Rew	0000 006c 0022 0002 0158 00ac 0016 0014 0016 0014 0016 0015 0016 003f 0016 003f 0016 003f 0016 0014 0016 003f 0016 003f 0016 003f 0016 003f 0016 0014 0016 0014 0016 0015 0016 003f 0016 0015 0016 0014 0016 003f 0016 0014 0016 003f 0016 003f 0016 0015 0016 003f 0016 003f 0016 003f 0016 0014 0016 003f 0016 0014 0016 0014 0016 003f 0016 0014 0016 0015 0016 05f1 0157 0055 0016 0e51
Tape B Ffwd	0000 006c 0022 0002 0158 00ac 0016 0014 0016 0015 0016 0015 0016 003f 0016 003f 0016 0040 0016 0014 0016 0040 0016 003f 0016 003f 0016 0040 0016 0014 0016 0015 0016 0015 0016 003f 0016 0015 0016 003f 0016 003f 0016 0015 0016 003f 0016 0040 0016 0014 0016 0040 0016 003f 0016 0015 0016 0014 0016 0040 0016 0014 0016 0015 0016 003f 0016 0015 0016 0015 0016 05f1 0157 0055 0016 0e51
Tape B Rev Play	0000 006d 0022 0002 0154 00aa 0016 0014 0016 0014 0016 0015 0016 003f 0016 003f 0016 003f 0016 0014 0016 003f 0016 003f 0016 003f 0016 003f 0016 0014 0016 0014 0016 0015 0016 003f 0016 0015 0016 0014 0016 0014 0016 0015 0016 003f 0016 003f 0016 0014 0016 003f 0016 003f 0016 003f 0016 003f 0016 003f 0016 0014 0016 0014 0016 003f 0016 0014 0016 0015 0016 05e3 0154 0054 0016 0e2f
Tape B Record	0000 006c 0022 0002 0157 00ab 0015 0016 0015 0016 0015 0016 0015 0040 0015 0040 0015 0040 0015 0016 0015 0040 0015 0040 0015 0040 0015 0040 0015 0016 0015 0016 0015 0016 0015 0040 0015 0016 0015 0016 0015 0040 0015 0040 0015 0040 0015 0040 0015 0016 0015 0040 0015 0040 0015 0040 0015 0016 0015 0016 0015 0016 0015 0016 0015 0040 0015 0016 0015 0016 0015 05f9 0157 0055 0015 0e50
Tuner Band	0000 006c 0022 0002 0157 00ab 0015 0016 0015 0016 0015 0016 0015 0040 0015 0040 0015 0040 0015 0016 0015 0040 0015 0040 0015 0040 0015 0040 0015 0016 0015 0016 0015 0016 0015 0040 0015 0016 0015 0040 0015 0040 0015 0040 0015 0040 0015 0016 0015 0016 0015 0016 0015 0040 0015 0016 0015 0016 0015 0016 0015 0016 0015 0040 0015 0040 0015 0040 0015 0016 0015 05f9 0157 0055 0015 0e50
Tuner P Call	0000 006c 0022 0002 0157 00ab 0015 0016 0015 0016 0015 0016 0015 0040 0015 0040 0015 0040 0015 0016 0015 0040 0015 0040 0015 0040 0015 0040 0015 0016 0015 0016 0015 0016 0015 0040 0015 0016 0015 0040 0015 0016 0015 0016 0015 0040 0015 0040 0015 0016 0015 0016 0015 0040 0015 0016 0015 0040 0015 0040 0015 0016 0015 0016 0015 0040 0015 0040 0015 0016 0015 05f9 0157 0055 0015 0e50
Tuner Direct	0000 006c 0022 0002 0157 00ab 0015 0016 0015 0016 0015 0016 0015 0040 0015 0040 0015 0040 0015 0016 0015 0040 0015 0040 0015 0040 0015 0040 0015 0016 0015 0016 0015 0016 0015 0040 0015 0016 0015 0016 0015 0040 0015 0040 0015 0040 0015 0040 0015 0016 0015 0016 0015 0040 0015 0040 0015 0016 0015 0016 0015 0016 0015 0016 0015 0040 0015 0040 0015 0016 0015 05f9 0157 0055 0015 0e50
1	0000 006c 0022 0002 0157 00ab 0015 0016 0015 0016 0015 0016 0015 0040 0015 0040 0015 0040 0015 0016 0015 0040 0015 0040 0015 0040 0015 0040 0015 0016 0015 0016 0015 0016 0015 0040 0015 0016 0015 0040 0015 0016 0015 0016 0015 0016 0015 0016 0015 0016 0015 0016 0015 0040 0015 0016 0015 0040 0015 0040 0015 0040 0015 0040 0015 0040 0015 0040 0015 0016 0015 05f9 0157 0055 0015 0e50
2	0000 006c 0022 0002 0157 00ab 0015 0016 0015 0016 0015 0016 0015 0040 0015 0040 0015 0040 0015 0016 0015 0040 0015 0040 0015 0040 0015 0040 0015 0016 0015 0016 0015 0016 0015 0040 0015 0016 0015 0016 0015 0040 0015 0016 0015 0016 0015 0016 0015 0016 0015 0016 0015 0040 0015 0040 0015 0016 0015 0040 0015 0040 0015 0040 0015 0040 0015 0040 0015 0016 0015 05f9 0157 0055 0015 0e50
3	0000 006c 0022 0002 0157 00ab 0015 0016 0015 0016 0015 0016 0015 0040 0015 0040 0015 0040 0015 0016 0015 0040 0015 0040 0015 0040 0015 0040 0015 0016 0015 0016 0015 0016 0015 0040 0015 0016 0015 0040 0015 0040 0015 0016 0015 0016 0015 0016 0015 0016 0015 0016 0015 0040 0015 0016 0015 0016 0015 0040 0015 0040 0015 0040 0015 0040 0015 0040 0015 0016 0015 05f9 0157 0055 0015 0e50
4	0000 006c 0022 0002 0157 00ab 0015 0016 0015 0016 0015 0016 0015 0040 0015 0040 0015 0040 0015 0016 0015 0040 0015 0040 0015 0040 0015 0040 0015 0016 0015 0016 0015 0016 0015 0040 0015 0016 0015 0016 0015 0016 0015 0040 0015 0016 0015 0016 0015 0016 0015 0016 0015 0040 0015 0040 0015 0040 0015 0016 0015 0040 0015 0040 0015 0040 0015 0040 0015 0016 0015 05f9 0157 0055 0015 0e50
5	0000 006c 0022 0002 0157 00ab 0015 0016 0015 0016 0015 0016 0015 0040 0015 0040 0015 0040 0015 0016 0015 0040 0015 0040 0015 0040 0015 0040 0015 0016 0015 0016 0015 0016 0015 0040 0015 0016 0015 0040 0015 0016 0015 0040 0015 0016 0015 0016 0015 0016 0015 0016 0015 0040 0015 0016 0015 0040 0015 0016 0015 0040 0015 0040 0015 0040 0015 0040 0015 0016 0015 05f9 0157 0055 0015 0e50
6	0000 006c 0022 0002 0157 00ab 0015 0016 0015 0016 0015 0016 0015 0040 0015 0040 0015 0040 0015 0016 0015 0040 0015 0040 0015 0040 0015 0040 0015 0016 0015 0016 0015 0016 0015 0040 0015 0016 0015 0016 0015 0040 0015 0040 0015 0016 0015 0016 0015 0016 0015 0016 0015 0040 0015 0040 0015 0016 0015 0016 0015 0040 0015 0040 0015 0040 0015 0040 0015 0016 0015 05f9 0157 0055 0015 0e50
7	0000 006c 0022 0002 0157 00ab 0015 0016 0015 0016 0015 0016 0015 0040 0015 0040 0015 0040 0015 0016 0015 0040 0015 0040 0015 0040 0015 0040 0015 0016 0015 0016 0015 0016 0015 0040 0015 0016 0015 0040 0015 0040 0015 0040 0015 0016 0015 0016 0015 0016 0015 0016 0015 0040 0015 0016 0015 0016 0015 0016 0015 0040 0015 0040 0015 0040 0015 0040 0015 0016 0015 05f9 0157 0055 0015 0e50
8	0000 006c 0022 0002 0157 00ab 0015 0016 0015 0016 0015 0016 0015 0040 0015 0040 0015 0040 0015 0016 0015 0040 0015 0040 0015 0040 0015 0040 0015 0016 0015 0016 0015 0016 0015 0040 0015 0016 0015 0016 0015 0016 0015 0016 0015 0040 0015 0016 0015 0016 0015 0016 0015 0040 0015 0040 0015 0040 0015 0040 0015 0016 0015 0040 0015 0040 0015 0040 0015 0016 0015 05f9 0157 0055 0015 0e50
9	0000 006c 0022 0002 0157 00ab 0015 0016 0015 0016 0015 0016 0015 0040 0015 0040 0015 0040 0015 0016 0015 0040 0015 0040 0015 0040 0015 0040 0015 0016 0015 0016 0015 0016 0015 0040 0015 0016 0015 0040 0015 0016 0015 0016 0015 0040 0015 0016 0015 0016 0015 0016 0015 0040 0015 0016 0015 0040 0015 0040 0015 0016 0015 0040 0015 0040 0015 0040 0015 0016 0015 05f9 0157 0055 0015 0e50
0	0000 006c 0022 0002 0157 00ab 0015 0016 0015 0016 0015 0016 0015 0040 0015 0040 0015 0040 0015 0016 0015 0040 0015 0040 0015 0040 0015 0040 0015 0016 0015 0016 0015 0016 0015 0040 0015 0016 0015 0016 0015 0016 0015 0016 0015 0016 0015 0016 0015 0016 0015 0016 0015 0040 0015 0040 0015 0040 0015 0040 0015 0040 0015 0040 0015 0040 0015 0040 0015 0016 0015 05f9 0157 0055 0015 0e50
+10	0000 006c 0022 0002 0157 00ab 0015 0016 0015 0016 0015 0016 0015 0040 0015 0040 0015 0040 0015 0016 0015 0040 0015 0040 0015 0040 0015 0040 0015 0016 0015 0016 0015 0016 0015 0040 0015 0016 0015 0040 0015 0016 0015 0040 0015 0040 0015 0016 0015 0016 0015 0016 0015 0016 0015 0016 0015 0040 0015 0016 0015 0016 0015 0040 0015 0040 0015 0040 0015 0040 0015 05f9 0157 0055 0015 0e50
Testtone On/Off	0000 006c 0022 0002 0157 00ab 0015 0016 0015 0016 0015 0016 0015 0040 0015 0040 0015 0040 0015 0016 0015 0040 0015 0040 0015 0040 0015 0040 0015 0016 0015 0016 0015 0016 0015 0040 0015 0016 0015 0016 0015 0040 0015 0040 0015 0016 0015 0040 0015 0016 0015 0040 0015 0016 0015 0040 0015 0016 0015 0016 0015 0040 0015 0016 0015 0040 0015 0016 0015 0040 0015 05f9 0157 0055 0015 0e50
Testtone Mode	0000 006c 0022 0002 0157 00ab 0015 0016 0015 0016 0015 0016 0015 0040 0015 0040 0015 0040 0015 0016 0015 0040 0015 0040 0015 0040 0015 0040 0015 0016 0015 0016 0015 0016 0015 0040 0015 0016 0015 0040 0015 0040 0015 0040 0015 0016 0015 0040 0015 0016 0015 0040 0015 0016 0015 0016 0015 0016 0015 0016 0015 0040 0015 0016 0015 0040 0015 0016 0015 0040 0015 05f9 0157 0055 0015 0e50
Bypass	0000 006c 0022 0002 0157 00ab 0015 0016 0015 0016 0015 0016 0015 0040 0015 0040 0015 0040 0015 0016 0015 0040 0015 0040 0015 0040 0015 0040 0015 0016 0015 0016 0015 0016 0015 0040 0015 0016 0015 0040 0015 0040 0015 0040 0015 0016 0015 0040 0015 0016 0015 0040 0015 0040 0015 0016 0015 0016 0015 0016 0015 0040 0015 0016 0015 0040 0015 0016 0015 0016 0015 05f9 0157 0055 0015 0e50
Pro Logic	0000 006c 0022 0002 0157 00ab 0015 0016 0015 0016 0015 0016 0015 0040 0015 0040 0015 0040 0015 0016 0015 0040 0015 0040 0015 0016 0015 0016 0015 0016 0015 0016 0015 0016 0015 0016 0015 0016 0015 0016 0015 0016 0015 0016 0015 0016 0015 0016 0015 0016 0015 0016 0015 0016 0015 0040 0015 0040 0015 0040 0015 0040 0015 0040 0015 0040 0015 0040 0015 0040 0015 0679 0157 0055 0015 0e50
3 Stereo	0000 006c 0022 0002 0157 00ab 0015 0016 0015 0016 0015 0016 0015 0040 0015 0040 0015 0040 0015 0016 0015 0040 0015 0040 0015 0016 0015 0016 0015 0016 0015 0016 0015 0016 0015 0016 0015 0016 0015 0016 0015 0040 0015 0040 0015 0040 0015 0016 0015 0016 0015 0016 0015 0016 0015 0040 0015 0016 0015 0016 0015 0016 0015 0040 0015 0040 0015 0040 0015 0040 0015 0679 0157 0055 0015 0e50
Surr Memory	0000 006c 0022 0002 0157 00ab 0015 0016 0015 0016 0015 0016 0015 0040 0015 0040 0015 0040 0015 0016 0015 0040 0015 0040 0015 0040 0015 0040 0015 0016 0015 0016 0015 0016 0015 0040 0015 0016 0015 0016 0015 0016 0015 0040 0015 0016 0015 0016 0015 0016 0015 0040 0015 0016 0015 0040 0015 0040 0015 0016 0015 0040 0015 0040 0015 0040 0015 0016 0015 0040 0015 05f9 0157 0055 0015 0e50
Surr M Call	0000 006c 0022 0002 0157 00ab 0015 0016 0015 0016 0015 0016 0015 0040 0015 0040 0015 0040 0015 0016 0015 0040 0015 0040 0015 0040 0015 0040 0015 0016 0015 0016 0015 0016 0015 0040 0015 0016 0015 0040 0015 0016 0015 0040 0015 0016 0015 0016 0015 0016 0015 0040 0015 0016 0015 0016 0015 0040 0015 0016 0015 0040 0015 0040 0015 0040 0015 0016 0015 0040 0015 05f9 0157 0055 0015 0e50
Center Mode	0000 006c 0022 0002 0157 00ab 0015 0016 0015 0016 0015 0016 0015 0040 0015 0040 0015 0040 0015 0016 0015 0040 0015 0040 0015 0040 0015 0040 0015 0016 0015 0016 0015 0016 0015 0040 0015 0016 0015 0040 0015 0016 0015 0040 0015 0016 0015 0040 0015 0016 0015 0040 0015 0016 0015 0016 0015 0040 0015 0016 0015 0040 0015 0016 0015 0040 0015 0016 0015 0040 0015 05f9 0157 0055 0015 0e50
EQ Effect	0000 006c 0022 0002 0157 00ab 0015 0016 0015 0016 0015 0016 0015 0040 0015 0040 0015 0040 0015 0016 0015 0040 0015 0040 0015 0040 0015 0040 0015 0016 0015 0016 0015 0016 0015 0040 0015 0016 0015 0040 0015 0040 0015 0040 0015 0040 0015 0016 0015 0016 0015 0016 0015 0016 0015 0016 0015 0016 0015 0016 0015 0016 0015 0040 0015 0040 0015 0040 0015 0040 0015 05f9 0157 0055 0015 0e50
EQ M Call	0000 006c 0022 0002 0157 00ab 0015 0016 0015 0016 0015 0016 0015 0040 0015 0040 0015 0040 0015 0016 0015 0040 0015 0040 0015 0040 0015 0040 0015 0016 0015 0016 0015 0016 0015 0040 0015 0016 0015 0040 0015 0016 0015 0040 0015 0016 0015 0016 0015 0016 0015 0040 0015 0040 0015 0016 0015 0040 0015 0016 0015 0040 0015 0040 0015 0040 0015 0016 0015 0016 0015 05f9 0157 0055 0015 0e50
Delay Time+	0000 006c 0022 0002 0157 00ab 0015 0016 0015 0016 0015 0016 0015 0040 0015 0040 0015 0040 0015 0016 0015 0040 0015 0040 0015 0040 0015 0040 0015 0016 0015 0016 0015 0016 0015 0040 0015 0016 0015 0040 0015 0016 0015 0040 0015 0040 0015 0016 0015 0016 0015 0040 0015 0016 0015 0016 0015 0040 0015 0016 0015 0016 0015 0040 0015 0040 0015 0016 0015 0040 0015 05f9 0157 0055 0015 0e50
Delay Time-	0000 006c 0022 0002 0157 00ab 0015 0016 0015 0016 0015 0016 0015 0040 0015 0040 0015 0040 0015 0016 0015 0040 0015 0040 0015 0040 0015 0040 0015 0016 0015 0016 0015 0016 0015 0040 0015 0016 0015 0016 0015 0016 0015 0040 0015 0040 0015 0016 0015 0016 0015 0040 0015 0016 0015 0040 0015 0040 0015 0016 0015 0016 0015 0040 0015 0040 0015 0016 0015 0040 0015 05f9 0157 0055 0015 0e50
Centr+	0000 006c 0022 0002 0157 00ab 0015 0016 0015 0016 0015 0016 0015 0040 0015 0040 0015 0040 0015 0016 0015 0040 0015 0040 0015 0040 0015 0040 0015 0016 0015 0016 0015 0016 0015 0040 0015 0016 0015 0040 0015 0040 0015 0016 0015 0040 0015 0016 0015 0016 0015 0016 0015 0016 0015 0016 0015 0016 0015 0040 0015 0016 0015 0040 0015 0040 0015 0040 0015 0040 0015 05f9 0157 0055 0015 0e50
Centr-	0000 006c 0022 0002 0157 00ab 0015 0016 0015 0016 0015 0016 0015 0040 0015 0040 0015 0040 0015 0016 0015 0040 0015 0040 0015 0040 0015 0040 0015 0016 0015 0016 0015 0016 0015 0040 0015 0016 0015 0016 0015 0040 0015 0016 0015 0040 0015 0016 0015 0016 0015 0016 0015 0016 0015 0040 0015 0016 0015 0040 0015 0016 0015 0040 0015 0040 0015 0040 0015 0040 0015 05f9 0157 0055 0015 0e50
Surr+	0000 006c 0022 0002 0157 00ab 0015 0016 0015 0016 0015 0016 0015 0040 0015 0040 0015 0040 0015 0016 0015 0040 0015 0040 0015 0040 0015 0040 0015 0016 0015 0016 0015 0016 0015 0040 0015 0016 0015 0040 0015 0040 0015 0040 0015 0016 0015 0016 0015 0016 0015 0040 0015 0040 0015 0016 0015 0016 0015 0016 0015 0040 0015 0040 0015 0040 0015 0016 0015 0016 0015 05f9 0157 0055 0015 0e50
Surr-	0000 006c 0022 0002 0157 00ab 0015 0016 0015 0016 0015 0016 0015 0040 0015 0040 0015 0040 0015 0016 0015 0040 0015 0040 0015 0040 0015 0040 0015 0016 0015 0016 0015 0016 0015 0040 0015 0016 0015 0016 0015 0040 0015 0040 0015 0016 0015 0016 0015 0016 0015 0040 0015 0040 0015 0040 0015 0016 0015 0016 0015 0040 0015 0040 0015 0040 0015 0016 0015 0016 0015 05f9 0157 0055 0015 0e50
TV Vol-	0000 006c 0022 0002 0158 00ac 0016 0014 0016 0015 0016 003f 0016 0015 0016 0015 0016 0014 0016 0015 0016 0015 0016 003f 0016 003f 0016 0015 0016 003f 0016 0040 0016 003f 0016 003f 0016 0040 0016 003f 0016 003f 0016 0015 0016 0015 0016 0014 0016 0015 0016 0015 0016 0014 0016 0015 0016 0015 0016 003f 0016 003f 0016 0040 0016 003f 0016 003f 0016 0040 0016 061d 0157 0055 0016 0e52
TV Vol+	0000 006c 0022 0002 0158 00ab 0016 0014 0016 0015 0016 003f 0016 0015 0016 0014 0016 0014 0016 0015 0016 0014 0016 003f 0016 003f 0016 0015 0016 003f 0016 003f 0016 003f 0016 003f 0016 003f 0016 0015 0016 003f 0016 0015 0016 0015 0016 0014 0016 0015 0016 0015 0016 0014 0016 0040 0016 0014 0016 0040 0016 003f 0016 003f 0016 0040 0016 003f 0016 003f 0016 061a 0157 0055 0016 0e4f
Video 1	0000 006d 0022 0002 0154 00aa 0016 0015 0016 0014 0016 0015 0016 003f 0016 003f 0016 003f 0016 0015 0016 003f 0016 003f 0016 003f 0016 003f 0016 0015 0016 0014 0016 0015 0016 003f 0016 0015 0016 0015 0016 003f 0016 003f 0016 0015 0016 003f 0016 0015 0016 0015 0016 003f 0016 003f 0016 0015 0016 0015 0016 003f 0016 0015 0016 003f 0016 003f 0016 0015 0016 05e1 0154 0054 0016 0e2c
TV/Video	0000 006c 0022 0002 0158 00ab 0016 0015 0016 0014 0016 0040 0016 0014 0016 0015 0016 0015 0016 0014 0016 0014 0016 003f 0016 003f 0016 0014 0016 0040 0016 003f 0016 003f 0016 0040 0016 003f 0016 003f 0016 0015 0016 0015 0016 003f 0016 0015 0016 0014 0016 0015 0016 0015 0016 0014 0016 0040 0016 003f 0016 0015 0016 003f 0016 003f 0016 0040 0016 003f 0016 061a 0157 0055 0016 0e50
Recall	0000 006c 0022 0002 0158 00ac 0016 0015 0016 0014 0016 0040 0016 0014 0016 0015 0016 0015 0016 0014 0016 0015 0016 003f 0016 0040 0016 0014 0016 003f 0016 003f 0016 003f 0016 003f 0016 003f 0016 003f 0016 003f 0016 0014 0016 003f 0016 003f 0016 0014 0016 0014 0016 0015 0016 0014 0016 0014 0016 003f 0016 0014 0016 0015 0016 003f 0016 003f 0016 003f 0016 061a 0157 0055 0016 0e50
TV Ch-	0000 006d 0022 0002 0154 00aa 0016 0015 0016 0014 0016 003f 0016 0014 0016 0014 0016 0015 0016 0014 0016 0014 0016 003f 0016 003f 0016 0014 0016 003f 0016 003f 0016 003f 0016 003f 0016 003f 0016 003f 0016 0014 0016 0015 0016 0014 0016 0014 0016 0015 0016 0014 0016 0014 0016 0015 0016 003f 0016 003f 0016 003f 0016 003f 0016 003f 0016 003f 0016 003f 0016 060e 0154 0054 0016 0e2f
TV Ch+	0000 006c 0022 0002 0158 00ac 0016 0014 0016 0015 0016 003f 0016 0015 0016 0015 0016 0014 0016 0015 0016 0015 0016 003f 0016 003f 0016 0015 0016 003f 0016 0040 0016 003f 0016 003f 0016 0040 0016 0014 0016 0015 0016 0015 0016 0014 0016 0015 0016 0015 0016 0014 0016 0015 0016 003f 0016 0040 0016 003f 0016 003f 0016 0040 0016 003f 0016 003f 0016 0040 0016 061a 0157 0055 0016 0e50
Power TV	0000 006c 0022 0002 0158 00ab 0016 0014 0016 0015 0016 003f 0016 0015 0016 0014 0016 0014 0016 0015 0016 0014 0016 003f 0016 003f 0016 0015 0016 003f 0016 003f 0016 003f 0016 003f 0016 003f 0016 0015 0016 0015 0016 0014 0016 003f 0016 0014 0016 0014 0016 0015 0016 0014 0016 0040 0016 003f 0016 003f 0016 0015 0016 003f 0016 0040 0016 003f 0016 003f 0016 061d 0157 0055 0016 0e52
H	0000 006d 0022 0002 0154 00aa 0016 0015 0016 0014 0016 0015 0016 003f 0016 003f 0016 003f 0016 0015 0016 003f 0016 003f 0016 003f 0016 003f 0016 0015 0016 0014 0016 0015 0016 003f 0016 0015 0016 0015 0016 003f 0016 0015 0016 003f 0016 0015 0016 0014 0016 0015 0016 003f 0016 003f 0016 0014 0016 003f 0016 0014 0016 003f 0016 003f 0016 003f 0016 0015 0016 05e1 0154 0054 0016 0e2c
I	0000 006c 0022 0002 0158 00ac 0016 0015 0016 0014 0016 0015 0016 003f 0016 003f 0016 003f 0016 0014 0016 003f 0016 003f 0016 003f 0016 003f 0016 0014 0016 0014 0016 0015 0016 003f 0016 0015 0016 003f 0016 0015 0016 0014 0016 003f 0016 003f 0016 0015 0016 003f 0016 0015 0016 0014 0016 003f 0016 003f 0016 0015 0016 0014 0016 003f 0016 0014 0016 003f 0016 05f1 0157 0055 0016 0e51
J	0000 006c 0022 0002 0158 00ab 0016 0015 0016 0015 0016 0014 0016 0040 0016 003f 0016 003f 0016 0015 0016 003f 0016 003f 0016 003f 0016 003f 0016 0015 0016 0014 0016 0014 0016 003f 0016 0014 0016 0015 0016 0015 0016 003f 0016 0014 0016 003f 0016 0014 0016 0014 0016 0015 0016 003f 0016 003f 0016 0014 0016 003f 0016 0014 0016 003f 0016 003f 0016 003f 0016 05f1 0157 0055 0016 0e51
Sndc	0000 006c 0022 0002 0158 00ab 0016 0014 0016 0015 0016 0014 0016 0040 0016 003f 0016 003f 0016 0015 0016 003f 0016 0040 0016 003f 0016 003f 0016 0015 0016 0015 0016 0014 0016 0040 0016 0014 0016 0040 0016 003f 0016 0015 0016 003f 0016 003f 0016 0015 0016 003f 0016 0015 0016 0015 0016 0014 0016 0040 0016 0014 0016 0015 0016 003f 0016 0015 0016 003f 0016 05f1 0157 0055 0016 0e51
Tape A Record	0000 006c 0022 0002 0158 00ab 0016 0015 0016 0015 0016 0014 0016 0040 0016 003f 0016 003f 0016 0015 0016 003f 0016 0040 0016 003f 0016 003f 0016 0015 0016 0015 0016 0014 0016 0040 0016 0014 0016 0015 0016 003f 0016 0040 0016 0014 0016 0040 0016 0014 0016 0040 0016 003f 0016 003f 0016 0015 0016 0015 0016 003f 0016 0015 0016 003f 0016 0015 0016 0014 0016 05f1 0157 0055 0016 0e51
