Power	0000 006d 002a 0000 0154 00aa 0016 0016 0016 0016 0016 0016 0016 003f 0016 003f 0016 003f 0016 0016 0016 003f 0016 0016 0016 0016 0016 0016 0016 0016 0016 0016 0016 0016 0016 0016 0016 0016 0016 003f 0016 0016 0016 003f 0016 003f 0016 003f 0016 0016 0016 0016 0016 003f 0016 0016 0016 003f 0016 0016 0016 0016 0016 0016 0016 003f 0016 003f 0016 0016 0016 068b 0154 0054 0016 0e2d 0154 0054 0016 0e2d 0154 0054 0016 0e2d 0154 0054 0016 0016
1	0000 006d 002a 0000 0154 00aa 0016 0016 0016 0016 0016 0016 0016 003f 0016 003f 0016 003f 0016 0016 0016 003f 0016 0016 0016 0016 0016 0016 0016 0016 0016 0016 0016 0016 0016 0016 0016 0016 0016 003f 0016 0016 0016 0016 0016 0016 0016 0016 0016 0016 0016 0016 0016 003f 0016 0016 0016 003f 0016 003f 0016 003f 0016 003f 0016 003f 0016 003f 0016 0016 0016 068a 0154 0054 0016 0e2d 0154 0054 0016 0e2d 0154 0054 0016 0e2d 0154 0054 0016 0016
2	0000 006d 002a 0000 0154 00aa 0016 0016 0016 0016 0016 0016 0016 003f 0016 003f 0016 003f 0016 0016 0016 003f 0016 0016 0016 0016 0016 0016 0016 0016 0016 0016 0016 0016 0016 0016 0016 0016 0016 0016 0016 003f 0016 0016 0016 0016 0016 0016 0016 0016 0016 0016 0016 003f 0016 003f 0016 0016 0016 003f 0016 003f 0016 003f 0016 003f 0016 003f 0016 0016 0016 068a 0154 0054 0016 0e2d 0154 0054 0016 0e2d 0154 0054 0016 0e2d 0154 0054 0016 0016
3	0000 006d 002a 0000 0154 00aa 0016 0016 0016 0016 0016 0016 0016 003f 0016 003f 0016 003f 0016 0016 0016 003f 0016 0016 0016 0016 0016 0016 0016 0016 0016 0016 0016 0016 0016 0016 0016 0016 0016 003f 0016 003f 0016 0016 0016 0016 0016 0016 0016 0016 0016 0016 0016 003f 0016 0016 0016 0016 0016 003f 0016 003f 0016 003f 0016 003f 0016 003f 0016 0016 0016 068a 0154 0054 0016 0e2d 0154 0054 0016 0e2d 0154 0054 0016 0e2d 0154 0054 0016 0016
4	0000 006d 002a 0000 0154 00aa 0016 0016 0016 0016 0016 0016 0016 003f 0016 003f 0016 003f 0016 0016 0016 003f 0016 0016 0016 0016 0016 0016 0016 0016 0016 0016 0016 0016 0016 0016 0016 0016 0016 0016 0016 0016 0016 003f 0016 0016 0016 0016 0016 0016 0016 0016 0016 003f 0016 003f 0016 003f 0016 0016 0016 003f 0016 003f 0016 003f 0016 003f 0016 0016 0016 068b 0154 0054 0016 0e2d 0154 0054 0016 0e2d 0154 0054 0016 0e2d 0154 0054 0016 0016
5	0000 006d 002a 0000 0154 00aa 0016 0016 0016 0016 0016 0016 0016 003f 0016 003f 0016 003f 0016 0016 0016 003f 0016 0016 0016 0016 0016 0016 0016 0016 0016 0016 0016 0016 0016 0016 0016 0016 0016 003f 0016 0016 0016 003f 0016 0016 0016 0016 0016 0016 0016 0016 0016 003f 0016 0016 0016 003f 0016 0016 0016 003f 0016 003f 0016 003f 0016 003f 0016 0016 0016 068b 0154 0054 0016 0e2d 0154 0054 0016 0e2d 0154 0054 0016 0e2d 0154 0054 0016 0016
6	0000 006d 002a 0000 0154 00aa 0016 0016 0016 0016 0016 0016 0016 003f 0016 003f 0016 003f 0016 0016 0016 003f 0016 0016 0016 0016 0016 0016 0016 0016 0016 0016 0016 0016 0016 0016 0016 0016 0016 0016 0016 003f 0016 003f 0016 0016 0016 0016 0016 0016 0016 0016 0016 003f 0016 003f 0016 0016 0016 0016 0016 003f 0016 003f 0016 003f 0016 003f 0016 0016 0016 068b 0154 0054 0016 0e2d 0154 0054 0016 0e2d 0154 0054 0016 0e2d 0154 0054 0016 0016
7	0000 006d 002a 0000 0154 00aa 0016 0016 0016 0016 0016 0016 0016 003f 0016 003f 0016 003f 0016 0016 0016 003f 0016 0016 0016 0016 0016 0016 0016 0016 0016 0016 0016 0016 0016 0016 0016 0016 0016 003f 0016 003f 0016 003f 0016 0016 0016 0016 0016 0016 0016 0016 0016 003f 0016 0016 0016 0016 0016 0016 0016 003f 0016 003f 0016 003f 0016 003f 0016 0016 0016 068a 0154 0054 0016 0e2d 0154 0054 0016 0e2d 0154 0054 0016 0e2d 0154 0054 0016 0016
8	0000 006d 002a 0000 0154 00aa 0016 0016 0016 0016 0016 0016 0016 003f 0016 003f 0016 003f 0016 0016 0016 003f 0016 0016 0016 0016 0016 0016 0016 0016 0016 0016 0016 0016 0016 0016 0016 0016 0016 0016 0016 0016 0016 0016 0016 003f 0016 0016 0016 0016 0016 0016 0016 003f 0016 003f 0016 003f 0016 003f 0016 0016 0016 003f 0016 003f 0016 003f 0016 0016 0016 068a 0154 0054 0016 0e2d 0154 0054 0016 0e2d 0154 0054 0016 0e2d 0154 0054 0016 0016
9	0000 006d 002a 0000 0154 00aa 0016 0016 0016 0016 0016 0016 0016 003f 0016 003f 0016 003f 0016 0016 0016 003f 0016 0016 0016 0016 0016 0016 0016 0016 0016 0016 0016 0016 0016 0016 0016 0016 0016 003f 0016 0016 0016 0016 0016 003f 0016 0016 0016 0016 0016 0016 0016 003f 0016 0016 0016 003f 0016 003f 0016 0016 0016 003f 0016 003f 0016 003f 0016 0016 0016 068a 0154 0054 0016 0e2d 0154 0054 0016 0e2d 0154 0054 0016 0e2d 0154 0054 0016 0016
0	0000 006d 002a 0000 0154 00aa 0016 0016 0016 0016 0016 0016 0016 003f 0016 003f 0016 003f 0016 0016 0016 003f 0016 0016 0016 0016 0016 0016 0016 0016 0016 0016 0016 0016 0016 0016 0016 0016 0016 0016 0016 0016 0016 0016 0016 0016 0016 0016 0016 0016 0016 0016 0016 003f 0016 003f 0016 003f 0016 003f 0016 003f 0016 003f 0016 003f 0016 003f 0016 0016 0016 068b 0154 0054 0016 0e2d 0154 0054 0016 0e2d 0154 0054 0016 0e2d 0154 0054 0016 0016
+10	0000 006d 002a 0000 0154 00aa 0016 0016 0016 0016 0016 0016 0016 003f 0016 003f 0016 003f 0016 0016 0016 003f 0016 0016 0016 0016 0016 0016 0016 0016 0016 0016 0016 0016 0016 0016 0016 0016 0016 003f 0016 0016 0016 003f 0016 003f 0016 0016 0016 0016 0016 0016 0016 0016 0016 0016 0016 003f 0016 0016 0016 0016 0016 003f 0016 003f 0016 003f 0016 003f 0016 068b 0154 0054 0016 0e2d 0154 0054 0016 0e2d 0154 0054 0016 0e2d 0154 0054 0016 0016
+100	0000 006d 002a 0000 0154 00aa 0016 0016 0016 0016 0016 0016 0016 003f 0016 003f 0016 003f 0016 0016 0016 003f 0016 0016 0016 003f 0016 0016 0016 0016 0016 0016 0016 0016 0016 0016 0016 0016 0016 003f 0016 003f 0016 003f 0016 003f 0016 0016 0016 0016 0016 003f 0016 0016 0016 0016 0016 0016 0016 0016 0016 0016 0016 003f 0016 003f 0016 0016 0016 003f 0016 0660 0154 0054 0016 0e2d 0154 0054 0016 0e2d 0154 0054 0016 0e2d 0154 0054 0016 0016
Listen Mode+	0000 006d 002a 0000 0154 00aa 0016 0016 0016 0016 0016 0016 0016 003f 0016 003f 0016 003f 0016 0016 0016 003f 0016 0016 0016 0016 0016 0016 0016 0016 0016 0016 0016 0016 0016 0016 0016 0016 0016 003f 0016 003f 0016 003f 0016 003f 0016 003f 0016 0016 0016 003f 0016 003f 0016 0016 0016 0016 0016 0016 0016 0016 0016 0016 0016 003f 0016 0016 0016 0016 0016 068a 0154 0054 0016 0e2d 0154 0054 0016 0e2d 0154 0054 0016 0e2d 0154 0054 0016 0016
Listen Mode-	0000 006d 002a 0000 0154 00aa 0016 0016 0016 0016 0016 0016 0016 003f 0016 003f 0016 003f 0016 0016 0016 003f 0016 003f 0016 003f 0016 003f 0016 0016 0016 0016 0016 0016 0016 0016 0016 0016 0016 003f 0016 003f 0016 003f 0016 003f 0016 003f 0016 0016 0016 0016 0016 0016 0016 0016 0016 0016 0016 0016 0016 0016 0016 0016 0016 003f 0016 003f 0016 003f 0016 0609 0154 0054 0016 0e2d 0154 0054 0016 0e2d 0154 0054 0016 0e2d 0154 0054 0016 0016
Active EQ	0000 006d 002a 0000 0154 00aa 0016 0016 0016 0016 0016 0016 0016 003f 0016 003f 0016 003f 0016 0016 0016 003f 0016 0016 0016 003f 0016 003f 0016 0016 0016 0016 0016 0016 0016 0016 0016 0016 0016 003f 0016 003f 0016 003f 0016 0016 0016 0016 0016 0016 0016 003f 0016 0016 0016 0016 0016 0016 0016 0016 0016 003f 0016 003f 0016 003f 0016 0016 0016 003f 0016 0636 0154 0054 0016 0e2d 0154 0054 0016 0e2d 0154 0054 0016 0e2d 0154 0054 0016 0016
Speaker EQ	0000 006d 002a 0000 0154 00aa 0016 0016 0016 0016 0016 0016 0016 003f 0016 003f 0016 003f 0016 0016 0016 003f 0016 0016 0016 003f 0016 003f 0016 0016 0016 0016 0016 0016 0016 0016 0016 0016 0016 003f 0016 0016 0016 0016 0016 003f 0016 0016 0016 0016 0016 003f 0016 0016 0016 0016 0016 003f 0016 003f 0016 0016 0016 003f 0016 003f 0016 0016 0016 003f 0016 0636 0154 0054 0016 0e2d 0154 0054 0016 0e2d 0154 0054 0016 0e2d 0154 0054 0016 0016
Input Mode	0000 006d 002a 0000 0154 00aa 0016 0016 0016 0016 0016 0016 0016 003f 0016 003f 0016 003f 0016 0016 0016 003f 0016 0016 0016 0016 0016 003f 0016 0016 0016 0016 0016 0016 0016 0016 0016 0016 0016 003f 0016 003f 0016 003f 0016 003f 0016 003f 0016 0016 0016 0016 0016 003f 0016 0016 0016 0016 0016 0016 0016 0016 0016 0016 0016 003f 0016 003f 0016 0016 0016 065e 0154 0054 0016 0e2d 0154 0054 0016 0e2d 0154 0054 0016 0e2d 0154 0054 0016 0016
Stereo	0000 006d 002a 0000 0154 00aa 0016 0016 0016 0016 0016 0016 0016 003f 0016 003f 0016 003f 0016 0016 0016 003f 0016 0016 0016 0016 0016 0016 0016 0016 0016 0016 0016 0016 0016 0016 0016 0016 0016 003f 0016 003f 0016 003f 0016 0016 0016 003f 0016 0016 0016 003f 0016 003f 0016 0016 0016 0016 0016 0016 0016 003f 0016 0016 0016 003f 0016 0016 0016 0016 0016 068a 0154 0054 0016 0e2d 0154 0054 0016 0e2d 0154 0054 0016 0e2d 0154 0054 0016 0016
DSP Mode	0000 006d 002a 0000 0154 00aa 0016 0016 0016 0016 0016 0016 0016 003f 0016 003f 0016 003f 0016 0016 0016 003f 0016 003f 0016 0016 0016 0016 0016 0016 0016 0016 0016 0016 0016 0016 0016 0016 0016 0016 0016 0016 0016 003f 0016 003f 0016 0016 0016 0016 0016 0016 0016 0016 0016 003f 0016 003f 0016 0016 0016 0016 0016 003f 0016 003f 0016 003f 0016 003f 0016 0660 0154 0054 0016 0e2d 0154 0054 0016 0e2d 0154 0054 0016 0e2d 0154 0054 0016 0016
Mute	0000 006d 002a 0000 0154 00aa 0016 0016 0016 0016 0016 0016 0016 003f 0016 003f 0016 003f 0016 0016 0016 003f 0016 0016 0016 0016 0016 0016 0016 0016 0016 0016 0016 0016 0016 0016 0016 0016 0016 0016 0016 0016 0016 003f 0016 003f 0016 003f 0016 0016 0016 0016 0016 003f 0016 003f 0016 003f 0016 0016 0016 0016 0016 0016 0016 003f 0016 003f 0016 0016 0016 068a 0154 0054 0016 0e2d 0154 0054 0016 0e2d 0154 0054 0016 0e2d 0154 0054 0016 0016
Vol+	0000 006d 002a 0000 0154 00aa 0016 0016 0016 0016 0016 0016 0016 003f 0016 003f 0016 003f 0016 0016 0016 003f 0016 0016 0016 0016 0016 0016 0016 0016 0016 0016 0016 0016 0016 0016 0016 0016 0016 003f 0016 003f 0016 0016 0016 003f 0016 003f 0016 0016 0016 0016 0016 003f 0016 0016 0016 0016 0016 003f 0016 0016 0016 0016 0016 003f 0016 003f 0016 0016 0016 068b 0154 0054 0016 0e2d 0154 0054 0016 0e2d 0154 0054 0016 0e2d 0154 0054 0016 0016
Vol-	0000 006d 002a 0000 0154 00aa 0016 0016 0016 0016 0016 0016 0016 003f 0016 003f 0016 003f 0016 0016 0016 003f 0016 0016 0016 0016 0016 0016 0016 0016 0016 0016 0016 0016 0016 0016 0016 0016 0016 0016 0016 003f 0016 0016 0016 003f 0016 003f 0016 0016 0016 0016 0016 003f 0016 003f 0016 0016 0016 003f 0016 0016 0016 0016 0016 003f 0016 003f 0016 0016 0016 068a 0154 0054 0016 0e2d 0154 0054 0016 0e2d 0154 0054 0016 0e2d 0154 0054 0016 0016
Top Menu	0000 006d 002a 0000 0154 00aa 0016 0016 0016 0016 0016 0016 0016 003f 0016 003f 0016 003f 0016 0016 0016 003f 0016 003f 0016 003f 0016 0016 0016 0016 0016 0016 0016 0016 0016 0016 0016 0016 0016 003f 0016 0016 0016 0016 0016 003f 0016 003f 0016 0016 0016 0016 0016 0016 0016 0016 0016 003f 0016 003f 0016 0016 0016 0016 0016 003f 0016 003f 0016 003f 0016 0636 0154 0054 0016 0e2d 0154 0054 0016 0e2d 0154 0054 0016 0e2d 0154 0054 0016 0016
ME Sound	0000 006d 002a 0000 0154 00aa 0016 0016 0016 0016 0016 0016 0016 003f 0016 003f 0016 003f 0016 0016 0016 003f 0016 003f 0016 0016 0016 0016 0016 0016 0016 0016 0016 0016 0016 0016 0016 0016 0016 003f 0016 003f 0016 003f 0016 0016 0016 003f 0016 0016 0016 003f 0016 0016 0016 0016 0016 0016 0016 0016 0016 003f 0016 0016 0016 003f 0016 0016 0016 003f 0016 0660 0154 0054 0016 0e2d 0154 0054 0016 0e2d 0154 0054 0016 0e2d 0154 0054 0016 0016
Up	0000 006d 002a 0000 0154 00aa 0016 0016 0016 0016 0016 0016 0016 003f 0016 003f 0016 003f 0016 0016 0016 003f 0016 003f 0016 0016 0016 0016 0016 0016 0016 0016 0016 0016 0016 0016 0016 0016 0016 003f 0016 0016 0016 003f 0016 0016 0016 003f 0016 0016 0016 003f 0016 0016 0016 0016 0016 003f 0016 0016 0016 003f 0016 0016 0016 003f 0016 0016 0016 003f 0016 0660 0154 0054 0016 0e2d 0154 0054 0016 0e2d 0154 0054 0016 0e2d 0154 0054 0016 0016
Left	0000 006d 002a 0000 0154 00aa 0016 0016 0016 0016 0016 0016 0016 003f 0016 003f 0016 003f 0016 0016 0016 003f 0016 0016 0016 003f 0016 0016 0016 0016 0016 0016 0016 0016 0016 0016 0016 0016 0016 0016 0016 0016 0016 0016 0016 0016 0016 0016 0016 0016 0016 0016 0016 0016 0016 003f 0016 003f 0016 003f 0016 003f 0016 003f 0016 003f 0016 003f 0016 003f 0016 0660 0154 0054 0016 0e2d 0154 0054 0016 0e2d 0154 0054 0016 0e2d 0154 0054 0016 0016
Right	0000 006d 002a 0000 0154 00aa 0016 0016 0016 0016 0016 0016 0016 003f 0016 003f 0016 003f 0016 0016 0016 003f 0016 0016 0016 003f 0016 0016 0016 0016 0016 0016 0016 0016 0016 0016 0016 0016 0016 003f 0016 0016 0016 0016 0016 0016 0016 0016 0016 0016 0016 0016 0016 0016 0016 0016 0016 003f 0016 003f 0016 003f 0016 003f 0016 003f 0016 003f 0016 003f 0016 0660 0154 0054 0016 0e2d 0154 0054 0016 0e2d 0154 0054 0016 0e2d 0154 0054 0016 0016
Down	0000 006d 002a 0000 0154 00aa 0016 0016 0016 0016 0016 0016 0016 003f 0016 003f 0016 003f 0016 0016 0016 003f 0016 003f 0016 0016 0016 0016 0016 0016 0016 0016 0016 0016 0016 0016 0016 0016 0016 0016 0016 0016 0016 003f 0016 0016 0016 003f 0016 0016 0016 003f 0016 0016 0016 003f 0016 003f 0016 0016 0016 003f 0016 0016 0016 003f 0016 0016 0016 003f 0016 065e 0154 0054 0016 0e2d 0154 0054 0016 0e2d 0154 0054 0016 0e2d 0154 0054 0016 0016
Tune-	0000 006d 002a 0000 0154 00aa 0016 0016 0016 0016 0016 0016 0016 003f 0016 003f 0016 003f 0016 0016 0016 003f 0016 0016 0016 003f 0016 0016 0016 0016 0016 0016 0016 0016 0016 0016 0016 0016 0016 0016 0016 003f 0016 0016 0016 0016 0016 0016 0016 0016 0016 0016 0016 0016 0016 003f 0016 0016 0016 003f 0016 003f 0016 003f 0016 003f 0016 003f 0016 003f 0016 0660 0154 0054 0016 0e2d 0154 0054 0016 0e2d 0154 0054 0016 0e2d 0154 0054 0016 0016
Tune+	0000 006d 002a 0000 0154 00aa 0016 0016 0016 0016 0016 0016 0016 003f 0016 003f 0016 003f 0016 0016 0016 003f 0016 0016 0016 003f 0016 0016 0016 0016 0016 0016 0016 0016 0016 0016 0016 0016 0016 003f 0016 003f 0016 0016 0016 0016 0016 0016 0016 0016 0016 0016 0016 0016 0016 0016 0016 0016 0016 003f 0016 003f 0016 003f 0016 003f 0016 003f 0016 003f 0016 0660 0154 0054 0016 0e2d 0154 0054 0016 0e2d 0154 0054 0016 0e2d 0154 0054 0016 0016
Flip	0000 006d 002a 0000 0154 00aa 0016 0016 0016 0016 0016 0016 0016 003f 0016 003f 0016 003f 0016 0016 0016 003f 0016 003f 0016 003f 0016 0016 0016 0016 0016 0016 0016 0016 0016 0016 0016 0016 0016 003f 0016 0016 0016 0016 0016 003f 0016 0016 0016 0016 0016 0016 0016 0016 0016 0016 0016 003f 0016 003f 0016 0016 0016 003f 0016 003f 0016 003f 0016 003f 0016 0636 0154 0054 0016 0e2d 0154 0054 0016 0e2d 0154 0054 0016 0e2d 0154 0054 0016 0016
Band	0000 006d 002a 0000 0154 00aa 0016 0016 0016 0016 0016 0016 0016 003f 0016 003f 0016 003f 0016 0016 0016 003f 0016 003f 0016 003f 0016 0016 0016 0016 0016 0016 0016 0016 0016 0016 0016 0016 0016 0016 0016 003f 0016 003f 0016 0016 0016 0016 0016 0016 0016 0016 0016 0016 0016 003f 0016 0016 0016 0016 0016 003f 0016 003f 0016 003f 0016 003f 0016 003f 0016 0636 0154 0054 0016 0e2d 0154 0054 0016 0e2d 0154 0054 0016 0e2d 0154 0054 0016 0016
Input Select	0000 006d 002a 0000 0154 00aa 0016 0016 0016 0016 0016 0016 0016 003f 0016 003f 0016 003f 0016 0016 0016 003f 0016 003f 0016 003f 0016 0016 0016 0016 0016 0016 0016 0016 0016 0016 0016 0016 0016 0016 0016 003f 0016 003f 0016 0016 0016 003f 0016 0016 0016 003f 0016 0016 0016 003f 0016 0016 0016 0016 0016 003f 0016 0016 0016 003f 0016 0016 0016 003f 0016 0636 0154 0054 0016 0e2d 0154 0054 0016 0e2d 0154 0054 0016 0e2d 0154 0054 0016 0016
A/B	0000 006d 002a 0000 0154 00aa 0016 0016 0016 0016 0016 0016 0016 003f 0016 003f 0016 003f 0016 0016 0016 003f 0016 0016 0016 0016 0016 0016 0016 0016 0016 0016 0016 0016 0016 0016 0016 0016 0016 0016 0016 0016 0016 0016 0016 003f 0016 0016 0016 0016 0016 0016 0016 0016 0016 003f 0016 003f 0016 003f 0016 0016 0016 003f 0016 003f 0016 003f 0016 003f 0016 068b 0154 0054 0016 0e2d 0154 0054 0016 0e2d 0154 0054 0016 0e2d 0154 0054 0016 0016
Auto	0000 006d 002a 0000 0154 00aa 0016 0016 0016 0016 0016 0016 0016 003f 0016 003f 0016 003f 0016 0016 0016 003f 0016 0016 0016 003f 0016 0016 0016 0016 0016 0016 0016 0016 0016 0016 0016 0016 0016 0016 0016 0016 0016 003f 0016 0016 0016 0016 0016 0016 0016 0016 0016 0016 0016 003f 0016 003f 0016 0016 0016 003f 0016 003f 0016 003f 0016 003f 0016 003f 0016 0660 0154 0054 0016 0e2d 0154 0054 0016 0e2d 0154 0054 0016 0e2d 0154 0054 0016 0016
Pause	0000 006d 002a 0000 0154 00aa 0016 0016 0016 0016 0016 0016 0016 003f 0016 003f 0016 003f 0016 0016 0016 003f 0016 0016 0016 003f 0016 0016 0016 0016 0016 0016 0016 0016 0016 0016 0016 0016 0016 003f 0016 0016 0016 003f 0016 003f 0016 003f 0016 0016 0016 0016 0016 0016 0016 0016 0016 003f 0016 0016 0016 0016 0016 0016 0016 003f 0016 003f 0016 003f 0016 0660 0154 0054 0016 0e2d 0154 0054 0016 0e2d 0154 0054 0016 0e2d 0154 0054 0016 0016
DVD	0000 006d 002a 0000 0154 00aa 0016 0016 0016 0016 0016 0016 0016 003f 0016 003f 0016 003f 0016 0016 0016 003f 0016 003f 0016 003f 0016 0016 0016 0016 0016 0016 0016 0016 0016 0016 0016 0016 0016 0016 0016 0016 0016 0016 0016 0016 0016 0016 0016 0016 0016 0016 0016 003f 0016 003f 0016 003f 0016 003f 0016 003f 0016 003f 0016 003f 0016 003f 0016 0016 0016 0636 0154 0054 0016 0e2d 0154 0054 0016 0e2d 0154 0054 0016 0e2d 0154 0054 0016 0016
CD	0000 006d 002a 0000 0154 00aa 0016 0016 0016 0016 0016 0016 0016 003f 0016 003f 0016 003f 0016 0016 0016 003f 0016 0016 0016 0016 0016 0016 0016 0016 0016 0016 0016 0016 0016 0016 0016 0016 0016 0016 0016 003f 0016 0016 0016 0016 0016 003f 0016 0016 0016 0016 0016 003f 0016 003f 0016 0016 0016 003f 0016 003f 0016 0016 0016 003f 0016 003f 0016 0016 0016 068b 0154 0054 0016 0e2d 0154 0054 0016 0e2d 0154 0054 0016 0e2d 0154 0054 0016 0016
Aux1	0000 006d 002a 0000 0154 00aa 0016 0016 0016 0016 0016 0016 0016 003f 0016 003f 0016 003f 0016 0016 0016 003f 0016 0016 0016 0016 0016 0016 0016 0016 0016 0016 0016 0016 0016 0016 0016 0016 0016 0016 0016 0016 0016 0016 0016 0016 0016 003f 0016 0016 0016 0016 0016 003f 0016 003f 0016 003f 0016 003f 0016 003f 0016 0016 0016 003f 0016 003f 0016 0016 0016 068b 0154 0054 0016 0e2d 0154 0054 0016 0e2d 0154 0054 0016 0e2d 0154 0054 0016 0016
Tuner	0000 006d 002a 0000 0154 00aa 0016 0016 0016 0016 0016 0016 0016 003f 0016 003f 0016 003f 0016 0016 0016 003f 0016 0016 0016 0016 0016 0016 0016 0016 0016 0016 0016 0016 0016 0016 0016 0016 0016 003f 0016 0016 0016 0016 0016 0016 0016 003f 0016 0016 0016 0016 0016 003f 0016 0016 0016 003f 0016 003f 0016 003f 0016 0016 0016 003f 0016 003f 0016 0016 0016 068b 0154 0054 0016 0e2d 0154 0054 0016 0e2d 0154 0054 0016 0e2d 0154 0054 0016 0016
Video1	0000 006d 002a 0000 0154 00aa 0016 0016 0016 0016 0016 0016 0016 003f 0016 003f 0016 003f 0016 0016 0016 003f 0016 0016 0016 0016 0016 0016 0016 0016 0016 0016 0016 0016 0016 0016 0016 0016 0016 0016 0016 003f 0016 003f 0016 0016 0016 003f 0016 0016 0016 0016 0016 003f 0016 003f 0016 0016 0016 0016 0016 003f 0016 0016 0016 003f 0016 003f 0016 0016 0016 068b 0154 0054 0016 0e2d 0154 0054 0016 0e2d 0154 0054 0016 0e2d 0154 0054 0016 0016
Video2	0000 006d 002a 0000 0154 00aa 0016 0016 0016 0016 0016 0016 0016 003f 0016 003f 0016 003f 0016 0016 0016 003f 0016 0016 0016 0016 0016 0016 0016 0016 0016 0016 0016 0016 0016 0016 0016 0016 0016 0016 0016 003f 0016 0016 0016 0016 0016 0016 0016 0016 0016 0016 0016 0016 0016 003f 0016 0016 0016 003f 0016 003f 0016 003f 0016 003f 0016 003f 0016 003f 0016 068b 0154 0054 0016 0e2d 0154 0054 0016 0e2d 0154 0054 0016 0e2d 0154 0054 0016 0016
Video3	0000 006d 002a 0000 0154 00aa 0016 0016 0016 0016 0016 0016 0016 003f 0016 003f 0016 003f 0016 0016 0016 003f 0016 003f 0016 003f 0016 0016 0016 0016 0016 0016 0016 0016 0016 0016 0016 0016 0016 003f 0016 0016 0016 003f 0016 003f 0016 003f 0016 0016 0016 0016 0016 0016 0016 0016 0016 003f 0016 0016 0016 0016 0016 0016 0016 003f 0016 003f 0016 003f 0016 0636 0154 0054 0016 0e2d 0154 0054 0016 0e2d 0154 0054 0016 0e2d 0154 0054 0016 0016
MD/Tape	0000 006d 002a 0000 0154 00aa 0016 0016 0016 0016 0016 0016 0016 003f 0016 003f 0016 003f 0016 0016 0016 003f 0016 0016 0016 0016 0016 0016 0016 0016 0016 0016 0016 0016 0016 0016 0016 0016 0016 003f 0016 0016 0016 003f 0016 0016 0016 003f 0016 0016 0016 0016 0016 003f 0016 0016 0016 003f 0016 0016 0016 003f 0016 0016 0016 003f 0016 003f 0016 0016 0016 068b 0154 0054 0016 0e2d 0154 0054 0016 0e2d 0154 0054 0016 0e2d 0154 0054 0016 0016
AV Aux	0000 006d 002a 0000 0154 00aa 0016 0016 0016 0016 0016 0016 0016 003f 0016 003f 0016 003f 0016 0016 0016 003f 0016 0016 0016 0016 0016 0016 0016 0016 0016 0016 0016 0016 0016 0016 0016 0016 0016 003f 0016 003f 0016 0016 0016 0016 0016 003f 0016 0016 0016 0016 0016 003f 0016 0016 0016 0016 0016 003f 0016 003f 0016 0016 0016 003f 0016 003f 0016 0016 0016 068b 0154 0054 0016 0e2d 0154 0054 0016 0e2d 0154 0054 0016 0e2d 0154 0054 0016 0016
Loudness	0000 006d 002a 0000 0154 00aa 0016 0016 0016 0016 0016 0016 0016 003f 0016 003f 0016 003f 0016 0016 0016 003f 0016 0016 0016 0016 0016 0016 0016 0016 0016 0016 0016 0016 0016 0016 0016 0016 0016 003f 0016 003f 0016 003f 0016 003f 0016 003f 0016 0016 0016 003f 0016 0016 0016 0016 0016 0016 0016 0016 0016 0016 0016 0016 0016 003f 0016 0016 0016 003f 0016 068a 0154 0054 0016 0e2d 0154 0054 0016 0e2d 0154 0054 0016 0e2d 0154 0054 0016 0016
Tone	0000 006d 002a 0000 0154 00aa 0016 0016 0016 0016 0016 0016 0016 003f 0016 003f 0016 003f 0016 0016 0016 003f 0016 003f 0016 0016 0016 0016 0016 0016 0016 0016 0016 0016 0016 0016 0016 0016 0016 003f 0016 0016 0016 003f 0016 0016 0016 003f 0016 0016 0016 003f 0016 003f 0016 0016 0016 003f 0016 0016 0016 003f 0016 0016 0016 003f 0016 0016 0016 0016 0016 0660 0154 0054 0016 0e2d 0154 0054 0016 0e2d 0154 0054 0016 0e2d 0154 0054 0016 0016
Bass Boost	0000 006d 002a 0000 0154 00aa 0016 0016 0016 0016 0016 0016 0016 003f 0016 003f 0016 003f 0016 0016 0016 003f 0016 0016 0016 003f 0016 0016 0016 0016 0016 0016 0016 0016 0016 0016 0016 0016 0016 003f 0016 003f 0016 003f 0016 0016 0016 003f 0016 0016 0016 003f 0016 0016 0016 0016 0016 0016 0016 0016 0016 003f 0016 0016 0016 003f 0016 0016 0016 003f 0016 0660 0154 0054 0016 0e2d 0154 0054 0016 0e2d 0154 0054 0016 0e2d 0154 0054 0016 0016
