Power	0000 006c 0012 0002 0154 00ad 0014 0057 0014 00ad 0014 0057 0014 00ad 0014 0057 0014 0057 0014 0057 0014 0057 0014 0057 0014 0057 0014 0057 0014 0057 0014 0057 0014 00ad 0014 00ad 0014 0057 0014 0491 0154 0055 0014 0cf6
Menu	0000 006c 0012 0002 0154 00ad 0014 00ad 0014 0057 0014 0057 0014 00ad 0014 00ad 0014 0057 0014 0057 0014 0057 0014 0057 0014 0057 0014 0057 0014 0057 0014 0057 0014 00ad 0014 00ad 0014 0057 0014 0491 0154 0055 0014 0cf6
Guide	0000 006c 0012 0002 0154 00ad 0014 0057 0014 0057 0014 0057 0014 0057 0014 00ad 0014 00ad 0014 0057 0014 0057 0014 0057 0014 0057 0014 0057 0014 0057 0014 00ad 0014 0057 0014 00ad 0014 00ad 0014 0491 0154 0055 0014 0cf6
Exit	0000 006c 0012 0002 0154 00ad 0014 0057 0014 00ad 0014 0057 0014 0057 0014 00ad 0014 0057 0014 0057 0014 0057 0014 0057 0014 0057 0014 0057 0014 0057 0014 00ad 0014 0057 0014 00ad 0014 00ad 0014 0491 0154 0055 0014 0cf6
Info	0000 006c 0012 0002 0154 00ad 0014 00ad 0014 00ad 0014 0057 0014 0057 0014 00ad 0014 00ad 0014 0057 0014 0057 0014 0057 0014 0057 0014 0057 0014 0057 0014 0057 0014 00ad 0014 0057 0014 00ad 0014 0491 0154 0055 0014 0cf6
Select	0000 006c 0012 0002 0154 00ad 0014 00ad 0014 0057 0014 0057 0014 0057 0014 00ad 0014 0057 0014 0057 0014 0057 0014 0057 0014 0057 0014 0057 0014 0057 0014 0057 0014 00ad 0014 00ad 0014 00ad 0014 0491 0154 0055 0014 0cf6
Favorite	0000 006c 0012 0002 0154 00ad 0014 00ad 0014 0057 0014 00ad 0014 0057 0014 00ad 0014 0057 0014 0057 0014 0057 0014 0057 0014 0057 0014 0057 0014 0057 0014 0057 0014 00ad 0014 0057 0014 00ad 0014 0491 0154 0055 0014 0cf6
Last	0000 006c 0012 0002 0154 00ad 0014 00ad 0014 00ad 0014 0057 0014 0057 0014 00ad 0014 0057 0014 0057 0014 0057 0014 0057 0014 0057 0014 0057 0014 0057 0014 0057 0014 0057 0014 00ad 0014 00ad 0014 0491 0154 0055 0014 0cf6
1	0000 006c 0012 0002 0154 00ad 0014 00ad 0014 0057 0014 0057 0014 0057 0014 0057 0014 0057 0014 0057 0014 0057 0014 0057 0014 0057 0014 0057 0014 0057 0014 00ad 0014 00ad 0014 00ad 0014 00ad 0014 0491 0154 0055 0014 0cf6
2	0000 006c 0012 0002 0154 00ad 0014 0057 0014 00ad 0014 0057 0014 0057 0014 0057 0014 0057 0014 0057 0014 0057 0014 0057 0014 0057 0014 0057 0014 0057 0014 0057 0014 00ad 0014 00ad 0014 00ad 0014 0491 0154 0055 0014 0cf6
3	0000 006c 0012 0002 0154 00ad 0014 00ad 0014 00ad 0014 0057 0014 0057 0014 0057 0014 0057 0014 0057 0014 0057 0014 0057 0014 0057 0014 0057 0014 0057 0014 00ad 0014 0057 0014 00ad 0014 00ad 0014 0491 0154 0055 0014 0cf6
4	0000 006c 0012 0002 0154 00ad 0014 0057 0014 0057 0014 00ad 0014 0057 0014 0057 0014 0057 0014 0057 0014 0057 0014 0057 0014 0057 0014 0057 0014 0057 0014 0057 0014 0057 0014 00ad 0014 00ad 0014 0491 0154 0055 0014 0cf6
5	0000 006c 0012 0002 0154 00ad 0014 00ad 0014 0057 0014 00ad 0014 0057 0014 0057 0014 0057 0014 0057 0014 0057 0014 0057 0014 0057 0014 0057 0014 0057 0014 00ad 0014 00ad 0014 0057 0014 00ad 0014 0491 0154 0055 0014 0cf6
6	0000 006c 0012 0002 0154 00ad 0014 0057 0014 00ad 0014 00ad 0014 0057 0014 0057 0014 0057 0014 0057 0014 0057 0014 0057 0014 0057 0014 0057 0014 0057 0014 0057 0014 00ad 0014 0057 0014 00ad 0014 0491 0154 0055 0014 0cf6
7	0000 006c 0012 0002 0154 00ad 0014 00ad 0014 00ad 0014 00ad 0014 0057 0014 0057 0014 0057 0014 0057 0014 0057 0014 0057 0014 0057 0014 0057 0014 0057 0014 00ad 0014 0057 0014 0057 0014 00ad 0014 0491 0154 0055 0014 0cf6
8	0000 006c 0012 0002 0154 00ad 0014 0057 0014 0057 0014 0057 0014 00ad 0014 0057 0014 0057 0014 0057 0014 0057 0014 0057 0014 0057 0014 0057 0014 0057 0014 0057 0014 0057 0014 0057 0014 00ad 0014 0491 0154 0055 0014 0cf6
9	0000 006c 0012 0002 0154 00ad 0014 00ad 0014 0057 0014 0057 0014 00ad 0014 0057 0014 0057 0014 0057 0014 0057 0014 0057 0014 0057 0014 0057 0014 0057 0014 00ad 0014 00ad 0014 00ad 0014 0058 0014 0491 0154 0055 0014 0cf6
0	0000 006c 0012 0002 0154 00ad 0014 0057 0014 0057 0014 0057 0014 0057 0014 0057 0014 0057 0014 0057 0014 0057 0014 0057 0014 0057 0014 0057 0014 0057 0014 0057 0014 0057 0014 0057 0014 0058 0014 0491 0154 0055 0014 0cf6
Help	0000 006c 0012 0002 0154 00ad 0014 0057 0014 00ad 0014 0057 0014 0057 0014 00ad 0014 00ad 0014 0057 0014 0057 0014 0057 0014 0057 0014 0057 0014 0057 0014 00ad 0014 00ad 0014 0057 0014 00ad 0014 0491 0154 0055 0014 0cf6
Ch+	0000 006c 0012 0002 0154 00ad 0014 00ad 0014 00ad 0014 0057 0014 00ad 0014 0057 0014 0057 0014 0057 0014 0057 0014 0057 0014 0057 0014 0057 0014 0057 0014 00ad 0014 0057 0014 00ad 0014 0058 0014 0491 0154 0055 0014 0cf6
Ch-	0000 006c 0012 0002 0154 00ad 0014 0057 0014 0057 0014 00ad 0014 00ad 0014 0057 0014 0057 0014 0057 0014 0057 0014 0057 0014 0057 0014 0057 0014 0057 0014 0057 0014 0057 0014 00ad 0014 0057 0014 0491 0154 0055 0014 0cf6
Vol+	0000 006c 0012 0002 0154 00ad 0014 00ad 0014 0057 0014 00ad 0014 00ad 0014 0057 0014 0057 0014 0057 0014 0057 0014 0057 0014 0057 0014 0057 0014 0057 0014 00ad 0014 00ad 0014 0057 0014 0057 0014 0491 0154 0055 0014 0cf6
Vol-	0000 006c 0012 0002 0154 00ad 0014 0057 0014 00ad 0014 00ad 0014 00ad 0014 0057 0014 0057 0014 0057 0014 0057 0014 0057 0014 0057 0014 0057 0014 0057 0014 0057 0014 00ad 0014 0057 0014 0057 0014 0491 0154 0055 0014 0cf6
Mute	0000 006c 0012 0002 0154 00ad 0014 00ad 0014 00ad 0014 00ad 0014 00ad 0014 0057 0014 0057 0014 0057 0014 0057 0014 0057 0014 0057 0014 0057 0014 0057 0014 00ad 0014 0057 0014 0057 0014 0057 0014 0491 0154 0055 0014 0cf6
A	0000 006c 0012 0002 0154 00ad 0014 00ad 0014 00ad 0014 00ad 0014 0057 0014 00ad 0014 0057 0014 0057 0014 0057 0014 0057 0014 0057 0014 0057 0014 0057 0014 0057 0014 0057 0014 0057 0014 00ad 0014 0491 0154 0055 0014 0cf6
Page Up	0000 006c 0012 0002 0154 00ad 0014 0057 0014 00ad 0014 0057 0014 00ad 0014 00ad 0014 00ad 0014 0057 0014 0057 0014 0057 0014 0057 0014 0057 0014 0057 0014 00ad 0014 00ad 0014 0057 0014 0058 0014 0491 0154 0055 0014 0cf6
Page Dn	0000 006c 0012 0002 0154 00ad 0014 00ad 0014 00ad 0014 0057 0014 00ad 0014 00ad 0014 00ad 0014 0057 0014 0057 0014 0057 0014 0057 0014 0057 0014 0057 0014 0057 0014 00ad 0014 0057 0014 0058 0014 0491 0154 0055 0014 0cf6
Up	0000 006c 0012 0002 0154 00ad 0014 0057 0014 0057 0014 00ad 0014 0057 0014 00ad 0014 00ad 0014 0057 0014 0057 0014 0057 0014 0057 0014 0057 0014 0057 0014 00ad 0014 0057 0014 0057 0014 00ad 0014 0491 0154 0055 0014 0cf6
Down	0000 006c 0012 0002 0154 00ad 0014 00ad 0014 0057 0014 00ad 0014 0057 0014 00ad 0014 00ad 0014 0057 0014 0057 0014 0057 0014 0057 0014 0057 0014 0057 0014 0057 0014 0057 0014 0057 0014 00ad 0014 0491 0154 0055 0014 0cf6
Left	0000 006c 0012 0002 0154 00ad 0014 0057 0014 00ad 0014 00ad 0014 0057 0014 00ad 0014 00ad 0014 0057 0014 0057 0014 0057 0014 0057 0014 0057 0014 0057 0014 00ad 0014 00ad 0014 00ad 0014 0058 0014 0491 0154 0055 0014 0cf6
Right	0000 006c 0012 0002 0154 00ad 0014 00ad 0014 00ad 0014 00ad 0014 0057 0014 00ad 0014 00ad 0014 0057 0014 0057 0014 0057 0014 0057 0014 0057 0014 0057 0014 0057 0014 00ad 0014 00ad 0014 0058 0014 0491 0154 0055 0014 0cf6
Day &lt;	0000 006c 0012 0002 0154 00ad 0014 00ad 0014 0057 0014 0057 0014 00ad 0014 00ad 0014 00ad 0014 0057 0014 0057 0014 0057 0014 0057 0014 0057 0014 0057 0014 0057 0014 0057 0014 00ad 0014 0057 0014 0491 0154 0055 0014 0cf6
Day &gt;	0000 006c 0012 0002 0154 00ad 0014 0057 0014 0057 0014 0057 0014 00ad 0014 00ad 0014 00ad 0014 0057 0014 0057 0014 0057 0014 0057 0014 0057 0014 0057 0014 00ad 0014 0057 0014 00ad 0014 0057 0014 0491 0154 0055 0014 0cf6
Bypass	0000 006c 0012 0002 0154 00ad 0014 0057 0014 0057 0014 00ad 0014 0057 0014 00ad 0014 0057 0014 0057 0014 0057 0014 0057 0014 0057 0014 0057 0014 0057 0014 00ad 0014 00ad 0014 0057 0014 00ad 0014 0491 0154 0055 0014 0cf6
