Power	0000 0073 0000 0011 0020 0020 0040 0041 0040 0020 0020 0020 0020 0020 0020 009f 0020 0020 0020 0041 0020 0020 0040 0020 0020 0020 0020 0020 0020 0020 0020 0020 0020 0020 0020 0020 0020 0ad9
Tuner	0000 0073 0000 000d 0020 0020 0020 0020 0020 0020 0040 0020 0020 0020 0020 0041 0020 0020 0020 0020 0020 0020 0020 0020 0020 0020 0020 001f 0020 0ca8
CD	0000 0073 0000 000b 0020 0020 0040 0041 0040 0041 0040 0020 0020 0041 0020 0020 0020 0020 0020 0020 0020 0020 0020 001f 0020 0ca6
Acr1	0000 0073 0000 000b 0020 0020 0040 0041 0040 0020 0020 0041 0040 0041 0020 0020 0020 0020 0020 0020 0020 0020 0020 001f 0020 0ca6
Dcc	0000 0073 0000 000d 0020 0020 0020 0020 0020 0020 0040 0041 0020 0020 0020 0020 0020 0020 0020 0020 0020 0020 0020 0020 0020 0020 0020 001f 0020 0ca8
LD	0000 0073 0000 000c 0020 0020 0020 0020 0040 0041 0020 0020 0040 0020 0020 0041 0020 0020 0020 0020 0020 0020 0020 0020 0020 001f 0020 0ca7
Dbs	0000 0073 0000 000c 0020 0020 0020 0020 0040 0041 0040 0020 0020 0020 0020 0041 0020 0020 0020 0020 0020 0020 0020 0020 0020 001f 0020 0ca7
VCR1	0000 0073 0000 000c 0020 0020 0020 0020 0040 0020 0020 0041 0040 0041 0020 0020 0020 0020 0020 0020 0020 0020 0020 0020 0020 001f 0020 0ca7
VCR2	0000 0073 0000 000c 0020 0020 0020 0020 0040 0020 0020 0041 0020 0020 0040 0041 0020 0020 0020 0020 0020 0020 0020 0020 0020 001f 0020 0ca7
Surr	0000 0073 0000 000f 0020 0020 0040 0041 0040 0020 0020 0020 0020 0020 0020 00c0 0040 0020 0020 0041 0040 0041 0040 0020 0020 0020 0020 0020 0020 0020 0020 0020 0020 0ad7
Movie	0000 0073 0000 000e 0020 0020 0040 0041 0040 0020 0020 0020 0020 0020 0020 00c0 0040 0020 0020 0041 0040 0041 0040 0041 0020 0020 0020 0020 0040 0040 0020 0ab5
3-Logic	0000 0073 0000 000e 0020 0020 0040 0041 0040 0020 0020 0020 0020 0020 0020 00c0 0040 0020 0020 0041 0040 0041 0040 0041 0020 0020 0040 0020 0020 0020 0020 0ad5
Hall1	0000 0073 0000 000f 0020 0020 0040 0041 0040 0020 0020 0020 0020 0020 0020 00c0 0040 0020 0020 0041 0040 0041 0040 0020 0020 0020 0020 0020 0020 0020 0020 0040 0020 0ab6
Hall2	0000 0073 0000 000f 0020 0020 0020 0020 0020 0020 0040 0020 0020 0020 0020 0020 0020 00c0 0040 0020 0020 0041 0040 0041 0040 0020 0020 0020 0020 0020 0020 0041 0040 0ad6
Center Mode	0000 0073 0000 000d 0020 0020 0040 0041 0040 0020 0020 0020 0020 0020 0020 00c0 0040 0020 0020 0041 0040 0041 0040 0020 0020 0041 0040 0041 0040 0ad4
Test Tone	0000 0073 0000 000d 0020 0020 0040 0041 0040 0020 0020 0020 0020 0020 0020 00c0 0040 0020 0020 0041 0040 0041 0040 0041 0040 0041 0040 0040 0020 0ab4
Delay	0000 0073 0000 000f 0020 0020 0020 0020 0020 0020 0040 0020 0020 0020 0020 0020 0020 00c0 0040 0020 0020 0041 0040 0041 0040 0041 0040 0020 0020 0020 0020 0040 0020 0ab6
Matrix	0000 0073 0000 000f 0020 0020 0020 0020 0020 0020 0040 0020 0020 0020 0020 0020 0020 00c0 0040 0020 0020 0041 0040 0041 0040 0020 0020 0041 0040 0020 0020 0040 0020 0ab6
Stereo	0000 0073 0000 000f 0020 0020 0020 0020 0020 0020 0040 0020 0020 0020 0020 0020 0020 00c0 0040 0020 0020 0041 0040 0041 0040 0041 0020 0020 0020 0020 0020 0020 0040 0ad6
Aux	0000 0073 0000 0011 0020 0020 0040 0041 0040 0020 0020 0020 0020 0020 0020 009f 0020 0020 0020 0020 0020 0020 0020 0020 0020 0020 0020 0020 0020 0020 0020 0020 0020 0041 0020 0020 0040 0ad9
OSD	0000 0073 0000 000c 0020 0020 0040 0041 0040 0020 0020 0020 0020 0020 0020 0020 0020 0020 0020 0041 0020 0020 0020 0020 0020 001f 0020 0ca7
PIP	0000 0073 0000 0011 0020 0020 0040 0041 0040 0020 0020 0020 0020 0020 0020 009f 0020 0020 0020 0041 0020 0020 0020 0020 0020 0020 0040 0020 0020 0020 0020 0020 0020 0020 0020 0041 0020 0ab8
Sel	0000 0073 0000 0011 0020 0020 0020 0020 0020 0020 0040 0020 0020 0020 0020 0020 0020 009f 0020 0020 0020 0041 0020 0020 0020 0020 0020 0020 0040 0020 0020 0020 0020 0020 0020 0041 0040 0ad9
Rev	0000 0073 0000 0011 0020 0020 0040 0041 0040 0020 0020 0020 0020 0020 0020 009f 0020 0020 0020 0041 0020 0020 0020 0020 0020 0020 0040 0020 0020 0020 0020 0020 0020 0041 0020 001f 0020 0ab8
Pos	0000 0073 0000 0011 0020 0020 0020 0020 0020 0020 0040 0020 0020 0020 0020 0020 0020 009f 0020 0020 0020 0041 0020 0020 0020 0020 0020 0020 0040 0020 0020 0020 0020 0041 0040 0020 0020 0ad9
Bal L	0000 0073 0000 000b 0020 0020 0040 0041 0040 0020 0020 0020 0020 0020 0020 0020 0020 0041 0020 0020 0040 0041 0020 001f 0020 0ca6
Bal R	0000 0073 0000 000b 0020 0020 0020 0020 0020 0020 0040 0020 0020 0020 0020 0020 0020 0020 0020 0041 0020 0020 0040 0041 0040 0cc6
Mute	0000 0073 0000 000b 0020 0020 0040 0041 0040 0020 0020 0020 0020 0020 0020 0020 0020 0020 0020 0041 0020 0020 0040 0040 0020 0ca6
Vol Rst	0000 0073 0000 000f 0020 0020 0040 0041 0040 0020 0020 0020 0020 0020 0020 00c0 0040 0020 0020 0041 0040 0041 0040 0041 0020 0020 0020 0020 0020 0020 0020 001f 0020 0ab6
Surr+	0000 0073 0000 000e 0020 0020 0040 0041 0040 0020 0020 0020 0020 0020 0020 00c0 0040 0020 0020 0041 0040 0041 0040 0020 0020 0041 0020 0020 0020 0020 0040 0ad5
Surr-	0000 0073 0000 000f 0020 0020 0040 0041 0040 0020 0020 0020 0020 0020 0020 00c0 0040 0020 0020 0041 0040 0041 0040 0020 0020 0041 0020 0020 0020 0020 0020 001f 0020 0ab6
Cntr+	0000 0073 0000 000e 0020 0020 0040 0041 0040 0020 0020 0020 0020 0020 0020 00c0 0040 0020 0020 0041 0040 0041 0040 0020 0020 0041 0040 0041 0020 001f 0020 0ab5
Cntr-	0000 0073 0000 000e 0020 0020 0040 0041 0040 0020 0020 0020 0020 0020 0020 00c0 0040 0020 0020 0041 0040 0041 0040 0020 0020 0041 0020 0020 0040 0020 0020 0ad5
Vol+	0000 0073 0000 000b 0020 0020 0040 0041 0040 0020 0020 0020 0020 0020 0020 0020 0020 0041 0040 0020 0020 0020 0020 0020 0020 0cc7
Vol-	0000 0073 0000 000b 0020 0020 0040 0041 0040 0020 0020 0020 0020 0020 0020 0020 0020 0041 0040 0020 0020 0020 0020 0040 0020 0ca6
P LD	0000 0073 0000 000b 0020 0020 0040 0020 0020 0041 0020 0020 0040 0020 0020 0020 0020 0020 0020 0041 0020 0020 0040 0020 0020 0cc7
LD Eject	0000 0073 0000 000a 0020 0020 0040 0020 0020 0041 0020 0020 0040 0020 0020 0041 0040 0041 0020 0020 0040 0040 0020 0ca5
LD Stop	0000 0073 0000 000a 0020 0020 0040 0020 0020 0041 0020 0020 0040 0020 0020 0041 0020 0020 0040 0041 0020 0020 0040 0cc5
LD Pause	0000 0073 0000 000b 0020 0020 0040 0020 0020 0041 0020 0020 0040 0020 0020 0041 0020 0020 0040 0020 0020 0020 0020 0020 0020 0cc6
LD Play	0000 0073 0000 000a 0020 0020 0040 0020 0020 0041 0020 0020 0040 0020 0020 0041 0020 0020 0040 0041 0040 0040 0020 0ca5
LD R Srch	0000 0073 0000 000a 0020 0020 0040 0020 0020 0041 0020 0020 0040 0020 0020 0041 0040 0041 0020 0020 0040 0020 0020 0cc6
LD F Srch	0000 0073 0000 000a 0020 0020 0040 0020 0020 0041 0020 0020 0040 0020 0020 0041 0040 0041 0020 0020 0020 0020 0040 0cc5
LD R Chap	0000 0073 0000 000a 0020 0020 0040 0020 0020 0041 0020 0020 0040 0020 0020 0041 0040 0020 0020 0041 0040 0020 0020 0cc6
LD F Chap	0000 0073 0000 000b 0020 0020 0040 0020 0020 0041 0020 0020 0040 0020 0020 0020 0020 0041 0020 0020 0020 0020 0020 0020 0040 0cc6
