Power On	0000 0073 0000 0011 0020 0020 0040 0040 0040 0020 0020 0020 0020 0020 0020 00a0 0020 0020 0020 0040 0020 0020 0040 0020 0020 0020 0020 0020 0020 0020 0020 0020 0020 0020 0020 0040 0020 0aa4
Power Off	0000 0073 0000 0011 0020 0020 0020 0020 0020 0020 0040 0020 0020 0020 0020 0020 0020 00a0 0020 0020 0020 0040 0020 0020 0040 0020 0020 0020 0020 0020 0020 0020 0020 0020 0020 0040 0040 0ac4
3-D	0000 0073 0000 0010 0020 0020 0020 0020 0020 0020 0040 0020 0020 0020 0020 0020 0020 00c0 0040 0020 0020 0040 0040 0040 0020 0020 0020 0020 0040 0020 0020 0020 0020 0020 0020 0ac4
R-EQ	0000 0073 0000 000e 0020 0020 0040 0040 0040 0020 0020 0020 0020 0020 0020 00c0 0040 0020 0020 0040 0040 0040 0020 0020 0040 0040 0020 0020 0040 0020 0020 0ac4
Phono	0000 0073 0000 000b 0020 0020 0040 0040 0040 0040 0040 0040 0020 0020 0020 0020 0020 0020 0020 0020 0020 0020 0020 0020 0020 0ca3
Auto	0000 0073 0000 000e 0020 0020 0040 0040 0040 0020 0020 0020 0020 0020 0020 00c0 0040 0020 0020 0040 0040 0040 0020 0020 0040 0040 0020 0020 0040 0040 0020 0aa4
Dolby	0000 0073 0000 0010 0020 0020 0020 0020 0020 0020 0040 0020 0020 0020 0020 0020 0020 00c0 0040 0020 0020 0040 0040 0040 0040 0020 0020 0020 0020 0020 0020 0020 0020 0020 0020 0ac4
THX	0000 0073 0000 000e 0020 0020 0040 0040 0040 0020 0020 0020 0020 0020 0020 00c0 0040 0020 0020 0040 0040 0040 0020 0020 0040 0020 0020 0040 0040 0020 0020 0ac4
DTS	0000 0073 0000 000f 0020 0020 0020 0020 0020 0020 0040 0020 0020 0020 0020 0020 0020 00c0 0040 0020 0020 0040 0040 0040 0020 0020 0040 0040 0020 0020 0020 0020 0040 0ac4
Hall	0000 0073 0000 000f 0020 0020 0040 0040 0040 0020 0020 0020 0020 0020 0020 00c0 0040 0020 0020 0040 0040 0040 0040 0020 0020 0020 0020 0020 0020 0020 0020 0040 0020 0aa4
Matrix	0000 0073 0000 000f 0020 0020 0020 0020 0020 0020 0040 0020 0020 0020 0020 0020 0020 00c0 0040 0020 0020 0040 0040 0040 0040 0020 0020 0040 0040 0020 0020 0040 0020 0aa4
Movie	0000 0073 0000 000e 0020 0020 0040 0040 0040 0020 0020 0020 0020 0020 0020 00c0 0040 0020 0020 0040 0040 0040 0040 0040 0020 0020 0020 0020 0040 0040 0020 0aa4
2 Ch	0000 0073 0000 000f 0020 0020 0020 0020 0020 0020 0040 0020 0020 0020 0020 0020 0020 00c0 0040 0020 0020 0040 0040 0040 0040 0040 0020 0020 0020 0020 0020 0020 0040 0ac4
A/D	0000 0073 0000 0011 0020 0020 0040 0040 0040 0020 0020 0020 0020 0020 0020 00a0 0020 0020 0020 0020 0020 0020 0020 0020 0020 0040 0040 0020 0020 0020 0020 0020 0020 0020 0020 0040 0020 0aa4
Direct	0000 0073 0000 000b 0020 0020 0020 0020 0020 0020 0040 0020 0020 0020 0020 0020 0020 0040 0040 0020 0020 0020 0020 0040 0040 0cc3
Att	0000 0073 0000 000e 0020 0020 0040 0040 0040 0020 0020 0020 0020 0020 0020 00c0 0040 0020 0020 0040 0040 0040 0020 0020 0040 0040 0040 0040 0020 0020 0020 0aa4
OSD	0000 0073 0000 000d 0020 0020 0020 0020 0020 0020 0040 0020 0020 0020 0020 0020 0020 0020 0020 0020 0020 0040 0020 0020 0020 0020 0020 0020 0020 0ca3
Mono	0000 0073 0000 000e 0020 0020 0040 0040 0040 0020 0020 0020 0020 0020 0020 00c0 0040 0020 0020 0040 0040 0040 0020 0020 0040 0020 0020 0040 0040 0040 0020 0aa4
Nite	0000 0073 0000 000e 0020 0020 0020 0020 0020 0020 0040 0020 0020 0020 0020 0020 0020 00c0 0040 0020 0020 0040 0040 0040 0020 0020 0040 0040 0040 0040 0040 0ac4
Multi	0000 0073 0000 0010 0020 0020 0040 0040 0040 0020 0020 0020 0020 0020 0020 00a0 0020 0040 0020 0020 0020 0020 0040 0040 0040 0020 0020 0020 0020 0020 0020 0020 0020 0020 0020 0ac4
Treb+	0000 0073 0000 000c 0020 0020 0020 0020 0020 0020 0040 0020 0020 0020 0020 0020 0020 0020 0020 0040 0020 0020 0040 0020 0020 0020 0020 0cc3
Treb-	0000 0073 0000 000b 0020 0020 0040 0040 0040 0020 0020 0020 0020 0020 0020 0020 0020 0040 0020 0020 0040 0020 0020 0040 0020 0ca3
Bass+	0000 0073 0000 000b 0020 0020 0020 0020 0020 0020 0040 0020 0020 0020 0020 0020 0020 0020 0020 0040 0040 0040 0020 0020 0040 0cc3
Bass-	0000 0073 0000 000b 0020 0020 0040 0040 0040 0020 0020 0020 0020 0020 0020 0020 0020 0040 0040 0040 0020 0020 0020 0020 0020 0ca3
Ch+	0000 0073 0000 0010 0020 0020 0020 0020 0020 0020 0040 0020 0020 0020 0020 0020 0020 00c0 0040 0020 0020 0040 0040 0040 0020 0020 0040 0020 0020 0020 0020 0020 0020 0040 0020 0aa4
Level+	0000 0073 0000 000e 0020 0020 0040 0040 0040 0020 0020 0020 0020 0020 0020 00c0 0040 0020 0020 0040 0040 0040 0020 0020 0040 0020 0020 0020 0020 0040 0040 0ac4
Level-	0000 0073 0000 0010 0020 0020 0020 0020 0020 0020 0040 0020 0020 0020 0020 0020 0020 00c0 0040 0020 0020 0040 0040 0040 0020 0020 0040 0020 0020 0020 0020 0040 0020 0020 0020 0aa4
Vol+	0000 0073 0000 000f 0020 0020 0040 0040 0040 0020 0020 0020 0020 0020 0020 00c0 0040 0020 0020 0040 0040 0040 0020 0020 0040 0020 0020 0040 0020 0020 0020 0020 0020 0aa4
Vol-	0000 0073 0000 000f 0020 0020 0020 0020 0020 0020 0040 0020 0020 0020 0020 0020 0020 00c0 0040 0020 0020 0040 0040 0040 0020 0020 0040 0040 0040 0020 0020 0020 0020 0ac4
6 Ch	0000 0073 0000 0011 0020 0020 0040 0040 0040 0020 0020 0020 0020 0020 0020 00a0 0020 0020 0020 0020 0020 0020 0020 0020 0020 0040 0040 0020 0020 0020 0020 0020 0020 0040 0020 0020 0020 0aa4
Sleep	0000 0073 0000 000b 0020 0020 0020 0020 0020 0020 0040 0020 0020 0020 0020 0020 0020 0040 0040 0020 0020 0040 0020 0020 0040 0cc3
Display	0000 0073 0000 0011 0020 0020 0040 0040 0040 0020 0020 0020 0020 0020 0020 00a0 0020 0020 0020 0040 0020 0020 0020 0020 0020 0020 0040 0020 0020 0020 0020 0020 0020 0020 0020 0020 0020 0ac4
Mode	0000 0073 0000 000b 0020 0020 0020 0020 0020 0020 0040 0020 0020 0020 0020 0020 0020 0040 0040 0020 0020 0040 0040 0040 0020 0ca3
FM	0000 0073 0000 000a 0020 0020 0040 0040 0040 0020 0020 0020 0020 0040 0020 0020 0040 0040 0020 0020 0040 0040 0020 0ca3
AM	0000 0073 0000 000b 0020 0020 0020 0020 0020 0020 0040 0020 0020 0020 0020 0040 0020 0020 0040 0040 0020 0020 0020 0020 0040 0cc3
Band	0000 0073 0000 000c 0020 0020 0040 0040 0040 0020 0020 0020 0020 0040 0020 0020 0020 0020 0020 0020 0020 0020 0020 0020 0020 0020 0020 0ca3
Tuner Mode	0000 0073 0000 000b 0020 0020 0020 0020 0020 0020 0040 0020 0020 0020 0020 0040 0020 0020 0040 0020 0020 0040 0040 0040 0020 0ca3
Scan	0000 0073 0000 000a 0020 0020 0040 0040 0040 0020 0020 0020 0020 0040 0020 0020 0040 0040 0040 0040 0020 0020 0020 0ca3
DSS/V 2	0000 0073 0000 000c 0020 0020 0020 0020 0040 0020 0020 0040 0020 0020 0040 0040 0020 0020 0020 0020 0020 0020 0020 0020 0020 0020 0020 0ca3
TV	0000 0073 0000 000d 0020 0020 0040 0020 0020 0020 0020 0020 0020 0020 0020 0020 0020 0040 0020 0020 0020 0020 0020 0020 0020 0020 0020 0020 0020 0ca3
LD	0000 0073 0000 000c 0020 0020 0020 0020 0040 0040 0020 0020 0040 0020 0020 0040 0020 0020 0020 0020 0020 0020 0020 0020 0020 0020 0020 0ca3
DVD	0000 0073 0000 0010 0020 0020 0040 0040 0040 0020 0020 0020 0020 0020 0020 00a0 0020 0020 0020 0020 0020 0020 0020 0020 0020 0020 0020 0020 0020 0020 0020 0040 0040 0040 0040 0ac4
V 1	0000 0073 0000 000c 0020 0020 0020 0020 0040 0020 0020 0040 0040 0040 0020 0020 0020 0020 0020 0020 0020 0020 0020 0020 0020 0020 0020 0ca3
Tuner	0000 0073 0000 000c 0020 0020 0040 0040 0040 0020 0020 0020 0020 0040 0020 0020 0020 0020 0020 0020 0020 0020 0020 0020 0020 0020 0020 0ca3
CD	0000 0073 0000 000c 0020 0020 0020 0020 0020 0020 0040 0040 0040 0020 0020 0040 0020 0020 0020 0020 0020 0020 0020 0020 0020 0020 0020 0ca3
Tape	0000 0073 0000 000b 0020 0020 0040 0040 0040 0020 0020 0040 0040 0040 0020 0020 0020 0020 0020 0020 0020 0020 0020 0020 0020 0ca3
Aux	0000 0073 0000 0012 0020 0020 0020 0020 0020 0020 0040 0020 0020 0020 0020 0020 0020 00a0 0020 0020 0020 0020 0020 0020 0020 0020 0020 0020 0020 0020 0020 0020 0020 0020 0020 0040 0020 0020 0040 0ac4
 R/MD	0000 0073 0000 000b 0020 0020 0040 0040 0020 0020 0040 0040 0040 0040 0020 0020 0020 0020 0020 0020 0020 0020 0020 0020 0020 0ca3
Mast Volume+	0000 0073 0000 000c 0020 0020 0020 0020 0020 0020 0040 0020 0020 0020 0020 0020 0020 0020 0020 0040 0040 0020 0020 0020 0020 0020 0020 0cc3
Mast Volume-	0000 0073 0000 000b 0020 0020 0040 0040 0040 0020 0020 0020 0020 0020 0020 0020 0020 0040 0040 0020 0020 0020 0020 0040 0020 0ca3
Mast Channel+	0000 0073 0000 000c 0020 0020 0020 0020 0040 0020 0020 0020 0020 0020 0020 0020 0020 0040 0040 0020 0020 0020 0020 0020 0020 0020 0020 0cc3
Mast Channel-	0000 0073 0000 000c 0020 0020 0040 0020 0020 0020 0020 0020 0020 0020 0020 0020 0020 0040 0040 0020 0020 0020 0020 0020 0020 0040 0020 0ca3
Rew	0000 0073 0000 000a 0020 0020 0040 0040 0040 0020 0020 0020 0020 0020 0020 0040 0040 0040 0020 0020 0040 0020 0020 0cc3
Ffwd	0000 0073 0000 000b 0020 0020 0020 0020 0020 0020 0040 0020 0020 0020 0020 0020 0020 0040 0040 0040 0040 0040 0020 0020 0020 0ca3
M	0000 0073 0000 000a 0020 0020 0040 0040 0040 0020 0020 0020 0020 0040 0020 0020 0040 0040 0040 0020 0020 0040 0020 0ca3
C	0000 0073 0000 000b 0020 0020 0020 0020 0020 0020 0040 0020 0020 0020 0020 0040 0020 0020 0020 0020 0020 0020 0040 0040 0040 0cc3
Up	0000 0073 0000 000b 0040 0020 0020 0040 0040 0020 0020 0020 0020 0020 0020 0020 0020 0040 0040 0020 0020 0020 0020 0020 0020 0cc3
Left	0000 0073 0000 000a 0040 0040 0020 0020 0040 0020 0020 0020 0020 0020 0020 0020 0020 0040 0040 0040 0040 0040 0020 0ca3
OK	0000 0073 0000 000a 0040 0020 0020 0040 0040 0020 0020 0020 0020 0020 0020 0020 0020 0040 0040 0020 0020 0040 0040 0cc3
Right	0000 0073 0000 000a 0040 0040 0020 0020 0040 0020 0020 0020 0020 0020 0020 0020 0020 0040 0040 0040 0020 0020 0040 0cc3
Down	0000 0073 0000 000b 0040 0020 0020 0040 0040 0020 0020 0020 0020 0020 0020 0020 0020 0040 0040 0020 0020 0020 0020 0040 0020 0ca3
Mute	0000 0073 0000 000c 0020 0020 0020 0020 0020 0020 0040 0020 0020 0020 0020 0020 0020 0020 0020 0020 0020 0040 0020 0020 0040 0040 0020 0ca3
