Open/Close	0000 0073 0000 000a 0020 0020 0020 0020 0020 0020 0040 0040 0040 0020 0020 0040 0040 0040 0020 0020 0040 0040 0020 0ca0
Random	0000 0073 0000 000a 0020 0020 0040 0040 0040 0040 0040 0020 0020 0020 0020 0040 0020 0020 0020 0020 0040 0020 0020 0cc0
1	0000 0073 0000 000c 0020 0020 0020 0020 0020 0020 0040 0040 0040 0020 0020 0020 0020 0020 0020 0020 0020 0020 0020 0020 0020 0040 0020 0ca1
2	0000 0073 0000 000a 0020 0020 0040 0040 0040 0040 0040 0020 0020 0020 0020 0020 0020 0020 0020 0020 0020 0040 0040 0cc1
3	0000 0073 0000 000c 0020 0020 0020 0020 0020 0020 0040 0040 0040 0020 0020 0020 0020 0020 0020 0020 0020 0020 0020 0040 0020 0020 0020 0ca1
4	0000 0073 0000 000a 0020 0020 0040 0040 0040 0040 0040 0020 0020 0020 0020 0020 0020 0020 0020 0040 0040 0020 0020 0cc0
5	0000 0073 0000 000b 0020 0020 0020 0020 0020 0020 0040 0040 0040 0020 0020 0020 0020 0020 0020 0020 0020 0040 0040 0040 0020 0ca1
6	0000 0073 0000 000a 0020 0020 0040 0040 0040 0040 0040 0020 0020 0020 0020 0020 0020 0020 0020 0040 0020 0020 0040 0cc1
7	0000 0073 0000 000c 0020 0020 0020 0020 0020 0020 0040 0040 0040 0020 0020 0020 0020 0020 0020 0020 0020 0040 0020 0020 0020 0020 0020 0ca1
8	0000 0073 0000 000a 0020 0020 0040 0040 0040 0040 0040 0020 0020 0020 0020 0020 0020 0040 0040 0020 0020 0020 0020 0cc0
9	0000 0073 0000 000b 0020 0020 0020 0020 0020 0020 0040 0040 0040 0020 0020 0020 0020 0020 0020 0040 0040 0020 0020 0040 0020 0ca1
0	0000 0073 0000 000b 0020 0020 0040 0040 0040 0040 0040 0020 0020 0020 0020 0020 0020 0020 0020 0020 0020 0020 0020 0020 0020 0cc1
Program	0000 0073 0000 000a 0020 0020 0020 0020 0020 0020 0040 0040 0040 0020 0020 0040 0040 0040 0040 0020 0020 0040 0020 0ca0
Recall	0000 0073 0000 000b 0020 0020 0040 0040 0040 0040 0040 0020 0020 0020 0020 0020 0020 0040 0020 0020 0020 0020 0020 0020 0020 0ca1
Cancel	0000 0073 0000 000b 0020 0020 0020 0020 0020 0020 0040 0040 0040 0020 0020 0040 0020 0020 0040 0020 0020 0020 0020 0040 0020 0ca1
Display	0000 0073 0000 000a 0020 0020 0040 0040 0040 0040 0040 0020 0020 0020 0020 0020 0020 0040 0040 0040 0020 0020 0020 0ca0
Fader	0000 0073 0000 000a 0040 0040 0020 0020 0040 0040 0040 0020 0020 0040 0020 0020 0020 0020 0040 0020 0020 0020 0020 0cc0
Edit	0000 0073 0000 0009 0040 0020 0020 0040 0040 0040 0040 0020 0020 0040 0040 0040 0040 0020 0020 0020 0020 0cc0
Play	0000 0073 0000 000a 0020 0020 0020 0020 0020 0020 0040 0040 0040 0020 0020 0040 0020 0020 0040 0040 0040 0040 0020 0ca0
Stop	0000 0073 0000 0009 0020 0020 0040 0040 0040 0040 0040 0020 0020 0040 0020 0020 0040 0040 0020 0020 0040 0cc0
Pause	0000 0073 0000 000b 0020 0020 0020 0020 0020 0020 0040 0040 0040 0020 0020 0040 0020 0020 0040 0020 0020 0020 0020 0020 0020 0cc1
R Srch	0000 0073 0000 0009 0020 0020 0040 0040 0040 0040 0040 0020 0020 0040 0020 0020 0040 0020 0020 0040 0040 0cc0
F Srch	0000 0073 0000 000a 0020 0020 0020 0020 0020 0020 0040 0040 0040 0020 0020 0040 0020 0020 0040 0040 0040 0020 0020 0cc0
R Trk	0000 0073 0000 000b 0020 0020 0020 0020 0020 0020 0040 0040 0040 0020 0020 0040 0040 0020 0020 0020 0020 0020 0020 0040 0020 0ca1
F Trk	0000 0073 0000 000a 0020 0020 0040 0040 0040 0040 0040 0020 0020 0040 0040 0020 0020 0020 0020 0020 0020 0020 0020 0cc0
Repeat	0000 0073 0000 000a 0020 0020 0040 0040 0040 0040 0040 0020 0020 0020 0020 0040 0020 0020 0020 0020 0040 0040 0020 0ca0
Ams	0000 0073 0000 000a 0020 0020 0020 0020 0020 0020 0040 0040 0040 0020 0020 0040 0040 0040 0040 0040 0020 0020 0020 0ca0
Disc+	0000 0073 0000 000a 0020 0020 0040 0040 0040 0040 0040 0020 0020 0020 0020 0040 0020 0020 0020 0020 0020 0020 0040 0cc1
Disc-	0000 0073 0000 000c 0020 0020 0020 0020 0020 0020 0040 0040 0040 0020 0020 0020 0020 0040 0020 0020 0020 0020 0020 0020 0020 0020 0020 0ca1
Vol+	0000 0073 0000 000a 0020 0020 0040 0040 0040 0040 0040 0020 0020 0020 0020 0040 0040 0020 0020 0020 0020 0020 0020 0cc0
Vol-	0000 0073 0000 000b 0020 0020 0020 0020 0020 0020 0040 0040 0040 0020 0020 0020 0020 0040 0040 0020 0020 0020 0020 0040 0020 0ca1
