R Trk	0000 0073 0000 000b 0020 0020 0020 0020 0020 0020 0040 0041 0040 0020 0020 0040 0040 0020 0020 0020 0020 0020 0020 0020 0020 0cbf
Play	0000 0073 0000 000a 0020 0020 0020 0020 0020 0020 0040 0041 0040 0020 0020 0040 0020 0020 0040 0041 0040 0040 0020 0c9f
F Trk	0000 0073 0000 000b 0020 0020 0020 0020 0020 0020 0040 0041 0040 0020 0020 0040 0040 0020 0020 0020 0020 0020 0020 0040 0020 0c9f
Pause	0000 0073 0000 000b 0020 0020 0020 0020 0020 0020 0040 0041 0040 0020 0020 0040 0020 0020 0040 0020 0020 0020 0020 0020 0020 0cbf
Shuffle	0000 0073 0000 000b 0020 0020 0020 0020 0020 0020 0040 0041 0040 0020 0020 0020 0020 0040 0020 0020 0020 0020 0040 0020 0020 0cbf
Stop	0000 0073 0000 000a 0020 0020 0020 0020 0020 0020 0040 0041 0040 0020 0020 0040 0020 0020 0040 0041 0020 0020 0040 0cbf
Disc	0000 0073 0000 000b 0020 0020 0020 0020 0020 0020 0040 0041 0040 0020 0020 0020 0020 0040 0020 0020 0020 0020 0020 0020 0040 0cbf
Scan	0000 0073 0000 000a 0020 0020 0020 0020 0020 0020 0040 0041 0040 0020 0020 0040 0040 0041 0040 0041 0020 0020 0020 0c9f
Time	0000 0073 0000 000b 0020 0020 0020 0020 0020 0020 0040 0041 0040 0020 0020 0020 0020 0020 0020 0040 0040 0041 0020 0020 0020 0c9f
Open/Close	0000 0073 0032 000a 0020 0020 0020 0020 0020 0020 0040 0041 0040 0020 0020 0040 0040 0041 0020 0020 0040 0040 0020 0c9f 0020 0020 0020 0020 0020 0020 0040 0041 0040 0020 0020 0040 0040 0041 0020 0020 0040 0040 0020 0c9f 0020 0020 0020 0020 0020 0020 0040 0041 0040 0020 0020 0040 0040 0041 0020 0020 0040 0040 0020 0c9f 0020 0020 0020 0020 0020 0020 0040 0041 0040 0020 0020 0040 0040 0041 0020 0020 0040 0040 0020 0c9f 0020 0020 0020 0020 0020 0020 0040 0041 0040 0020 0020 0040 0040 0041 0020 0020 0023 0002 001b 0040 0020 0c9f 0020 0020 0020 0020 0020 0020 0040 0041 0040 0020 0020 0040 0040 0041 0020 0020 0040 0040
Vol+	0000 0073 0000 000b 0020 0020 0020 0020 0020 0020 0040 0041 0040 0020 0020 0020 0020 0040 0040 0020 0020 0020 0020 0020 0020 0cbf
Vol-	0000 0073 0000 000b 0020 0020 0020 0020 0020 0020 0040 0041 0040 0020 0020 0020 0020 0040 0040 0020 0020 0020 0020 0040 0020 0c9f
