Power	0000 006C 0000 0002 0000 00AB 0000 0040 0000 0015 0000 0040 0000 0015 0000 0015 0000 0015 0000 0040 0000 0015 0000 0015 0000 0040 0000 0015 0000 0040 0000 0040 0000 003F 0000 0015 0000 003F 0000 0015 0000 003F 0000 0015 0000 0015 0000 0040 0000 0015 0000 0015 0000 0015 0000 003F 0000 0015 0000 003F 0000 0040 0000 0015 0000 0040 0000 0040 0000 003F 0000 05EF 0000 0055 0000 0E4A
Play	0000 006C 0000 0002 0000 00AB 0000 003F 0000 0015 0000 003F 0000 0015 0000 0015 0000 0015 0000 0040 0000 0015 0000 0015 0000 003F 0000 0015 0000 003F 0000 0040 0000 0040 0000 0015 0000 0040 0000 003F 0000 0015 0000 003F 0000 0015 0000 003F 0000 0015 0000 0015 0000 0015 0000 0015 0000 003F 0000 0015 0000 003F 0000 0015 0000 003F 0000 0040 0000 0040 0000 05EF 0000 0055 0000 0E4B
Stop	0000 006C 0000 0002 0000 00AC 0000 0040 0000 0015 0000 0040 0000 0015 0000 0015 0000 0015 0000 003F 0000 0015 0000 0015 0000 0040 0000 0015 0000 0040 0000 003F 0000 0040 0000 0015 0000 0040 0000 0015 0000 0015 0000 003F 0000 0015 0000 003F 0000 0015 0000 0015 0000 0015 0000 0040 0000 0040 0000 0015 0000 0040 0000 0015 0000 0040 0000 003F 0000 0040 0000 05F0 0000 0055 0000 0E4B
Pause	0000 006C 0000 0002 0000 00AB 0000 0040 0000 0015 0000 0040 0000 0015 0000 0015 0000 0015 0000 0040 0000 0015 0000 0015 0000 0040 0000 0015 0000 0040 0000 0040 0000 003F 0000 0015 0000 003F 0000 0015 0000 0015 0000 0015 0000 0015 0000 0015 0000 0015 0000 0015 0000 0015 0000 0040 0000 003F 0000 0040 0000 0040 0000 003F 0000 0040 0000 0040 0000 003F 0000 05EF 0000 0055 0000 0E4A
R Srch	0000 006C 0000 0002 0000 00AB 0000 003F 0000 0015 0000 003F 0000 0015 0000 0015 0000 0015 0000 0040 0000 0015 0000 0015 0000 003F 0000 0015 0000 003F 0000 0040 0000 0040 0000 0015 0000 0040 0000 003F 0000 0015 0000 0015 0000 0040 0000 003F 0000 0015 0000 0015 0000 0015 0000 0015 0000 003F 0000 0040 0000 0015 0000 0015 0000 003F 0000 0040 0000 0040 0000 05EF 0000 0055 0000 0E4B
F Srch	0000 006C 0000 0002 0000 00AC 0000 0040 0000 0015 0000 0040 0000 0015 0000 0015 0000 0015 0000 003F 0000 0015 0000 0015 0000 0040 0000 0015 0000 0040 0000 003F 0000 0040 0000 0015 0000 0040 0000 0040 0000 003F 0000 0015 0000 0015 0000 0040 0000 0015 0000 0015 0000 0015 0000 0015 0000 0015 0000 0040 0000 0040 0000 0015 0000 0040 0000 003F 0000 0040 0000 05F0 0000 0055 0000 0E4B
Slow	0000 006C 0000 0002 0000 00AB 0000 0040 0000 0015 0000 0040 0000 0015 0000 0015 0000 0015 0000 0040 0000 0015 0000 0015 0000 0040 0000 0015 0000 0040 0000 0040 0000 003F 0000 0015 0000 003F 0000 0040 0000 0015 0000 0040 0000 0040 0000 0015 0000 0015 0000 0015 0000 0015 0000 0015 0000 0040 0000 0015 0000 0015 0000 003F 0000 0040 0000 0040 0000 003F 0000 05EF 0000 0055 0000 0E4A
Last Play	0000 006C 0000 0002 0000 00AB 0000 0040 0000 0015 0000 0040 0000 0015 0000 0015 0000 0015 0000 0040 0000 0015 0000 0015 0000 0040 0000 0015 0000 0040 0000 0040 0000 003F 0000 0015 0000 003F 0000 0040 0000 0015 0000 0040 0000 0040 0000 0015 0000 0040 0000 0015 0000 0015 0000 0015 0000 003F 0000 0015 0000 0015 0000 0040 0000 0015 0000 0040 0000 003F 0000 05EF 0000 0055 0000 0E4A
F Step	0000 006C 0000 0002 0000 00AB 0000 003F 0000 0015 0000 003F 0000 0015 0000 0015 0000 0015 0000 0040 0000 0015 0000 0015 0000 003F 0000 0015 0000 003F 0000 0040 0000 0040 0000 0015 0000 0040 0000 0015 0000 0015 0000 0040 0000 0015 0000 0015 0000 003F 0000 0015 0000 0015 0000 0040 0000 003F 0000 0015 0000 003F 0000 0040 0000 0015 0000 0040 0000 0040 0000 05EF 0000 0055 0000 0E4B
R Step	0000 006C 0000 0002 0000 00AC 0000 0040 0000 0015 0000 0040 0000 0015 0000 0015 0000 0015 0000 003F 0000 0015 0000 0015 0000 0040 0000 0015 0000 0040 0000 003F 0000 0040 0000 0015 0000 0040 0000 0040 0000 003F 0000 0015 0000 0015 0000 0015 0000 0040 0000 0015 0000 0015 0000 0015 0000 0015 0000 0040 0000 0040 0000 003F 0000 0015 0000 003F 0000 0040 0000 05F0 0000 0055 0000 0E4B
Audio	0000 006C 0000 0002 0000 00AB 0000 003F 0000 0015 0000 003F 0000 0015 0000 0015 0000 0015 0000 0040 0000 0015 0000 0015 0000 003F 0000 0015 0000 003F 0000 0040 0000 0040 0000 0015 0000 0040 0000 003F 0000 0040 0000 0040 0000 0015 0000 0015 0000 0040 0000 0015 0000 0015 0000 0015 0000 0015 0000 0015 0000 003F 0000 0040 0000 0015 0000 0040 0000 0040 0000 05EF 0000 0055 0000 0E4B
Subtitle On/Off	0000 006C 0000 0024 0000 00AB 0000 003F 0000 0015 0000 003F 0000 0015 0000 0015 0000 0015 0000 0040 0000 0015 0000 0015 0000 003F 0000 0015 0000 003F 0000 0040 0000 0040 0000 0015 0000 0040 0000 003F 0000 0040 0000 0040 0000 003F 0000 0015 0000 003F 0000 0015 0000 0015 0000 0015 0000 0015 0000 0015 0000 0015 0000 0040 0000 0015 0000 0040 0000 0040 0000 05EF 0000 0055 0000 12FF
Menu	0000 006C 0000 0002 0000 00AB 0000 0040 0000 0015 0000 0040 0000 0015 0000 0015 0000 0015 0000 0040 0000 0015 0000 0015 0000 0040 0000 0015 0000 0040 0000 0040 0000 003F 0000 0015 0000 003F 0000 0015 0000 0015 0000 0040 0000 0015 0000 0015 0000 0015 0000 0015 0000 0040 0000 003F 0000 0040 0000 0015 0000 0040 0000 0040 0000 003F 0000 0040 0000 0015 0000 05EF 0000 0055 0000 0E4A
Open/Close	0000 006C 0000 0002 0000 00AC 0000 0040 0000 0015 0000 0040 0000 0015 0000 0015 0000 0015 0000 003F 0000 0015 0000 0015 0000 0040 0000 0015 0000 0040 0000 003F 0000 0040 0000 0015 0000 0040 0000 0040 0000 0015 0000 0040 0000 0015 0000 0040 0000 003F 0000 0040 0000 0040 0000 0015 0000 0040 0000 0015 0000 0040 0000 0015 0000 0015 0000 0015 0000 0015 0000 05F0 0000 0055 0000 0E4B
Setup	0000 006C 0000 0002 0000 00AB 0000 0040 0000 0015 0000 0040 0000 0015 0000 0015 0000 0015 0000 0040 0000 0015 0000 0015 0000 0040 0000 0015 0000 0040 0000 0040 0000 003F 0000 0015 0000 003F 0000 0015 0000 0015 0000 0015 0000 0015 0000 0015 0000 0040 0000 0015 0000 0015 0000 0040 0000 0040 0000 003F 0000 0040 0000 0040 0000 0015 0000 0040 0000 003F 0000 05EF 0000 0055 0000 0E4A
Display	0000 006C 0000 0002 0000 00AC 0000 0040 0000 0015 0000 0040 0000 0015 0000 0015 0000 0015 0000 003F 0000 0015 0000 0015 0000 0040 0000 0015 0000 0040 0000 003F 0000 0040 0000 0015 0000 0040 0000 0015 0000 0040 0000 0040 0000 0015 0000 0040 0000 0015 0000 0015 0000 0015 0000 003F 0000 0015 0000 0015 0000 0040 0000 0015 0000 0040 0000 003F 0000 0040 0000 05F0 0000 0055 0000 0E4B
Subtitle	0000 006C 0000 002E 0000 00AC 0000 0040 0000 0015 0000 0040 0000 0015 0000 0015 0000 0015 0000 003F 0000 0015 0000 0015 0000 0040 0000 0015 0000 0040 0000 003F 0000 0040 0000 0015 0000 0040 0000 0015 0000 0015 0000 0015 0000 0040 0000 0015 0000 0040 0000 0015 0000 0015 0000 0040 0000 0040 0000 003F 0000 0015 0000 003F 0000 0015 0000 003F 0000 0040 0000 05F0 0000 0056 0000 0E4B 0000 0056 0000 0E4B 0000 0055 0000 0E4B 0000 0056 0000 0E4B 0000 0056 0000 0E4B 0000 0055 0000 12FE
Title	0000 006C 0000 0002 0000 00AB 0000 0040 0000 0015 0000 0040 0000 0015 0000 0015 0000 0015 0000 0040 0000 0015 0000 0015 0000 0040 0000 0015 0000 0040 0000 0040 0000 003F 0000 0015 0000 003F 0000 0015 0000 003F 0000 0040 0000 0040 0000 003F 0000 0015 0000 003F 0000 0040 0000 0040 0000 0015 0000 0015 0000 0015 0000 0015 0000 0040 0000 0015 0000 0015 0000 05EF 0000 0055 0000 0E4A
Angle	0000 006C 0000 0002 0000 00AB 0000 003F 0000 0015 0000 003F 0000 0015 0000 0015 0000 0015 0000 0040 0000 0015 0000 0015 0000 003F 0000 0015 0000 003F 0000 0040 0000 0040 0000 0015 0000 0040 0000 003F 0000 0015 0000 0015 0000 0040 0000 0015 0000 0040 0000 0015 0000 0015 0000 0015 0000 003F 0000 0040 0000 0015 0000 0040 0000 0015 0000 0040 0000 0040 0000 05EF 0000 0055 0000 0E4B
1	0000 006C 0000 0002 0000 00AC 0000 0040 0000 0015 0000 0040 0000 0015 0000 0015 0000 0015 0000 003F 0000 0015 0000 0015 0000 0040 0000 0015 0000 0040 0000 003F 0000 0040 0000 0015 0000 0040 0000 0040 0000 0015 0000 0015 0000 0015 0000 0015 0000 0015 0000 0015 0000 0015 0000 0015 0000 0040 0000 0040 0000 003F 0000 0040 0000 0040 0000 003F 0000 0040 0000 05F0 0000 0055 0000 0E4B
2	0000 006C 0000 002E 0000 00AB 0000 0040 0000 0015 0000 0040 0000 0015 0000 0015 0000 0015 0000 0040 0000 0015 0000 0015 0000 0040 0000 0015 0000 0040 0000 0040 0000 003F 0000 0015 0000 003F 0000 0015 0000 003F 0000 0015 0000 0015 0000 0015 0000 0015 0000 0015 0000 0015 0000 0040 0000 0015 0000 0040 0000 0040 0000 003F 0000 0040 0000 0040 0000 003F 0000 05EF 0000 0055 0000 0E4A 0000 0055 0000 0E4A 0000 0055 0000 0E4A 0000 0055 0000 0E4A 0000 0055 0000 0E4A 0000 0055 0000 12FD
3	0000 006C 0000 0002 0000 00AB 0000 003F 0000 0015 0000 003F 0000 0015 0000 0015 0000 0015 0000 0040 0000 0015 0000 0015 0000 003F 0000 0015 0000 003F 0000 0040 0000 0040 0000 0015 0000 0040 0000 003F 0000 0040 0000 0015 0000 0015 0000 0015 0000 0015 0000 0015 0000 0015 0000 0015 0000 0015 0000 003F 0000 0040 0000 0040 0000 003F 0000 0040 0000 0040 0000 05EF 0000 0055 0000 0E4B
4	0000 006C 0000 002E 0000 00AC 0000 0040 0000 0015 0000 0040 0000 0015 0000 0015 0000 0015 0000 003F 0000 0015 0000 0015 0000 0040 0000 0015 0000 0040 0000 003F 0000 0040 0000 0015 0000 0040 0000 0015 0000 0015 0000 003F 0000 0015 0000 0015 0000 0015 0000 0015 0000 0015 0000 0040 0000 003F 0000 0015 0000 003F 0000 0040 0000 0040 0000 003F 0000 0040 0000 05F0 0000 0055 0000 0E4B 0000 0055 0000 0E4B 0000 0055 0000 0E4B 0000 0055 0000 0E4B 0000 0055 0000 0E4B 0000 0056 0000 12FE
5	0000 006C 0000 0002 0000 00AB 0000 0040 0000 0015 0000 0040 0000 0015 0000 0015 0000 0015 0000 0040 0000 0015 0000 0015 0000 0040 0000 0015 0000 0040 0000 0040 0000 003F 0000 0015 0000 003F 0000 0040 0000 0015 0000 0040 0000 0015 0000 0015 0000 0015 0000 0015 0000 0015 0000 0015 0000 0040 0000 0015 0000 0040 0000 003F 0000 0040 0000 0040 0000 003F 0000 05EF 0000 0055 0000 0E4A
6	0000 006C 0000 0002 0000 00AB 0000 003F 0000 0015 0000 003F 0000 0015 0000 0015 0000 0015 0000 0040 0000 0015 0000 0015 0000 003F 0000 0015 0000 003F 0000 0040 0000 0040 0000 0015 0000 0040 0000 0015 0000 0040 0000 003F 0000 0015 0000 0015 0000 0015 0000 0015 0000 0015 0000 0040 0000 0015 0000 0015 0000 0040 0000 0040 0000 003F 0000 0040 0000 0040 0000 05EF 0000 0055 0000 0E4B
7	0000 006C 0000 0002 0000 00AC 0000 0040 0000 0015 0000 0040 0000 0015 0000 0015 0000 0015 0000 003F 0000 0015 0000 0015 0000 0040 0000 0015 0000 0040 0000 003F 0000 0040 0000 0015 0000 0040 0000 0040 0000 003F 0000 0040 0000 0015 0000 0015 0000 0015 0000 0015 0000 0015 0000 0015 0000 0015 0000 0015 0000 003F 0000 0040 0000 0040 0000 003F 0000 0040 0000 05F0 0000 0056 0000 0E4B
8	0000 006C 0000 0002 0000 00AB 0000 0040 0000 0015 0000 0040 0000 0015 0000 0015 0000 0015 0000 0040 0000 0015 0000 0015 0000 0040 0000 0015 0000 0040 0000 0040 0000 003F 0000 0015 0000 003F 0000 0015 0000 0015 0000 0015 0000 0040 0000 0015 0000 0015 0000 0015 0000 0015 0000 0040 0000 0040 0000 003F 0000 0015 0000 003F 0000 0040 0000 0040 0000 003F 0000 05EF 0000 0055 0000 0E4A
9	0000 006C 0000 0002 0000 00AB 0000 003F 0000 0015 0000 003F 0000 0015 0000 0015 0000 0015 0000 0040 0000 0015 0000 0015 0000 003F 0000 0015 0000 003F 0000 0040 0000 0040 0000 0015 0000 0040 0000 003F 0000 0015 0000 0015 0000 0040 0000 0015 0000 0015 0000 0015 0000 0015 0000 0015 0000 0040 0000 0040 0000 0015 0000 0040 0000 003F 0000 0040 0000 0040 0000 05EF 0000 0055 0000 0E4B
0	0000 006C 0000 0002 0000 00AC 0000 0040 0000 0015 0000 0040 0000 0015 0000 0015 0000 0015 0000 003F 0000 0015 0000 0015 0000 0040 0000 0015 0000 0040 0000 003F 0000 0040 0000 0015 0000 0040 0000 0015 0000 0040 0000 0015 0000 0040 0000 0015 0000 0015 0000 0015 0000 0015 0000 0040 0000 0015 0000 0040 0000 0015 0000 0040 0000 0040 0000 003F 0000 0040 0000 05F0 0000 0056 0000 0E4B
+10	0000 006C 0000 0002 0000 00AB 0000 0040 0000 0015 0000 0040 0000 0015 0000 0015 0000 0015 0000 0040 0000 0015 0000 0015 0000 0040 0000 0015 0000 0040 0000 0040 0000 003F 0000 0015 0000 003F 0000 0040 0000 0015 0000 0040 0000 0015 0000 0015 0000 003F 0000 0015 0000 0015 0000 0015 0000 0040 0000 0015 0000 0040 0000 0040 0000 0015 0000 0040 0000 003F 0000 05EF 0000 0055 0000 0E4A
T	0000 006C 0000 0002 0000 00AB 0000 003F 0000 0015 0000 003F 0000 0015 0000 0015 0000 0015 0000 0040 0000 0015 0000 0015 0000 003F 0000 0015 0000 003F 0000 0040 0000 0040 0000 0015 0000 0040 0000 0015 0000 0040 0000 003F 0000 0015 0000 0015 0000 0040 0000 0015 0000 0015 0000 0040 0000 0015 0000 0015 0000 003F 0000 0040 0000 0015 0000 0040 0000 0040 0000 05EF 0000 0055 0000 0E4B
Up	0000 006C 0000 0002 0000 00AC 0000 0040 0000 0015 0000 0040 0000 0015 0000 0015 0000 0015 0000 003F 0000 0015 0000 0015 0000 0040 0000 0015 0000 0040 0000 003F 0000 0040 0000 0015 0000 0040 0000 0015 0000 0015 0000 0015 0000 0015 0000 0015 0000 0015 0000 0015 0000 0040 0000 0040 0000 003F 0000 0040 0000 0040 0000 003F 0000 0040 0000 0040 0000 0015 0000 05F0 0000 0056 0000 0E4B
Down	0000 006C 0000 0002 0000 00AB 0000 0040 0000 0015 0000 0040 0000 0015 0000 0015 0000 0015 0000 0040 0000 0015 0000 0015 0000 0040 0000 0015 0000 0040 0000 0040 0000 003F 0000 0015 0000 003F 0000 0040 0000 0015 0000 0015 0000 0015 0000 0015 0000 0015 0000 0015 0000 0040 0000 0015 0000 0040 0000 003F 0000 0040 0000 0040 0000 003F 0000 0040 0000 0015 0000 05EF 0000 0055 0000 0E4A
Left	0000 006C 0000 0002 0000 00AB 0000 003F 0000 0015 0000 003F 0000 0015 0000 0015 0000 0015 0000 0040 0000 0015 0000 0015 0000 003F 0000 0015 0000 003F 0000 0040 0000 0040 0000 0015 0000 0040 0000 003F 0000 0015 0000 0015 0000 0015 0000 0040 0000 0015 0000 0040 0000 0015 0000 0015 0000 003F 0000 0040 0000 0040 0000 0015 0000 0040 0000 0015 0000 0040 0000 05EF 0000 0055 0000 0E4B
Right	0000 006C 0000 0002 0000 00AC 0000 0040 0000 0015 0000 0040 0000 0015 0000 0015 0000 0015 0000 003F 0000 0015 0000 0015 0000 0040 0000 0015 0000 0040 0000 003F 0000 0040 0000 0015 0000 0040 0000 0040 0000 0015 0000 0040 0000 003F 0000 0015 0000 0015 0000 0040 0000 0015 0000 0015 0000 0040 0000 0015 0000 0015 0000 003F 0000 0040 0000 0015 0000 0040 0000 05F0 0000 0055 0000 0E4B
Enter	0000 006C 0000 0002 0000 00AB 0000 0040 0000 0015 0000 0040 0000 0015 0000 0015 0000 0015 0000 0040 0000 0015 0000 0015 0000 0040 0000 0015 0000 0040 0000 0040 0000 003F 0000 0015 0000 003F 0000 0040 0000 0015 0000 0015 0000 0015 0000 0015 0000 0040 0000 0015 0000 0015 0000 0015 0000 0040 0000 003F 0000 0040 0000 0040 0000 0015 0000 0040 0000 003F 0000 05EF 0000 0055 0000 0E4A
Memory	0000 006C 0000 0002 0000 00AB 0000 003F 0000 0015 0000 003F 0000 0015 0000 0015 0000 0015 0000 0040 0000 0015 0000 0015 0000 003F 0000 0015 0000 003F 0000 0040 0000 0040 0000 0015 0000 0040 0000 0015 0000 0040 0000 0015 0000 0040 0000 0015 0000 0040 0000 0015 0000 0015 0000 0040 0000 0015 0000 0040 0000 0015 0000 0040 0000 0015 0000 0040 0000 0040 0000 05EF 0000 0055 0000 0E4B
Random	0000 006C 0000 0002 0000 00AC 0000 0040 0000 0015 0000 0040 0000 0015 0000 0015 0000 0015 0000 003F 0000 0015 0000 0015 0000 0040 0000 0015 0000 0040 0000 003F 0000 0040 0000 0015 0000 0040 0000 0015 0000 0040 0000 0040 0000 003F 0000 0015 0000 003F 0000 0015 0000 0015 0000 0040 0000 0015 0000 0015 0000 0015 0000 003F 0000 0015 0000 003F 0000 0040 0000 05F0 0000 0056 0000 0E4B
Repeat	0000 006C 0000 0002 0000 00AB 0000 0040 0000 0015 0000 0040 0000 0015 0000 0015 0000 0015 0000 0040 0000 0015 0000 0015 0000 0040 0000 0015 0000 0040 0000 0040 0000 003F 0000 0015 0000 003F 0000 0040 0000 0040 0000 0015 0000 0040 0000 0015 0000 0040 0000 0015 0000 0015 0000 0015 0000 0015 0000 0040 0000 0015 0000 0040 0000 0015 0000 0040 0000 003F 0000 05EF 0000 0055 0000 0E4A
A-B Repeat	0000 006C 0000 0002 0000 00AB 0000 003F 0000 0015 0000 003F 0000 0015 0000 0015 0000 0015 0000 0040 0000 0015 0000 0015 0000 003F 0000 0015 0000 003F 0000 0040 0000 0040 0000 0015 0000 0040 0000 0015 0000 0015 0000 0040 0000 0040 0000 0015 0000 0040 0000 0015 0000 0015 0000 0040 0000 0040 0000 0015 0000 0015 0000 0040 0000 0015 0000 0040 0000 0040 0000 05EF 0000 0055 0000 0E4B
Clear	0000 006C 0000 0002 0000 00AB 0000 0040 0000 0015 0000 0040 0000 0015 0000 0015 0000 0015 0000 0040 0000 0015 0000 0015 0000 0040 0000 0015 0000 0040 0000 0040 0000 003F 0000 0015 0000 003F 0000 0040 0000 0040 0000 003F 0000 0040 0000 0015 0000 0040 0000 0040 0000 003F 0000 0015 0000 0015 0000 0015 0000 0015 0000 003F 0000 0015 0000 0015 0000 0015 0000 05EF 0000 0055 0000 0E4A
Return	0000 006C 0000 0002 0000 00AC 0000 0040 0000 0015 0000 0040 0000 0015 0000 0015 0000 0015 0000 003F 0000 0015 0000 0015 0000 0040 0000 0015 0000 0040 0000 003F 0000 0040 0000 0015 0000 0040 0000 0015 0000 0040 0000 0015 0000 0015 0000 0015 0000 0040 0000 0015 0000 0015 0000 0040 0000 0015 0000 0040 0000 0040 0000 003F 0000 0015 0000 003F 0000 0040 0000 05F0 0000 0055 0000 0E4B
