Power	0000 0074 0000 0014 0010 0010 0010 0020 0010 0010 0010 0010 0010 0020 0020 0010 0010 0010 0010 0010 0010 0010 0010 0010 0020 0020 0010 0010 0010 0010 0010 0010 0010 0010 0010 0010 0020 0010 0010 0020 0010 0010 0010 0ba5
1	0000 0074 0000 0013 0010 0010 0010 0020 0010 0010 0010 0010 0030 0030 0010 0010 0010 0010 0010 0010 0010 0010 0020 0020 0010 0010 0010 0010 0010 0010 0010 0010 0010 0010 0010 0010 0010 0010 0010 0010 0020 0bb5
2	0000 0074 0000 0014 0010 0010 0010 0020 0010 0010 0010 0010 0010 0020 0020 0010 0010 0010 0010 0010 0010 0010 0010 0010 0020 0020 0010 0010 0010 0010 0010 0010 0010 0010 0010 0010 0010 0010 0010 0010 0020 0020 0010 0ba5
3	0000 0074 0000 0013 0010 0010 0010 0020 0010 0010 0010 0010 0030 0030 0010 0010 0010 0010 0010 0010 0010 0010 0020 0020 0010 0010 0010 0010 0010 0010 0010 0010 0010 0010 0010 0010 0010 0010 0020 0010 0010 0bb5
4	0000 0074 0000 0014 0010 0010 0010 0020 0010 0010 0010 0010 0010 0020 0020 0010 0010 0010 0010 0010 0010 0010 0010 0010 0020 0020 0010 0010 0010 0010 0010 0010 0010 0010 0010 0010 0010 0010 0020 0020 0010 0010 0010 0ba5
5	0000 0074 0000 0012 0010 0010 0010 0020 0010 0010 0010 0010 0030 0030 0010 0010 0010 0010 0010 0010 0010 0010 0020 0020 0010 0010 0010 0010 0010 0010 0010 0010 0010 0010 0010 0010 0020 0020 0020 0bb4
6	0000 0074 0000 0014 0010 0010 0010 0020 0010 0010 0010 0010 0010 0020 0020 0010 0010 0010 0010 0010 0010 0010 0010 0010 0020 0020 0010 0010 0010 0010 0010 0010 0010 0010 0010 0010 0010 0010 0020 0010 0010 0020 0010 0ba5
7	0000 0074 0000 0013 0010 0010 0010 0020 0010 0010 0010 0010 0030 0030 0010 0010 0010 0010 0010 0010 0010 0010 0020 0020 0010 0010 0010 0010 0010 0010 0010 0010 0010 0010 0010 0010 0020 0010 0010 0010 0010 0bb5
8	0000 0074 0000 0014 0010 0010 0010 0020 0010 0010 0010 0010 0010 0020 0020 0010 0010 0010 0010 0010 0010 0010 0010 0010 0020 0020 0010 0010 0010 0010 0010 0010 0010 0010 0010 0010 0020 0020 0010 0010 0010 0010 0010 0ba5
9	0000 0074 0000 0012 0010 0010 0010 0020 0010 0010 0010 0010 0030 0030 0010 0010 0010 0010 0010 0010 0010 0010 0020 0020 0010 0010 0010 0010 0010 0010 0010 0010 0010 0010 0020 0020 0010 0010 0020 0bb5
0	0000 0074 0000 0015 0010 0010 0010 0020 0010 0010 0010 0010 0010 0020 0020 0010 0010 0010 0010 0010 0010 0010 0010 0010 0020 0020 0010 0010 0010 0010 0010 0010 0010 0010 0010 0010 0010 0010 0010 0010 0010 0010 0010 0010 0010 0ba5
+10	0000 0074 0000 0013 0010 0010 0010 0020 0010 0010 0010 0010 0030 0030 0010 0010 0010 0010 0010 0010 0010 0010 0020 0020 0010 0010 0010 0010 0020 0010 0010 0010 0010 0010 0010 0020 0010 0010 0010 0010 0010 0ba5
T-C	0000 0074 0000 0013 0010 0010 0010 0020 0010 0010 0010 0010 0010 0020 0020 0010 0010 0010 0010 0010 0010 0010 0010 0010 0020 0020 0010 0010 0020 0010 0010 0020 0010 0010 0020 0020 0010 0010 0010 0010 0010 0ba5
Play	0000 0074 0000 0012 0010 0010 0010 0020 0010 0010 0010 0010 0030 0030 0010 0010 0010 0010 0010 0010 0010 0010 0020 0020 0010 0010 0010 0010 0010 0010 0020 0020 0020 0010 0010 0020 0010 0010 0010 0ba5
ST Eject	0000 0074 0000 0013 0010 0010 0010 0020 0010 0010 0010 0010 0010 0020 0020 0010 0010 0010 0010 0010 0010 0010 0010 0010 0020 0020 0010 0010 0010 0010 0010 0010 0020 0010 0010 0020 0010 0010 0010 0010 0020 0bb5
Pause	0000 0074 0000 0014 0010 0010 0010 0020 0010 0010 0010 0010 0010 0020 0020 0010 0010 0010 0010 0010 0010 0010 0010 0010 0020 0020 0010 0010 0010 0010 0010 0010 0020 0010 0010 0020 0010 0010 0010 0010 0010 0010 0010 0bb7
F Trk	0000 0074 0000 0013 0010 0010 0010 0020 0010 0010 0010 0010 0030 0030 0010 0010 0010 0010 0010 0010 0010 0010 0020 0020 0010 0010 0010 0010 0010 0010 0020 0020 0010 0010 0010 0010 0010 0010 0010 0010 0010 0ba5
R Trk/Clear	0000 0074 0000 0013 0010 0010 0010 0020 0010 0010 0010 0010 0010 0020 0020 0010 0010 0010 0010 0010 0010 0010 0010 0010 0020 0020 0010 0010 0010 0010 0010 0010 0020 0020 0010 0010 0010 0010 0010 0010 0020 0bb5
Rpt A/B	0000 0074 0000 0012 0010 0010 0010 0020 0010 0010 0010 0010 0030 0030 0010 0010 0010 0010 0010 0010 0010 0010 0020 0020 0010 0010 0010 0010 0010 0010 0020 0010 0010 0010 0010 0020 0020 0010 0010 0bb5
Repeat	0000 0074 0000 0013 0010 0010 0010 0020 0010 0010 0010 0010 0010 0020 0020 0010 0010 0010 0010 0010 0010 0010 0010 0010 0020 0020 0010 0010 0010 0010 0010 0010 0010 0010 0020 0010 0010 0010 0010 0020 0020 0bb5
Memory	0000 0074 0000 0011 0010 0010 0010 0020 0010 0010 0010 0010 0030 0030 0010 0010 0010 0010 0010 0010 0010 0010 0020 0020 0010 0010 0010 0010 0020 0020 0010 0010 0010 0010 0020 0020 0020 0bb5
Angle	0000 0074 0000 0012 0010 0010 0010 0020 0010 0010 0010 0010 0010 0020 0020 0010 0010 0010 0010 0010 0010 0010 0010 0010 0020 0020 0010 0010 0020 0020 0010 0010 0010 0010 0010 0010 0020 0020 0020 0bb5
Subtitle	0000 0074 0000 0011 0010 0010 0010 0020 0010 0010 0010 0010 0030 0030 0010 0010 0010 0010 0010 0010 0010 0010 0020 0020 0010 0010 0010 0010 0020 0020 0010 0010 0020 0020 0020 0010 0010 0bb5
Audio	0000 0074 0000 0012 0010 0010 0010 0020 0010 0010 0010 0010 0030 0030 0010 0010 0010 0010 0010 0010 0010 0010 0020 0020 0010 0010 0010 0010 0020 0020 0010 0010 0020 0010 0010 0010 0010 0020 0010 0ba5
Resume	0000 0074 0000 0012 0010 0010 0010 0020 0010 0010 0010 0010 0010 0020 0020 0010 0010 0010 0010 0010 0010 0010 0010 0010 0020 0020 0010 0010 0020 0010 0010 0020 0020 0020 0020 0010 0010 0010 0010 0bb5
Shuffle	0000 0074 0000 0013 0010 0010 0010 0020 0010 0010 0010 0010 0030 0030 0010 0010 0010 0010 0010 0010 0010 0010 0020 0020 0010 0010 0010 0010 0010 0010 0010 0010 0020 0010 0010 0010 0010 0020 0010 0010 0010 0ba5
 Dim	0000 0074 0000 0013 0010 0010 0010 0020 0010 0010 0010 0010 0010 0020 0020 0010 0010 0010 0010 0010 0010 0010 0010 0010 0020 0020 0010 0010 0010 0010 0010 0010 0010 0010 0020 0020 0010 0010 0020 0010 0010 0bb5
Zoom	0000 0074 0000 0012 0010 0010 0010 0020 0010 0010 0010 0010 0030 0030 0010 0010 0010 0010 0010 0010 0010 0010 0020 0020 0010 0010 0020 0010 0010 0010 0010 0010 0010 0020 0020 0010 0010 0010 0010 0bb5
Title	0000 0074 0000 0013 0010 0010 0010 0020 0010 0010 0010 0010 0010 0020 0020 0010 0010 0010 0010 0010 0010 0010 0010 0010 0020 0020 0010 0010 0010 0010 0020 0010 0010 0010 0010 0020 0010 0010 0010 0010 0020 0bb5
Menu	0000 0074 0000 0011 0010 0010 0010 0020 0010 0010 0010 0010 0030 0030 0010 0010 0010 0010 0010 0010 0010 0010 0020 0020 0010 0010 0010 0010 0020 0020 0020 0020 0020 0020 0010 0010 0010 0ba5
Return	0000 0074 0000 0013 0010 0010 0010 0020 0010 0010 0010 0010 0010 0020 0020 0010 0010 0010 0010 0010 0010 0010 0010 0010 0020 0020 0010 0010 0020 0020 0010 0010 0010 0010 0010 0010 0010 0010 0020 0010 0010 0bb5
Enter	0000 0074 0000 0013 0010 0010 0010 0020 0010 0010 0010 0010 0010 0020 0020 0010 0010 0010 0010 0010 0010 0010 0010 0010 0020 0020 0010 0010 0010 0010 0020 0020 0020 0010 0010 0010 0010 0020 0010 0010 0010 0ba5
Mute	0000 0074 0000 000c 0021 0021 0041 0021 0021 0021 0021 0021 0021 0021 0021 0021 0021 0021 0021 0021 0021 0041 0021 0021 0041 0041 0021 0c82
OSD	0000 0074 0000 0014 0010 0010 0010 0020 0010 0010 0010 0010 0010 0020 0020 0010 0010 0010 0010 0010 0010 0010 0010 0010 0020 0020 0010 0010 0010 0010 0010 0010 0010 0010 0010 0010 0020 0010 0010 0010 0010 0010 0010 0bb5
Up	0000 0074 0000 0012 0010 0010 0010 0020 0010 0010 0010 0010 0030 0030 0010 0010 0010 0010 0010 0010 0010 0010 0020 0020 0010 0010 0010 0010 0020 0020 0020 0010 0010 0020 0010 0010 0010 0010 0010 0ba5
Down	0000 0074 0000 0012 0010 0010 0010 0020 0010 0010 0010 0010 0010 0020 0020 0010 0010 0010 0010 0010 0010 0010 0010 0010 0020 0020 0010 0010 0010 0010 0020 0020 0020 0010 0010 0020 0010 0010 0020 0bb5
Left	0000 0074 0000 0011 0010 0010 0010 0020 0010 0010 0010 0010 0030 0030 0010 0010 0010 0010 0010 0010 0010 0010 0020 0020 0010 0010 0010 0010 0020 0020 0020 0010 0010 0020 0020 0020 0010 0ba5
Right	0000 0074 0000 0012 0010 0010 0010 0020 0010 0010 0010 0010 0010 0020 0020 0010 0010 0010 0010 0010 0010 0010 0010 0010 0020 0020 0010 0010 0010 0010 0020 0020 0020 0010 0010 0020 0020 0010 0010 0bb5
Setup	0000 0074 0000 0012 0010 0010 0010 0020 0010 0010 0010 0010 0030 0030 0010 0010 0010 0010 0010 0010 0010 0010 0020 0020 0010 0010 0020 0020 0010 0010 0010 0010 0010 0010 0010 0010 0020 0020 0010 0ba5
