Power	0000 0073 0000 000B 0000 0020 0000 0020 0000 0040 0000 0020 0000 0020 0000 0020 0000 0020 0000 0040 0000 0020 0000 0020 0000 0CBF
Stop	0000 0073 0000 000A 0000 0020 0000 0020 0000 0040 0000 0020 0000 0020 0000 0040 0000 0020 0000 0040 0000 0020 0000 0CBF
R Srch	0000 0073 0000 000A 0000 001F 0000 001F 0000 003F 0000 001F 0000 001F 0000 003F 0000 003F 0000 001F 0000 001F 0000 0CBF
Play	0000 0073 0000 000A 0000 0020 0000 0020 0000 0040 0000 0020 0000 0020 0000 0040 0000 0020 0000 0040 0000 0040 0000 0C9F
F Srch	0000 0073 0000 000A 0000 0020 0000 0020 0000 0040 0000 0020 0000 0020 0000 0040 0000 0040 0000 0020 0000 0020 0000 0CBF
R Chap	0000 0073 0000 000A 0000 001F 0000 001F 0000 003F 0000 001F 0000 001F 0000 003F 0000 001F 0000 003F 0000 001F 0000 0CBF
F Chap	0000 0073 0000 000B 0000 0020 0000 0020 0000 0040 0000 0020 0000 0020 0000 0020 0000 0040 0000 0020 0000 0020 0000 0020 0000 0CBF
Pause	0000 0073 0000 000B 0000 0020 0000 0020 0000 0040 0000 0020 0000 0020 0000 0040 0000 0020 0000 0020 0000 0020 0000 0020 0000 0CBF
R Step	0000 0073 0000 000A 0000 001F 0000 001F 0000 003F 0000 001F 0000 001F 0000 003F 0000 001F 0000 003F 0000 003F 0000 0C9F
F Step	0000 0073 0000 000A 0000 0020 0000 0020 0000 0040 0000 0020 0000 0020 0000 0040 0000 0040 0000 0020 0000 0040 0000 0C9F
1	0000 0073 0000 000C 0000 0020 0000 0020 0000 0040 0000 0020 0000 0020 0000 0020 0000 0020 0000 0020 0000 0020 0000 0020 0000 0040 0000 0C9F
2	0000 0073 0000 000B 0000 001F 0000 001F 0000 003F 0000 001F 0000 001F 0000 001F 0000 001F 0000 001F 0000 001F 0000 003F 0000 0CBF
3	0000 0073 0000 000C 0000 001F 0000 001F 0000 003F 0000 001F 0000 001F 0000 001F 0000 001F 0000 001F 0000 001F 0000 003F 0000 001F 0000 0C9F
4	0000 0073 0000 000B 0000 0020 0000 0020 0000 0040 0000 0020 0000 0020 0000 0020 0000 0020 0000 0020 0000 0040 0000 0020 0000 0CBF
5	0000 0073 0000 000B 0000 0020 0000 0020 0000 0040 0000 0020 0000 0020 0000 0020 0000 0020 0000 0020 0000 0040 0000 0040 0000 0C9F
6	0000 0073 0000 000B 0000 001F 0000 001F 0000 003F 0000 001F 0000 001F 0000 001F 0000 001F 0000 001F 0000 003F 0000 001F 0000 0CBF
7	0000 0073 0000 000C 0000 0020 0000 0020 0000 0040 0000 0020 0000 0020 0000 0020 0000 0020 0000 0020 0000 0040 0000 0020 0000 0020 0000 0C9F
8	0000 0073 0000 000B 0000 0020 0000 0020 0000 0040 0000 0020 0000 0020 0000 0020 0000 0020 0000 0040 0000 0020 0000 0020 0000 0CBF
9	0000 0073 0000 000B 0000 001F 0000 001F 0000 003F 0000 001F 0000 001F 0000 001F 0000 001F 0000 003F 0000 001F 0000 003F 0000 0C9F
0	0000 0073 0000 000C 0000 0020 0000 0020 0000 0040 0000 0020 0000 0020 0000 0020 0000 0020 0000 0020 0000 0020 0000 0020 0000 0020 0000 0CBF
10+	0000 0073 0000 002D 0000 0040 0000 0040 0000 0020 0000 0020 0000 0040 0000 0020 0000 0040 0000 0020 0000 0CBF 0000 0040 0000 0040 0000 0020 0000 0020 0000 0040 0000 0020 0000 0040 0000 0020 0000 0CBF 0000 0040 0000 0040 0000 0020 0000 0020 0000 0040 0000 0020 0000 0040 0000 0020 0000 0CBF 0000 0040 0000 0040 0000 0020 0000 0020 0000 0040 0000 0020 0000 0040 0000 0020 0000 0CBF 0000 0040 0000 0040 0000 0020 0000 0020 0000 0040 0000 0020 0000 0040 0000 0020 0000 11C2
Rpt A/B	0000 0073 0000 002C 0000 0020 0000 0020 0000 0040 0000 0020 0000 0020 0000 0040 0000 0020 0000 0020 0000 0040 0000 0020 0000 0CA0 0000 0020 0000 0020 0000 0040 0000 0020 0000 0020 0000 0040 0000 0020 0000 0020 0000 0040 0000 0020 0000 0CA0 0000 0020 0000 0020 0000 0040 0000 0020 0000 0020 0000 0040 0000 0020 0000 0020 0000 0040 0000 0020 0000 0CA0 0000 0020 0000 0020 0000 0040 0000 0020 0000 0020 0000 0040 0000 0020 0000 0020 0000 0040 0000 0020 0000 119E
Display	0000 0073 0000 000C 0000 0020 0000 0020 0000 0040 0000 0020 0000 0020 0000 0020 0000 0020 0000 0040 0000 0020 0000 0020 0000 0020 0000 0CA0
Audio D/A	0000 0073 0000 000B 0000 001F 0000 001F 0000 003F 0000 001F 0000 001F 0000 003F 0000 001F 0000 001F 0000 003F 0000 001F 0000 0C9F
Pgm	0000 0073 0000 000C 0000 0020 0000 0020 0000 0040 0000 0020 0000 0020 0000 0020 0000 0040 0000 0020 0000 0020 0000 0020 0000 0020 0000 0CA0
Chp/TM	0000 0073 0000 000A 0000 0020 0000 0020 0000 0040 0000 0020 0000 0020 0000 0020 0000 0020 0000 0040 0000 0040 0000 0CC0
Random	0000 0073 0000 000B 0000 001F 0000 001F 0000 003F 0000 001F 0000 001F 0000 001F 0000 0040 0000 0020 0000 0020 0000 001F 0000 0CBF
Hilite	0000 0073 0000 000A 0000 0020 0000 0020 0000 0040 0000 0020 0000 0020 0000 0040 0000 0040 0000 0020 0000 0020 0000 0CC0
Side A	0000 0073 0000 000A 0000 0020 0000 0020 0000 0040 0000 0020 0000 0020 0000 0040 0000 0020 0000 0020 0000 0040 0000 0CC0
Side B	0000 0073 0000 000B 0000 001F 0000 001F 0000 0040 0000 0020 0000 0020 0000 003F 0000 001F 0000 001F 0000 003F 0000 001F 0000 0C9F
Multi Speed+	0000 0073 0000 000A 0000 0020 0000 0020 0000 0040 0000 0020 0000 0020 0000 0040 0000 0040 0000 0020 0000 0020 0000 0CC0
Multi Speed-	0000 0073 0000 000A 0000 0020 0000 0020 0000 0040 0000 0020 0000 0020 0000 0040 0000 0020 0000 0020 0000 0040 0000 0CC0
Clear	0000 0073 0000 000B 0000 001F 0000 001F 0000 0040 0000 0020 0000 0020 0000 003F 0000 001F 0000 001F 0000 001F 0000 003F 0000 0C9F
