Tune-	0000 0073 0000 000b 0020 0020 0020 0020 0040 0020 0020 0041 0040 0041 0020 0020 0040 0020 0020 0020 0020 0020 0020 0041 0020 0ca9
Tune+	0000 0073 0000 000b 0020 0020 0020 0020 0040 0020 0020 0041 0040 0041 0020 0020 0040 0020 0020 0020 0020 0020 0020 0020 0020 0cc9
Record	0000 0073 0000 000b 0020 0020 0020 0020 0040 0020 0020 0041 0040 0041 0020 0020 0020 0020 0040 0041 0020 0020 0020 001f 0020 0ca9
Pause	0000 0073 0000 000a 0020 0020 0020 0020 0040 0020 0020 0041 0040 0041 0020 0020 0040 0041 0040 0020 0020 0041 0020 0ca8
VCR	0000 0073 0000 000a 0020 0020 0020 0020 0040 0020 0020 0041 0040 0041 0040 0020 0020 0041 0020 0020 0040 0020 0020 0cc8
VCR Rew	0000 0073 0000 000a 0020 0020 0020 0020 0040 0020 0020 0041 0040 0041 0020 0020 0020 0020 0040 0020 0020 0041 0040 0cc8
VCR Ffwd	0000 0073 0000 000a 0020 0020 0020 0020 0040 0020 0020 0041 0040 0041 0020 0020 0020 0020 0040 0041 0040 0020 0020 0cc8
VCR Stop	0000 0073 0000 000a 0020 0020 0020 0020 0040 0020 0020 0041 0040 0041 0020 0020 0020 0020 0040 0041 0020 0020 0040 0cc8
VCR Play	0000 0073 0000 000a 0020 0020 0040 0020 0020 0020 0020 0041 0040 0041 0020 0020 0020 0020 0040 0041 0040 0040 0020 0ca8
VCR TV/VCR	0000 0073 0000 000b 0020 0020 0040 0020 0020 0020 0020 0041 0040 0041 0020 0020 0020 0020 0020 0020 0020 0020 0020 0020 0040 0cc9
Ch-	0000 0073 0000 000c 0020 0020 0040 0020 0020 0020 0020 0020 0020 0020 0020 0020 0020 0041 0040 0020 0020 0020 0020 0020 0020 0041 0020 0caa
Ch+	0000 0073 0000 000c 0020 0020 0040 0020 0020 0020 0020 0020 0020 0020 0020 0020 0020 0041 0040 0020 0020 0020 0020 0020 0020 0020 0020 0ccb
TV TV/VCR	0000 0073 0000 000c 0020 0020 0040 0020 0020 0020 0020 0020 0020 0020 0020 0020 0020 0041 0020 0020 0020 0020 0040 0020 0020 0020 0020 0ccb
TV	0000 0073 0000 000c 0020 0020 0040 0020 0020 0020 0020 0020 0020 0020 0020 0020 0020 0020 0020 0020 0020 0041 0020 0020 0040 0020 0020 0ccb
1	0000 0073 0000 000d 0020 0020 0040 0020 0020 0020 0020 0020 0020 0020 0020 0020 0020 0020 0020 0020 0020 0020 0020 0020 0020 0020 0020 0041 0020 0cab
2	0000 0073 0000 000c 0020 0020 0040 0020 0020 0020 0020 0020 0020 0020 0020 0020 0020 0020 0020 0020 0020 0020 0020 0020 0020 0041 0040 0ccb
3	0000 0073 0000 000d 0020 0020 0040 0020 0020 0020 0020 0020 0020 0020 0020 0020 0020 0020 0020 0020 0020 0020 0020 0020 0020 0041 0020 001f 0020 0cab
4	0000 0073 0000 000c 0020 0020 0040 0020 0020 0020 0020 0020 0020 0020 0020 0020 0020 0020 0020 0020 0020 0020 0020 0041 0040 0020 0020 0ccb
5	0000 0073 0000 000c 0020 0020 0040 0020 0020 0020 0020 0020 0020 0020 0020 0020 0020 0020 0020 0020 0020 0020 0020 0041 0040 0040 0020 0caa
6	0000 0073 0000 000c 0020 0020 0040 0020 0020 0020 0020 0020 0020 0020 0020 0020 0020 0020 0020 0020 0020 0020 0020 0041 0020 0020 0040 0ccb
7	0000 0073 0000 000d 0020 0020 0040 0020 0020 0020 0020 0020 0020 0020 0020 0020 0020 0020 0020 0020 0020 0020 0020 0041 0020 0020 0020 001f 0020 0cab
8	0000 0073 0000 000c 0020 0020 0020 0020 0040 0020 0020 0020 0020 0020 0020 0020 0020 0020 0020 0020 0020 0041 0040 0020 0020 0020 0020 0ccb
9	0000 0073 0000 000c 0020 0020 0020 0020 0040 0020 0020 0020 0020 0020 0020 0020 0020 0020 0020 0020 0020 0041 0040 0020 0020 0041 0020 0caa
0	0000 0073 0000 000b 0020 0020 0020 0020 0040 0020 0020 0020 0020 0020 0020 0020 0020 0020 0020 0020 0020 0041 0040 0041 0040 0cc9
11/F/p	0000 0073 0000 000c 0020 0020 0020 0020 0040 0020 0020 0020 0020 0020 0020 0020 0020 0020 0020 0020 0020 0041 0040 0041 0020 001f 0020 0caa
12/ /	0000 0073 0000 000c 0020 0020 0020 0020 0040 0020 0020 0020 0020 0020 0020 0020 0020 0041 0020 0020 0020 0020 0020 0020 0040 0020 0020 0ccb
Mute	0000 0073 0000 000c 0020 0020 0020 0020 0040 0020 0020 0020 0020 0020 0020 0020 0020 0020 0020 0020 0020 0041 0020 0020 0040 0040 0020 0caa
LD Eject	0000 0073 0000 000a 0020 0020 0020 0020 0040 0041 0020 0020 0040 0020 0020 0041 0040 0041 0020 0020 0040 0040 0020 0ca8
LD Stop	0000 0073 0000 000a 0020 0020 0020 0020 0040 0041 0020 0020 0040 0020 0020 0041 0020 0020 0040 0041 0020 0020 0040 0cc8
LD Pause	0000 0073 0000 000b 0020 0020 0020 0020 0040 0041 0020 0020 0040 0020 0020 0041 0020 0020 0040 0020 0020 0020 0020 0020 0020 0cc9
LD Play	0000 0073 0000 000a 0020 0020 0020 0020 0040 0041 0020 0020 0040 0020 0020 0041 0020 0020 0040 0041 0040 0040 0020 0ca8
LD	0000 0073 0000 000b 0020 0020 0020 0020 0040 0041 0020 0020 0040 0020 0020 0020 0020 0020 0020 0041 0020 0020 0040 0020 0020 0cc9
Disc Rew	0000 0073 0000 000a 0020 0020 0020 0020 0040 0041 0020 0020 0040 0020 0020 0041 0040 0041 0020 0020 0040 0020 0020 0cc8
Disc Ffwd	0000 0073 0000 000a 0020 0020 0020 0020 0040 0041 0020 0020 0040 0020 0020 0041 0040 0041 0020 0020 0020 0020 0040 0cc8
Disc R Step	0000 0073 0000 000a 0020 0020 0020 0020 0040 0041 0020 0020 0040 0020 0020 0041 0040 0020 0020 0041 0040 0020 0020 0cc8
Disc F Step	0000 0073 0000 000b 0020 0020 0020 0020 0040 0041 0020 0020 0040 0020 0020 0020 0020 0041 0020 0020 0020 0020 0020 0020 0040 0cc9
Tuner	0000 0073 0000 000d 0020 0020 0020 0020 0020 0020 0040 0020 0020 0020 0020 0041 0020 0020 0020 0020 0020 0020 0020 0020 0020 0020 0020 001f 0020 0cab
CD	0000 0073 0000 000c 0020 0020 0020 0020 0020 0020 0040 0041 0040 0020 0020 0041 0020 0020 0020 0020 0020 0020 0020 0020 0020 001f 0020 0caa
Tape	0000 0073 0000 000c 0020 0020 0020 0020 0020 0020 0040 0020 0020 0041 0040 0041 0020 0020 0020 0020 0020 0020 0020 0020 0020 001f 0020 0caa
Dcc	0000 0073 0000 000d 0020 0020 0020 0020 0020 0020 0040 0041 0020 0020 0020 0020 0020 0020 0020 0020 0020 0020 0020 0020 0020 0020 0020 001f 0020 0cab
Power	0000 0073 0000 0012 0020 0020 0020 0020 0020 0020 0040 0020 0020 0020 0020 0020 0020 009f 0020 0020 0020 0041 0020 0020 0040 0020 0020 0020 0020 0020 0020 0020 0020 0020 0020 0020 0020 0020 0020 0adc
Dbs	0000 0073 0000 000c 0020 0020 0020 0020 0040 0041 0040 0020 0020 0020 0020 0041 0020 0020 0020 0020 0020 0020 0020 0020 0020 001f 0020 0caa
VCR1	0000 0073 0000 000c 0020 0020 0020 0020 0040 0020 0020 0041 0040 0041 0020 0020 0020 0020 0020 0020 0020 0020 0020 0020 0020 001f 0020 0caa
VCR2	0000 0073 0000 000c 0020 0020 0020 0020 0040 0020 0020 0041 0020 0020 0040 0041 0020 0020 0020 0020 0020 0020 0020 0020 0020 001f 0020 0caa
Aux	0000 0073 0000 0012 0020 0020 0020 0020 0020 0020 0040 0020 0020 0020 0020 0020 0020 009f 0020 0020 0020 0020 0020 0020 0020 0020 0020 0020 0020 0020 0020 0020 0020 0020 0020 0041 0020 0020 0040 0adc
Vol+	0000 0073 0000 000c 0020 0020 0020 0020 0020 0020 0040 0020 0020 0020 0020 0020 0020 0020 0020 0041 0040 0020 0020 0020 0020 0020 0020 0ccb
Vol-	0000 0073 0000 000c 0020 0020 0020 0020 0020 0020 0040 0020 0020 0020 0020 0020 0020 0020 0020 0041 0040 0020 0020 0020 0020 0041 0020 0caa
Mute	0000 0073 0000 000c 0020 0020 0020 0020 0020 0020 0040 0020 0020 0020 0020 0020 0020 0020 0020 0020 0020 0041 0020 0020 0040 0040 0020 0caa
Dolby Surr	0000 0073 0000 0010 0020 0020 0020 0020 0020 0020 0040 0020 0020 0020 0020 0020 0020 00c0 0040 0020 0020 0041 0040 0041 0040 0020 0020 0020 0020 0020 0020 0020 0020 0020 0020 0ada
Stereo	0000 0073 0000 000f 0020 0020 0020 0020 0020 0020 0040 0020 0020 0020 0020 0020 0020 00c0 0040 0020 0020 0041 0040 0041 0040 0041 0020 0020 0020 0020 0020 0020 0040 0ad9
