DE A	0000 0073 0000 000a 0020 0020 0020 0020 0020 0020 0040 0020 0020 0040 0040 0040 0040 0040 0020 0020 0040 0020 0020 0cc1
DE B	0000 0073 0000 000a 0020 0020 0020 0020 0020 0020 0040 0020 0020 0040 0040 0040 0040 0040 0020 0020 0020 0020 0040 0cc1
Reset	0000 0073 0000 000a 0020 0020 0040 0040 0040 0020 0020 0040 0040 0040 0020 0020 0040 0020 0020 0020 0020 0040 0020 0ca1
Pause	0000 0073 0000 000a 0020 0020 0040 0040 0040 0020 0020 0040 0040 0040 0020 0020 0040 0020 0020 0020 0020 0020 0020 0cc1
Record	0000 0073 0000 000a 0020 0020 0040 0040 0040 0020 0020 0040 0040 0040 0020 0020 0040 0040 0020 0020 0020 0020 0020 0ca1
Reco Mute	0000 0073 0000 0009 0020 0020 0020 0020 0020 0020 0040 0020 0020 0040 0040 0040 0040 0040 0040 0040 0040 0cc1
Play	0000 0073 0000 000a 0020 0020 0020 0020 0020 0020 0040 0020 0020 0040 0040 0040 0020 0020 0040 0040 0040 0040 0020 0ca1
Unknown	0000 0073 0000 000a 0020 0020 0040 0040 0040 0020 0020 0040 0040 0040 0040 0040 0020 0020 0020 0020 0020 0020 0020 0ca1
Rewind	0000 0073 0000 000a 0020 0020 0020 0020 0020 0020 0040 0020 0020 0040 0040 0040 0020 0020 0040 0020 0020 0040 0040 0cc1
Stop	0000 0073 0000 000a 0020 0020 0020 0020 0020 0020 0040 0020 0020 0040 0040 0040 0020 0020 0040 0040 0020 0020 0040 0cc1
Forward	0000 0073 0000 000a 0020 0020 0020 0020 0020 0020 0040 0020 0020 0040 0040 0040 0020 0020 0040 0040 0040 0020 0020 0cc1
