R Step	0000 0074 0000 000a 0020 001f 0040 003f 0040 003f 0040 001f 0020 003f 0040 001f 0020 001f 0020 001f 0020 003f 0020 0c9a
Play	0000 0074 0000 0009 0020 0020 0040 0040 0040 0040 0040 0020 0020 0040 0020 0020 0040 0040 0040 0040 0020 0c99
F Step	0000 0074 0000 000a 0020 0020 0040 0040 0040 0040 0040 0020 0020 0040 0040 0020 0020 0020 0020 0020 0020 0020 0020 0cb9
Rew	0000 0074 0000 0009 0020 001f 0040 003f 0040 003f 0040 001f 0020 003f 0020 001f 0040 001f 0020 003f 0040 0cb9
Pause	0000 0074 0000 000a 0020 001f 0040 003f 0040 003f 0040 001f 0020 003f 0020 001f 0040 001f 0020 001f 0020 001f 0020 0cb9
Ffwd	0000 0074 0000 0009 0020 0020 0040 0040 0040 0040 0040 0020 0020 0040 0020 0020 0040 0040 0040 0020 0020 0cb9
Random	0000 0074 0000 000a 0020 0020 0040 0040 0040 0040 0040 0020 0020 0020 0020 0040 0020 0020 0020 0020 0040 0020 0020 0cb9
Stop	0000 0074 0000 0009 0020 0020 0040 0040 0040 0040 0040 0020 0020 0040 0020 0020 0040 0040 0020 0020 0040 0cb9
Ams	0000 0074 0000 0009 0020 0020 0040 0040 0040 0040 0040 0020 0020 0040 0040 0040 0040 0040 0020 0020 0020 0c99
Disc Sel	0000 0074 0000 000a 0020 0020 0040 0040 0040 0040 0040 0020 0020 0020 0020 0040 0020 0020 0020 0020 0020 0020 0040 0cb9
Disc 1	0000 0074 0000 0010 0020 0020 0040 0040 0040 0040 0040 0020 0020 009d 0020 0020 0020 0020 0020 0020 0020 0020 0020 0040 0040 0020 0020 0020 0020 0020 0020 0020 0020 0020 0020 0ab9
Disc 2	0000 0074 0000 0010 0020 0020 0040 0040 0040 0040 0040 0020 0020 009d 0020 0020 0020 0020 0020 0020 0020 0040 0040 0020 0020 0020 0020 0020 0020 0020 0020 0020 0020 0020 0020 0ab9
Disc 3	0000 0074 0000 0010 0020 0020 0040 0040 0040 0040 0040 0020 0020 009d 0020 0020 0020 0020 0020 0020 0020 0040 0020 0020 0040 0020 0020 0020 0020 0020 0020 0020 0020 0020 0020 0ab8
Disc 4	0000 0074 0000 0010 0020 0020 0040 0040 0040 0040 0040 0020 0020 009d 0020 0020 0020 0020 0020 0040 0040 0020 0020 0020 0020 0020 0020 0020 0020 0020 0020 0020 0020 0020 0020 0ab8
Disc 5	0000 0074 0000 000f 0020 0020 0040 0040 0040 0040 0040 0020 0020 009d 0020 0020 0020 0020 0020 0040 0040 0040 0040 0020 0020 0020 0020 0020 0020 0020 0020 0020 0020 0ab9
Edit	0000 0073 0000 0009 0041 0040 0021 0020 0041 0040 0041 0020 0021 0040 0041 0040 0041 0020 0021 0020 0021 0cd5
Recall	0000 0073 0000 000c 0020 0020 0020 0020 0020 0020 0040 0040 0040 0020 0020 0020 0020 0020 0020 0040 0020 0020 0020 0020 0020 0020 0020 0cb5
Clear	0000 0073 0000 000a 0020 0020 0020 0020 0020 0020 0040 0040 0040 0020 0020 0040 0020 0020 0020 0020 0040 0040 0040 0cd5
Memo	0000 0073 0000 000a 0021 0020 0021 0020 0021 0020 0041 0040 0041 0020 0021 0040 0041 0040 0041 0020 0021 0040 0021 0cb5
Repeat	0000 0073 0000 000b 0020 0020 0020 0020 0020 0020 0040 0040 0040 0020 0020 0020 0020 0040 0020 0020 0020 0020 0040 0040 0020 0cb4
Time Display	0000 0073 0000 000b 0020 0020 0020 0020 0020 0020 0040 0040 0040 0020 0020 0020 0020 0020 0020 0040 0040 0040 0020 0020 0020 0cb5
Disc Select	0000 0074 0000 000b 0020 0020 0020 0020 0020 0020 0040 0040 0040 0020 0020 0020 0020 0040 0020 0020 0020 0020 0020 0020 0040 0cb9
