Power	0000 0073 0000 000A 0000 0020 0000 0040 0000 0040 0000 0020 0000 0020 0000 0020 0000 0040 0000 0020 0000 0020 0000 0CC3
CD	0000 0073 0000 0016 0000 0020 0000 0040 0000 0040 0000 0020 0000 0040 0000 0020 0000 0020 0000 0020 0000 0020 0000 0020 0000 0CA3 0000 0020 0000 0040 0000 0040 0000 0020 0000 0040 0000 0020 0000 0020 0000 0020 0000 0020 0000 0020 0000 11B9
Tray	0000 0073 0000 0009 0000 0020 0000 0040 0000 0040 0000 0020 0000 0040 0000 0040 0000 0020 0000 0040 0000 0CA3
1	0000 0073 0000 000B 0000 0020 0000 0040 0000 0040 0000 0020 0000 0020 0000 0020 0000 0020 0000 0020 0000 0020 0000 0040 0000 0CA3
2	0000 0073 0000 000A 0000 0020 0000 0040 0000 0040 0000 0020 0000 0020 0000 0020 0000 0020 0000 0020 0000 0040 0000 0CC3
3	0000 0073 0000 000B 0000 0020 0000 0040 0000 0040 0000 0020 0000 0020 0000 0020 0000 0020 0000 0020 0000 0040 0000 0020 0000 0CA3
4	0000 0073 0000 000A 0000 0020 0000 0040 0000 0040 0000 0020 0000 0020 0000 0020 0000 0020 0000 0040 0000 0020 0000 0CC3
5	0000 0073 0000 000A 0000 0020 0000 0040 0000 0040 0000 0020 0000 0020 0000 0020 0000 0020 0000 0040 0000 0040 0000 0CA3
6	0000 0073 0000 000A 0000 0020 0000 0040 0000 0040 0000 0020 0000 0020 0000 0020 0000 0020 0000 0040 0000 0020 0000 0CC3
7	0000 0073 0000 000B 0000 0020 0000 0040 0000 0040 0000 0020 0000 0020 0000 0020 0000 0020 0000 0040 0000 0020 0000 0020 0000 0CA3
8	0000 0073 0000 000A 0000 0020 0000 0040 0000 0040 0000 0020 0000 0020 0000 0020 0000 0040 0000 0020 0000 0020 0000 0CC3
9	0000 0073 0000 000A 0000 0020 0000 0040 0000 0040 0000 0020 0000 0020 0000 0020 0000 0040 0000 0020 0000 0040 0000 0CA3
CD*	0000 0073 0000 000B 0000 0020 0000 0040 0000 0040 0000 0020 0000 0020 0000 0020 0000 0020 0000 0020 0000 0020 0000 0020 0000 0CC3
R Trk	0000 0073 0000 000B 0000 0020 0000 0020 0000 0020 0000 0040 0000 0020 0000 0040 0000 0020 0000 0020 0000 0020 0000 0040 0000 0CA3
F Trk	0000 0073 0000 000B 0000 0020 0000 0020 0000 0020 0000 0040 0000 0020 0000 0040 0000 0020 0000 0020 0000 0020 0000 0020 0000 0CC3
Play	0000 0073 0000 000A 0000 0020 0000 0020 0000 0020 0000 0040 0000 0020 0000 0040 0000 0020 0000 0040 0000 0040 0000 0CA3
&lt;&gt;	0000 0073 0000 000B 0000 0020 0000 0020 0000 0020 0000 0020 0000 0040 0000 0040 0000 0040 0000 0020 0000 0020 0000 0020 0000 0CA3
R Scan	0000 0073 0000 000A 0000 0020 0000 0020 0000 0020 0000 0040 0000 0020 0000 0040 0000 0020 0000 0020 0000 0040 0000 0CC3
F Scan	0000 0073 0000 000A 0000 0020 0000 0020 0000 0020 0000 0040 0000 0020 0000 0040 0000 0020 0000 0040 0000 0020 0000 0CC3
Stop	0000 0073 0000 000A 0000 0020 0000 0020 0000 0020 0000 0040 0000 0020 0000 0040 0000 0020 0000 0040 0000 0020 0000 0CC3
Pause	0000 0073 0000 000B 0000 0020 0000 0020 0000 0020 0000 0040 0000 0020 0000 0040 0000 0020 0000 0020 0000 0020 0000 0020 0000 0CC3
&gt;&gt;	0000 0073 0000 000A 0000 0020 0000 0020 0000 0020 0000 0040 0000 0020 0000 0040 0000 0020 0000 0040 0000 0020 0000 0CC3
Ams	0000 0073 0000 000A 0000 0020 0000 0020 0000 0020 0000 0040 0000 0020 0000 0040 0000 0040 0000 0040 0000 0020 0000 0CA3
Display	0000 0073 0000 000B 0000 0020 0000 0020 0000 0020 0000 0040 0000 0020 0000 0020 0000 0020 0000 0040 0000 0040 0000 0020 0000 0CA3
Memo	0000 0073 0000 000A 0000 0020 0000 0020 0000 0020 0000 0020 0000 0040 0000 0040 0000 0040 0000 0020 0000 0040 0000 0CA3
Random	0000 0073 0000 000B 0000 0020 0000 0020 0000 0020 0000 0040 0000 0020 0000 0020 0000 0040 0000 0020 0000 0020 0000 0020 0000 0CC3
Prog	0000 0073 0000 000A 0000 0020 0000 0020 0000 0020 0000 0040 0000 0020 0000 0040 0000 0040 0000 0020 0000 0040 0000 0CA3
Recall	0000 0073 0000 000C 0000 0020 0000 0020 0000 0020 0000 0040 0000 0020 0000 0020 0000 0020 0000 0040 0000 0020 0000 0020 0000 0020 0000 0CA3
Cancel	0000 0073 0000 000B 0000 0020 0000 0020 0000 0020 0000 0040 0000 0020 0000 0040 0000 0020 0000 0020 0000 0020 0000 0040 0000 0CA3
Repeat	0000 0073 0000 000B 0000 0020 0000 0020 0000 0020 0000 0040 0000 0020 0000 0020 0000 0040 0000 0020 0000 0020 0000 0040 0000 0CA3
Door	0000 0073 0000 000D 0000 0020 0000 0020 0000 0020 0000 0040 0000 0020 0000 00C0 0000 0040 0000 0020 0000 0040 0000 0020 0000 0040 0000 0040 0000 0AC3
