Source Off	0000 0073 0000 000a 0020 0020 0041 001f 0020 0020 0020 0041 0041 003f 0041 001f 0020 0041 0020 0020 0041 001f 0020 0cbf
Source On	0000 0073 0000 000a 0020 0020 0041 001f 0020 0020 0020 0041 0041 003f 0041 001f 0020 0041 0020 0020 0041 001f 0020 0cc0
Power Off	0000 0073 0000 0010 0020 0020 0041 003f 0041 001e 0020 0020 0020 0020 0020 00a0 0020 0020 0020 0041 0020 0020 0041 001e 0020 0020 0020 0020 0020 0020 0020 0020 0020 0041 0041 0ac1
Power On	0000 0073 0000 0011 0020 0020 0041 003f 0041 001e 0020 0020 0020 0020 0020 00a0 0020 0020 0020 0041 0020 0020 0041 001e 0020 0020 0020 0020 0020 0020 0020 0020 0020 0020 0020 0040 0020 0aa3
Sleep	0000 0073 0000 000a 0020 0020 0041 003f 0041 001f 0020 0020 0020 0020 0020 0041 0041 001f 0020 0041 0020 0020 0041 0cbe
TV	0000 0073 0000 000d 0020 0020 0041 001f 0020 0020 0020 0020 0020 0020 0020 0020 0020 0041 0020 0020 0020 0020 0020 0020 0020 0020 0020 0020 0020 0c9f
LD	0000 0073 0000 000c 0020 0020 0041 001f 0020 0041 0020 0020 0041 001f 0020 0041 0020 0020 0020 0020 0020 0020 0020 0020 0020 0020 0020 0c9e
VCR1	0000 0073 0000 000c 0020 0020 0041 001f 0020 0020 0020 0041 0041 003f 0020 0020 0020 0020 0020 0020 0020 0020 0020 0020 0020 0020 0020 0c9f
VCR2	0000 0073 0000 000c 0020 0020 0041 001f 0020 0020 0020 0041 0020 0020 0041 003f 0020 0020 0020 0020 0020 0020 0020 0020 0020 0020 0020 0c9f
Aux	0000 0073 0000 0011 0020 0020 0041 003f 0041 001e 0020 0020 0020 0020 0020 00a0 0020 0020 0020 0020 0020 0020 0020 0020 0020 0020 0020 0020 0020 0020 0020 0020 0020 0041 0020 0020 0041 0ac1
Tuner	0000 0073 0000 000c 0020 0020 0041 003f 0041 001f 0020 0020 0020 0041 0020 0020 0020 0020 0020 0020 0020 0020 0020 0020 0020 0020 0020 0c9e
CD	0000 0073 0000 000b 0020 0020 0041 003f 0041 003f 0041 001f 0020 0041 0020 0020 0020 0020 0020 0020 0020 0020 0020 0020 0020 0c9e
Acr	0000 0073 0000 000b 0020 0020 0041 003f 0041 001f 0020 0041 0041 003f 0020 0020 0020 0020 0020 0020 0020 0020 0020 0020 0020 0c9e
Dcc	0000 0073 0000 000c 0020 0020 0041 003f 0041 003f 0020 0020 0020 0020 0020 0020 0020 0020 0020 0020 0020 0020 0020 0020 0020 0020 0020 0c9e
THX	0000 0073 0000 000e 0020 0020 0041 003f 0041 001e 0020 0020 0020 0020 0020 00c1 0041 001e 0020 0041 0041 003f 0020 0020 0041 001e 0020 0041 0041 001e 0020 0ac3
Pro Logic	0000 0073 0000 0010 0020 0020 0020 0020 0020 0020 0041 001e 0020 0020 0020 0020 0020 00c1 0041 001e 0020 0041 0041 003f 0041 001e 0020 0020 0020 0020 0020 0020 0020 0020 0020 0ac3
3-Logic	0000 0073 0000 000f 0020 0020 0020 0020 0020 0020 0041 001e 0020 0020 0020 0020 0020 00c1 0041 001e 0020 0041 0041 003f 0041 003f 0020 0020 0041 001e 0020 0020 0020 0ac3
Movie	0000 0073 0000 000f 0020 0020 0020 0020 0020 0020 0041 001e 0020 0020 0020 0020 0020 00c1 0041 001e 0020 0041 0041 003f 0041 003f 0020 0020 0020 0020 0041 003e 0020 0aa2
Mono	0000 0073 0000 000f 0020 0020 0020 0020 0020 0020 0041 001e 0020 0020 0020 0020 0020 00c1 0041 001e 0020 0041 0041 003f 0020 0020 0041 001e 0020 0041 0041 003e 0020 0aa3
Matrix	0000 0073 0000 000f 0020 0020 0020 0020 0020 0020 0041 001e 0020 0020 0020 0020 0020 00c1 0041 001e 0020 0041 0041 003f 0041 001e 0020 0041 0041 001e 0020 0040 0020 0aa3
Hall	0000 0073 0000 0010 0020 0020 0020 0020 0020 0020 0041 001e 0020 0020 0020 0020 0020 00c1 0041 001e 0020 0041 0041 003f 0041 001e 0020 0020 0020 0020 0020 0020 0020 0040 0020 0aa3
Stereo	0000 0073 0000 000f 0020 0020 0020 0020 0020 0020 0041 001e 0020 0020 0020 0020 0020 00c1 0041 001e 0020 0041 0041 003f 0041 003f 0020 0020 0020 0020 0020 0020 0041 0ac0
Delay	0000 0073 0000 000d 0020 0020 0041 003f 0041 001e 0020 0020 0020 0020 0020 00c1 0041 001e 0020 0041 0041 003f 0041 003f 0041 001e 0020 0041 0041 0ac0
6ch	0000 0073 0000 0011 0020 0020 0041 003f 0041 001e 0020 0020 0020 0020 0020 00a0 0020 0020 0020 0020 0020 0020 0020 0020 0020 0041 0041 001e 0020 0020 0020 0020 0020 0041 0020 001f 0020 0aa3
Mute	0000 0073 0000 000b 0020 0020 0041 003f 0041 001f 0020 0020 0020 0020 0020 0020 0020 0020 0020 0041 0020 0020 0041 003f 0020 0ca0
Vol+	0000 0073 0000 000b 0020 0020 0041 003f 0041 001f 0020 0020 0020 0020 0020 0020 0020 0041 0041 001f 0020 0020 0020 0020 0020 0cc0
Vol-	0000 0073 0000 000b 0020 0020 0041 003f 0041 001f 0020 0020 0020 0020 0020 0020 0020 0041 0041 001f 0020 0020 0020 0040 0020 0ca0
TV Mute	0000 0073 0000 000c 0020 0020 0041 001f 0020 0020 0020 0020 0020 0020 0020 0020 0020 0020 0020 0020 0020 0041 0020 0020 0041 003f 0020 0ca0
TV Vol+	0000 0073 0000 000c 0020 0020 0041 001f 0020 0020 0020 0020 0020 0020 0020 0020 0020 0020 0020 0041 0041 001f 0020 0020 0020 0020 0020 0cc0
TV Vol-	0000 0073 0000 000c 0020 0020 0041 001f 0020 0020 0020 0020 0020 0020 0020 0020 0020 0020 0020 0041 0041 001f 0020 0020 0020 0040 0020 0ca0
Multi	0000 0073 0000 0010 0020 0020 0041 003f 0041 001e 0020 0020 0020 0020 0020 00a0 0020 0041 0020 0020 0020 0020 0041 003f 0041 001e 0020 0020 0020 0020 0020 0020 0020 0020 0020 0ac3
OSD	0000 0073 0000 000c 0020 0020 0041 003f 0041 001f 0020 0020 0020 0020 0020 0020 0020 0020 0020 0041 0020 0020 0020 0020 0020 0020 0020 0c9f
Disp	0000 0073 0000 0011 0020 0020 0041 003f 0041 001e 0020 0020 0020 0020 0020 00a0 0020 0020 0020 0041 0020 0020 0020 0020 0020 0020 0041 001e 0020 0020 0020 0020 0020 0020 0020 0020 0020 0ac3
Ch Sel	0000 0073 0000 0010 0020 0020 0020 0020 0020 0020 0041 001e 0020 0020 0020 0020 0020 00c1 0041 001e 0020 0041 0041 003f 0020 0020 0041 001e 0020 0020 0020 0020 0020 0040 0020 0aa2
Test	0000 0073 0000 000e 0020 0020 0020 0020 0020 0020 0041 001e 0020 0020 0020 0020 0020 00c1 0041 001e 0020 0041 0041 003f 0041 003f 0041 003f 0041 003e 0020 0aa2
Tune+	0000 0073 0000 000f 0020 0020 0020 0020 0020 0020 0041 001e 0020 0020 0020 0020 0020 00c1 0041 001e 0020 0041 0041 003f 0020 0020 0041 001e 0020 0020 0020 0041 0041 0ac0
Tune-	0000 0073 0000 0010 0020 0020 0020 0020 0020 0020 0041 001e 0020 0020 0020 0020 0020 00c1 0041 001e 0020 0041 0041 003f 0020 0020 0041 001e 0020 0020 0020 0041 0020 001f 0020 0aa2
TV 1	0000 0073 0000 000d 0020 0020 0041 001f 0020 0020 0020 0020 0020 0020 0020 0020 0020 0020 0020 0020 0020 0020 0020 0020 0020 0020 0020 0040 0020 0ca0
TV 2	0000 0073 0000 000c 0020 0020 0041 001f 0020 0020 0020 0020 0020 0020 0020 0020 0020 0020 0020 0020 0020 0020 0020 0020 0020 0041 0041 0cbf
TV 3	0000 0073 0000 000d 0020 0020 0041 001f 0020 0020 0020 0020 0020 0020 0020 0020 0020 0020 0020 0020 0020 0020 0020 0020 0020 0041 0020 0020 0020 0ca0
TV 4	0000 0073 0000 000c 0020 0020 0041 001f 0020 0020 0020 0020 0020 0020 0020 0020 0020 0020 0020 0020 0020 0020 0020 0041 0041 001f 0020 0cc0
TV 5	0000 0073 0000 000c 0020 0020 0041 001f 0020 0020 0020 0020 0020 0020 0020 0020 0020 0020 0020 0020 0020 0020 0020 0041 0041 003f 0020 0ca0
TV 6	0000 0073 0000 000c 0020 0020 0041 001f 0020 0020 0020 0020 0020 0020 0020 0020 0020 0020 0020 0020 0020 0020 0020 0041 0020 0020 0041 0cbe
TV 7	0000 0073 0000 000d 0020 0020 0041 001f 0020 0020 0020 0020 0020 0020 0020 0020 0020 0020 0020 0020 0020 0020 0020 0041 0020 0020 0020 0020 0020 0ca0
TV 8	0000 0073 0000 000c 0020 0020 0041 001f 0020 0020 0020 0020 0020 0020 0020 0020 0020 0020 0020 0020 0020 0041 0041 001f 0020 0020 0020 0cc0
TV 9	0000 0073 0000 000c 0020 0020 0041 001f 0020 0020 0020 0020 0020 0020 0020 0020 0020 0020 0020 0020 0020 0041 0041 001f 0020 0040 0020 0ca0
TV 0	0000 0073 0000 000d 0020 0020 0041 001f 0020 0020 0020 0020 0020 0020 0020 0020 0020 0020 0020 0020 0020 0020 0020 0020 0020 0020 0020 0020 0020 0cc0
CD F Srch	0000 0073 0000 000b 0020 0020 0020 0020 0020 0020 0041 003f 0041 001f 0020 0041 0041 001f 0020 0020 0020 0020 0020 0020 0020 0cc0
CD R Srch	0000 0073 0000 000b 0020 0020 0020 0020 0020 0020 0041 003f 0041 001f 0020 0041 0041 001f 0020 0020 0020 0020 0020 0040 0020 0c9f
CD F Scan	0000 0073 0000 000a 0020 0020 0020 0020 0020 0020 0041 003f 0041 001f 0020 0041 0020 0020 0041 003f 0041 001f 0020 0cbf
CD R Scan	0000 0073 0000 000a 0020 0020 0020 0020 0020 0020 0041 003f 0041 001f 0020 0041 0020 0020 0041 001f 0020 0041 0041 0cbd
CD Play	0000 0073 0000 000a 0020 0020 0020 0020 0020 0020 0041 003f 0041 001f 0020 0041 0020 0020 0041 003f 0041 003f 0020 0c9f
CD Stop	0000 0073 0000 000a 0020 0020 0020 0020 0020 0020 0041 003f 0041 001f 0020 0041 0020 0020 0041 003f 0020 0020 0041 0cbd
CD Pause	0000 0073 0000 000b 0020 0020 0020 0020 0020 0020 0041 003f 0041 001f 0020 0041 0020 0020 0041 001f 0020 0020 0020 0020 0020 0cbf
VCR1 Play	0000 0073 0000 000a 0020 0020 0041 001f 0020 0020 0020 0041 0041 003f 0020 0020 0020 0020 0041 003f 0041 003f 0020 0c9f
VCR1 Stop	0000 0073 0000 000a 0020 0020 0041 001f 0020 0020 0020 0041 0041 003f 0020 0020 0020 0020 0041 003f 0020 0020 0041 0cbd
VCR1 Pause	0000 0073 0000 000a 0020 0020 0041 001f 0020 0020 0020 0041 0041 003f 0020 0020 0041 003f 0041 001f 0020 0040 0020 0c9f
VCR1 Ffwd	0000 0073 0000 000b 0020 0020 0041 001f 0020 0020 0020 0041 0041 003f 0020 0020 0041 001f 0020 0020 0020 0020 0020 0020 0020 0cc0
VCR1 Rew	0000 0073 0000 000b 0020 0020 0041 001f 0020 0020 0020 0041 0041 003f 0020 0020 0041 001f 0020 0020 0020 0020 0020 0040 0020 0c9f
VCR1 F Srch	0000 0073 0000 000a 0020 0020 0041 001f 0020 0020 0020 0041 0041 003f 0020 0020 0020 0020 0041 003f 0041 001f 0020 0cbf
VCR1 R Srch	0000 0073 0000 000a 0020 0020 0041 001f 0020 0020 0020 0041 0041 003f 0020 0020 0020 0020 0041 001f 0020 0041 0041 0cbe
VCR1 Rec	0000 0073 0000 000b 0020 0020 0041 001f 0020 0020 0020 0041 0041 003f 0020 0020 0020 0020 0041 003f 0020 0020 0020 0020 0020 0c9f
Acr Play	0000 0073 0000 000a 0020 0020 0020 0020 0020 0020 0041 001f 0020 0041 0041 003f 0020 0020 0041 003f 0041 003f 0020 0c9f
Acr Stop	0000 0073 0000 000a 0020 0020 0020 0020 0020 0020 0041 001f 0020 0041 0041 003f 0020 0020 0041 003f 0020 0020 0041 0cbd
Acr Pause	0000 0073 0000 000b 0020 0020 0020 0020 0020 0020 0041 001f 0020 0041 0041 003f 0020 0020 0041 001f 0020 0020 0020 0020 0020 0cbf
Acr Ffwd	0000 0073 0000 000b 0020 0020 0020 0020 0020 0020 0041 001f 0020 0041 0041 003f 0041 001f 0020 0020 0020 0020 0020 0020 0020 0cc0
Acr Rew	0000 0073 0000 000b 0020 0020 0020 0020 0020 0020 0041 001f 0020 0041 0041 003f 0041 001f 0020 0020 0020 0020 0020 0040 0020 0c9f
Acr Rec	0000 0073 0000 000b 0020 0020 0020 0020 0020 0020 0041 001f 0020 0041 0041 003f 0020 0020 0041 003f 0020 0020 0020 0020 0020 0c9e
