Sacd/CD	0000 0073 0000 0020 0000 001E 0000 001E 0000 0046 0000 001E 0000 0046 0000 0046 0000 001E 0000 001E 0000 001E 0000 001E 0000 001E 0000 001E 0000 0046 0000 0046 0000 001E 0000 06D2 0000 001E 0000 001E 0000 0046 0000 001E 0000 0046 0000 001E 0000 0046 0000 0046 0000 0046 0000 0046 0000 0046 0000 0046 0000 001E 0000 001E 0000 0046 0000 06D2
Display	0000 0073 0000 0020 0000 001E 0000 001E 0000 0047 0000 001E 0000 0047 0000 001E 0000 001E 0000 001E 0000 001E 0000 001E 0000 0047 0000 001E 0000 001E 0000 0047 0000 001E 0000 0706 0000 001E 0000 001E 0000 0047 0000 001E 0000 0047 0000 0047 0000 0047 0000 0047 0000 0047 0000 0047 0000 001E 0000 0047 0000 0047 0000 001E 0000 0047 0000 0615
Time	0000 0073 0000 0020 0000 001E 0000 001E 0000 0046 0000 001E 0000 0046 0000 0046 0000 0046 0000 001E 0000 0046 0000 0046 0000 001E 0000 001E 0000 001E 0000 0046 0000 001E 0000 0682 0000 001E 0000 001E 0000 0046 0000 001E 0000 0046 0000 001E 0000 001E 0000 0046 0000 001E 0000 001E 0000 0046 0000 0046 0000 0046 0000 001E 0000 0046 0000 0682
Prog	0000 0073 0000 0020 0000 001E 0000 001E 0000 0046 0000 001E 0000 0046 0000 0046 0000 0046 0000 001E 0000 001E 0000 0046 0000 001E 0000 001E 0000 001E 0000 0046 0000 001E 0000 06AE 0000 001E 0000 001E 0000 0046 0000 001E 0000 0046 0000 001E 0000 001E 0000 0046 0000 0046 0000 001E 0000 0046 0000 0046 0000 0046 0000 001E 0000 0046 0000 06AE
Play Mode	0000 0073 0000 0020 0000 001E 0000 001E 0000 0046 0000 001E 0000 0046 0000 001E 0000 0046 0000 001E 0000 001E 0000 001E 0000 001E 0000 001E 0000 0046 0000 0046 0000 001E 0000 06DA 0000 001E 0000 001E 0000 0046 0000 001E 0000 0046 0000 0046 0000 001E 0000 0046 0000 0046 0000 0046 0000 0046 0000 0046 0000 001E 0000 001E 0000 0046 0000 06DA
Cancel	0000 0073 0000 0020 0000 001E 0000 001E 0000 0047 0000 001E 0000 0047 0000 001E 0000 0047 0000 001E 0000 001E 0000 0047 0000 001E 0000 001E 0000 001E 0000 0047 0000 001E 0000 06DE 0000 001E 0000 001E 0000 0047 0000 001E 0000 0047 0000 0047 0000 001E 0000 0047 0000 0047 0000 001E 0000 0047 0000 0047 0000 0047 0000 001E 0000 0047 0000 06DE
1	0000 0073 0000 0020 0000 001E 0000 001E 0000 0046 0000 001E 0000 0046 0000 0046 0000 001E 0000 001E 0000 001E 0000 001E 0000 001E 0000 001E 0000 001E 0000 0046 0000 001E 0000 0702 0000 001E 0000 001E 0000 0046 0000 001E 0000 0046 0000 001E 0000 0046 0000 0046 0000 0046 0000 0046 0000 0046 0000 0046 0000 0046 0000 001E 0000 0046 0000 0612
2	0000 0073 0000 0020 0000 001E 0000 001E 0000 0046 0000 001E 0000 0046 0000 001E 0000 0046 0000 001E 0000 001E 0000 001E 0000 001E 0000 001E 0000 001E 0000 0046 0000 001E 0000 0702 0000 001E 0000 001E 0000 0046 0000 001E 0000 0046 0000 0046 0000 001E 0000 0046 0000 0046 0000 0046 0000 0046 0000 0046 0000 0046 0000 001E 0000 0046 0000 0612
3	0000 0073 0000 0020 0000 001E 0000 001E 0000 0046 0000 001E 0000 0046 0000 0046 0000 0046 0000 001E 0000 001E 0000 001E 0000 001E 0000 001E 0000 001E 0000 0046 0000 001E 0000 06D6 0000 001E 0000 001E 0000 0046 0000 001E 0000 0046 0000 001E 0000 001E 0000 0046 0000 0046 0000 0046 0000 0046 0000 0046 0000 0046 0000 001E 0000 0046 0000 06D6
4	0000 0073 0000 0050 0000 001E 0000 001E 0000 0046 0000 001E 0000 0046 0000 001E 0000 001E 0000 0046 0000 001E 0000 001E 0000 001E 0000 001E 0000 001E 0000 0046 0000 001E 0000 06FA 0000 001E 0000 001E 0000 0046 0000 001E 0000 0046 0000 0046 0000 0046 0000 001E 0000 0046 0000 0046 0000 0046 0000 0046 0000 0046 0000 001E 0000 0046 0000 060B 0000 001E 0000 001E 0000 0046 0000 001E 0000 0046 0000 001E 0000 001E 0000 0046 0000 001E 0000 001E 0000 001E 0000 001E 0000 001E 0000 0046 0000 001E 0000 06FA 0000 001E 0000 001E 0000 0046 0000 001E 0000 0046 0000 0046 0000 0046 0000 001E 0000 0046 0000 0046 0000 0046 0000 0046 0000 0046 0000 001E 0000 0046 0000 060B 0000 001E 0000 001E 0000 0046 0000 001E 0000 0046 0000 001E 0000 001E 0000 0046 0000 001E 0000 001E 0000 001E 0000 001E 0000 001E 0000 0046 0000 001E 0000 10D6
5	0000 0073 0000 0020 0000 001E 0000 001E 0000 0046 0000 001E 0000 0046 0000 0046 0000 001E 0000 0046 0000 001E 0000 001E 0000 001E 0000 001E 0000 001E 0000 0046 0000 001E 0000 06D6 0000 001E 0000 001E 0000 0046 0000 001E 0000 0046 0000 001E 0000 0046 0000 001E 0000 0046 0000 0046 0000 0046 0000 0046 0000 0046 0000 001E 0000 0046 0000 06D6
6	0000 0073 0000 0020 0000 001E 0000 001E 0000 0046 0000 001E 0000 0046 0000 001E 0000 0046 0000 0046 0000 001E 0000 001E 0000 001E 0000 001E 0000 001E 0000 0046 0000 001E 0000 06D2 0000 001E 0000 001E 0000 0046 0000 001E 0000 0046 0000 0046 0000 001E 0000 001E 0000 0046 0000 0046 0000 0046 0000 0046 0000 0046 0000 001E 0000 0046 0000 06D2
7	0000 0073 0000 0020 0000 001E 0000 001E 0000 0047 0000 001E 0000 0047 0000 0047 0000 0047 0000 0047 0000 001E 0000 001E 0000 001E 0000 001E 0000 001E 0000 0047 0000 001E 0000 06B6 0000 001E 0000 001E 0000 0047 0000 001E 0000 0047 0000 001E 0000 001E 0000 001E 0000 0047 0000 0047 0000 0047 0000 0047 0000 0047 0000 001E 0000 0047 0000 06B6
8	0000 0073 0000 0020 0000 001E 0000 001E 0000 0046 0000 001E 0000 0046 0000 001E 0000 001E 0000 001E 0000 0046 0000 001E 0000 001E 0000 001E 0000 001E 0000 0046 0000 001E 0000 0702 0000 001E 0000 001E 0000 0046 0000 001E 0000 0046 0000 0046 0000 0046 0000 0046 0000 001E 0000 0046 0000 0046 0000 0046 0000 0046 0000 001E 0000 0046 0000 0612
9	0000 0073 0000 0050 0000 001E 0000 001E 0000 0046 0000 001E 0000 0046 0000 0046 0000 001E 0000 001E 0000 0046 0000 001E 0000 001E 0000 001E 0000 001E 0000 0046 0000 001E 0000 0636 0000 001E 0000 001E 0000 0046 0000 001E 0000 0046 0000 001E 0000 0046 0000 0046 0000 001E 0000 0046 0000 0046 0000 0046 0000 0046 0000 001E 0000 0046 0000 0636 0000 001E 0000 001E 0000 0046 0000 001E 0000 0046 0000 0046 0000 001E 0000 001E 0000 0046 0000 001E 0000 001E 0000 001E 0000 001E 0000 0046 0000 001E 0000 0636 0000 001E 0000 001E 0000 0046 0000 001E 0000 0046 0000 001E 0000 0046 0000 0046 0000 001E 0000 0046 0000 0046 0000 0046 0000 0046 0000 001E 0000 0046 0000 0636 0000 001E 0000 001E 0000 0046 0000 001E 0000 0046 0000 0046 0000 001E 0000 001E 0000 0046 0000 001E 0000 001E 0000 001E 0000 001E 0000 0046 0000 001E 0000 109F
10/	0000 0073 0000 0020 0000 001E 0000 001E 0000 0046 0000 001E 0000 0046 0000 001E 0000 0046 0000 001E 0000 0046 0000 001E 0000 001E 0000 001E 0000 001E 0000 0046 0000 001E 0000 063A 0000 001E 0000 001E 0000 0046 0000 001E 0000 0046 0000 0046 0000 001E 0000 0046 0000 001E 0000 0046 0000 0046 0000 0046 0000 0046 0000 001E 0000 0046 0000 063A
&gt;10	0000 0073 0000 0020 0000 001E 0000 001E 0000 0047 0000 001E 0000 0047 0000 001E 0000 0047 0000 001E 0000 001E 0000 0047 0000 0047 0000 001E 0000 0047 0000 0047 0000 001E 0000 068E 0000 001E 0000 001E 0000 0047 0000 001E 0000 0047 0000 0047 0000 001E 0000 0047 0000 0047 0000 001E 0000 001E 0000 0047 0000 001E 0000 001E 0000 0047 0000 068E
R Srch	0000 0073 0000 0020 0000 001E 0000 001E 0000 0047 0000 001E 0000 0047 0000 0047 0000 0047 0000 001E 0000 001E 0000 001E 0000 0047 0000 001E 0000 001E 0000 0047 0000 001E 0000 06B6 0000 001E 0000 001E 0000 0047 0000 001E 0000 0047 0000 001E 0000 001E 0000 0047 0000 0047 0000 0047 0000 001E 0000 0047 0000 0047 0000 001E 0000 0047 0000 06B6
Play	0000 0073 0000 0020 0000 001E 0000 001E 0000 0046 0000 001E 0000 0046 0000 001E 0000 0046 0000 001E 0000 001E 0000 001E 0000 0046 0000 001E 0000 001E 0000 0046 0000 001E 0000 06D6 0000 001E 0000 001E 0000 0046 0000 001E 0000 0046 0000 0046 0000 001E 0000 0046 0000 0046 0000 0046 0000 001E 0000 0046 0000 0046 0000 001E 0000 0046 0000 06D6
F Srch	0000 0073 0000 0020 0000 001E 0000 001E 0000 0047 0000 001E 0000 0047 0000 0047 0000 001E 0000 001E 0000 001E 0000 001E 0000 0047 0000 001E 0000 001E 0000 0047 0000 001E 0000 063D 0000 001E 0000 001E 0000 0047 0000 001E 0000 0047 0000 001E 0000 0047 0000 0047 0000 0047 0000 0047 0000 001E 0000 0047 0000 0047 0000 001E 0000 0047 0000 063D
Rew	0000 0073 0000 0020 0000 001E 0000 001E 0000 0047 0000 001E 0000 0047 0000 001E 0000 0047 0000 001E 0000 0047 0000 0047 0000 001E 0000 001E 0000 001E 0000 0047 0000 001E 0000 06B6 0000 001E 0000 001E 0000 0047 0000 001E 0000 0047 0000 0047 0000 001E 0000 0047 0000 001E 0000 001E 0000 0047 0000 0047 0000 0047 0000 001E 0000 0047 0000 06B6
Pause	0000 0073 0000 0020 0000 001E 0000 001E 0000 0046 0000 001E 0000 0046 0000 0046 0000 001E 0000 0046 0000 001E 0000 001E 0000 0046 0000 001E 0000 001E 0000 0046 0000 001E 0000 065E 0000 001E 0000 001E 0000 0046 0000 001E 0000 0046 0000 001E 0000 0046 0000 001E 0000 0046 0000 0046 0000 001E 0000 0046 0000 0046 0000 001E 0000 0046 0000 065E
Ffwd	0000 0073 0000 0020 0000 001E 0000 001E 0000 0046 0000 001E 0000 0046 0000 0046 0000 001E 0000 001E 0000 0046 0000 0046 0000 001E 0000 001E 0000 001E 0000 0046 0000 001E 0000 065E 0000 001E 0000 001E 0000 0046 0000 001E 0000 0046 0000 001E 0000 0046 0000 0046 0000 001E 0000 001E 0000 0046 0000 0046 0000 0046 0000 001E 0000 0046 0000 065E
Stop	0000 0073 0000 0020 0000 001E 0000 001E 0000 0046 0000 001E 0000 0046 0000 0046 0000 0046 0000 0046 0000 001E 0000 001E 0000 0046 0000 001E 0000 001E 0000 0046 0000 001E 0000 0686 0000 001E 0000 001E 0000 0046 0000 001E 0000 0046 0000 001E 0000 001E 0000 001E 0000 0046 0000 0046 0000 001E 0000 0046 0000 0046 0000 001E 0000 0046 0000 0686
