FM	0000 0073 0000 000a 0020 0020 0040 0040 0040 0020 0020 0020 0020 0040 0020 0020 0040 0040 0020 0020 0040 0040 0020 0ca3
AM	0000 0073 0000 000b 0020 0020 0020 0020 0020 0020 0040 0020 0020 0020 0020 0040 0020 0020 0040 0040 0020 0020 0020 0020 0040 0cc3
LW	0000 0073 0000 000b 0020 0020 0040 0040 0040 0020 0020 0020 0020 0040 0020 0020 0040 0040 0020 0020 0020 0020 0020 0020 0020 0ca3
Band	0000 0073 0000 000d 0020 0020 0020 0020 0020 0020 0040 0020 0020 0020 0020 0040 0020 0020 0020 0020 0020 0020 0020 0020 0020 0020 0020 0020 0020 0ca3
Channel+	0000 0073 0000 000b 0020 0020 0040 0040 0040 0020 0020 0020 0020 0040 0020 0020 0040 0020 0020 0020 0020 0020 0020 0020 0020 0cc3
Channel-	0000 0073 0000 000c 0020 0020 0020 0020 0020 0020 0040 0020 0020 0020 0020 0040 0020 0020 0040 0020 0020 0020 0020 0020 0020 0040 0020 0ca3
1	0000 0073 0000 000b 0020 0020 0040 0040 0040 0020 0020 0020 0020 0040 0040 0020 0020 0020 0020 0020 0020 0020 0020 0040 0020 0ca3
2	0000 0073 0000 000b 0020 0020 0020 0020 0020 0020 0040 0020 0020 0020 0020 0040 0040 0020 0020 0020 0020 0020 0020 0040 0040 0cc3
3	0000 0073 0000 000b 0020 0020 0040 0040 0040 0020 0020 0020 0020 0040 0040 0020 0020 0020 0020 0020 0020 0040 0020 0020 0020 0ca3
4	0000 0073 0000 000b 0020 0020 0020 0020 0020 0020 0040 0020 0020 0020 0020 0040 0040 0020 0020 0020 0020 0040 0040 0020 0020 0cc3
5	0000 0073 0000 000a 0020 0020 0040 0040 0040 0020 0020 0020 0020 0040 0040 0020 0020 0020 0020 0040 0040 0040 0020 0ca3
6	0000 0073 0000 000b 0020 0020 0020 0020 0020 0020 0040 0020 0020 0020 0020 0040 0040 0020 0020 0020 0020 0040 0020 0020 0040 0cc3
7	0000 0073 0000 000b 0020 0020 0040 0040 0040 0020 0020 0020 0020 0040 0040 0020 0020 0020 0020 0040 0020 0020 0020 0020 0020 0ca3
8	0000 0073 0000 000b 0020 0020 0020 0020 0020 0020 0040 0020 0020 0020 0020 0040 0040 0020 0020 0040 0040 0020 0020 0020 0020 0cc3
9	0000 0073 0000 000a 0020 0020 0040 0040 0040 0020 0020 0020 0020 0040 0040 0020 0020 0040 0040 0020 0020 0040 0020 0ca3
M	0000 0073 0000 000b 0020 0020 0020 0020 0020 0020 0040 0020 0020 0020 0020 0040 0020 0020 0040 0040 0040 0020 0020 0040 0020 0ca3
0	0000 0073 0000 000b 0020 0020 0040 0040 0040 0020 0020 0020 0020 0040 0040 0020 0020 0020 0020 0020 0020 0020 0020 0020 0020 0cc3
Clear	0000 0073 0000 000b 0020 0020 0020 0020 0020 0020 0040 0020 0020 0020 0020 0040 0020 0020 0020 0020 0020 0020 0040 0040 0040 0cc3
Volume+	0000 0073 0000 000b 0020 0020 0040 0040 0040 0020 0020 0020 0020 0020 0020 0020 0020 0040 0040 0020 0020 0020 0020 0020 0020 0cc3
Volume-	0000 0073 0000 000c 0020 0020 0020 0020 0020 0020 0040 0020 0020 0020 0020 0020 0020 0020 0020 0040 0040 0020 0020 0020 0020 0040 0020 0ca3
Mute	0000 0073 0000 000b 0020 0020 0040 0040 0040 0020 0020 0020 0020 0020 0020 0020 0020 0020 0020 0040 0020 0020 0040 0040 0020 0ca3
