TV	0000 0073 0000 000d 0020 0020 0040 0020 0020 0020 0020 0020 0020 0020 0020 0020 0020 0040 0020 0020 0020 0020 0020 0020 0020 0020 0020 0020 0020 0c8a
DVD	0000 0073 0000 0011 0020 0020 0020 0020 0020 0020 0040 0020 0020 0020 0020 0020 0020 00a0 0020 0020 0020 0020 0020 0020 0020 0020 0020 0020 0020 0020 0020 0020 0020 0040 0040 0040 0040 0aa9
VCR1	0000 0073 0000 000c 0020 0020 0040 0020 0020 0020 0020 0040 0040 0040 0020 0020 0020 0020 0020 0020 0020 0020 0020 0020 0020 0020 0020 0c8a
Tuner	0000 0073 0000 000d 0020 0020 0020 0020 0020 0020 0040 0020 0020 0020 0020 0040 0020 0020 0020 0020 0020 0020 0020 0020 0020 0020 0020 0020 0020 0c8a
CD	0000 0073 0000 000b 0020 0020 0040 0040 0040 0040 0040 0020 0020 0040 0020 0020 0020 0020 0020 0020 0020 0020 0020 0020 0020 0c8a
Cdr	0000 0073 0000 000c 0020 0020 0020 0020 0020 0020 0020 0020 0040 0040 0040 0040 0020 0020 0020 0020 0020 0020 0020 0020 0020 0020 0020 0c8a
MD	0000 0073 0000 000c 0020 0020 0040 0040 0040 0040 0020 0020 0020 0020 0020 0020 0020 0020 0020 0020 0020 0020 0020 0020 0020 0020 0020 0c8a
Tape	0000 0073 0000 000c 0020 0020 0020 0020 0020 0020 0040 0020 0020 0040 0040 0040 0020 0020 0020 0020 0020 0020 0020 0020 0020 0020 0020 0c8a
Aux1	0000 0073 0000 0011 0020 0020 0040 0040 0040 0020 0020 0020 0020 0020 0020 00a0 0020 0020 0020 0020 0020 0020 0020 0020 0020 0020 0020 0020 0020 0020 0020 0020 0020 0040 0020 0020 0040 0a9e
Aux2	0000 0073 0000 0013 0020 0020 0020 0020 0020 0020 0040 0020 0020 0020 0020 0020 0020 00a0 0020 0020 0020 0020 0020 0020 0020 0020 0020 0020 0020 0020 0020 0020 0020 0020 0020 0040 0020 0020 0020 0020 0020 0a81
DSS	0000 0073 0000 000c 0020 0020 0040 0020 0020 0020 0020 0040 0020 0020 0040 0040 0020 0020 0020 0020 0020 0020 0020 0020 0020 0020 0020 0c8a
Power	0000 0073 0000 000c 0020 0020 0020 0020 0020 0020 0040 0020 0020 0020 0020 0020 0020 0020 0020 0020 0020 0040 0020 0020 0040 0020 0020 0caa
Power On	0000 0073 0000 0011 0020 0020 0040 0040 0040 0020 0020 0020 0020 0020 0020 00a0 0020 0020 0020 0040 0020 0020 0040 0020 0020 0020 0020 0020 0020 0020 0020 0020 0020 0020 0020 0040 0020 0a89
Power Off	0000 0073 0000 0011 0020 0020 0020 0020 0020 0020 0040 0020 0020 0020 0020 0020 0020 00a0 0020 0020 0020 0040 0020 0020 0040 0020 0020 0020 0020 0020 0020 0020 0020 0020 0020 0040 0040 0aa9
V Off	0000 0073 0000 000f 0020 0020 0040 0040 0040 0020 0020 0020 0020 0020 0020 00a0 0020 0020 0020 0040 0020 0020 0040 0040 0040 0020 0020 0020 0020 0020 0020 0040 0040 0aa9
EQ	0000 0073 0000 0011 0040 0040 0020 0020 0040 0020 0020 0020 0020 0020 0020 00a0 0020 0020 0020 0020 0020 0020 0020 0020 0020 0020 0020 0020 0020 0020 0020 0040 0040 0040 0020 0020 0020 0a89
7 1/6 1 In	0000 0073 0000 0011 0020 0020 0040 0040 0040 0020 0020 0020 0020 0020 0020 00a0 0020 0020 0020 0020 0020 0020 0020 0020 0020 0040 0040 0020 0020 0020 0020 0020 0020 0040 0020 0020 0020 0a89
Sleep	0000 0073 0000 000b 0020 0020 0020 0020 0020 0020 0040 0020 0020 0020 0020 0020 0020 0040 0040 0020 0020 0040 0020 0020 0040 0caa
Audio	0000 0073 0000 0010 0020 0020 0040 0040 0040 0020 0020 0020 0020 0020 0020 00a0 0020 0020 0020 0020 0020 0020 0020 0020 0020 0040 0040 0020 0020 0040 0020 0020 0020 0020 0040 0aa9
A/D	0000 0073 0000 0011 0020 0020 0040 0040 0040 0020 0020 0020 0020 0020 0020 00a0 0020 0020 0020 0020 0020 0020 0020 0020 0020 0040 0040 0020 0020 0020 0020 0020 0020 0020 0020 0040 0020 0a89
1	0000 0073 0000 000f 0020 0020 0020 0020 0020 0020 0040 0020 0020 0020 0020 0020 0020 00c0 0040 0020 0020 0040 0040 0040 0020 0020 0040 0040 0020 0020 0040 0040 0020 0a8a
2	0000 0073 0000 000e 0020 0020 0040 0040 0040 0020 0020 0020 0020 0020 0020 00c0 0040 0020 0020 0040 0040 0040 0020 0020 0040 0040 0040 0020 0020 0040 0020 0a81
3	0000 0073 0000 0011 0040 0040 0020 0020 0040 0020 0020 0020 0020 0020 0020 00a0 0020 0020 0020 0020 0020 0020 0020 0020 0020 0020 0020 0020 0020 0020 0020 0040 0040 0020 0020 0020 0020 0aa9
4	0000 0073 0000 000f 0020 0020 0040 0040 0040 0020 0020 0020 0020 0020 0020 00c0 0040 0020 0020 0040 0040 0040 0020 0020 0020 0020 0020 0020 0020 0020 0040 0040 0020 0a8a
5	0000 0073 0000 0011 0040 0040 0020 0020 0040 0020 0020 0020 0020 0020 0020 00a0 0020 0020 0020 0020 0020 0020 0020 0020 0020 0020 0020 0020 0020 0020 0020 0040 0040 0020 0020 0040 0020 0a89
6	0000 0073 0000 000f 0020 0020 0040 0040 0040 0020 0020 0020 0020 0020 0020 00c0 0040 0020 0020 0040 0040 0040 0020 0020 0020 0020 0020 0020 0040 0020 0020 0040 0020 0a8a
7	0000 0073 0000 000f 0020 0020 0020 0020 0020 0020 0040 0020 0020 0020 0020 0020 0020 00c0 0040 0020 0020 0040 0040 0040 0040 0040 0020 0020 0020 0020 0020 0020 0040 0aa1
8	0000 0073 0000 000f 0020 0020 0040 0040 0040 0020 0020 0020 0020 0020 0020 00c0 0040 0020 0020 0040 0040 0040 0020 0020 0020 0020 0040 0020 0020 0040 0020 0020 0020 0a8a
9	0000 0073 0000 0011 0020 0020 0020 0020 0020 0020 0040 0020 0020 0020 0020 0020 0020 00c0 0040 0020 0020 0040 0040 0040 0020 0020 0020 0020 0020 0020 0020 0020 0020 0020 0020 0020 0020 0a8a
0	0000 0073 0000 000a 0020 0020 0040 0040 0040 0020 0020 0020 0020 0020 0020 0040 0040 0020 0020 0040 0040 0040 0020 0c8a
Clear	0000 0073 0000 000b 0020 0020 0020 0020 0020 0020 0040 0020 0020 0020 0020 0020 0020 0040 0040 0020 0020 0020 0020 0040 0040 0caa
+10	0000 0073 0000 000d 0020 0020 0040 0040 0040 0020 0020 0020 0020 0020 0020 00c0 0040 0020 0020 0040 0040 0040 0020 0020 0040 0040 0040 0040 0040 0aa1
Disp/Rds	0000 0073 0000 0012 0020 0020 0020 0020 0020 0020 0040 0020 0020 0020 0020 0020 0020 00a0 0020 0020 0020 0040 0020 0020 0020 0020 0020 0020 0040 0020 0020 0020 0020 0020 0020 0020 0020 0020 0020 0aa9
Input	0000 0073 0000 000c 0020 0020 0040 0020 0020 0020 0020 0020 0020 0020 0020 0020 0020 0040 0020 0020 0020 0020 0040 0020 0020 0020 0020 0ca9
Mute	0000 0073 0000 000b 0020 0020 0040 0040 0040 0020 0020 0020 0020 0020 0020 0020 0020 0020 0020 0040 0020 0020 0040 0040 0020 0c8a
Ch+	0000 0073 0000 000c 0020 0020 0020 0020 0040 0020 0020 0020 0020 0020 0020 0020 0020 0040 0040 0020 0020 0020 0020 0020 0020 0020 0020 0ca9
Ch-	0000 0073 0000 000c 0020 0020 0040 0020 0020 0020 0020 0020 0020 0020 0020 0020 0020 0040 0040 0020 0020 0020 0020 0020 0020 0040 0020 0c89
Deck A Bass	0000 0073 0000 000b 0020 0020 0020 0020 0020 0020 0040 0020 0020 0020 0020 0020 0020 0020 0020 0040 0040 0040 0020 0020 0040 0caa
Deck B Bass	0000 0073 0000 000b 0020 0020 0040 0040 0040 0020 0020 0020 0020 0020 0020 0020 0020 0040 0040 0040 0020 0020 0020 0020 0020 0c8a
Deck A Treble	0000 0073 0000 000c 0020 0020 0020 0020 0020 0020 0040 0020 0020 0020 0020 0020 0020 0020 0020 0040 0020 0020 0040 0020 0020 0020 0020 0caa
Deck B Treble	0000 0073 0000 000b 0020 0020 0040 0040 0040 0020 0020 0020 0020 0020 0020 0020 0020 0040 0020 0020 0040 0020 0020 0040 0020 0c8a
Vol+	0000 0073 0000 000c 0020 0020 0020 0020 0020 0020 0040 0020 0020 0020 0020 0020 0020 0020 0020 0040 0040 0020 0020 0020 0020 0020 0020 0ca9
Vol-	0000 0073 0000 000b 0020 0020 0040 0040 0040 0020 0020 0020 0020 0020 0020 0020 0020 0040 0040 0020 0020 0020 0020 0040 0020 0c80
OSD	0000 0073 0000 000c 0020 0020 0040 0040 0040 0020 0020 0020 0020 0020 0020 0020 0020 0020 0020 0040 0020 0020 0020 0020 0020 0020 0020 0c8a
Up	0000 0073 0000 000b 0040 0040 0020 0020 0040 0020 0020 0020 0020 0020 0020 0020 0020 0040 0040 0020 0020 0020 0020 0020 0020 0ca9
Left	0000 0073 0000 000a 0040 0020 0020 0040 0040 0020 0020 0020 0020 0020 0020 0020 0020 0040 0040 0040 0040 0040 0020 0c80
Enter	0000 0073 0000 000a 0040 0040 0020 0020 0040 0020 0020 0020 0020 0020 0020 0020 0020 0040 0040 0020 0020 0040 0040 0ca9
Right	0000 0073 0000 000a 0040 0020 0020 0040 0040 0020 0020 0020 0020 0020 0020 0020 0020 0040 0040 0040 0020 0020 0040 0ca9
Down	0000 0073 0000 000b 0040 0040 0020 0020 0040 0020 0020 0020 0020 0020 0020 0020 0020 0040 0040 0020 0020 0020 0020 0040 0020 0c89
Setup	0000 0073 0000 000a 0040 0020 0020 0040 0040 0020 0020 0020 0020 0020 0020 0020 0020 0040 0040 0020 0020 0040 0040 0ca9
Ch Sel	0000 0073 0000 0010 0020 0020 0020 0020 0020 0020 0040 0020 0020 0020 0020 0020 0020 00c0 0040 0020 0020 0040 0040 0040 0020 0020 0040 0020 0020 0020 0020 0020 0020 0040 0020 0a8a
Test	0000 0073 0000 000d 0020 0020 0040 0040 0040 0020 0020 0020 0020 0020 0020 00c0 0040 0020 0020 0040 0040 0040 0040 0040 0040 0040 0040 0040 0020 0a8a
Exit	0000 0073 0000 000b 0040 0040 0020 0020 0040 0020 0020 0020 0020 0020 0020 0020 0020 0040 0040 0020 0020 0040 0020 0020 0020 0c8a
Speak A/B	0000 0073 0000 000b 0020 0020 0040 0040 0040 0020 0020 0020 0020 0020 0020 0020 0020 0040 0020 0020 0020 0020 0040 0040 0020 0c8a
Att	0000 0073 0000 000f 0020 0020 0020 0020 0020 0020 0040 0020 0020 0020 0020 0020 0020 00c0 0040 0020 0020 0040 0040 0040 0020 0020 0040 0040 0040 0040 0020 0020 0020 0a8a
Multi	0000 0073 0000 0010 0020 0020 0040 0040 0040 0020 0020 0020 0020 0020 0020 00a0 0020 0040 0020 0020 0020 0020 0040 0040 0040 0020 0020 0020 0020 0020 0020 0020 0020 0020 0020 0aa9
