Power On	0000 0070 0000 0012 0000 0020 0000 0020 0000 0020 0000 0020 0000 0020 0000 0020 0000 00A2 0000 0020 0000 0040 0000 0020 0000 0020 0000 0020 0000 0020 0000 0020 0000 0020 0000 0020 0000 0040 0000 0AB4
Power Off	0000 0070 0000 0011 0000 0020 0000 0020 0000 0020 0000 0020 0000 0020 0000 0020 0000 00A2 0000 0020 0000 0040 0000 0020 0000 0020 0000 0020 0000 0020 0000 0020 0000 0020 0000 0040 0000 0AD4
LD	0000 0070 0000 000C 0000 0020 0000 0020 0000 0040 0000 0020 0000 0020 0000 0040 0000 0020 0000 0020 0000 0020 0000 0020 0000 0020 0000 0CB7
DVD	0000 0073 0000 0013 0000 0020 0000 0020 0000 0011 0000 0011 0000 0030 0000 0011 0000 0011 0000 0011 0000 0011 0000 0020 0000 0011 0000 0011 0000 0011 0000 0011 0000 0011 0000 0011 0000 0011 0000 0011 0000 0BCC
TV	0000 0070 0000 000D 0000 0020 0000 0020 0000 0020 0000 0020 0000 0020 0000 0020 0000 0040 0000 0020 0000 0020 0000 0020 0000 0020 0000 0020 0000 0CB7
VCR1	0000 0070 0000 000C 0000 0020 0000 0020 0000 0020 0000 0040 0000 0040 0000 0020 0000 0020 0000 0020 0000 0020 0000 0020 0000 0020 0000 0CB7
VCR2	0000 0070 0000 000C 0000 0020 0000 0020 0000 0020 0000 0040 0000 0020 0000 0040 0000 0020 0000 0020 0000 0020 0000 0020 0000 0020 0000 0CB7
Tuner	0000 0070 0000 000D 0000 0020 0000 0020 0000 0020 0000 0020 0000 0020 0000 0040 0000 0020 0000 0020 0000 0020 0000 0020 0000 0020 0000 0020 0000 0CB7
CD	0000 0070 0000 000C 0000 0020 0000 0020 0000 0020 0000 0040 0000 0020 0000 0040 0000 0020 0000 0020 0000 0020 0000 0020 0000 0020 0000 0CB7
Tape1	0000 0070 0000 003C 0000 0020 0000 0020 0000 0020 0000 0020 0000 0040 0000 0040 0000 0020 0000 0020 0000 0020 0000 0020 0000 0020 0000 0CB7 0000 0020 0000 0020 0000 0020 0000 0020 0000 0040 0000 0040 0000 0020 0000 0020 0000 0020 0000 0020 0000 0020 0000 0CB7 0000 0020 0000 0020 0000 0020 0000 0020 0000 0040 0000 0040 0000 0020 0000 0020 0000 0020 0000 0020 0000 0020 0000 0CB7 0000 0020 0000 0020 0000 0020 0000 0020 0000 0040 0000 0040 0000 0020 0000 0020 0000 0020 0000 0020 0000 0020 0000 0CB7 0000 0020 0000 0020 0000 0020 0000 0020 0000 0040 0000 0040 0000 0020 0000 0020 0000 0020 0000 0020 0000 0020 0000 11A4
Tape2	0000 0070 0000 000D 0000 0020 0000 0020 0000 0020 0000 0040 0000 0020 0000 0020 0000 0020 0000 0020 0000 0020 0000 0020 0000 0020 0000 0020 0000 0CB7
1	0000 0070 0000 000C 0000 0020 0000 0020 0000 0020 0000 0020 0000 0020 0000 0040 0000 0020 0000 0020 0000 0020 0000 0020 0000 0040 0000 0CB7
2	0000 0070 0000 000B 0000 0020 0000 0020 0000 0020 0000 0020 0000 0020 0000 0040 0000 0020 0000 0020 0000 0020 0000 0040 0000 0CD7
3	0000 0070 0000 000C 0000 0020 0000 0020 0000 0020 0000 0020 0000 0020 0000 0040 0000 0020 0000 0020 0000 0020 0000 0040 0000 0020 0000 0CB7
4	0000 0070 0000 000B 0000 0020 0000 0020 0000 0020 0000 0020 0000 0020 0000 0040 0000 0020 0000 0020 0000 0040 0000 0020 0000 0CD7
5	0000 0070 0000 000B 0000 0020 0000 0020 0000 0020 0000 0020 0000 0020 0000 0040 0000 0020 0000 0020 0000 0040 0000 0040 0000 0CB7
6	0000 0070 0000 000B 0000 0020 0000 0020 0000 0020 0000 0020 0000 0020 0000 0040 0000 0020 0000 0020 0000 0040 0000 0020 0000 0CD7
7	0000 0070 0000 000C 0000 0020 0000 0020 0000 0020 0000 0020 0000 0020 0000 0040 0000 0020 0000 0020 0000 0040 0000 0020 0000 0020 0000 0CB7
8	0000 0070 0000 000B 0000 0020 0000 0020 0000 0020 0000 0020 0000 0020 0000 0040 0000 0020 0000 0040 0000 0020 0000 0020 0000 0CD7
9	0000 0070 0000 000B 0000 0020 0000 0020 0000 0020 0000 0020 0000 0020 0000 0040 0000 0020 0000 0040 0000 0020 0000 0040 0000 0CB7
0	0000 0070 0000 000C 0000 0020 0000 0020 0000 0020 0000 0020 0000 0020 0000 0040 0000 0020 0000 0020 0000 0020 0000 0020 0000 0020 0000 0CD7
Vol+	0000 0070 0000 000C 0000 0020 0000 0020 0000 0020 0000 0020 0000 0020 0000 0020 0000 0020 0000 0040 0000 0020 0000 0020 0000 0020 0000 0CD7
Vol-	0000 0070 0000 000C 0000 0020 0000 0020 0000 0020 0000 0020 0000 0020 0000 0020 0000 0020 0000 0040 0000 0020 0000 0020 0000 0040 0000 0CB7
FM	0000 0070 0000 000B 0000 0020 0000 0020 0000 0020 0000 0020 0000 0020 0000 0040 0000 0020 0000 0040 0000 0020 0000 0040 0000 0CB7
AM	0000 0070 0000 000B 0000 0020 0000 0020 0000 0020 0000 0020 0000 0020 0000 0040 0000 0020 0000 0040 0000 0020 0000 0020 0000 0CD7
Clear	0000 0070 0000 000B 0000 0020 0000 0020 0000 0020 0000 0020 0000 0020 0000 0040 0000 0020 0000 0020 0000 0020 0000 0040 0000 0CD7
Mute	0000 0070 0000 000C 0000 0020 0000 0020 0000 0020 0000 0020 0000 0020 0000 0020 0000 0020 0000 0020 0000 0040 0000 0020 0000 0040 0000 0CB7
P Logic	0000 0073 0000 000F 0000 0020 0000 0041 0000 0020 0000 0020 0000 0020 0000 00C1 0000 0020 0000 0041 0000 0041 0000 0020 0000 0020 0000 0020 0000 0020 0000 0020 0000 0AC0
3-Stereo	0000 0073 0000 000F 0000 001E 0000 001E 0000 001E 0000 001E 0000 001E 0000 001E 0000 00C1 0000 001E 0000 003F 0000 003F 0000 003F 0000 001E 0000 001E 0000 001E 0000 0ABF
Theater	0000 0073 0000 000E 0000 0020 0000 003F 0000 0020 0000 0020 0000 0020 0000 00C1 0000 0020 0000 003F 0000 003F 0000 0020 0000 0020 0000 003F 0000 0020 0000 0AC0
Dol Digital	0000 0073 0000 000F 0000 001E 0000 001E 0000 001E 0000 001E 0000 001E 0000 001E 0000 00C1 0000 001E 0000 003F 0000 003F 0000 001E 0000 003F 0000 001E 0000 003F 0000 0A9F
Hall	0000 0073 0000 000F 0000 0020 0000 0040 0000 0020 0000 0020 0000 0020 0000 00C1 0000 0020 0000 0040 0000 0040 0000 0020 0000 0020 0000 0020 0000 0020 0000 0040 0000 0A9F
Stadium	0000 0073 0000 000F 0000 001E 0000 001E 0000 001E 0000 001E 0000 001E 0000 001E 0000 00C1 0000 001E 0000 003F 0000 003F 0000 001E 0000 001E 0000 001E 0000 003F 0000 0ABE
Church	0000 0073 0000 000F 0000 001F 0000 003F 0000 001F 0000 001F 0000 001F 0000 00C1 0000 001F 0000 003F 0000 003F 0000 001F 0000 001F 0000 001F 0000 003F 0000 001F 0000 0A9F
Digit RF	0000 0073 0000 0010 0000 001E 0000 001E 0000 001E 0000 001E 0000 001E 0000 001E 0000 00A0 0000 001E 0000 001E 0000 001E 0000 001E 0000 003F 0000 001E 0000 003F 0000 003F 0000 0ABE
Opt	0000 0073 0000 0010 0000 0020 0000 003F 0000 0020 0000 0020 0000 0020 0000 00A0 0000 0020 0000 0020 0000 0020 0000 0020 0000 003F 0000 0020 0000 0020 0000 003F 0000 003F 0000 0AA0
Coax	0000 0073 0000 0011 0000 001E 0000 001E 0000 001E 0000 001E 0000 001E 0000 001E 0000 00A0 0000 001E 0000 001E 0000 001E 0000 001E 0000 0041 0000 001E 0000 001E 0000 0041 0000 001E 0000 0AC0
F-Direct	0000 0073 0000 000A 0000 001F 0000 003F 0000 001F 0000 001F 0000 003F 0000 001F 0000 003F 0000 003F 0000 001F 0000 0C9C
Disp/Rds	0000 0073 0000 000C 0000 001F 0000 001F 0000 001F 0000 001F 0000 001F 0000 0041 0000 001F 0000 0041 0000 001F 0000 001F 0000 001F 0000 0C9B
OSD	0000 0073 0000 000C 0000 001F 0000 003F 0000 001F 0000 001F 0000 001F 0000 001F 0000 001F 0000 003F 0000 001F 0000 001F 0000 001F 0000 0C9C
Display	0000 0073 0000 0012 0000 001E 0000 001E 0000 001E 0000 001E 0000 001E 0000 001E 0000 00A0 0000 001E 0000 0041 0000 001E 0000 001E 0000 001E 0000 001E 0000 001E 0000 001E 0000 001E 0000 001E 0000 0AC0
Stereo	0000 0073 0000 000E 0000 001E 0000 0041 0000 001E 0000 001E 0000 001E 0000 00C1 0000 001E 0000 0041 0000 0041 0000 0041 0000 001E 0000 001E 0000 001E 0000 0ABD
6 Drt	0000 0073 0000 0012 0000 0020 0000 0020 0000 0020 0000 0020 0000 0020 0000 0020 0000 00A0 0000 0020 0000 0020 0000 0020 0000 0020 0000 0041 0000 0020 0000 0020 0000 0020 0000 0041 0000 0020 0000 0AA0
Delay	0000 0073 0000 000A 0000 003F 0000 001F 0000 001F 0000 001F 0000 001F 0000 003F 0000 003F 0000 001F 0000 001F 0000 0CBC
SU Mode	0000 0073 0000 000A 0000 001F 0000 003F 0000 001F 0000 001F 0000 001F 0000 003F 0000 001F 0000 003F 0000 003F 0000 0C9C
M Night	0000 0073 0000 000E 0000 001E 0000 001E 0000 001E 0000 001E 0000 001E 0000 001E 0000 00C1 0000 001E 0000 003F 0000 003F 0000 001E 0000 003F 0000 003F 0000 0ABD
CE Mode	0000 0073 0000 000D 0000 001E 0000 003F 0000 001E 0000 001E 0000 001E 0000 00C1 0000 001E 0000 003F 0000 003F 0000 001E 0000 003F 0000 003F 0000 0ABE
TE Tone	0000 0073 0000 000E 0000 001E 0000 001E 0000 001E 0000 001E 0000 001E 0000 001E 0000 00C1 0000 001E 0000 003E 0000 003E 0000 003E 0000 003E 0000 003E 0000 0A9F
Sub+	0000 0073 0000 000F 0000 001F 0000 003F 0000 001F 0000 001F 0000 001F 0000 00C1 0000 001F 0000 003F 0000 003F 0000 001F 0000 001F 0000 003F 0000 001F 0000 001F 0000 0A9F
Sub-	0000 0073 0000 000F 0000 001E 0000 001E 0000 001E 0000 001E 0000 001E 0000 001E 0000 00C1 0000 001E 0000 003F 0000 003F 0000 001E 0000 003F 0000 001E 0000 001E 0000 0ABF
Cent+	0000 0073 0000 000A 0000 001F 0000 0041 0000 001F 0000 001F 0000 001F 0000 0041 0000 001F 0000 0041 0000 001F 0000 0CBB
Cent-	0000 0073 0000 000B 0000 003F 0000 001F 0000 001F 0000 001F 0000 001F 0000 003F 0000 001F 0000 003F 0000 001F 0000 001F 0000 0C9C
Surr+	0000 0073 0000 000C 0000 0021 0000 0041 0000 0021 0000 0021 0000 0021 0000 0021 0000 0021 0000 0021 0000 0021 0000 0021 0000 0041 0000 0C9C
Surr-	0000 0073 0000 000B 0000 003F 0000 0021 0000 0021 0000 0021 0000 0021 0000 0021 0000 0021 0000 0021 0000 0021 0000 003F 0000 0CBB
Preset+	0000 0073 0000 000C 0000 001F 0000 001F 0000 001F 0000 001F 0000 001F 0000 0041 0000 001F 0000 001F 0000 001F 0000 001F 0000 001F 0000 0CBC
Preset-	0000 0073 0000 000B 0000 001F 0000 0041 0000 001F 0000 001F 0000 0041 0000 001F 0000 001F 0000 001F 0000 001F 0000 0041 0000 0C9C
Tune+	0000 0073 0000 000B 0000 001F 0000 001F 0000 001F 0000 001F 0000 001F 0000 003F 0000 003F 0000 001F 0000 001F 0000 001F 0000 0CB9
Tune-	0000 0073 0000 000B 0000 001F 0000 003F 0000 001F 0000 001F 0000 003F 0000 003F 0000 001F 0000 001F 0000 001F 0000 001F 0000 0C9B
 Mode	0000 0073 0000 000B 0000 001F 0000 001F 0000 001F 0000 001F 0000 001F 0000 0041 0000 001F 0000 001F 0000 0041 0000 0041 0000 0C9B
Pty	0000 0073 0000 000B 0000 001F 0000 0041 0000 001F 0000 001F 0000 0041 0000 001F 0000 001F 0000 001F 0000 001F 0000 001F 0000 0CBC
