Sleep	0000 0073 0000 000a 0020 0020 0041 003f 0041 001f 0020 0020 0020 0020 0020 0041 0041 001f 0020 0041 0020 0020 0041 0cbe
TV	0000 0073 0000 000d 0020 0020 0041 001f 0020 0020 0020 0020 0020 0020 0020 0020 0020 0041 0020 0020 0020 0020 0020 0020 0020 0020 0020 0020 0020 0c9f
LD	0000 0073 0000 000c 0020 0020 0041 001f 0020 0041 0020 0020 0041 001f 0020 0041 0020 0020 0020 0020 0020 0020 0020 0020 0020 0020 0020 0c9e
VCR1	0000 0073 0000 000c 0020 0020 0041 001f 0020 0020 0020 0041 0041 003f 0020 0020 0020 0020 0020 0020 0020 0020 0020 0020 0020 0020 0020 0c9f
VCR2	0000 0073 0000 000c 0020 0020 0041 001f 0020 0020 0020 0041 0020 0020 0041 003f 0020 0020 0020 0020 0020 0020 0020 0020 0020 0020 0020 0c9f
Aux1	0000 0073 0000 0011 0020 0020 0041 003f 0041 001e 0020 0020 0020 0020 0020 00a0 0020 0020 0020 0020 0020 0020 0020 0020 0020 0020 0020 0020 0020 0020 0020 0020 0020 0041 0020 0020 0041 0ac1
Tuner	0000 0073 0000 000c 0020 0020 0041 003f 0041 001f 0020 0020 0020 0041 0020 0020 0020 0020 0020 0020 0020 0020 0020 0020 0020 0020 0020 0c9e
CD	0000 0073 0000 000b 0020 0020 0041 003f 0041 003f 0041 001f 0020 0041 0020 0020 0020 0020 0020 0020 0020 0020 0020 0020 0020 0c9e
Acr1	0000 0073 0000 000b 0020 0020 0041 003f 0041 001f 0020 0041 0041 003f 0020 0020 0020 0020 0020 0020 0020 0020 0020 0020 0020 0c9e
Acr2	0000 0073 0000 000c 0020 0020 0041 003f 0041 003f 0020 0020 0020 0020 0020 0020 0020 0020 0020 0020 0020 0020 0020 0020 0020 0020 0020 0c9e
Pro Logic	0000 0073 0000 000c 0020 0020 0040 0041 0040 0020 0020 0020 0020 0020 0020 0020 0020 0020 0020 0020 0020 0020 0020 0020 0020 0040 0020 0c9f
3-Logic	0000 0073 0000 000b 0020 0020 0040 0041 0040 0020 0020 0020 0020 0020 0020 0020 0020 0020 0020 0020 0020 0020 0020 0040 0040 0cbe
Delay	0000 0073 0000 000a 0040 0020 0020 0040 0040 0020 0020 0020 0020 0020 0020 0040 0040 0041 0040 0020 0020 0020 0020 0cbd
Mute	0000 0073 0000 000b 0020 0020 0041 003f 0041 001f 0020 0020 0020 0020 0020 0020 0020 0020 0020 0041 0020 0020 0041 003f 0020 0ca0
Vol+	0000 0073 0000 000b 0020 0020 0041 003f 0041 001f 0020 0020 0020 0020 0020 0020 0020 0041 0041 001f 0020 0020 0020 0020 0020 0cc0
Vol-	0000 0073 0000 000b 0020 0020 0041 003f 0041 001f 0020 0020 0020 0020 0020 0020 0020 0041 0041 001f 0020 0020 0020 0040 0020 0ca0
Display	0000 0073 0000 000d 0020 0020 0040 0020 0020 0020 0020 0020 0020 0020 0020 0020 0020 0020 0020 0020 0020 0040 0020 0020 0020 0020 0020 0020 0020 0c9e
Test	0000 0073 0000 000d 0020 0020 0040 0040 0040 0020 0020 0020 0020 0020 0020 00c1 0040 0020 0020 0040 0040 0041 0040 0041 0040 0041 0040 0040 0020 0a9d
Tune+	0000 0073 0000 000f 0020 0020 0020 0020 0020 0020 0041 001e 0020 0020 0020 0020 0020 00c1 0041 001e 0020 0041 0041 003f 0020 0020 0041 001e 0020 0020 0020 0041 0041 0ac0
Tune-	0000 0073 0000 0010 0020 0020 0020 0020 0020 0020 0041 001e 0020 0020 0020 0020 0020 00c1 0041 001e 0020 0041 0041 003f 0020 0020 0041 001e 0020 0020 0020 0041 0020 001f 0020 0aa2
1	0000 0073 0000 000d 0020 0020 0041 001f 0020 0020 0020 0020 0020 0020 0020 0020 0020 0020 0020 0020 0020 0020 0020 0020 0020 0020 0020 0040 0020 0ca0
2	0000 0073 0000 000c 0020 0020 0041 001f 0020 0020 0020 0020 0020 0020 0020 0020 0020 0020 0020 0020 0020 0020 0020 0020 0020 0041 0041 0cbf
3	0000 0073 0000 000d 0020 0020 0041 001f 0020 0020 0020 0020 0020 0020 0020 0020 0020 0020 0020 0020 0020 0020 0020 0020 0020 0041 0020 0020 0020 0ca0
4	0000 0073 0000 000c 0020 0020 0041 001f 0020 0020 0020 0020 0020 0020 0020 0020 0020 0020 0020 0020 0020 0020 0020 0041 0041 001f 0020 0cc0
5	0000 0073 0000 000c 0020 0020 0041 001f 0020 0020 0020 0020 0020 0020 0020 0020 0020 0020 0020 0020 0020 0020 0020 0041 0041 003f 0020 0ca0
6	0000 0073 0000 000c 0020 0020 0041 001f 0020 0020 0020 0020 0020 0020 0020 0020 0020 0020 0020 0020 0020 0020 0020 0041 0020 0020 0041 0cbe
7	0000 0073 0000 000d 0020 0020 0041 001f 0020 0020 0020 0020 0020 0020 0020 0020 0020 0020 0020 0020 0020 0020 0020 0041 0020 0020 0020 0020 0020 0ca0
8	0000 0073 0000 000c 0020 0020 0041 001f 0020 0020 0020 0020 0020 0020 0020 0020 0020 0020 0020 0020 0020 0041 0041 001f 0020 0020 0020 0cc0
9	0000 0073 0000 000c 0020 0020 0041 001f 0020 0020 0020 0020 0020 0020 0020 0020 0020 0020 0020 0020 0020 0041 0041 001f 0020 0040 0020 0ca0
0	0000 0073 0000 000d 0020 0020 0041 001f 0020 0020 0020 0020 0020 0020 0020 0020 0020 0020 0020 0020 0020 0020 0020 0020 0020 0020 0020 0020 0020 0cc0
CD F Srch	0000 0073 0000 000b 0020 0020 0020 0020 0020 0020 0041 003f 0041 001f 0020 0041 0041 001f 0020 0020 0020 0020 0020 0020 0020 0cc0
CD R Srch	0000 0073 0000 000b 0020 0020 0020 0020 0020 0020 0041 003f 0041 001f 0020 0041 0041 001f 0020 0020 0020 0020 0020 0040 0020 0c9f
CD F Scan	0000 0073 0000 000a 0020 0020 0020 0020 0020 0020 0041 003f 0041 001f 0020 0041 0020 0020 0041 003f 0041 001f 0020 0cbf
CD R Scan	0000 0073 0000 000a 0020 0020 0020 0020 0020 0020 0041 003f 0041 001f 0020 0041 0020 0020 0041 001f 0020 0041 0041 0cbd
CD Play	0000 0073 0000 000a 0020 0020 0020 0020 0020 0020 0041 003f 0041 001f 0020 0041 0020 0020 0041 003f 0041 003f 0020 0c9f
CD Stop	0000 0073 0000 000a 0020 0020 0020 0020 0020 0020 0041 003f 0041 001f 0020 0041 0020 0020 0041 003f 0020 0020 0041 0cbd
CD Pause	0000 0073 0000 000b 0020 0020 0020 0020 0020 0020 0041 003f 0041 001f 0020 0041 0020 0020 0041 001f 0020 0020 0020 0020 0020 0cbf
VCR1 Play	0000 0073 0000 000a 0020 0020 0041 001f 0020 0020 0020 0041 0041 003f 0020 0020 0020 0020 0041 003f 0041 003f 0020 0c9f
VCR1 Stop	0000 0073 0000 000a 0020 0020 0041 001f 0020 0020 0020 0041 0041 003f 0020 0020 0020 0020 0041 003f 0020 0020 0041 0cbd
VCR1 Pause	0000 0073 0000 000a 0020 0020 0041 001f 0020 0020 0020 0041 0041 003f 0020 0020 0041 003f 0041 001f 0020 0040 0020 0c9f
VCR1 Ffwd	0000 0073 0000 000b 0020 0020 0041 001f 0020 0020 0020 0041 0041 003f 0020 0020 0041 001f 0020 0020 0020 0020 0020 0020 0020 0cc0
VCR1 Rew	0000 0073 0000 000b 0020 0020 0041 001f 0020 0020 0020 0041 0041 003f 0020 0020 0041 001f 0020 0020 0020 0020 0020 0040 0020 0c9f
VCR1 F Srch	0000 0073 0000 000a 0020 0020 0041 001f 0020 0020 0020 0041 0041 003f 0020 0020 0020 0020 0041 003f 0041 001f 0020 0cbf
VCR1 R Srch	0000 0073 0000 000a 0020 0020 0041 001f 0020 0020 0020 0041 0041 003f 0020 0020 0020 0020 0041 001f 0020 0041 0041 0cbe
VCR1 Rec	0000 0073 0000 000b 0020 0020 0041 001f 0020 0020 0020 0041 0041 003f 0020 0020 0020 0020 0041 003f 0020 0020 0020 0020 0020 0c9f
Acr Play	0000 0073 0000 000a 0020 0020 0020 0020 0020 0020 0041 001f 0020 0041 0041 003f 0020 0020 0041 003f 0041 003f 0020 0c9f
Acr Stop	0000 0073 0000 000a 0020 0020 0020 0020 0020 0020 0041 001f 0020 0041 0041 003f 0020 0020 0041 003f 0020 0020 0041 0cbd
Acr Pause	0000 0073 0000 000b 0020 0020 0020 0020 0020 0020 0041 001f 0020 0041 0041 003f 0020 0020 0041 001f 0020 0020 0020 0020 0020 0cbf
Acr Ffwd	0000 0073 0000 000b 0020 0020 0020 0020 0020 0020 0041 001f 0020 0041 0041 003f 0041 001f 0020 0020 0020 0020 0020 0020 0020 0cc0
Acr Rew	0000 0073 0000 000b 0020 0020 0020 0020 0020 0020 0041 001f 0020 0041 0041 003f 0041 001f 0020 0020 0020 0020 0020 0040 0020 0c9f
Acr Rec	0000 0073 0000 000b 0020 0020 0020 0020 0020 0020 0041 001f 0020 0041 0041 003f 0020 0020 0041 003f 0020 0020 0020 0020 0020 0c9e
Power	0000 0073 0000 000c 0020 0020 0040 0020 0020 0020 0020 0020 0020 0020 0020 0020 0020 0020 0020 0020 0020 0040 0020 0020 0040 0020 0020 0cbe
Mono/ST	0000 0073 0000 000b 0020 0020 0040 0020 0020 0020 0020 0020 0020 0020 0020 0020 0020 0020 0020 0020 0020 0040 0040 0041 0040 0cbe
Mode+	0000 0073 0000 000a 0020 0020 0040 0041 0040 0020 0020 0020 0020 0020 0020 0040 0040 0041 0020 0020 0020 0020 0040 0cbe
Centr+	0000 0073 0000 000a 0040 0020 0020 0040 0040 0020 0020 0020 0020 0020 0020 0040 0040 0020 0020 0040 0020 0020 0040 0cbd
Centr-	0000 0073 0000 000b 0040 0020 0020 0040 0040 0020 0020 0020 0020 0020 0020 0040 0040 0020 0020 0040 0020 0020 0020 0020 0020 0c9e
Surr+	0000 0073 0000 000c 0040 0020 0020 0040 0040 0020 0020 0020 0020 0020 0020 0020 0020 0020 0020 0020 0020 0020 0020 0020 0020 0040 0020 0c9e
Surr-	0000 0073 0000 000b 0040 0020 0020 0040 0040 0020 0020 0020 0020 0020 0020 0020 0020 0020 0020 0020 0020 0020 0020 0040 0040 0cbd
Hall	0000 0073 0000 000c 0020 0020 0040 0041 0040 0020 0020 0020 0020 0020 0020 0020 0020 0020 0020 0020 0020 0020 0020 0040 0020 0020 0020 0c9f
Delay	0000 0073 0000 000a 0040 0020 0020 0040 0040 0020 0020 0020 0020 0020 0020 0040 0040 0041 0040 0020 0020 0020 0020 0cbd
Input Cycle	0000 0073 0000 000c 0020 0020 0040 0041 0040 0020 0020 0020 0020 0020 0020 0020 0020 0020 0020 0020 0020 0020 0020 0020 0020 0020 0020 0cbe
TV Vol+	0000 0073 0000 000c 0020 0020 0040 0020 0020 0020 0020 0020 0020 0020 0020 0020 0020 0020 0020 0040 0040 0020 0020 0020 0020 0020 0020 0cbe
TV Vol-	0000 0073 0000 000c 0020 0020 0040 0020 0020 0020 0020 0020 0020 0020 0020 0020 0020 0020 0020 0040 0040 0020 0020 0020 0020 0040 0020 0c9e
