Power	0000 0073 0000 000b 0020 001f 0020 001f 0020 001f 0040 001f 0020 001f 0020 003f 0040 001f 0020 003f 0020 001f 0040 001f 0020 0c93
FM/AM	0000 0073 0000 000d 0020 0020 0020 0020 0020 0020 0040 0020 0020 0020 0020 0040 0020 0020 0020 0020 0020 0020 0020 0020 0020 0020 0020 0020 0020 0c74
Display	0000 0073 0000 000c 0020 0020 0020 0020 0020 0020 0040 0020 0020 0020 0020 0040 0040 0020 0020 0040 0020 0020 0020 0020 0020 0020 0020 0c74
Mono	0000 0073 0000 000b 0020 001f 0020 001f 0020 001f 0040 001f 0020 001f 0020 003f 0020 001f 0040 001f 0020 003f 0040 003f 0020 0c73
Memo	0000 0073 0000 000b 0020 0020 0020 0020 0020 0020 0040 0020 0020 0020 0020 0040 0020 0020 0040 0040 0040 0020 0020 0040 0020 0c74
1	0000 0073 0000 000c 0020 0020 0020 0020 0020 0020 0040 0020 0020 0020 0020 0040 0040 0020 0020 0020 0020 0020 0020 0020 0020 0040 0020 0c74
2	0000 0073 0000 000b 0020 001f 0020 001f 0020 001f 0040 001f 0020 001f 0020 003f 0040 001f 0020 001f 0020 001f 0020 003f 0040 0c93
3	0000 0073 0000 000c 0020 0020 0020 0020 0020 0020 0040 0020 0020 0020 0020 0040 0040 0020 0020 0020 0020 0020 0020 0040 0020 0020 0020 0c74
4	0000 0073 0000 000b 0020 0020 0020 0020 0020 0020 0040 0020 0020 0020 0020 0040 0040 0020 0020 0020 0020 0040 0040 0020 0020 0c94
5	0000 0073 0000 000b 0020 001f 0020 001f 0020 001f 0040 001f 0020 001f 0020 003f 0040 001f 0020 001f 0020 003f 0040 003f 0020 0c73
6	0000 0073 0000 000b 0020 0020 0020 0020 0020 0020 0040 0020 0020 0020 0020 0040 0040 0020 0020 0020 0020 0040 0020 0020 0040 0c94
7	0000 0073 0000 000c 0020 0020 0020 0020 0020 0020 0040 0020 0020 0020 0020 0040 0040 0020 0020 0020 0020 0040 0020 0020 0020 0020 0020 0c74
8	0000 0073 0000 000b 0020 001f 0020 001f 0020 001f 0040 001f 0020 001f 0020 003f 0040 001f 0020 003f 0040 001f 0020 001f 0020 0c93
9	0000 0073 0000 000b 0020 0020 0020 0020 0020 0020 0040 0020 0020 0020 0020 0040 0040 0020 0020 0040 0040 0020 0020 0040 0020 0c74
0	0000 0073 0000 000c 0020 0020 0020 0020 0020 0020 0040 0020 0020 0020 0020 0040 0040 0020 0020 0020 0020 0020 0020 0020 0020 0020 0020 0c94
Tune-	0000 0073 0000 000c 0020 001f 0020 001f 0020 001f 0040 001f 0020 001f 0020 003f 0040 003f 0020 001f 0020 001f 0020 001f 0020 001f 0020 0c73
Tune+	0000 0073 0000 000b 0020 0020 0020 0020 0020 0020 0040 0020 0020 0020 0020 0040 0040 0040 0020 0020 0020 0020 0020 0020 0040 0c94
Preset-	0000 0073 0000 000c 0020 0020 0020 0020 0020 0020 0040 0020 0020 0020 0020 0040 0020 0020 0040 0020 0020 0020 0020 0020 0020 0040 0020 0c74
Preset+	0000 0073 0000 000c 0020 001f 0020 001f 0020 001f 0040 001f 0020 001f 0020 003f 0020 001f 0040 001f 0020 001f 0020 001f 0020 001f 0020 0c93
