Tune-	0000 0073 0000 000b 0020 0020 0041 003f 0041 001f 0020 0020 0020 0041 0020 0020 0041 001f 0020 0020 0020 0020 0020 0040 0020 0c9e
Tune+	0000 0073 0000 000b 0020 0020 0041 003f 0041 001f 0020 0020 0020 0041 0020 0020 0041 001f 0020 0020 0020 0020 0020 0020 0020 0cbe
1	0000 0073 0000 000b 0020 0020 0041 003f 0041 001f 0020 0020 0020 0041 0041 001f 0020 0020 0020 0020 0020 0020 0020 0040 0020 0c9e
2	0000 0073 0000 000a 0020 0020 0041 003f 0041 001f 0020 0020 0020 0041 0041 001f 0020 0020 0020 0020 0020 0041 0041 0cbd
3	0000 0073 0000 000b 0020 0020 0041 003f 0041 001f 0020 0020 0020 0041 0041 001f 0020 0020 0020 0020 0020 0041 0020 0020 0020 0c9e
4	0000 0073 0000 000a 0020 0020 0041 003f 0041 001f 0020 0020 0020 0041 0041 001f 0020 0020 0020 0041 0041 001f 0020 0cbe
5	0000 0073 0000 000a 0020 0020 0041 003f 0041 001f 0020 0020 0020 0041 0041 001f 0020 0020 0020 0041 0041 003f 0020 0c9e
6	0000 0073 0000 000a 0020 0020 0041 003f 0041 001f 0020 0020 0020 0041 0041 001f 0020 0020 0020 0041 0020 0020 0041 0cbc
7	0000 0073 0000 000b 0020 0020 0041 003f 0041 001f 0020 0020 0020 0041 0041 001f 0020 0020 0020 0041 0020 0020 0020 0020 0020 0c9e
8	0000 0073 0000 000a 0020 0020 0041 003f 0041 001f 0020 0020 0020 0041 0041 001f 0020 0041 0041 001f 0020 0020 0020 0cbe
9	0000 0073 0000 000a 0020 0020 0041 003f 0041 001f 0020 0020 0020 0041 0041 001f 0020 0041 0041 001f 0020 0040 0020 0c9e
0	0000 0073 0000 000b 0020 0020 0041 003f 0041 001f 0020 0020 0020 0041 0041 001f 0020 0020 0020 0020 0020 0020 0020 0020 0020 0cbe
Memo	0000 0073 0000 000a 0020 0020 0041 003f 0041 001f 0020 0020 0020 0020 0020 0041 0041 003f 0020 0020 0041 003f 0020 0c9e
FM/AM	0000 0073 0000 000c 0020 0020 0041 003f 0041 001f 0020 0020 0020 0041 0020 0020 0020 0020 0020 0020 0020 0020 0020 0020 0020 0020 0020 0c9d
Phono	0000 0073 0000 000b 0020 0020 0041 003f 0041 003f 0041 003f 0020 0020 0020 0020 0020 0020 0020 0020 0020 0020 0020 0020 0020 0c9d
CD	0000 0073 0000 000b 0020 0020 0041 003f 0041 003f 0041 001f 0020 0041 0020 0020 0020 0020 0020 0020 0020 0020 0020 0020 0020 0c9d
Tape	0000 0073 0000 000b 0020 0020 0041 003f 0041 001f 0020 0041 0041 003f 0020 0020 0020 0020 0020 0020 0020 0020 0020 0020 0020 0c9d
LD	0000 0073 0000 000c 0020 0020 0041 001f 0020 0041 0020 0020 0041 001f 0020 0041 0020 0020 0020 0020 0020 0020 0020 0020 0020 0020 0020 0c9d
VCR1	0000 0073 0000 000c 0020 0020 0041 001f 0020 0020 0020 0041 0041 003f 0020 0020 0020 0020 0020 0020 0020 0020 0020 0020 0020 0020 0020 0c9d
VCR2	0000 0073 0000 000c 0020 0020 0041 001f 0020 0020 0020 0041 0020 0020 0041 003f 0020 0020 0020 0020 0020 0020 0020 0020 0020 0020 0020 0c9d
Vol+	0000 0073 0000 000b 0020 0020 0041 003f 0041 001f 0020 0020 0020 0020 0020 0020 0020 0041 0041 001f 0020 0020 0020 0020 0020 0cbe
Vol-	0000 0073 0000 000b 0020 0020 0041 003f 0041 001f 0020 0020 0020 0020 0020 0020 0020 0041 0041 001f 0020 0020 0020 0040 0020 0c9e
