Power	0000 0074 0000 000b 0020 0020 0020 0020 0020 0020 0040 003f 0020 0020 0020 0020 0040 0020 0020 0020 0020 003f 0020 0020 0040 0ca0
Vol+	0000 0074 0000 000b 0020 0020 0040 003f 0040 003f 0020 0020 0020 0020 0020 0020 0020 0020 0040 0020 0020 0020 0020 0020 0020 0ca0
Vol-	0000 0074 0000 000b 0020 0020 0040 003f 0040 003f 0020 0020 0020 0020 0020 0020 0020 0020 0020 0020 0020 0020 0020 0020 0040 0ca0
Mute	0000 0074 0000 000b 0020 0020 0040 003f 0040 003f 0020 0020 0020 0020 0020 0020 0040 0020 0020 0020 0020 0020 0020 0020 0020 0ca0
1	0000 0074 0000 000b 0020 0020 0040 0020 0020 0020 0020 003f 0040 003f 0040 0020 0020 0020 0020 0020 0020 0020 0020 003f 0020 0c81
2	0000 0074 0000 000a 0020 0020 0020 0020 0040 0020 0020 003f 0040 003f 0040 0020 0020 0020 0020 0020 0020 003f 0040 0ca0
3	0000 0074 0000 000b 0020 0020 0020 0020 0040 0020 0020 003f 0040 003f 0040 0020 0020 0020 0020 0020 0020 003f 0020 0020 0020 0c81
4	0000 0074 0000 000a 0020 0020 0020 0020 0040 0020 0020 003f 0040 003f 0040 0020 0020 0020 0020 003f 0040 0020 0020 0ca0
5	0000 0074 0000 000a 0020 0020 0020 0020 0040 0020 0020 003f 0040 003f 0040 0020 0020 0020 0020 003f 0040 003f 0020 0c81
6	0000 0074 0000 000a 0020 0020 0020 0020 0040 0020 0020 003f 0040 003f 0040 0020 0020 0020 0020 003f 0020 0020 0040 0ca0
7	0000 0074 0000 000b 0020 0020 0020 0020 0040 0020 0020 003f 0040 003f 0040 0020 0020 0020 0020 003f 0020 0020 0020 0020 0020 0c81
8	0000 0074 0000 000a 0020 0020 0020 0020 0040 0020 0020 003f 0040 003f 0040 0020 0020 003f 0040 0020 0020 0020 0020 0ca0
9	0000 0074 0000 000a 0020 0020 0020 0020 0040 0020 0020 003f 0040 003f 0040 0020 0020 003f 0040 0020 0020 003f 0020 0c81
0	0000 0074 0000 000b 0020 0020 0020 0020 0040 0020 0020 003f 0040 003f 0040 0020 0020 0020 0020 0020 0020 0020 0020 0020 0020 0ca0
100	0000 0074 0000 0009 0020 0020 0020 0020 0040 0020 0020 003f 0040 003f 0040 0020 0020 003f 0040 003f 0040 0ca0
Ch+	0000 0074 0000 000b 0020 0020 0040 003f 0040 003f 0020 0020 0020 0020 0020 0020 0020 0020 0040 0020 0020 003f 0020 0020 0020 0c81
Ch-	0000 0074 0000 000b 0020 0020 0020 0020 0020 0020 0040 003f 0020 0020 0020 0020 0020 0020 0020 0020 0040 003f 0020 0020 0040 0ca0
Audio	0000 0074 0000 000b 0020 0020 0020 0020 0040 0020 0020 003f 0040 003f 0020 0020 0040 0020 0020 0020 0020 003f 0020 0020 0020 0c81
Pic Control	0000 0074 0000 0009 0040 003f 0040 0020 0020 003f 0040 003f 0040 0020 0020 0020 0020 003f 0020 0020 0040 0ca0
VCR/TV	0000 0074 0000 000b 0020 0020 0020 0020 0040 0020 0020 003f 0040 003f 0020 0020 0020 0020 0020 0020 0020 0020 0020 0020 0040 0ca0
