Power	0000 0073 0000 0014 0060 0020 0010 0020 0010 0010 0010 0010 0010 0020 0020 0010 0010 0010 0010 0010 0010 0010 0010 0010 0020 0020 0010 0010 0010 0010 0010 0010 0010 0010 0010 0010 0020 0010 0010 0020 0010 0010 0010 0bb3
DI Skip	0000 0073 0000 0013 0060 0020 0010 0020 0010 0010 0010 0010 0030 0030 0010 0010 0010 0010 0010 0010 0010 0010 0020 0020 0010 0010 0010 0010 0020 0010 0010 0010 0010 0010 0010 0010 0010 0010 0010 0010 0010 0bc3
1	0000 0073 0000 0014 0060 0020 0010 0020 0010 0010 0010 0010 0010 0020 0020 0010 0010 0010 0010 0010 0010 0010 0010 0010 0020 0020 0010 0010 0010 0010 0010 0010 0010 0010 0010 0010 0010 0010 0010 0010 0010 0010 0020 0bc3
2	0000 0073 0000 0013 0060 0020 0010 0020 0010 0010 0010 0010 0030 0030 0010 0010 0010 0010 0010 0010 0010 0010 0020 0020 0010 0010 0010 0010 0010 0010 0010 0010 0010 0010 0010 0010 0010 0010 0020 0020 0010 0bb3
3	0000 0073 0000 0014 0060 0020 0010 0020 0010 0010 0010 0010 0010 0020 0020 0010 0010 0010 0010 0010 0010 0010 0010 0010 0020 0020 0010 0010 0010 0010 0010 0010 0010 0010 0010 0010 0010 0010 0010 0010 0020 0010 0010 0bc3
4	0000 0073 0000 0013 0060 0020 0010 0020 0010 0010 0010 0010 0030 0030 0010 0010 0010 0010 0010 0010 0010 0010 0020 0020 0010 0010 0010 0010 0010 0010 0010 0010 0010 0010 0010 0010 0020 0020 0010 0010 0010 0bb3
5	0000 0073 0000 0013 0060 0020 0010 0020 0010 0010 0010 0010 0010 0020 0020 0010 0010 0010 0010 0010 0010 0010 0010 0010 0020 0020 0010 0010 0010 0010 0010 0010 0010 0010 0010 0010 0010 0010 0020 0020 0020 0bc3
6	0000 0073 0000 0013 0060 0020 0010 0020 0010 0010 0010 0010 0030 0030 0010 0010 0010 0010 0010 0010 0010 0010 0020 0020 0010 0010 0010 0010 0010 0010 0010 0010 0010 0010 0010 0010 0020 0010 0010 0020 0010 0bb3
7	0000 0073 0000 0014 0060 0020 0010 0020 0010 0010 0010 0010 0010 0020 0020 0010 0010 0010 0010 0010 0010 0010 0010 0010 0020 0020 0010 0010 0010 0010 0010 0010 0010 0010 0010 0010 0010 0010 0020 0010 0010 0010 0010 0bc3
8	0000 0073 0000 0013 0060 0020 0010 0020 0010 0010 0010 0010 0030 0030 0010 0010 0010 0010 0010 0010 0010 0010 0020 0020 0010 0010 0010 0010 0010 0010 0010 0010 0010 0010 0020 0020 0010 0010 0010 0010 0010 0bb3
9	0000 0073 0000 0013 0060 0020 0010 0020 0010 0010 0010 0010 0010 0020 0020 0010 0010 0010 0010 0010 0010 0010 0010 0010 0020 0020 0010 0010 0010 0010 0010 0010 0010 0010 0010 0010 0020 0020 0010 0010 0020 0bc3
0	0000 0073 0000 0014 0060 0020 0010 0020 0010 0010 0010 0010 0030 0030 0010 0010 0010 0010 0010 0010 0010 0010 0020 0020 0010 0010 0010 0010 0010 0010 0010 0010 0010 0010 0010 0010 0010 0010 0010 0010 0010 0010 0010 0bb3
Title	0000 0073 0000 0013 0060 0020 0010 0020 0010 0010 0010 0010 0010 0020 0020 0010 0010 0010 0010 0010 0010 0010 0010 0010 0020 0020 0010 0010 0010 0010 0020 0010 0010 0010 0010 0020 0010 0010 0010 0010 0020 0bc3
Menu	0000 0073 0000 0011 0060 0020 0010 0020 0010 0010 0010 0010 0030 0030 0010 0010 0010 0010 0010 0010 0010 0010 0020 0020 0010 0010 0010 0010 0020 0020 0020 0020 0020 0020 0010 0010 0010 0bb3
Clear	0000 0073 0000 0013 0060 0020 0010 0020 0010 0010 0010 0010 0010 0020 0020 0010 0010 0010 0010 0010 0010 0010 0010 0010 0020 0020 0010 0010 0010 0010 0010 0010 0020 0010 0010 0010 0010 0020 0020 0020 0010 0bb3
Program	0000 0073 0000 0011 0060 0020 0010 0020 0010 0010 0010 0010 0030 0030 0010 0010 0010 0010 0010 0010 0010 0010 0020 0020 0010 0010 0010 0010 0020 0020 0010 0010 0010 0010 0020 0020 0020 0bc3
Display	0000 0073 0000 0014 0060 0020 0010 0020 0010 0010 0010 0010 0010 0020 0020 0010 0010 0010 0010 0010 0010 0010 0010 0010 0020 0020 0010 0010 0010 0010 0010 0010 0010 0010 0010 0010 0020 0010 0010 0010 0010 0010 0010 0bc3
Up	0000 0073 0000 0012 0060 0020 0010 0020 0010 0010 0010 0010 0030 0030 0010 0010 0010 0010 0010 0010 0010 0010 0020 0020 0010 0010 0010 0010 0020 0020 0020 0010 0010 0020 0010 0010 0010 0010 0010 0bb3
Return	0000 0073 0000 0013 0060 0020 0010 0020 0010 0010 0010 0010 0010 0020 0020 0010 0010 0010 0010 0010 0010 0010 0010 0010 0020 0020 0010 0010 0020 0020 0010 0010 0010 0010 0010 0010 0010 0010 0020 0010 0010 0bc3
Audio	0000 0073 0000 0012 0060 0020 0010 0020 0010 0010 0010 0010 0030 0030 0010 0010 0010 0010 0010 0010 0010 0010 0020 0020 0010 0010 0010 0010 0020 0020 0010 0010 0020 0010 0010 0010 0010 0020 0010 0bb3
Left	0000 0073 0000 0012 0060 0020 0010 0020 0010 0010 0010 0010 0010 0020 0020 0010 0010 0010 0010 0010 0010 0010 0010 0010 0020 0020 0010 0010 0010 0010 0020 0020 0020 0010 0010 0020 0020 0020 0010 0bb3
Enter	0000 0073 0000 0012 0060 0020 0010 0020 0010 0010 0010 0010 0030 0030 0010 0010 0010 0010 0010 0010 0010 0010 0020 0020 0010 0010 0010 0010 0020 0020 0020 0010 0010 0010 0010 0020 0010 0010 0010 0bb3
Right	0000 0073 0000 0012 0060 0020 0010 0020 0010 0010 0010 0010 0010 0020 0020 0010 0010 0010 0010 0010 0010 0010 0010 0010 0020 0020 0010 0010 0010 0010 0020 0020 0020 0010 0010 0020 0020 0010 0010 0bc3
Angle	0000 0073 0000 0011 0060 0020 0010 0020 0010 0010 0010 0010 0030 0030 0010 0010 0010 0010 0010 0010 0010 0010 0020 0020 0010 0010 0020 0020 0010 0010 0010 0010 0010 0010 0020 0020 0020 0bc3
Down	0000 0073 0000 0012 0060 0020 0010 0020 0010 0010 0010 0010 0010 0020 0020 0010 0010 0010 0010 0010 0010 0010 0010 0010 0020 0020 0010 0010 0010 0010 0020 0020 0020 0010 0010 0020 0010 0010 0020 0bc3
Subtitle	0000 0073 0000 0011 0060 0020 0010 0020 0010 0010 0010 0010 0030 0030 0010 0010 0010 0010 0010 0010 0010 0010 0020 0020 0010 0010 0010 0010 0020 0020 0010 0010 0020 0020 0020 0010 0010 0bc3
On/Off	0000 0073 0000 0013 0060 0020 0010 0020 0010 0010 0010 0010 0010 0020 0020 0010 0010 0010 0010 0010 0010 0010 0010 0010 0020 0020 0010 0010 0020 0010 0010 0010 0010 0020 0010 0010 0010 0010 0020 0010 0010 0bc3
Play	0000 0073 0000 0012 0060 0020 0010 0020 0010 0010 0010 0010 0030 0030 0010 0010 0010 0010 0010 0010 0010 0010 0020 0020 0010 0010 0010 0010 0010 0010 0020 0020 0020 0010 0010 0020 0010 0010 0010 0bb3
Pause	0000 0073 0000 0014 0060 0020 0010 0020 0010 0010 0010 0010 0010 0020 0020 0010 0010 0010 0010 0010 0010 0010 0010 0010 0020 0020 0010 0010 0010 0010 0010 0010 0020 0010 0010 0020 0010 0010 0010 0010 0010 0010 0010 0bb3
Stop	0000 0073 0000 0012 0060 0020 0010 0020 0010 0010 0010 0010 0030 0030 0010 0010 0010 0010 0010 0010 0010 0010 0020 0020 0010 0010 0010 0010 0010 0010 0020 0010 0010 0020 0010 0010 0010 0010 0020 0bc3
Slow	0000 0073 0000 0013 0060 0020 0010 0020 0010 0010 0010 0010 0010 0020 0020 0010 0010 0010 0010 0010 0010 0010 0010 0010 0020 0020 0010 0010 0010 0010 0010 0010 0020 0020 0010 0010 0010 0010 0020 0020 0010 0bb3
Previous	0000 0073 0000 0012 0060 0020 0010 0020 0010 0010 0010 0010 0030 0030 0010 0010 0010 0010 0010 0010 0010 0010 0020 0020 0010 0010 0010 0010 0010 0010 0020 0020 0010 0010 0010 0010 0010 0010 0020 0bc3
Next	0000 0073 0000 0014 0060 0020 0010 0020 0010 0010 0010 0010 0010 0020 0020 0010 0010 0010 0010 0010 0010 0010 0010 0010 0020 0020 0010 0010 0010 0010 0010 0010 0020 0020 0010 0010 0010 0010 0010 0010 0010 0010 0010 0bb3
Rew	0000 0073 0000 0011 0060 0020 0010 0020 0010 0010 0010 0010 0030 0030 0010 0010 0010 0010 0010 0010 0010 0010 0020 0020 0010 0010 0010 0010 0010 0010 0020 0020 0020 0020 0010 0010 0020 0bc3
Ffwd	0000 0073 0000 0013 0060 0020 0010 0020 0010 0010 0010 0010 0010 0020 0020 0010 0010 0010 0010 0010 0010 0010 0010 0010 0020 0020 0010 0010 0010 0010 0010 0010 0020 0020 0020 0020 0010 0010 0010 0010 0010 0bb3
Random	0000 0073 0000 0013 0060 0020 0010 0020 0010 0010 0010 0010 0030 0030 0010 0010 0010 0010 0010 0010 0010 0010 0020 0020 0010 0010 0010 0010 0010 0010 0010 0010 0020 0010 0010 0010 0010 0020 0010 0010 0010 0bb3
Rpt	0000 0073 0000 0013 0060 0020 0010 0020 0010 0010 0010 0010 0010 0020 0020 0010 0010 0010 0010 0010 0010 0010 0010 0010 0020 0020 0010 0010 0010 0010 0010 0010 0010 0010 0020 0010 0010 0010 0010 0020 0020 0bc3
Rpt A/B	0000 0073 0000 0012 0060 0020 0010 0020 0010 0010 0010 0010 0030 0030 0010 0010 0010 0010 0010 0010 0010 0010 0020 0020 0010 0010 0010 0010 0010 0010 0020 0010 0010 0010 0010 0020 0020 0010 0010 0bc3
Eject	0000 0073 0000 0013 0060 0020 0010 0020 0010 0010 0010 0010 0010 0020 0020 0010 0010 0010 0010 0010 0010 0010 0010 0010 0020 0020 0010 0010 0010 0010 0020 0020 0010 0010 0010 0010 0010 0010 0020 0020 0010 0bb3
