Stby	0000 0073 0000 000c 0020 0020 0040 0020 0020 0020 0020 0020 0020 0020 0020 0020 0020 0020 0020 0020 0020 0040 0020 0020 0040 0020 0020 0cbc
Power On	0000 0073 0000 000d 0020 0020 0020 0020 0040 0020 0020 0020 0020 0020 0020 0020 0020 0040 0020 0020 0020 0020 0020 0020 0020 0020 0020 0020 0020 0c9c
Up	0000 0073 0000 000c 0020 0020 0040 0020 0020 0020 0020 0020 0020 0020 0020 0020 0020 0020 0020 0040 0020 0020 0020 0020 0040 0020 0020 0cbc
Left	0000 0073 0000 000b 0020 0020 0020 0020 0040 0020 0020 0020 0020 0020 0020 0020 0020 0040 0040 0040 0020 0020 0040 0020 0020 0cbc
Right	0000 0073 0000 000b 0020 0020 0040 0020 0020 0020 0020 0020 0020 0020 0020 0020 0020 0040 0040 0040 0040 0040 0020 0020 0020 0c9c
Down	0000 0073 0000 000c 0020 0020 0020 0020 0040 0020 0020 0020 0020 0020 0020 0020 0020 0020 0020 0040 0020 0020 0020 0020 0040 0040 0020 0c9c
Component	0000 0073 0000 0012 0020 0020 0040 0020 0020 0020 0020 0020 0020 0020 0020 0020 0020 00c0 0020 0020 0020 0020 0040 0020 0020 0020 0020 0020 0020 0020 0020 0020 0020 0020 0020 0020 0020 0040 0020 0a9c
S Video	0000 0073 0000 0011 0020 0020 0020 0020 0040 0020 0020 0020 0020 0020 0020 0020 0020 00c0 0020 0020 0020 0020 0040 0020 0020 0020 0020 0020 0020 0020 0020 0020 0020 0020 0020 0040 0040 0abd
Enter	0000 0073 0000 000c 0040 0020 0020 0020 0020 0020 0020 0020 0020 0020 0020 0020 0020 0020 0020 0040 0040 0040 0020 0020 0020 0020 0020 0c9c
Video	0000 0073 0000 0012 0020 0020 0020 0020 0040 0020 0020 0020 0020 0020 0020 0020 0020 00c0 0020 0020 0020 0020 0040 0020 0020 0020 0020 0020 0020 0020 0020 0020 0020 0020 0020 0040 0020 0020 0020 0a9d
RGB	0000 0073 0000 0011 0020 0020 0040 0020 0020 0020 0020 0020 0020 0020 0020 0020 0020 00c0 0020 0020 0020 0020 0040 0020 0020 0020 0020 0020 0020 0020 0020 0020 0020 0040 0040 0020 0020 0abc
Menu	0000 0073 0000 000b 0020 0020 0020 0020 0040 0020 0020 0020 0020 0020 0020 0020 0020 0040 0040 0040 0020 0020 0020 0020 0040 0cbc
Theater	0000 0073 0000 0011 0020 0020 0040 0020 0020 0020 0020 0020 0020 0020 0020 0020 0020 00a0 0020 0040 0020 0020 0020 0020 0020 0020 0020 0020 0040 0020 0020 0020 0020 0020 0020 0040 0040 0abc
Standard	0000 0073 0000 0012 0020 0020 0020 0020 0040 0020 0020 0020 0020 0020 0020 0020 0020 00a0 0020 0040 0020 0020 0020 0020 0020 0020 0020 0020 0040 0020 0020 0020 0020 0020 0020 0020 0020 0040 0020 0a9d
Dynamic	0000 0073 0000 0012 0020 0020 0040 0020 0020 0020 0020 0020 0020 0020 0020 0020 0020 00a0 0020 0040 0020 0020 0020 0020 0020 0020 0020 0020 0040 0020 0020 0020 0020 0020 0020 0040 0020 0020 0020 0a9d
Info	0000 0073 0000 000d 0020 0020 0020 0020 0040 0020 0020 0020 0020 0020 0020 0020 0020 0020 0020 0020 0020 0040 0020 0020 0020 0020 0020 0020 0020 0c9c
Full	0000 0073 0000 000c 0040 0020 0020 0020 0020 0020 0020 0020 0020 0020 0020 0020 0020 0040 0020 0020 0020 0020 0020 0020 0020 0020 0040 0cbc
Normal	0000 0073 0000 000f 0040 0040 0040 0020 0020 0020 0020 0020 0020 0020 0020 00c0 0020 0020 0020 0020 0020 0020 0040 0040 0040 0020 0020 0020 0020 0020 0020 0040 0040 0abc
Cinema	0000 0073 0000 000b 0040 0020 0020 0020 0020 0020 0020 0020 0020 0020 0020 0020 0020 0040 0020 0020 0040 0040 0020 0020 0040 0cbc
Through	0000 0073 0000 0010 0040 0040 0040 0020 0020 0020 0020 0020 0020 0020 0020 00c0 0020 0020 0020 0020 0020 0020 0040 0040 0040 0020 0020 0020 0020 0020 0020 0020 0020 0040 0020 0a9d
Zoom	0000 0073 0000 000b 0040 0020 0020 0020 0020 0020 0020 0020 0020 0020 0020 0020 0020 0040 0020 0020 0040 0040 0040 0020 0020 0cbc
Aux	0000 0073 0000 0011 0020 0020 0020 0020 0040 0020 0020 0020 0020 0020 0020 0020 0020 00c0 0020 0020 0020 0020 0040 0020 0020 0020 0020 0020 0020 0020 0020 0020 0020 0040 0040 0040 0020 0a9d
Focus	0000 0073 0000 0012 0020 0020 0040 0020 0020 0020 0020 0020 0020 0020 0020 0020 0020 00a0 0020 0020 0020 0040 0020 0020 0020 0020 0020 0020 0040 0020 0020 0020 0020 0020 0020 0020 0020 0040 0020 0a9d
V Mute	0000 0073 0000 000c 0020 0020 0020 0020 0040 0020 0020 0020 0020 0020 0020 0020 0020 0020 0020 0020 0020 0040 0020 0020 0040 0040 0020 0c9c
