Power	0000 0074 0000 000c 0020 0020 0020 0020 0040 001f 0020 0020 0020 0020 0020 0020 0020 0020 0020 0020 0020 0040 0020 0020 0040 001f 0020 0c64
Clear	0000 0074 0000 000c 0020 0020 0020 0020 0040 001f 0020 0020 0020 0040 0020 0020 0020 0020 0020 0020 0020 0020 0020 0020 0040 001f 0020 0c64
Status	0000 0074 0000 000d 0020 0020 0020 0020 0040 001f 0020 0020 0020 0020 0020 0020 0020 0020 0020 0020 0020 0040 0020 0020 0020 0020 0020 0020 0020 0c64
Surf	0000 0074 0000 000b 0020 0020 0020 0020 0040 001f 0020 0020 0020 0020 0020 0020 0020 0040 0040 001f 0020 0020 0020 0040 0040 0c64
Vol+	0000 0074 0000 000c 0020 0020 0020 0020 0040 001f 0020 0020 0020 0020 0020 0020 0020 0020 0020 0040 0040 001f 0020 0020 0020 0020 0020 0c64
Vol-	0000 0074 0000 000c 0020 0020 0020 0020 0040 001f 0020 0020 0020 0020 0020 0020 0020 0020 0020 0040 0040 001f 0020 0020 0020 0040 0020 0c64
Mute	0000 0074 0000 000c 0020 0020 0020 0020 0040 001f 0020 0020 0020 0020 0020 0020 0020 0020 0020 0020 0020 0040 0020 0020 0040 003f 0020 0c64
Info	0000 0074 0000 000b 0020 0020 0020 0020 0040 001f 0020 0020 0020 0040 0020 0020 0020 0020 0040 003f 0020 0020 0040 003f 0020 0c64
Guide On/Off	0000 0074 0000 000b 0020 0020 0020 0020 0040 001f 0020 0020 0020 0040 0020 0020 0020 0020 0040 003f 0020 0020 0040 001f 0020 0c64
Ch+	0000 0074 0000 000c 0020 0020 0020 0020 0040 001f 0020 0020 0020 0020 0020 0020 0020 0040 0040 001f 0020 0020 0020 0020 0020 0020 0020 0c64
Ch-	0000 0074 0000 000c 0020 0020 0020 0020 0040 001f 0020 0020 0020 0020 0020 0020 0020 0040 0040 001f 0020 0020 0020 0020 0020 0040 0020 0c64
PIP	0000 0074 0000 000b 0020 0020 0020 0020 0040 001f 0020 0020 0020 0020 0020 0020 0020 0040 0020 0020 0020 0020 0040 003f 0040 0c64
Position	0000 0074 0000 000c 0020 0020 0020 0020 0040 001f 0020 0020 0020 0020 0020 0020 0020 0040 0040 003f 0020 0020 0020 0020 0020 0020 0020 0c64
Swap	0000 0074 0000 000c 0020 0020 0020 0020 0040 001f 0020 0020 0020 0020 0020 0020 0020 0040 0020 0020 0040 003f 0020 0020 0020 0020 0020 0c64
Freeze	0000 0074 0000 000b 0020 0020 0020 0020 0040 001f 0020 0020 0020 0020 0020 0020 0020 0040 0020 0020 0040 003f 0020 0020 0040 0c64
Size	0000 0074 0000 000c 0020 0020 0020 0020 0040 001f 0020 0020 0020 0020 0020 0020 0020 0020 0020 0040 0040 001f 0020 0040 0020 0020 0020 0c64
Input Cycle	0000 0074 0000 000b 0040 003f 0040 001f 0020 0020 0020 0020 0020 0020 0020 0020 0020 0020 0020 0040 0040 003f 0020 0020 0020 0c64
TV/VCR	0000 0074 0000 000c 0020 0020 0020 0020 0040 001f 0020 0020 0020 0020 0020 0020 0020 0040 0020 0020 0020 0020 0040 001f 0020 0020 0020 0c64
Sleep	0000 0074 0000 000b 0020 0020 0020 0020 0040 001f 0020 0020 0020 0020 0020 0020 0020 0040 0040 001f 0020 0040 0020 0020 0040 0c64
Smart	0000 0074 0000 000b 0020 0020 0020 0020 0040 001f 0020 0020 0020 0020 0020 0020 0020 0020 0020 0040 0020 0020 0040 003f 0040 0c64
1	0000 0074 0000 000d 0020 0020 0020 0020 0040 001f 0020 0020 0020 0020 0020 0020 0020 0020 0020 0020 0020 0020 0020 0020 0020 0020 0020 0040 0020 0c64
2	0000 0074 0000 000c 0020 0020 0020 0020 0040 001f 0020 0020 0020 0020 0020 0020 0020 0020 0020 0020 0020 0020 0020 0020 0020 0040 0040 0c64
3	0000 0074 0000 000d 0020 0020 0020 0020 0040 001f 0020 0020 0020 0020 0020 0020 0020 0020 0020 0020 0020 0020 0020 0020 0020 0040 0020 0020 0020 0c64
4	0000 0074 0000 000c 0020 0020 0020 0020 0040 001f 0020 0020 0020 0020 0020 0020 0020 0020 0020 0020 0020 0020 0020 0040 0040 001f 0020 0c64
5	0000 0074 0000 000c 0020 0020 0020 0020 0040 001f 0020 0020 0020 0020 0020 0020 0020 0020 0020 0020 0020 0020 0020 0040 0040 003f 0020 0c64
6	0000 0074 0000 000c 0020 0020 0020 0020 0040 001f 0020 0020 0020 0020 0020 0020 0020 0020 0020 0020 0020 0020 0020 0040 0020 0020 0040 0c64
7	0000 0074 0000 000d 0020 0020 0020 0020 0040 001f 0020 0020 0020 0020 0020 0020 0020 0020 0020 0020 0020 0020 0020 0040 0020 0020 0020 0020 0020 0c64
8	0000 0074 0000 000c 0020 0020 0020 0020 0040 001f 0020 0020 0020 0020 0020 0020 0020 0020 0020 0020 0020 0040 0040 001f 0020 0020 0020 0c64
9	0000 0074 0000 000c 0020 0020 0020 0020 0040 001f 0020 0020 0020 0020 0020 0020 0020 0020 0020 0020 0020 0040 0040 001f 0020 0040 0020 0c64
0	0000 0074 0000 000d 0020 0020 0020 0020 0040 001f 0020 0020 0020 0020 0020 0020 0020 0020 0020 0020 0020 0020 0020 0020 0020 0020 0020 0020 0020 0c64
Menu	0000 0074 0000 000b 0020 0020 0020 0020 0040 001f 0020 0020 0020 0020 0020 0020 0020 0040 0040 003f 0020 0020 0020 0020 0040 0c64
Up	0000 0074 0000 000c 0020 0020 0020 0020 0040 001f 0020 0020 0020 0020 0020 0020 0020 0020 0020 0040 0020 0020 0020 0020 0040 001f 0020 0c64
Down	0000 0074 0000 000c 0020 0020 0020 0020 0040 001f 0020 0020 0020 0020 0020 0020 0020 0020 0020 0040 0020 0020 0020 0020 0040 003f 0020 0c64
Left	0000 0074 0000 000b 0020 0020 0020 0020 0040 001f 0020 0020 0020 0020 0020 0020 0020 0040 0040 003f 0020 0020 0040 001f 0020 0c64
Right	0000 0074 0000 000b 0020 0020 0020 0020 0040 001f 0020 0020 0020 0020 0020 0020 0020 0040 0040 003f 0040 003f 0020 0020 0020 0c64
