Power	0000 0071 0000 0012 0000 0046 0000 0012 0000 0023 0000 0012 0000 0023 0000 0012 0000 0012 0000 0012 0000 0023 0000 0012 0000 0023 0000 0012 0000 0012 0000 0012 0000 0012 0000 0023 0000 0012 0000 1172
1	0000 0071 0000 0012 0000 0046 0000 0012 0000 0023 0000 0012 0000 0023 0000 0012 0000 0012 0000 0012 0000 0012 0000 0012 0000 0012 0000 0023 0000 0012 0000 0023 0000 0023 0000 0012 0000 0012 0000 1172
2	0000 0071 0000 0012 0000 0046 0000 0012 0000 0023 0000 0012 0000 0023 0000 0012 0000 0012 0000 0012 0000 0012 0000 0012 0000 0012 0000 0023 0000 0023 0000 0023 0000 0023 0000 0012 0000 0023 0000 1152
3	0000 0071 0000 0012 0000 0046 0000 0012 0000 0023 0000 0012 0000 0023 0000 0012 0000 0012 0000 0012 0000 0012 0000 0012 0000 0023 0000 0012 0000 0012 0000 0023 0000 0023 0000 0012 0000 0012 0000 1172
4	0000 0071 0000 0012 0000 0046 0000 0012 0000 0023 0000 0012 0000 0023 0000 0012 0000 0012 0000 0012 0000 0012 0000 0012 0000 0023 0000 0012 0000 0012 0000 0023 0000 0012 0000 0023 0000 0012 0000 1172
5	0000 0071 0000 0012 0000 0046 0000 0012 0000 0023 0000 0012 0000 0023 0000 0012 0000 0012 0000 0012 0000 0012 0000 0012 0000 0023 0000 0012 0000 0023 0000 0023 0000 0023 0000 0012 0000 0023 0000 1152
6	0000 0071 0000 0003 0000 0046 0000 0012 0000 0023 0000 0012 0000 0023 0000 0012 0000 0012 0000 0012 0000 0012 0000 0012 0000 0023 0000 0023
7	0000 0071 0000 0012 0000 0046 0000 0012 0000 0023 0000 0012 0000 0023 0000 0012 0000 0012 0000 0012 0000 0012 0000 0012 0000 0023 0000 0023 0000 0023 0000 0023 0000 0012 0000 0023 0000 0012 0000 1152
8	0000 0071 0000 0012 0000 0046 0000 0012 0000 0023 0000 0012 0000 0023 0000 0012 0000 0012 0000 0012 0000 0012 0000 0012 0000 0023 0000 0023 0000 0023 0000 0023 0000 0023 0000 0012 0000 0012 0000 1152
9	0000 0071 0000 0012 0000 0046 0000 0012 0000 0023 0000 0012 0000 0023 0000 0012 0000 0012 0000 0012 0000 0012 0000 0023 0000 0012 0000 0012 0000 0012 0000 0023 0000 0023 0000 0012 0000 0012 0000 1172
0	0000 0071 0000 0012 0000 0046 0000 0012 0000 0023 0000 0012 0000 0023 0000 0012 0000 0012 0000 0012 0000 0012 0000 0023 0000 0012 0000 0012 0000 0012 0000 0023 0000 0012 0000 0023 0000 0012 0000 1172
Ch+	0000 0071 0000 0012 0000 0046 0000 0012 0000 0023 0000 0012 0000 0023 0000 0012 0000 0012 0000 0012 0000 0023 0000 0012 0000 0023 0000 0012 0000 0012 0000 0023 0000 0023 0000 0023 0000 0012 0000 1158
Ch-	0000 0071 0000 0012 0000 0046 0000 0012 0000 0023 0000 0012 0000 0023 0000 0012 0000 0012 0000 0012 0000 0023 0000 0012 0000 0023 0000 0012 0000 0023 0000 0012 0000 0012 0000 0012 0000 0012 0000 1179
Vol+	0000 0071 0000 0012 0000 0046 0000 0012 0000 0023 0000 0012 0000 0023 0000 0012 0000 0012 0000 0012 0000 0023 0000 0012 0000 0023 0000 0012 0000 0012 0000 0023 0000 0012 0000 0023 0000 0023 0000 1158
Vol-	0000 0071 0000 0012 0000 0046 0000 0012 0000 0023 0000 0012 0000 0023 0000 0012 0000 0012 0000 0012 0000 0023 0000 0012 0000 0023 0000 0012 0000 0012 0000 0023 0000 0023 0000 0012 0000 0023 0000 1159
Mute	0000 0071 0000 0012 0000 0046 0000 0012 0000 0023 0000 0012 0000 0023 0000 0012 0000 0012 0000 0012 0000 0023 0000 0012 0000 0023 0000 0012 0000 0012 0000 0023 0000 0012 0000 0012 0000 0012 0000 1172
CC	0000 0071 0000 0012 0000 0046 0000 0012 0000 0023 0000 0012 0000 0023 0000 0012 0000 0012 0000 0012 0000 0023 0000 0012 0000 0023 0000 0012 0000 0012 0000 0012 0000 0023 0000 0012 0000 0012 0000 1172
Menu	0000 0071 0000 0001 0000 0046 0000 0012 0000 0023 0000 0012 0000 0023 0000 0012 0000 0012 0000 0012 0000 0023 0000 0012 0000 0023 0000 0012 0000 0012 0000 0012 0000 0023
Up	0000 0071 0000 0012 0000 0046 0000 0012 0000 0023 0000 0012 0000 0023 0000 0012 0000 0012 0000 0012 0000 0012 0000 0023 0000 0023 0000 0023 0000 0012 0000 0023 0000 0012 0000 0023 0000 0012 0000 115A
Down	0000 0071 0000 0012 0000 0046 0000 0012 0000 0023 0000 0012 0000 0023 0000 0012 0000 0012 0000 0012 0000 0012 0000 0023 0000 0023 0000 0023 0000 0012 0000 0012 0000 0023 0000 0012 0000 0023 0000 115A
Left	0000 0071 0000 0012 0000 0046 0000 0012 0000 0023 0000 0012 0000 0023 0000 0012 0000 0012 0000 0012 0000 0012 0000 0023 0000 0023 0000 0012 0000 0023 0000 0012 0000 0023 0000 0023 0000 0012 0000 115A
Right	0000 0071 0000 0012 0000 0046 0000 0012 0000 0023 0000 0012 0000 0023 0000 0012 0000 0012 0000 0012 0000 0012 0000 0023 0000 0023 0000 0023 0000 0012 0000 0023 0000 0012 0000 0012 0000 0023 0000 115B
Select	0000 0071 0000 0012 0000 0046 0000 0012 0000 0023 0000 0012 0000 0023 0000 0012 0000 0012 0000 0012 0000 0012 0000 0023 0000 0012 0000 0023 0000 0023 0000 0012 0000 0023 0000 0012 0000 0023 0000 1152
B1	0000 0071 0000 0012 0000 0046 0000 0012 0000 0023 0000 0012 0000 0023 0000 0012 0000 0012 0000 0012 0000 0023 0000 0023 0000 0012 0000 0012 0000 0012 0000 0023 0000 0023 0000 0012 0000 0023 0000 1152
B2	0000 0071 0000 0012 0000 0046 0000 0012 0000 0023 0000 0012 0000 0023 0000 0012 0000 0012 0000 0012 0000 0023 0000 0023 0000 0012 0000 0012 0000 0012 0000 0023 0000 0023 0000 0023 0000 0012 0000 1152
B3	0000 0071 0000 0001 0000 0046 0000 0012 0000 0023 0000 0012 0000 0023 0000 0012 0000 0012 0000 0012 0000 0023 0000 0023 0000 0012 0000 0012 0000 0023 0000 0012
B4	0000 0071 0000 0012 0000 0046 0000 0012 0000 0023 0000 0012 0000 0023 0000 0012 0000 0012 0000 0012 0000 0023 0000 0023 0000 0012 0000 0012 0000 0023 0000 0012 0000 0012 0000 0023 0000 0023 0000 1152
B5	0000 0071 0000 0002 0000 0046 0000 0012 0000 0023 0000 0012 0000 0023 0000 0012 0000 0012 0000 0012 0000 0023 0000 0023 0000 0012 0000 0012 0000 0023
B6	0000 0071 0000 0012 0000 0046 0000 0012 0000 0023 0000 0012 0000 0023 0000 0012 0000 0012 0000 0012 0000 0023 0000 0023 0000 0012 0000 0012 0000 0023 0000 0012 0000 0023 0000 0023 0000 0012 0000 1152
B7	0000 0071 0000 0004 0000 0046 0000 0012 0000 0023 0000 0012 0000 0023 0000 0012 0000 0012 0000 0012 0000 0023 0000 0023
B8	0000 0071 0000 0012 0000 0046 0000 0012 0000 0023 0000 0012 0000 0023 0000 0012 0000 0012 0000 0012 0000 0023 0000 0023 0000 0012 0000 0012 0000 0023 0000 0023 0000 0012 0000 0023 0000 0012 0000 1152
B9	0000 0071 0000 0012 0000 0046 0000 0012 0000 0023 0000 0012 0000 0023 0000 0012 0000 0012 0000 0012 0000 0023 0000 0023 0000 0012 0000 0012 0000 0023 0000 0023 0000 0023 0000 0012 0000 0012 0000 1152
