Zone	0000 0074 0000 0037 0000 0020 0000 0040 0000 0020 0000 0040 0000 0020 0000 0020 0000 0020 0000 0020 0000 0020 0000 0040 0000 0C6D 0000 0020 0000 0040 0000 0020 0000 0040 0000 0020 0000 0020 0000 0020 0000 0020 0000 0020 0000 0040 0000 0C6D 0000 0020 0000 0040 0000 0020 0000 0040 0000 0020 0000 0020 0000 0020 0000 0020 0000 0020 0000 0040 0000 0C6D 0000 0020 0000 0040 0000 0020 0000 0040 0000 0020 0000 0020 0000 0020 0000 0020 0000 0020 0000 0040 0000 0C6D 0000 0020 0000 0040 0000 0020 0000 0040 0000 0020 0000 0020 0000 0020 0000 0020 0000 0020 0000 0040 0000 11AA
Input	0000 0074 0000 0042 0000 0020 0000 0040 0000 0020 0000 0040 0000 0020 0000 0020 0000 0020 0000 0020 0000 0020 0000 0020 0000 0C8D 0000 0020 0000 0040 0000 0020 0000 0040 0000 0020 0000 0020 0000 0020 0000 0020 0000 0020 0000 0020 0000 0C8D 0000 0020 0000 0040 0000 0020 0000 0040 0000 0020 0000 0020 0000 0020 0000 0020 0000 0020 0000 0020 0000 0C8D 0000 0020 0000 0040 0000 0020 0000 0040 0000 0020 0000 0020 0000 0020 0000 0020 0000 0020 0000 0020 0000 0C8D 0000 0020 0000 0040 0000 0020 0000 0040 0000 0020 0000 0020 0000 0020 0000 0020 0000 0020 0000 0020 0000 0C8D 0000 0020 0000 0040 0000 0020 0000 0040 0000 0020 0000 0020 0000 0020 0000 0020 0000 0020 0000 0020 0000 11BE
Acr1	0000 0074 0000 003C 0000 0020 0000 0040 0000 0020 0000 0020 0000 0020 0000 0020 0000 0040 0000 0040 0000 0020 0000 0C8D 0000 0020 0000 0040 0000 0020 0000 0020 0000 0020 0000 0020 0000 0040 0000 0040 0000 0020 0000 0C8D 0000 0020 0000 0040 0000 0020 0000 0020 0000 0020 0000 0020 0000 0040 0000 0040 0000 0020 0000 0C8D 0000 0020 0000 0040 0000 0020 0000 0020 0000 0020 0000 0020 0000 0040 0000 0040 0000 0020 0000 0C8D 0000 0020 0000 0040 0000 0020 0000 0020 0000 0020 0000 0020 0000 0040 0000 0040 0000 0020 0000 0C8D 0000 0020 0000 0040 0000 0020 0000 0020 0000 0020 0000 0020 0000 0040 0000 0040 0000 0020 0000 11BE
Acr2	0000 0074 0000 000B 0000 0020 0000 0040 0000 0020 0000 0020 0000 0020 0000 0020 0000 0040 0000 0040 0000 0020 0000 0020 0000 0C6D
Aux1	0000 0074 0000 0042 0000 0020 0000 0040 0000 0020 0000 0020 0000 0020 0000 0020 0000 0040 0000 0020 0000 0020 0000 0020 0000 0C8D 0000 0020 0000 0040 0000 0020 0000 0020 0000 0020 0000 0020 0000 0040 0000 0020 0000 0020 0000 0020 0000 0C8D 0000 0020 0000 0040 0000 0020 0000 0020 0000 0020 0000 0020 0000 0040 0000 0020 0000 0020 0000 0020 0000 0C8D 0000 0020 0000 0040 0000 0020 0000 0020 0000 0020 0000 0020 0000 0040 0000 0020 0000 0020 0000 0020 0000 0C8D 0000 0020 0000 0040 0000 0020 0000 0020 0000 0020 0000 0020 0000 0040 0000 0020 0000 0020 0000 0020 0000 0C8D 0000 0020 0000 0040 0000 0020 0000 0020 0000 0020 0000 0020 0000 0040 0000 0020 0000 0020 0000 0020 0000 11BE
Phono	0000 0074 0000 000A 0000 0020 0000 0040 0000 0020 0000 0020 0000 0020 0000 0020 0000 0040 0000 0020 0000 0040 0000 0C8D
Phono2	0000 0074 0000 0042 0000 0020 0000 0040 0000 0020 0000 0020 0000 0020 0000 0020 0000 0040 0000 0020 0000 0040 0000 0020 0000 0C6D 0000 0020 0000 0040 0000 0020 0000 0020 0000 0020 0000 0020 0000 0040 0000 0020 0000 0040 0000 0020 0000 0C6D 0000 0020 0000 0040 0000 0020 0000 0020 0000 0020 0000 0020 0000 0040 0000 0020 0000 0040 0000 0020 0000 0C6D 0000 0020 0000 0040 0000 0020 0000 0020 0000 0020 0000 0020 0000 0040 0000 0020 0000 0040 0000 0020 0000 0C6D 0000 0020 0000 0040 0000 0020 0000 0020 0000 0020 0000 0020 0000 0040 0000 0020 0000 0040 0000 0020 0000 0C6D 0000 0020 0000 0040 0000 0020 0000 0020 0000 0020 0000 0020 0000 0040 0000 0020 0000 0040 0000 0020 0000 119E
Record	0000 0074 0000 000B 0000 0020 0000 0040 0000 0020 0000 0020 0000 0020 0000 0040 0000 0020 0000 0040 0000 0020 0000 0020 0000 0C6D
CD	0000 0074 0000 000A 0000 0020 0000 0040 0000 0020 0000 0020 0000 0020 0000 0020 0000 0040 0000 0040 0000 0040 0000 0C6D
Centr+	0000 0074 0000 000A 0000 0020 0000 0040 0000 0020 0000 0020 0000 0020 0000 0020 0000 0040 0000 0020 0000 0040 0000 0C8D
Centr-	0000 0074 0000 000B 0000 0020 0000 0040 0000 0020 0000 0020 0000 0020 0000 0020 0000 0040 0000 0020 0000 0040 0000 0020 0000 0C6D
Tuner	0000 0074 0000 000A 0000 0020 0000 0040 0000 0020 0000 0020 0000 0020 0000 0020 0000 0040 0000 0040 0000 0020 0000 0C8D
1	0000 0074 0000 000C 0000 0020 0000 0040 0000 0020 0000 0020 0000 0020 0000 0020 0000 0020 0000 0020 0000 0020 0000 0020 0000 0040 0000 0C6D
2	0000 0074 0000 000B 0000 0020 0000 0040 0000 0020 0000 0020 0000 0020 0000 0020 0000 0020 0000 0020 0000 0020 0000 0040 0000 0C8D
3	0000 0074 0000 000D 0000 0020 0000 0020 0000 0020 0000 0020 0000 0020 0000 0020 0000 0020 0000 0020 0000 0020 0000 0020 0000 0040 0000 0020 0000 0C6D
4	0000 0074 0000 000B 0000 0020 0000 0040 0000 0020 0000 0020 0000 0020 0000 0020 0000 0020 0000 0020 0000 0040 0000 0020 0000 0C8D
5	0000 0074 0000 000B 0000 0020 0000 0040 0000 0020 0000 0020 0000 0020 0000 0020 0000 0020 0000 0020 0000 0040 0000 0040 0000 0C6D
6	0000 0074 0000 000B 0000 0020 0000 0040 0000 0020 0000 0020 0000 0020 0000 0020 0000 0020 0000 0020 0000 0040 0000 0020 0000 0C8D
7	0000 0074 0000 000C 0000 0020 0000 0040 0000 0020 0000 0020 0000 0020 0000 0020 0000 0020 0000 0020 0000 0040 0000 0020 0000 0020 0000 0C6D
8	0000 0074 0000 000B 0000 0020 0000 0040 0000 0020 0000 0020 0000 0020 0000 0020 0000 0020 0000 0040 0000 0020 0000 0020 0000 0C8D
9	0000 0074 0000 000B 0000 0020 0000 0040 0000 0020 0000 0020 0000 0020 0000 0020 0000 0020 0000 0040 0000 0020 0000 0040 0000 0C6D
0	0000 0074 0000 000C 0000 0020 0000 0040 0000 0020 0000 0020 0000 0020 0000 0020 0000 0020 0000 0020 0000 0020 0000 0020 0000 0020 0000 0C8D
Track+	0000 0074 0000 003C 0000 0020 0000 0040 0000 0040 0000 0020 0000 0040 0000 0020 0000 0020 0000 0020 0000 0020 0000 0C8D 0000 0020 0000 0040 0000 0040 0000 0020 0000 0040 0000 0020 0000 0020 0000 0020 0000 0020 0000 0C8D 0000 0020 0000 0040 0000 0040 0000 0020 0000 0040 0000 0020 0000 0020 0000 0020 0000 0020 0000 0C8D 0000 0020 0000 0040 0000 0040 0000 0020 0000 0040 0000 0020 0000 0020 0000 0020 0000 0020 0000 0C8D 0000 0020 0000 0040 0000 0040 0000 0020 0000 0040 0000 0020 0000 0020 0000 0020 0000 0020 0000 0C8D 0000 0020 0000 0040 0000 0040 0000 0020 0000 0040 0000 0020 0000 0020 0000 0020 0000 0020 0000 11BE
Track-	0000 0074 0000 000A 0000 0020 0000 0040 0000 0040 0000 0020 0000 0040 0000 0020 0000 0020 0000 0020 0000 0040 0000 0C6D
Open	0000 0074 0000 0009 0000 0020 0000 0040 0000 0040 0000 0020 0000 0040 0000 0040 0000 0020 0000 0040 0000 0C6D
F Srch	0000 0074 0000 0009 0000 0020 0000 0040 0000 0040 0000 0020 0000 0040 0000 0020 0000 0040 0000 0020 0000 0C8D
R Srch	0000 0074 0000 0009 0000 0020 0000 0040 0000 0040 0000 0020 0000 0040 0000 0020 0000 0020 0000 0040 0000 0C8D
Play	0000 0074 0000 0009 0000 0020 0000 0040 0000 0040 0000 0020 0000 0040 0000 0020 0000 0040 0000 0040 0000 0C6D
Pause	0000 0074 0000 000A 0000 0020 0000 0040 0000 0040 0000 0020 0000 0040 0000 0020 0000 0020 0000 0020 0000 0020 0000 0C8D
Index+	0000 0074 0000 0009 0000 0020 0000 0040 0000 0040 0000 0020 0000 0040 0000 0020 0000 0020 0000 0040 0000 0C8D
Index-	0000 0074 0000 000A 0000 0020 0000 0040 0000 0040 0000 0020 0000 0040 0000 0020 0000 0020 0000 0040 0000 0020 0000 0C6D
Display	0000 0074 0000 000A 0000 0020 0000 0040 0000 0040 0000 0020 0000 0020 0000 0020 0000 0040 0000 0040 0000 0020 0000 0C6D
Stop	0000 0074 0000 0009 0000 0020 0000 0040 0000 0040 0000 0020 0000 0040 0000 0020 0000 0040 0000 0020 0000 0C8D
Vol+	0000 0074 0000 000B 0000 0020 0000 0040 0000 0020 0000 0020 0000 0020 0000 0020 0000 0040 0000 0020 0000 0020 0000 0020 0000 0C8D
Vol-	0000 0074 0000 000B 0000 0020 0000 0040 0000 0020 0000 0020 0000 0020 0000 0020 0000 0040 0000 0020 0000 0020 0000 0040 0000 0C6D
Mute	0000 0074 0000 000B 0000 0020 0000 0040 0000 0020 0000 0020 0000 0020 0000 0020 0000 0020 0000 0040 0000 0020 0000 0040 0000 0C6D
Mono	0000 0074 0000 000B 0000 0020 0000 0040 0000 0020 0000 0020 0000 0020 0000 0020 0000 0040 0000 0020 0000 0020 0000 0020 0000 0C8D
Tune	0000 0074 0000 000A 0000 0020 0000 0040 0000 0020 0000 0020 0000 0040 0000 0020 0000 0020 0000 0020 0000 0040 0000 0C8D
Preset	0000 0074 0000 000B 0000 0020 0000 0040 0000 0020 0000 0020 0000 0040 0000 0020 0000 0020 0000 0020 0000 0020 0000 0020 0000 0C8D
Scan	0000 0074 0000 000B 0000 0020 0000 0040 0000 0020 0000 0020 0000 0040 0000 0020 0000 0020 0000 0020 0000 0040 0000 0020 0000 0C6D
Signal	0000 0074 0000 000B 0000 0020 0000 0040 0000 0020 0000 0020 0000 0040 0000 0020 0000 0020 0000 0020 0000 0020 0000 0040 0000 0C6D
Store	0000 0074 0000 000B 0000 0020 0000 0040 0000 0020 0000 0020 0000 0040 0000 0020 0000 0020 0000 0040 0000 0020 0000 0020 0000 0C6D
Mono Tuner	0000 0074 0000 000A 0000 0020 0000 0040 0000 0020 0000 0020 0000 0040 0000 0040 0000 0020 0000 0020 0000 0020 0000 0C8D
Ch+	0000 0074 0000 000A 0000 0020 0000 0040 0000 0020 0000 0020 0000 0040 0000 0020 0000 0040 0000 0020 0000 0020 0000 0C8D
Ch-	0000 0074 0000 000A 0000 0020 0000 0040 0000 0020 0000 0020 0000 0040 0000 0020 0000 0020 0000 0020 0000 0040 0000 0C8D
Listen	0000 0074 0000 000B 0000 0020 0000 0040 0000 0020 0000 0020 0000 0020 0000 0040 0000 0020 0000 0020 0000 0020 0000 0020 0000 0C8D
Balance L	0000 0074 0000 000A 0000 0020 0000 0040 0000 0020 0000 0040 0000 0020 0000 0040 0000 0020 0000 0040 0000 0020 0000 0C6D
Balance R	0000 0074 0000 0009 0000 0020 0000 0040 0000 0020 0000 0040 0000 0020 0000 0040 0000 0020 0000 0040 0000 0C8D
Vol+ Matrix	0000 0074 0000 000A 0000 0020 0000 0040 0000 0020 0000 0040 0000 0020 0000 0040 0000 0020 0000 0020 0000 0020 0000 0C8D
V  Matrix	0000 0074 0000 003C 0000 0020 0000 0040 0000 0020 0000 0040 0000 0020 0000 0040 0000 0020 0000 0020 0000 0040 0000 0C6D 0000 0020 0000 0040 0000 0020 0000 0040 0000 0020 0000 0040 0000 0020 0000 0020 0000 0040 0000 0C6D 0000 0020 0000 0040 0000 0020 0000 0040 0000 0020 0000 0040 0000 0020 0000 0020 0000 0040 0000 0C6D 0000 0020 0000 0040 0000 0020 0000 0040 0000 0020 0000 0040 0000 0020 0000 0020 0000 0040 0000 0C6D 0000 0020 0000 0040 0000 0020 0000 0040 0000 0020 0000 0040 0000 0020 0000 0020 0000 0040 0000 0C6D 0000 0020 0000 0040 0000 0020 0000 0040 0000 0020 0000 0040 0000 0020 0000 0020 0000 0040 0000 119E
