Power	0000 0074 000b 0022 0060 0020 0010 0010 0010 0010 0010 0021 0010 0020 0030 0020 0010 0010 0010 0010 0010 0010 0010 0010 0010 0011 0010 0010 0010 0010 0010 0010 0010 0010 0010 0010 0020 0021 0010 0010 0020 0021 0010 0010 0010 0010 0010 0010 0010 0010 0010 0010 0010 0010 0010 0010 0010 0010 0010 0010 0010 0010 0010 0010 0020 0010 0010 0021 0010 000d 0010 09d3 0060 0020 0010 0010 0010 0010 0010 0021 0010 0020 0030 0020 0010 0010 0010 0010 0010 0010 0010 0010 0010 0010
PC	0000 0074 0000 0021 0060 0020 0010 0010 0010 0010 0010 0021 0010 0020 0030 0020 0010 0010 0010 0010 0010 0010 0010 0010 0010 0010 0010 0010 0010 0010 0010 0010 0010 0010 0010 0010 0020 0021 0010 0010 0020 0021 0010 0010 0010 0010 0010 0010 0010 0010 0010 0010 0010 0010 0010 0010 0010 0010 0020 0021 0010 0010 0010 0010 0010 0010 0020 001e 0010 09d2
Video	0000 0074 000b 0021 0060 0020 0010 0010 0010 0010 0010 0021 0010 0020 0030 0020 0010 0010 0010 0010 0010 0010 0010 0010 0010 0011 0010 0010 0010 0010 0010 0010 0010 0010 0010 0010 0020 0021 0010 0010 0020 0021 0010 0010 0010 0010 0010 0010 0010 0010 0010 0010 0010 0010 0010 0010 0010 0010 0020 0021 0010 0010 0010 0010 0010 0010 0020 0010 0010 09df 0060 0020 0010 0010 0010 0010 0010 0021 0010 0020 0030 0020 0010 0010 0010 0010 0010 0010 0010 0010 0010 0010
Aux	0000 0074 000b 0022 0060 0020 0010 0010 0010 0010 0010 0021 0010 0020 0030 0020 0010 0010 0010 0010 0010 0010 0010 0010 0010 0011 0010 0010 0010 0010 0010 0010 0010 0010 0010 0010 0020 0021 0010 0010 0020 0021 0010 0010 0010 0010 0010 0010 0010 0010 0010 0010 0010 0010 0010 0010 0010 0010 0010 0010 0020 0010 0010 0010 0010 0010 0010 0010 0010 0010 0010 09e0 0060 0020 0010 0010 0010 0010 0010 0021 0010 0020 0030 0020 0010 0010 0010 0010 0010 0010 0010 0010 0010 0010
Menu	0000 0074 000c 0020 0060 0020 0010 0010 0010 0010 0010 0021 0010 0020 0030 0020 0010 0010 0010 0010 0010 0010 0010 0010 0010 0010 000f 0010 0010 0010 0010 0010 0010 0010 0010 0010 0020 0021 0010 0010 0020 0021 0010 0010 0010 0010 0010 0010 0010 0010 0010 0010 0010 0010 0010 0010 0010 0010 0020 0021 0020 0021 0010 0010 0020 001e 0010 09d1 0060 0020 0010 0010 0010 0010 0010 0021 0010 0020 0030 0020 0010 0010 0010 0010 0010 0010 0010 0010 0010 0010 0010 0010
Enter	0000 0074 0000 0021 0060 0020 0010 0010 0010 0010 0010 0021 0010 0020 0030 0020 0010 0010 0010 0010 0010 0010 0010 0010 0010 0010 0010 0010 0010 0010 0010 0010 0010 0010 0010 0010 0020 0021 0010 0010 0020 0021 0010 0010 0010 0010 0010 0010 0010 0010 0010 0010 0010 0010 0010 0010 0010 0010 0020 0021 0020 0010 0010 0010 0010 0021 0010 000d 0010 018e
Pad Up	0000 0074 000c 0021 0060 0020 0010 0010 0010 0010 0010 0021 0010 0020 0030 0020 0010 0010 0010 0010 0010 0010 0010 0010 0010 0010 0011 0010 0010 0010 0010 0010 0010 0010 0010 0010 0020 0021 0010 0010 0020 0021 0010 0010 0010 0010 0010 0010 0010 0010 0010 0010 0010 0010 0010 0010 0010 0010 0020 0021 0020 0010 0010 0021 0010 0010 0010 000d 0010 018e 0060 0020 0010 0010 0010 0010 0010 0021 0010 0020 0030 0020 0010 0010 0010 0010 0010 0010 0010 0010 0010 0010 0010 0010
Pad Dn	0000 0074 000c 0020 0060 0020 0010 0010 0010 0010 0010 0021 0010 0020 0030 0020 0010 0010 0010 0010 0010 0010 0010 0010 0010 0010 0011 0010 0010 0010 0010 0010 0010 0010 0010 0010 0020 0021 0010 0010 0020 0021 0010 0010 0010 0010 0010 0010 0010 0010 0010 0010 0010 0010 0010 0010 0010 0010 0020 0021 0020 0010 0010 0021 0010 0010 0020 019b 0060 0020 0010 0010 0010 0010 0010 0021 0010 0020 0030 0020 0010 0010 0010 0010 0010 0010 0010 0010 0010 0010 0010 0010
Pad Left	0000 0074 000b 0020 0060 0020 0010 0010 0010 0010 0010 0021 0010 0020 0030 0020 0010 0010 0010 0010 0010 0010 0010 0010 0010 0011 0010 0010 0010 0010 0010 0010 0010 0010 0010 0010 0020 0021 0010 0010 0020 0021 0010 0010 0010 0010 0010 0010 0010 0010 0010 0010 0010 0010 0010 0010 0010 0010 0020 0021 0020 0010 0010 0021 0020 001e 0010 018e 0060 0020 0010 0010 0010 0010 0010 0021 0010 0020 0030 0020 0010 0010 0010 0010 0010 0010 0010 0010 0010 0010
Pad Right	0000 0074 000c 0020 0060 0020 0010 0010 0010 0010 0010 0021 0010 0020 0030 0020 0010 0010 0010 0010 0010 0010 0010 0010 0010 0010 000f 0010 0010 0010 0010 0010 0010 0010 0010 0010 0020 0021 0010 0010 0020 0021 0010 0010 0010 0010 0010 0010 0010 0010 0010 0010 0010 0010 0010 0010 0010 0010 0020 0021 0020 0010 0010 0021 0020 0010 0010 019b 0060 0020 0010 0010 0010 0010 0010 0021 0010 0020 0030 0020 0010 0010 0010 0010 0010 0010 0010 0010 0010 0010 0010 0010
R Click	0000 0074 0000 0022 0060 0020 0010 0010 0010 0010 0010 0021 0010 0020 0030 0020 0010 0010 0010 0010 0010 0010 0010 0010 0010 0010 0010 0010 0010 0010 0010 0010 0010 0010 0010 0010 0020 0021 0010 0010 0020 0021 0010 0010 0010 0010 0010 0010 0010 0010 0010 0010 0010 0010 0010 0010 0010 0010 0010 0010 0020 0010 0010 0010 0010 0010 0010 0021 0010 000d 0010 018f
1	0000 0074 0000 0022 0060 0020 0010 0010 0010 0010 0010 0021 0010 0020 0030 0020 0010 0010 0010 0010 0010 0010 0010 0010 0010 0010 0010 0010 0010 0010 0010 0010 0010 0010 0010 0010 0020 0021 0010 0010 0020 0021 0010 0010 0010 0010 0010 0010 0010 0010 0010 0010 0010 0010 0010 0010 0010 0010 0010 0010 0010 0010 0010 0010 0010 0010 0010 0010 0010 0010 0020 09e0
2	0000 0074 000c 0022 0060 0020 0010 0010 0010 0010 0010 0021 0010 0020 0030 0020 0010 0010 0010 0010 0010 0010 0010 0010 0010 0010 0011 0010 0010 0010 0010 0010 0010 0010 0010 0010 0020 0021 0010 0010 0020 0021 0010 0010 0010 0010 0010 0010 0010 0010 0010 0010 0010 0010 0010 0010 0010 0010 0010 0010 0010 0010 0010 0010 0010 0010 0010 0010 0020 001e 0010 09d3 0060 0020 0010 0010 0010 0010 0010 0021 0010 0020 0030 0020 0010 0010 0010 0010 0010 0010 0010 0010 0010 0010 0010 0010
3	0000 0074 0000 0022 0060 0020 0010 0010 0010 0010 0010 0021 0010 0020 0030 0020 0010 0010 0010 0010 0010 0010 0010 0010 0010 0010 0010 0010 0010 0010 0010 0010 0010 0010 0010 0010 0020 0021 0010 0010 0020 0021 0010 0010 0010 0010 0010 0010 0010 0010 0010 0010 0010 0010 0010 0010 0010 0010 0010 0010 0010 0010 0010 0010 0010 0010 0010 0010 0020 0010 0010 09e0
4	0000 0074 0000 0022 0060 0020 0010 0010 0010 0010 0010 0021 0010 0020 0030 0020 0010 0010 0010 0010 0010 0010 0010 0010 0010 0010 0010 0010 0010 0010 0010 0010 0010 0010 0010 0010 0020 0021 0010 0010 0020 0021 0010 0010 0010 0010 0010 0010 0010 0010 0010 0010 0010 0010 0010 0010 0010 0010 0010 0010 0010 0010 0010 0010 0010 0010 0020 0021 0010 000d 0010 09d2
5	0000 0074 000c 0021 0060 0020 0010 0010 0010 0010 0010 0021 0010 0020 0030 0020 0010 0010 0010 0010 0010 0010 0010 0010 0010 0010 000f 0010 0010 0010 0010 0010 0010 0010 0010 0010 0020 0021 0010 0010 0020 0021 0010 0010 0010 0010 0010 0010 0010 0010 0010 0010 0010 0010 0010 0010 0010 0010 0010 0010 0010 0010 0010 0010 0010 0010 0020 0021 0020 09df 0060 0020 0010 0010 0010 0010 0010 0021 0010 0020 0030 0020 0010 0010 0010 0010 0010 0010 0010 0010 0010 0010 0010 0010
6	0000 0074 000b 0022 0060 0020 0010 0010 0010 0010 0010 0021 0010 0020 0030 0020 0010 0010 0010 0010 0010 0010 0010 0010 0010 0011 0010 0010 0010 0010 0010 0010 0010 0010 0010 0010 0020 0021 0010 0010 0020 0021 0010 0010 0010 0010 0010 0010 0010 0010 0010 0010 0010 0010 0010 0010 0010 0010 0010 0010 0010 0010 0010 0010 0010 0010 0020 0010 0010 001e 0010 09d3 0060 0020 0010 0010 0010 0010 0010 0021 0010 0020 0030 0020 0010 0010 0010 0010 0010 0010 0010 0010 0010 0010
7	0000 0074 0000 0022 0060 0020 0010 0010 0010 0010 0010 0021 0010 0020 0030 0020 0010 0010 0010 0010 0010 0010 0010 0010 0010 0010 0010 0010 0010 0010 0010 0010 0010 0010 0010 0010 0020 0021 0010 0010 0020 0021 0010 0010 0010 0010 0010 0010 0010 0010 0010 0010 0010 0010 0010 0010 0010 0010 0010 0010 0010 0010 0010 0010 0010 0010 0020 0010 0010 0010 0010 09e0
8	0000 0074 000b 0022 0060 0020 0010 0010 0010 0010 0010 0021 0010 0020 0030 0020 0010 0010 0010 0010 0010 0010 0010 0010 0010 0011 0010 0010 0010 0010 0010 0010 0010 0010 0010 0010 0020 0021 0010 0010 0020 0021 0010 0010 0010 0010 0010 0010 0010 0010 0010 0010 0010 0010 0010 0010 0010 0010 0010 0010 0010 0010 0010 0010 0020 0021 0010 0010 0010 000d 0010 09d3 0060 0020 0010 0010 0010 0010 0010 0021 0010 0020 0030 0020 0010 0010 0010 0010 0010 0010 0010 0010 0010 0010
9	0000 0074 0000 0021 0060 0020 0010 0010 0010 0010 0010 0021 0010 0020 0030 0020 0010 0010 0010 0010 0010 0010 0010 0010 0010 0010 0010 0010 0010 0010 0010 0010 0010 0010 0010 0010 0020 0021 0010 0010 0020 0021 0010 0010 0010 0010 0010 0010 0010 0010 0010 0010 0010 0010 0010 0010 0010 0010 0010 0010 0010 0010 0010 0010 0020 0021 0010 0010 0020 09df
0	0000 0074 0000 0023 0060 0020 0010 0010 0010 0010 0010 0021 0010 0020 0030 0020 0010 0010 0010 0010 0010 0010 0010 0010 0010 0010 0010 0010 0010 0010 0010 0010 0010 0010 0010 0010 0020 0021 0010 0010 0020 0021 0010 0010 0010 0010 0010 0010 0010 0010 0010 0010 0010 0010 0010 0010 0010 0010 0010 0010 0010 0010 0010 0010 0010 0010 0010 0010 0010 0010 0010 000d 0010 09d3
Reveal	0000 0074 000b 0022 0060 0020 0010 0010 0010 0010 0010 0021 0010 0020 0030 0020 0010 0010 0010 0010 0010 0010 0010 0010 0010 0011 0010 0010 0010 0010 0010 0010 0010 0010 0010 0010 0020 0021 0010 0010 0020 0021 0010 0010 0010 0010 0010 0010 0010 0010 0010 0010 0010 0010 0010 0010 0010 0010 0010 0010 0020 0021 0010 0010 0010 0010 0010 0010 0010 000d 0010 09d3 0060 0020 0010 0010 0010 0010 0010 0021 0010 0020 0030 0020 0010 0010 0010 0010 0010 0010 0010 0010 0010 0010
Vol+	0000 0074 000b 0022 0060 0020 0010 0010 0010 0010 0010 0021 0010 0020 0030 0020 0010 0010 0010 0010 0010 0010 0010 0010 0010 0011 0010 0010 0010 0010 0010 0010 0010 0010 0010 0010 0020 0021 0010 0010 0020 0021 0010 0010 0010 0010 0010 0010 0010 0010 0010 0010 0010 0010 0010 0010 0010 0010 0010 0010 0010 0010 0020 0021 0010 0010 0010 0010 0010 000d 0010 09d2 0060 0020 0010 0010 0010 0010 0010 0021 0010 0020 0030 0020 0010 0010 0010 0010 0010 0010 0010 0010 0010 0010
Vol-	0000 0074 000b 0021 0060 0020 0010 0010 0010 0010 0010 0021 0010 0020 0030 0020 0010 0010 0010 0010 0010 0010 0010 0010 0010 0011 0010 0010 0010 0010 0010 0010 0010 0010 0010 0010 0020 0021 0010 0010 0020 0021 0010 0010 0010 0010 0010 0010 0010 0010 0010 0010 0010 0010 0010 0010 0010 0010 0010 0010 0010 0010 0020 0021 0010 0010 0010 0010 0020 09df 0060 0020 0010 0010 0010 0010 0010 0021 0010 0020 0030 0020 0010 0010 0010 0010 0010 0010 0010 0010 0010 0010
Mute	0000 0074 000b 0021 0060 0020 0010 0010 0010 0010 0010 0021 0010 0020 0030 0020 0010 0010 0010 0010 0010 0010 0010 0010 0010 0011 0010 0010 0010 0010 0010 0010 0010 0010 0010 0010 0020 0021 0010 0010 0020 0021 0010 0010 0010 0010 0010 0010 0010 0010 0010 0010 0010 0010 0010 0010 0010 0010 0010 0010 0010 0010 0010 0010 0020 0010 0010 0021 0020 09df 0060 0020 0010 0010 0010 0010 0010 0021 0010 0020 0030 0020 0010 0010 0010 0010 0010 0010 0010 0010 0010 0010
Bri+	0000 0074 0000 0021 0060 0020 0010 0010 0010 0010 0010 0021 0010 0020 0030 0020 0010 0010 0010 0010 0010 0010 0010 0010 0010 0010 0010 0010 0010 0010 0010 0010 0010 0010 0010 0010 0020 0021 0010 0010 0020 0021 0010 0010 0010 0010 0010 0010 0010 0010 0010 0010 0010 0010 0010 0010 0010 0010 0010 0010 0010 0010 0020 0021 0010 0010 0020 001e 0010 09d2
Bri-	0000 0074 0000 0021 0060 0020 0010 0010 0010 0010 0010 0021 0010 0020 0030 0020 0010 0010 0010 0010 0010 0010 0010 0010 0010 0010 0010 0010 0010 0010 0010 0010 0010 0010 0010 0010 0020 0021 0010 0010 0020 0021 0010 0010 0010 0010 0010 0010 0010 0010 0010 0010 0010 0010 0010 0010 0010 0010 0010 0010 0010 0010 0020 0021 0010 0010 0020 0010 0010 09df
Mouse	0000 0074 0000 0020 0060 0020 0010 0010 0010 0010 0010 0021 0010 0020 0030 0020 0010 0010 0010 0010 0010 0010 0010 0010 0010 0010 0010 0010 0010 0010 0010 0010 0010 0010 0010 0010 0020 0021 0010 0010 0020 0021 0010 0010 0010 0010 0010 0010 0010 0010 0010 0010 0010 0010 0010 0010 0020 0021 0010 0010 0020 0021 0020 0010 0010 0010 0010 09de
Pointer	0000 0074 000c 0021 0060 0020 0010 0010 0010 0010 0010 0021 0010 0020 0030 0020 0010 0010 0010 0010 0010 0010 0010 0010 0010 0010 0011 0010 0010 0010 0010 0010 0010 0010 0010 0010 0020 0021 0010 0010 0020 0021 0010 0010 0010 0010 0010 0010 0010 0010 0010 0010 0010 0010 0010 0010 0020 0021 0010 0010 0020 0010 0010 0021 0010 0010 0010 000d 0010 09d2 0060 0020 0010 0010 0010 0010 0010 0021 0010 0020 0030 0020 0010 0010 0010 0010 0010 0010 0010 0010 0010 0010 0010 0010
Magnify	0000 0074 000c 0020 0060 0020 0010 0010 0010 0010 0010 0021 0010 0020 0030 0020 0010 0010 0010 0010 0010 0010 0010 0010 0010 0010 000f 0010 0010 0010 0010 0010 0010 0010 0010 0010 0020 0021 0010 0010 0020 0021 0010 0010 0010 0010 0010 0010 0010 0010 0010 0010 0010 0010 0010 0010 0020 0021 0010 0010 0020 0010 0010 0021 0010 0010 0020 09df 0060 0020 0010 0010 0010 0010 0010 0021 0010 0020 0030 0020 0010 0010 0010 0010 0010 0010 0010 0010 0010 0010 0010 0010
Freeze	0000 0074 0000 0020 0060 0020 0010 0010 0010 0010 0010 0021 0010 0020 0030 0020 0010 0010 0010 0010 0010 0010 0010 0010 0010 0010 0010 0010 0010 0010 0010 0010 0010 0010 0010 0010 0020 0021 0010 0010 0020 0021 0010 0010 0010 0010 0010 0010 0010 0010 0010 0010 0010 0010 0010 0010 0010 0010 0020 0010 0010 0021 0010 0010 0020 0021 0020 09de
