Help	0000 006c 0026 0002 0039 00aa 0016 003e 0016 0015 0016 0015 0016 0015 0016 003e 0016 0015 0016 0015 0016 0015 0016 003e 0016 0015 0016 0015 0016 0015 0016 0015 0016 0015 0016 0015 0016 003e 0016 003e 0016 003e 0016 0015 0016 003e 0016 003e 0016 0015 0016 003e 0016 0015 0016 0015 0016 0015 0016 003e 0016 0015 0016 0015 0016 003e 0016 0015 0016 003e 0016 0015 0016 0015 0016 0015 0016 0015 0016 06fe 0039 0055 0016 0f44
On/Standby	0000 006c 0026 0002 0039 00aa 0016 003e 0016 0015 0016 0015 0016 0015 0016 003e 0016 0015 0016 0015 0016 0015 0016 003e 0016 0015 0016 0015 0016 0015 0016 0015 0016 0015 0016 0015 0016 003e 0016 0015 0016 003e 0016 0015 0016 003e 0016 0015 0016 003e 0016 003e 0016 0015 0016 003e 0016 0015 0016 003e 0016 0015 0016 003e 0016 0015 0016 0015 0016 003e 0016 0015 0016 0015 0016 0015 0016 0015 0016 06fe 0039 0055 0016 0f44
Options	0000 006c 0026 0002 0039 00aa 0016 003e 0016 0015 0016 0015 0016 0015 0016 003e 0016 0015 0016 0015 0016 0015 0016 003e 0016 0015 0016 0015 0016 0015 0016 0015 0016 0015 0016 0015 0016 003e 0016 003e 0016 003e 0016 0015 0016 003e 0016 0015 0016 003e 0016 003e 0016 0015 0016 0015 0016 0015 0016 003e 0016 0015 0016 003e 0016 0015 0016 0015 0016 003e 0016 0015 0016 0015 0016 0015 0016 0015 0016 06fe 0039 0055 0016 0f44
Call/Answer	0000 006c 0026 0002 0039 00aa 0016 003e 0016 0015 0016 0015 0016 0015 0016 003e 0016 0015 0016 0015 0016 0015 0016 003e 0016 0015 0016 0015 0016 0015 0016 0015 0016 0015 0016 0015 0016 003e 0016 003e 0016 003e 0016 003e 0016 003e 0016 0015 0016 0015 0016 0015 0016 0015 0016 0015 0016 0015 0016 0015 0016 0015 0016 003e 0016 003e 0016 003e 0016 003e 0016 0015 0016 0015 0016 0015 0016 0015 0016 06fe 0039 0055 0016 0f44
Hang Up	0000 006c 0026 0002 0039 00aa 0016 003e 0016 0015 0016 0015 0016 0015 0016 003e 0016 0015 0016 0015 0016 0015 0016 003e 0016 0015 0016 0015 0016 0015 0016 0015 0016 0015 0016 0015 0016 003e 0016 0015 0016 003e 0016 003e 0016 003e 0016 0015 0016 0015 0016 0015 0016 0015 0016 003e 0016 0015 0016 0015 0016 0015 0016 003e 0016 003e 0016 003e 0016 003e 0016 0015 0016 0015 0016 0015 0016 0015 0016 06fe 0039 0055 0016 0f44
1	0000 006c 0026 0002 0039 00aa 0016 003e 0016 0015 0016 0015 0016 0015 0016 003e 0016 0015 0016 0015 0016 0015 0016 003e 0016 0015 0016 0015 0016 0015 0016 0015 0016 0015 0016 0015 0016 003e 0016 003e 0016 0015 0016 0015 0016 0015 0016 0015 0016 0015 0016 0015 0016 0015 0016 0015 0016 003e 0016 003e 0016 003e 0016 003e 0016 003e 0016 003e 0016 003e 0016 0015 0016 0015 0016 0015 0016 0015 0016 06fe 0039 0055 0016 0f44
2	0000 006c 0026 0002 0039 00aa 0016 003e 0016 0015 0016 0015 0016 0015 0016 003e 0016 0015 0016 0015 0016 0015 0016 003e 0016 0015 0016 0015 0016 0015 0016 0015 0016 0015 0016 0015 0016 003e 0016 0015 0016 003e 0016 0015 0016 0015 0016 0015 0016 0015 0016 0015 0016 0015 0016 003e 0016 0015 0016 003e 0016 003e 0016 003e 0016 003e 0016 003e 0016 003e 0016 0015 0016 0015 0016 0015 0016 0015 0016 06fe 0039 0055 0016 0f44
3	0000 006c 0026 0002 0039 00aa 0016 003e 0016 0015 0016 0015 0016 0015 0016 003e 0016 0015 0016 0015 0016 0015 0016 003e 0016 0015 0016 0015 0016 0015 0016 0015 0016 0015 0016 0015 0016 003e 0016 003e 0016 003e 0016 0015 0016 0015 0016 0015 0016 0015 0016 0015 0016 0015 0016 0015 0016 0015 0016 003e 0016 003e 0016 003e 0016 003e 0016 003e 0016 003e 0016 0015 0016 0015 0016 0015 0016 0015 0016 06fe 0039 0055 0016 0f44
4	0000 006c 0026 0002 0039 00aa 0016 003e 0016 0015 0016 0015 0016 0015 0016 003e 0016 0015 0016 0015 0016 0015 0016 003e 0016 0015 0016 0015 0016 0015 0016 0015 0016 0015 0016 0015 0016 003e 0016 0015 0016 0015 0016 003e 0016 0015 0016 0015 0016 0015 0016 0015 0016 0015 0016 003e 0016 003e 0016 0015 0016 003e 0016 003e 0016 003e 0016 003e 0016 003e 0016 0015 0016 0015 0016 0015 0016 0015 0016 06fe 0039 0055 0016 0f44
5	0000 006c 0026 0002 0039 00aa 0016 003e 0016 0015 0016 0015 0016 0015 0016 003e 0016 0015 0016 0015 0016 0015 0016 003e 0016 0015 0016 0015 0016 0015 0016 0015 0016 0015 0016 0015 0016 003e 0016 003e 0016 0015 0016 003e 0016 0015 0016 0015 0016 0015 0016 0015 0016 0015 0016 0015 0016 003e 0016 0015 0016 003e 0016 003e 0016 003e 0016 003e 0016 003e 0016 0015 0016 0015 0016 0015 0016 0015 0016 06fe 0039 0055 0016 0f44
6	0000 006c 0026 0002 0039 00aa 0016 003e 0016 0015 0016 0015 0016 0015 0016 003e 0016 0015 0016 0015 0016 0015 0016 003e 0016 0015 0016 0015 0016 0015 0016 0015 0016 0015 0016 0015 0016 003e 0016 0015 0016 003e 0016 003e 0016 0015 0016 0015 0016 0015 0016 0015 0016 0015 0016 003e 0016 0015 0016 0015 0016 003e 0016 003e 0016 003e 0016 003e 0016 003e 0016 0015 0016 0015 0016 0015 0016 0015 0016 06fe 0039 0055 0016 0f44
7	0000 006c 0026 0002 0039 00aa 0016 003e 0016 0015 0016 0015 0016 0015 0016 003e 0016 0015 0016 0015 0016 0015 0016 003e 0016 0015 0016 0015 0016 0015 0016 0015 0016 0015 0016 0015 0016 003e 0016 003e 0016 003e 0016 003e 0016 0015 0016 0015 0016 0015 0016 0015 0016 0015 0016 0015 0016 0015 0016 0015 0016 003e 0016 003e 0016 003e 0016 003e 0016 003e 0016 0015 0016 0015 0016 0015 0016 0015 0016 06fe 0039 0055 0016 0f44
8	0000 006c 0026 0002 0039 00aa 0016 003e 0016 0015 0016 0015 0016 0015 0016 003e 0016 0015 0016 0015 0016 0015 0016 003e 0016 0015 0016 0015 0016 0015 0016 0015 0016 0015 0016 0015 0016 003e 0016 0015 0016 0015 0016 0015 0016 003e 0016 0015 0016 0015 0016 0015 0016 0015 0016 003e 0016 003e 0016 003e 0016 0015 0016 003e 0016 003e 0016 003e 0016 003e 0016 0015 0016 0015 0016 0015 0016 0015 0016 06fe 0039 0055 0016 0f44
9	0000 006c 0026 0002 0039 00aa 0016 003e 0016 0015 0016 0015 0016 0015 0016 003e 0016 0015 0016 0015 0016 0015 0016 003e 0016 0015 0016 0015 0016 0015 0016 0015 0016 0015 0016 0015 0016 003e 0016 003e 0016 0015 0016 0015 0016 003e 0016 0015 0016 0015 0016 0015 0016 0015 0016 0015 0016 003e 0016 003e 0016 0015 0016 003e 0016 003e 0016 003e 0016 003e 0016 0015 0016 0015 0016 0015 0016 0015 0016 06fe 0039 0055 0016 0f44
Asterisk	0000 006c 0026 0002 0039 00aa 0016 003e 0016 0015 0016 0015 0016 0015 0016 003e 0016 0015 0016 0015 0016 0015 0016 003e 0016 0015 0016 0015 0016 0015 0016 0015 0016 0015 0016 0015 0016 003e 0016 0015 0016 003e 0016 0015 0016 003e 0016 0015 0016 0015 0016 0015 0016 0015 0016 003e 0016 0015 0016 003e 0016 0015 0016 003e 0016 003e 0016 003e 0016 003e 0016 0015 0016 0015 0016 0015 0016 0015 0016 06fe 0039 0055 0016 0f44
0	0000 006c 0026 0002 0039 00aa 0016 003e 0016 0015 0016 0015 0016 0015 0016 003e 0016 0015 0016 0015 0016 0015 0016 003e 0016 0015 0016 0015 0016 0015 0016 0015 0016 0015 0016 0015 0016 003e 0016 0015 0016 0015 0016 0015 0016 0015 0016 0015 0016 0015 0016 0015 0016 0015 0016 003e 0016 003e 0016 003e 0016 003e 0016 003e 0016 003e 0016 003e 0016 003e 0016 0015 0016 0015 0016 0015 0016 0015 0016 06fe 0039 0055 0016 0f44
Pound	0000 006c 0026 0002 0039 00aa 0016 003e 0016 0015 0016 0015 0016 0015 0016 003e 0016 0015 0016 0015 0016 0015 0016 003e 0016 0015 0016 0015 0016 0015 0016 0015 0016 0015 0016 0015 0016 003e 0016 003e 0016 003e 0016 0015 0016 003e 0016 0015 0016 0015 0016 0015 0016 0015 0016 0015 0016 0015 0016 003e 0016 0015 0016 003e 0016 003e 0016 003e 0016 003e 0016 0015 0016 0015 0016 0015 0016 0015 0016 06fe 0039 0055 0016 0f44
Set	0000 006c 0026 0002 0039 00aa 0016 003e 0016 0015 0016 0015 0016 0015 0016 003e 0016 0015 0016 0015 0016 0015 0016 003e 0016 0015 0016 0015 0016 0015 0016 0015 0016 0015 0016 0015 0016 003e 0016 0015 0016 0015 0016 0015 0016 003e 0016 003e 0016 0015 0016 003e 0016 0015 0016 003e 0016 003e 0016 003e 0016 0015 0016 0015 0016 003e 0016 0015 0016 003e 0016 0015 0016 0015 0016 0015 0016 0015 0016 06fe 0039 0055 0016 0f44
Cancel	0000 006c 0026 0002 0039 00aa 0016 003e 0016 0015 0016 0015 0016 0015 0016 003e 0016 0015 0016 0015 0016 0015 0016 003e 0016 0015 0016 0015 0016 0015 0016 0015 0016 0015 0016 0015 0016 003e 0016 003e 0016 0015 0016 003e 0016 003e 0016 0015 0016 0015 0016 0015 0016 0015 0016 0015 0016 003e 0016 0015 0016 0015 0016 003e 0016 003e 0016 003e 0016 003e 0016 0015 0016 0015 0016 0015 0016 0015 0016 06fe 0039 0055 0016 0f44
Preset	0000 006c 0026 0002 0039 00aa 0016 003e 0016 0015 0016 0015 0016 0015 0016 003e 0016 0015 0016 0015 0016 0015 0016 003e 0016 0015 0016 0015 0016 0015 0016 0015 0016 0015 0016 0015 0016 003e 0016 003e 0016 003e 0016 0015 0016 003e 0016 003e 0016 003e 0016 0015 0016 0015 0016 0015 0016 0015 0016 003e 0016 0015 0016 0015 0016 0015 0016 003e 0016 003e 0016 0015 0016 0015 0016 0015 0016 0015 0016 06fe 0039 0055 0016 0f44
Up	0000 006c 0026 0002 0039 00aa 0016 003e 0016 0015 0016 0015 0016 0015 0016 003e 0016 0015 0016 0015 0016 0015 0016 003e 0016 0015 0016 0015 0016 0015 0016 0015 0016 0015 0016 0015 0016 003e 0016 0015 0016 0015 0016 0015 0016 0015 0016 003e 0016 0015 0016 003e 0016 0015 0016 003e 0016 003e 0016 003e 0016 003e 0016 0015 0016 003e 0016 0015 0016 003e 0016 0015 0016 0015 0016 0015 0016 0015 0016 06fe 0039 0055 0016 0f44
Left	0000 006c 0026 0002 0039 00aa 0016 003e 0016 0015 0016 0015 0016 0015 0016 003e 0016 0015 0016 0015 0016 0015 0016 003e 0016 0015 0016 0015 0016 0015 0016 0015 0016 0015 0016 0015 0016 003e 0016 0015 0016 003e 0016 003e 0016 003e 0016 0015 0016 0015 0016 003e 0016 0015 0016 003e 0016 0015 0016 0015 0016 0015 0016 003e 0016 003e 0016 0015 0016 003e 0016 0015 0016 0015 0016 0015 0016 0015 0016 06fe 0039 0055 0016 0f44
Enter	0000 006c 0026 0002 0039 00aa 0016 003e 0016 0015 0016 0015 0016 0015 0016 003e 0016 0015 0016 0015 0016 0015 0016 003e 0016 0015 0016 0015 0016 0015 0016 0015 0016 0015 0016 0015 0016 003e 0016 0015 0016 0015 0016 003e 0016 003e 0016 0015 0016 0015 0016 0015 0016 0015 0016 003e 0016 003e 0016 0015 0016 0015 0016 003e 0016 003e 0016 003e 0016 003e 0016 0015 0016 0015 0016 0015 0016 0015 0016 06fe 0039 0055 0016 0f44
Right	0000 006c 0026 0002 0039 00aa 0016 003e 0016 0015 0016 0015 0016 0015 0016 003e 0016 0015 0016 0015 0016 0015 0016 003e 0016 0015 0016 0015 0016 0015 0016 0015 0016 0015 0016 0015 0016 003e 0016 003e 0016 003e 0016 003e 0016 003e 0016 0015 0016 0015 0016 003e 0016 0015 0016 0015 0016 0015 0016 0015 0016 0015 0016 003e 0016 003e 0016 0015 0016 003e 0016 0015 0016 0015 0016 0015 0016 0015 0016 06fe 0039 0055 0016 0f44
Down	0000 006c 0026 0002 0039 00aa 0016 003e 0016 0015 0016 0015 0016 0015 0016 003e 0016 0015 0016 0015 0016 0015 0016 003e 0016 0015 0016 0015 0016 0015 0016 0015 0016 0015 0016 0015 0016 003e 0016 003e 0016 0015 0016 0015 0016 0015 0016 003e 0016 0015 0016 003e 0016 0015 0016 0015 0016 003e 0016 003e 0016 003e 0016 0015 0016 003e 0016 0015 0016 003e 0016 0015 0016 0015 0016 0015 0016 0015 0016 06fe 0039 0055 0016 0f44
People	0000 006c 0026 0002 0039 00aa 0016 003e 0016 0015 0016 0015 0016 0015 0016 003e 0016 0015 0016 0015 0016 0015 0016 003e 0016 0015 0016 0015 0016 0015 0016 0015 0016 0015 0016 0015 0016 003e 0016 003e 0016 0015 0016 003e 0016 003e 0016 0015 0016 003e 0016 003e 0016 0015 0016 0015 0016 003e 0016 0015 0016 0015 0016 003e 0016 0015 0016 0015 0016 003e 0016 0015 0016 0015 0016 0015 0016 0015 0016 06fe 0039 0055 0016 0f44
Content	0000 006c 0026 0002 0039 00aa 0016 003e 0016 0015 0016 0015 0016 0015 0016 003e 0016 0015 0016 0015 0016 0015 0016 003e 0016 0015 0016 0015 0016 0015 0016 0015 0016 0015 0016 0015 0016 003e 0016 003e 0016 003e 0016 003e 0016 003e 0016 0015 0016 003e 0016 003e 0016 0015 0016 0015 0016 0015 0016 0015 0016 0015 0016 003e 0016 0015 0016 0015 0016 003e 0016 0015 0016 0015 0016 0015 0016 0015 0016 06fe 0039 0055 0016 0f44
Vol+	0000 006c 0026 0002 0039 00aa 0016 003e 0016 0015 0016 0015 0016 0015 0016 003e 0016 0015 0016 0015 0016 0015 0016 003e 0016 0015 0016 0015 0016 0015 0016 0015 0016 0015 0016 0015 0016 003e 0016 003e 0016 0015 0016 003e 0016 0015 0016 003e 0016 0015 0016 0015 0016 0015 0016 0015 0016 003e 0016 0015 0016 003e 0016 0015 0016 003e 0016 003e 0016 003e 0016 0015 0016 0015 0016 0015 0016 0015 0016 06fe 0039 0055 0016 0f44
Vol-	0000 006c 0026 0002 0039 00aa 0016 003e 0016 0015 0016 0015 0016 0015 0016 003e 0016 0015 0016 0015 0016 0015 0016 003e 0016 0015 0016 0015 0016 0015 0016 0015 0016 0015 0016 0015 0016 003e 0016 0015 0016 003e 0016 003e 0016 0015 0016 003e 0016 0015 0016 0015 0016 0015 0016 003e 0016 0015 0016 0015 0016 003e 0016 0015 0016 003e 0016 003e 0016 003e 0016 0015 0016 0015 0016 0015 0016 0015 0016 06fe 0039 0055 0016 0f44
PIP	0000 006c 0026 0002 0039 00aa 0016 003e 0016 0015 0016 0015 0016 0015 0016 003e 0016 0015 0016 0015 0016 0015 0016 003e 0016 0015 0016 0015 0016 0015 0016 0015 0016 0015 0016 0015 0016 003e 0016 003e 0016 0015 0016 0015 0016 003e 0016 003e 0016 0015 0016 0015 0016 0015 0016 0015 0016 003e 0016 003e 0016 0015 0016 0015 0016 003e 0016 003e 0016 003e 0016 0015 0016 0015 0016 0015 0016 0015 0016 06fe 0039 0055 0016 0f44
Zoom In	0000 006c 0026 0002 0039 00aa 0016 003e 0016 0015 0016 0015 0016 0015 0016 003e 0016 0015 0016 0015 0016 0015 0016 003e 0016 0015 0016 0015 0016 0015 0016 0015 0016 0015 0016 0015 0016 003e 0016 003e 0016 0015 0016 0015 0016 003e 0016 003e 0016 0015 0016 003e 0016 0015 0016 0015 0016 003e 0016 003e 0016 0015 0016 0015 0016 003e 0016 0015 0016 003e 0016 0015 0016 0015 0016 0015 0016 0015 0016 06fe 0039 0055 0016 0f44
Zoom Out	0000 006c 0026 0002 0039 00aa 0016 003e 0016 0015 0016 0015 0016 0015 0016 003e 0016 0015 0016 0015 0016 0015 0016 003e 0016 0015 0016 0015 0016 0015 0016 0015 0016 0015 0016 0015 0016 003e 0016 0015 0016 003e 0016 0015 0016 003e 0016 003e 0016 0015 0016 003e 0016 0015 0016 003e 0016 0015 0016 003e 0016 0015 0016 0015 0016 003e 0016 0015 0016 003e 0016 0015 0016 0015 0016 0015 0016 0015 0016 06fe 0039 0055 0016 0f44
Mute	0000 006c 0026 0002 0039 00aa 0016 003e 0016 0015 0016 0015 0016 0015 0016 003e 0016 0015 0016 0015 0016 0015 0016 003e 0016 0015 0016 0015 0016 0015 0016 0015 0016 0015 0016 0015 0016 003e 0016 003e 0016 003e 0016 003e 0016 0015 0016 003e 0016 0015 0016 0015 0016 0015 0016 0015 0016 0015 0016 0015 0016 003e 0016 0015 0016 003e 0016 003e 0016 003e 0016 0015 0016 0015 0016 0015 0016 0015 0016 06fe 0039 0055 0016 0f44
Auto	0000 006c 0026 0002 0039 00aa 0016 003e 0016 0015 0016 0015 0016 0015 0016 003e 0016 0015 0016 0015 0016 0015 0016 003e 0016 0015 0016 0015 0016 0015 0016 0015 0016 0015 0016 0015 0016 003e 0016 0015 0016 0015 0016 0015 0016 003e 0016 003e 0016 0015 0016 0015 0016 0015 0016 003e 0016 003e 0016 003e 0016 0015 0016 0015 0016 003e 0016 003e 0016 003e 0016 0015 0016 0015 0016 0015 0016 0015 0016 06fe 0039 0055 0016 0f44
