Power On	0000 0073 0022 0002 0145 00a3 0015 0014 0015 0014 0015 0014 0015 0014 0015 0014 0015 0014 0015 0014 0015 003d 0015 0014 0015 0014 0015 0014 0015 0014 0015 003d 0015 003d 0015 003d 0015 0014 0015 0014 0015 0014 0015 003d 0015 003d 0015 003d 0015 0014 0015 0014 0015 003d 0015 003d 0015 003d 0015 0014 0015 0014 0015 0014 0015 003d 0015 003d 0015 0014 0015 0616 0145 0051 0015 0d6d
Power Off	0000 0073 0022 0002 0145 00a3 0015 0014 0015 0014 0015 0014 0015 0014 0015 0014 0015 0014 0015 0014 0015 003d 0015 0014 0015 0014 0015 0014 0015 0014 0015 003d 0015 003d 0015 003d 0015 0014 0015 003d 0015 003d 0015 003d 0015 003d 0015 003d 0015 0014 0015 0014 0015 003d 0015 0014 0015 0014 0015 0014 0015 0014 0015 0014 0015 003d 0015 003d 0015 0014 0015 0616 0145 0051 0015 0d6d
VCR1	0000 0073 0022 0002 0145 00a3 0015 0014 0015 0014 0015 0014 0015 0014 0015 0014 0015 0014 0015 0014 0015 003d 0015 0014 0015 0014 0015 0014 0015 0014 0015 003d 0015 003d 0015 003d 0015 0014 0015 0014 0015 003d 0015 0014 0015 003d 0015 0014 0015 0014 0015 003d 0015 003d 0015 003d 0015 0014 0015 003d 0015 0014 0015 003d 0015 003d 0015 0014 0015 0014 0015 0616 0145 0051 0015 0d6d
VCR2	0000 0073 0022 0002 0145 00a3 0015 0014 0015 0014 0015 0014 0015 0014 0015 0014 0015 0014 0015 0014 0015 003d 0015 0014 0015 0014 0015 0014 0015 0014 0015 003d 0015 003d 0015 003d 0015 0014 0015 003d 0015 003d 0015 0014 0015 003d 0015 0014 0015 0014 0015 003d 0015 003d 0015 0014 0015 0014 0015 003d 0015 0014 0015 003d 0015 003d 0015 0014 0015 0014 0015 0616 0145 0051 0015 0d6d
VCR3	0000 0073 0022 0002 0145 00a3 0015 0014 0015 0014 0015 0014 0015 0014 0015 0014 0015 0014 0015 0014 0015 003d 0015 0014 0015 0014 0015 0014 0015 0014 0015 003d 0015 003d 0015 003d 0015 0014 0015 0014 0015 003d 0015 003d 0015 003d 0015 0014 0015 0014 0015 003d 0015 003d 0015 003d 0015 0014 0015 0014 0015 0014 0015 003d 0015 003d 0015 0014 0015 0014 0015 0616 0145 0051 0015 0d6d
DVD	0000 0073 0022 0002 0145 00a3 0015 0014 0015 0014 0015 0014 0015 0014 0015 0014 0015 0014 0015 0014 0015 003d 0015 0014 0015 0014 0015 0014 0015 0014 0015 003d 0015 003d 0015 003d 0015 0014 0015 0014 0015 0014 0015 0014 0015 0014 0015 003d 0015 0014 0015 003d 0015 003d 0015 003d 0015 003d 0015 003d 0015 003d 0015 0014 0015 003d 0015 0014 0015 0014 0015 0616 0145 0051 0015 0d6d
CD	0000 0073 0022 0002 0145 00a3 0015 0014 0015 0014 0015 0014 0015 0014 0015 0014 0015 0014 0015 0014 0015 003d 0015 0014 0015 0014 0015 0014 0015 0014 0015 003d 0015 003d 0015 003d 0015 0014 0015 0014 0015 0014 0015 003d 0015 0014 0015 0014 0015 0014 0015 003d 0015 003d 0015 003d 0015 003d 0015 0014 0015 003d 0015 003d 0015 003d 0015 0014 0015 0014 0015 0616 0145 0051 0015 0d6d
Acr1	0000 0073 0022 0002 0145 00a3 0015 0014 0015 0014 0015 0014 0015 0014 0015 0014 0015 0014 0015 0014 0015 003d 0015 0014 0015 0014 0015 0014 0015 0014 0015 003d 0015 003d 0015 003d 0015 0014 0015 0014 0015 0014 0015 003d 0015 003d 0015 0014 0015 0014 0015 003d 0015 003d 0015 003d 0015 003d 0015 0014 0015 0014 0015 003d 0015 003d 0015 0014 0015 0014 0015 0616 0145 0051 0015 0d6d
Acr2	0000 0073 0022 0002 0145 00a3 0015 0014 0015 0014 0015 0014 0015 0014 0015 0014 0015 0014 0015 0014 0015 003d 0015 0014 0015 0014 0015 0014 0015 0014 0015 003d 0015 003d 0015 003d 0015 0014 0015 003d 0015 0014 0015 003d 0015 003d 0015 0014 0015 0014 0015 003d 0015 003d 0015 0014 0015 003d 0015 0014 0015 0014 0015 003d 0015 003d 0015 0014 0015 0014 0015 0616 0145 0051 0015 0d6d
1	0000 0073 0022 0002 0145 00a3 0015 0014 0015 0014 0015 0014 0015 0014 0015 0014 0015 0014 0015 0014 0015 003d 0015 0014 0015 0014 0015 0014 0015 0014 0015 003d 0015 003d 0015 003d 0015 0014 0015 003d 0015 003d 0015 003d 0015 0014 0015 0014 0015 0014 0015 0014 0015 003d 0015 0014 0015 0014 0015 0014 0015 003d 0015 003d 0015 003d 0015 003d 0015 0014 0015 0616 0145 0051 0015 0d6d
2	0000 0073 0022 0002 0145 00a3 0015 0014 0015 0014 0015 0014 0015 0014 0015 0014 0015 0014 0015 0014 0015 003d 0015 0014 0015 0014 0015 0014 0015 0014 0015 003d 0015 003d 0015 003d 0015 0014 0015 0014 0015 0014 0015 0014 0015 003d 0015 0014 0015 0014 0015 0014 0015 003d 0015 003d 0015 003d 0015 003d 0015 0014 0015 003d 0015 003d 0015 003d 0015 0014 0015 0616 0145 0051 0015 0d6d
3	0000 0073 0022 0002 0145 00a3 0015 0014 0015 0014 0015 0014 0015 0014 0015 0014 0015 0014 0015 0014 0015 003d 0015 0014 0015 0014 0015 0014 0015 0014 0015 003d 0015 003d 0015 003d 0015 0014 0015 003d 0015 0014 0015 0014 0015 003d 0015 0014 0015 0014 0015 0014 0015 003d 0015 0014 0015 003d 0015 003d 0015 0014 0015 003d 0015 003d 0015 003d 0015 0014 0015 0616 0145 0051 0015 0d6d
4	0000 0073 0022 0002 0145 00a3 0015 0014 0015 0014 0015 0014 0015 0014 0015 0014 0015 0014 0015 0014 0015 003d 0015 0014 0015 0014 0015 0014 0015 0014 0015 003d 0015 003d 0015 003d 0015 0014 0015 0014 0015 003d 0015 0014 0015 003d 0015 0014 0015 0014 0015 0014 0015 003d 0015 003d 0015 0014 0015 003d 0015 0014 0015 003d 0015 003d 0015 003d 0015 0014 0015 0616 0145 0051 0015 0d6d
5	0000 0073 0022 0002 0145 00a3 0015 0014 0015 0014 0015 0014 0015 0014 0015 0014 0015 0014 0015 0014 0015 003d 0015 0014 0015 0014 0015 0014 0015 0014 0015 003d 0015 003d 0015 003d 0015 0014 0015 003d 0015 003d 0015 0014 0015 003d 0015 0014 0015 0014 0015 0014 0015 003d 0015 0014 0015 0014 0015 003d 0015 0014 0015 003d 0015 003d 0015 003d 0015 0014 0015 0616 0145 0051 0015 0d6d
6	0000 0073 0022 0002 0145 00a3 0015 0014 0015 0014 0015 0014 0015 0014 0015 0014 0015 0014 0015 0014 0015 003d 0015 0014 0015 0014 0015 0014 0015 0014 0015 003d 0015 003d 0015 003d 0015 0014 0015 0014 0015 0014 0015 003d 0015 003d 0015 0014 0015 0014 0015 0014 0015 003d 0015 003d 0015 003d 0015 0014 0015 0014 0015 003d 0015 003d 0015 003d 0015 0014 0015 0616 0145 0051 0015 0d6d
7	0000 0073 0022 0002 0145 00a3 0015 0014 0015 0014 0015 0014 0015 0014 0015 0014 0015 0014 0015 0014 0015 003d 0015 0014 0015 0014 0015 0014 0015 0014 0015 003d 0015 003d 0015 003d 0015 0014 0015 003d 0015 0014 0015 003d 0015 003d 0015 0014 0015 0014 0015 0014 0015 003d 0015 0014 0015 003d 0015 0014 0015 0014 0015 003d 0015 003d 0015 003d 0015 0014 0015 0616 0145 0051 0015 0d6d
8	0000 0073 0022 0002 0145 00a3 0015 0014 0015 0014 0015 0014 0015 0014 0015 0014 0015 0014 0015 0014 0015 003d 0015 0014 0015 0014 0015 0014 0015 0014 0015 003d 0015 003d 0015 003d 0015 0014 0015 0014 0015 003d 0015 003d 0015 003d 0015 0014 0015 0014 0015 0014 0015 003d 0015 003d 0015 0014 0015 0014 0015 0014 0015 003d 0015 003d 0015 003d 0015 0014 0015 0616 0145 0051 0015 0d6d
9	0000 0073 0022 0002 0145 00a3 0015 0014 0015 0014 0015 0014 0015 0014 0015 0014 0015 0014 0015 0014 0015 003d 0015 0014 0015 0014 0015 0014 0015 0014 0015 003d 0015 003d 0015 003d 0015 0014 0015 003d 0015 0014 0015 003d 0015 003d 0015 003d 0015 0014 0015 0014 0015 003d 0015 0014 0015 003d 0015 0014 0015 0014 0015 0014 0015 003d 0015 003d 0015 0014 0015 0616 0145 0051 0015 0d6d
0	0000 0073 0022 0002 0145 00a3 0015 0014 0015 0014 0015 0014 0015 0014 0015 0014 0015 0014 0015 0014 0015 003d 0015 0014 0015 0014 0015 0014 0015 0014 0015 003d 0015 003d 0015 003d 0015 0014 0015 0014 0015 003d 0015 003d 0015 003d 0015 003d 0015 0014 0015 0014 0015 003d 0015 003d 0015 0014 0015 0014 0015 0014 0015 0014 0015 003d 0015 003d 0015 0014 0015 0616 0145 0051 0015 0d6d
Enter	0000 0073 0000 0022 0145 00a3 0015 0014 0015 003d 0015 0014 0015 0014 0015 0014 0015 0014 0015 0014 0015 003d 0015 0014 0015 003d 0015 0014 0015 0014 0015 003d 0015 003d 0015 003d 0015 0014 0015 0014 0015 0014 0015 003d 0015 0014 0015 0014 0015 0014 0015 0014 0015 003d 0015 003d 0015 003d 0015 0014 0015 003d 0015 003d 0015 003d 0015 003d 0015 0014 0015 05c4
Menu	0000 0073 0000 0022 0145 00a3 0015 0014 0015 003d 0015 0014 0015 0014 0015 0014 0015 0014 0015 0014 0015 003d 0015 0014 0015 003d 0015 0014 0015 0014 0015 003d 0015 003d 0015 003d 0015 0014 0015 0014 0015 0014 0015 003d 0015 003d 0015 003d 0015 0014 0015 003d 0015 0014 0015 003d 0015 003d 0015 0014 0015 0014 0015 0014 0015 003d 0015 0014 0015 003d 0015 05c4
Up	0000 0073 0000 0022 0145 00a3 0015 0014 0015 003d 0015 0014 0015 0014 0015 0014 0015 0014 0015 0014 0015 003d 0015 0014 0015 003d 0015 0014 0015 0014 0015 003d 0015 003d 0015 003d 0015 0014 0015 0014 0015 0014 0015 0014 0015 0014 0015 0014 0015 0014 0015 0014 0015 003d 0015 003d 0015 003d 0015 003d 0015 003d 0015 003d 0015 003d 0015 003d 0015 0014 0015 05c4
Down	0000 0073 0000 0022 0145 00a3 0015 0014 0015 003d 0015 0014 0015 0014 0015 0014 0015 0014 0015 0014 0015 003d 0015 0014 0015 003d 0015 0014 0015 0014 0015 003d 0015 003d 0015 003d 0015 0014 0015 003d 0015 0014 0015 0014 0015 0014 0015 0014 0015 0014 0015 0014 0015 003d 0015 0014 0015 003d 0015 003d 0015 003d 0015 003d 0015 003d 0015 003d 0015 0014 0015 05c4
Left	0000 0073 0000 0022 0145 00a3 0015 0014 0015 003d 0015 0014 0015 0014 0015 0014 0015 0014 0015 0014 0015 003d 0015 0014 0015 003d 0015 0014 0015 0014 0015 003d 0015 003d 0015 003d 0015 0014 0015 003d 0015 003d 0015 0014 0015 0014 0015 0014 0015 0014 0015 0014 0015 003d 0015 0014 0015 0014 0015 003d 0015 003d 0015 003d 0015 003d 0015 003d 0015 0014 0015 05c4
Right	0000 0073 0000 0022 0145 00a3 0015 0014 0015 003d 0015 0014 0015 0014 0015 0014 0015 0014 0015 0014 0015 003d 0015 0014 0015 003d 0015 0014 0015 0014 0015 003d 0015 003d 0015 003d 0015 0014 0015 0014 0015 003d 0015 0014 0015 0014 0015 0014 0015 0014 0015 0014 0015 003d 0015 003d 0015 0014 0015 003d 0015 003d 0015 003d 0015 003d 0015 003d 0015 0014 0015 05c4
Sleep	0000 0073 0022 0002 0145 00a3 0015 0014 0015 0014 0015 0014 0015 0014 0015 0014 0015 0014 0015 0014 0015 003d 0015 0014 0015 0014 0015 0014 0015 0014 0015 003d 0015 003d 0015 003d 0015 0014 0015 003d 0015 003d 0015 0014 0015 003d 0015 003d 0015 0014 0015 003d 0015 003d 0015 0014 0015 0014 0015 003d 0015 0014 0015 0014 0015 003d 0015 0014 0015 0014 0015 0616 0145 0051 0015 0d6d
Vol+	0000 0073 0022 0002 0145 00a3 0015 0014 0015 0014 0015 0014 0015 0014 0015 0014 0015 0014 0015 0014 0015 003d 0015 0014 0015 0014 0015 0014 0015 0014 0015 003d 0015 003d 0015 003d 0015 0014 0015 003d 0015 003d 0015 003d 0015 0014 0015 0014 0015 0014 0015 003d 0015 003d 0015 0014 0015 0014 0015 0014 0015 003d 0015 003d 0015 003d 0015 0014 0015 0014 0015 0616 0145 0051 0015 0d6d
Vol-	0000 0073 0022 0002 0145 00a3 0015 0014 0015 0014 0015 0014 0015 0014 0015 0014 0015 0014 0015 0014 0015 003d 0015 0014 0015 0014 0015 0014 0015 0014 0015 003d 0015 003d 0015 003d 0015 0014 0015 0014 0015 0014 0015 0014 0015 003d 0015 0014 0015 0014 0015 003d 0015 003d 0015 003d 0015 003d 0015 003d 0015 0014 0015 003d 0015 003d 0015 0014 0015 0014 0015 0616 0145 0051 0015 0d6d
Mute	0000 0073 0022 0002 0145 00a3 0015 0014 0015 0014 0015 0014 0015 0014 0015 0014 0015 0014 0015 0014 0015 003d 0015 0014 0015 0014 0015 0014 0015 0014 0015 003d 0015 003d 0015 003d 0015 0014 0015 003d 0015 0014 0015 0014 0015 0014 0015 0014 0015 0014 0015 003d 0015 003d 0015 0014 0015 003d 0015 003d 0015 003d 0015 003d 0015 003d 0015 0014 0015 0014 0015 0616 0145 0051 0015 0d6d
Surr+	0000 0073 0000 0022 0145 00a3 0015 0014 0015 003d 0015 0014 0015 0014 0015 0014 0015 0014 0015 0014 0015 003d 0015 0014 0015 003d 0015 0014 0015 0014 0015 003d 0015 003d 0015 003d 0015 0014 0015 0014 0015 003d 0015 003d 0015 003d 0015 0014 0015 0014 0015 0014 0015 003d 0015 003d 0015 0014 0015 0014 0015 0014 0015 003d 0015 003d 0015 003d 0015 0014 0015 05c4
Surr-	0000 0073 0000 0022 0145 00a3 0015 0014 0015 003d 0015 0014 0015 0014 0015 0014 0015 0014 0015 0014 0015 003d 0015 0014 0015 003d 0015 0014 0015 0014 0015 003d 0015 003d 0015 003d 0015 0014 0015 003d 0015 003d 0015 003d 0015 003d 0015 0014 0015 0014 0015 0014 0015 003d 0015 0014 0015 0014 0015 0014 0015 0014 0015 003d 0015 003d 0015 003d 0015 0014 0015 05c4
Tune+	0000 0073 0022 0002 0145 00a3 0015 0014 0015 0014 0015 0014 0015 0014 0015 0014 0015 0014 0015 0014 0015 003d 0015 0014 0015 0014 0015 0014 0015 0014 0015 003d 0015 003d 0015 003d 0015 0014 0015 0014 0015 0014 0015 003d 0015 0014 0015 0014 0015 0014 0015 0014 0015 003d 0015 003d 0015 003d 0015 0014 0015 003d 0015 003d 0015 003d 0015 003d 0015 0014 0015 0616 0145 0051 0015 0d6d
Tune-	0000 0073 0022 0002 0145 00a3 0015 0014 0015 0014 0015 0014 0015 0014 0015 0014 0015 0014 0015 0014 0015 003d 0015 0014 0015 0014 0015 0014 0015 0014 0015 003d 0015 003d 0015 003d 0015 0014 0015 003d 0015 0014 0015 003d 0015 0014 0015 0014 0015 0014 0015 0014 0015 003d 0015 0014 0015 003d 0015 0014 0015 003d 0015 003d 0015 003d 0015 003d 0015 0014 0015 0616 0145 0051 0015 0d6d
FM	0000 0073 0022 0002 0145 00a3 0015 0014 0015 0014 0015 0014 0015 0014 0015 0014 0015 0014 0015 0014 0015 003d 0015 0014 0015 0014 0015 0014 0015 0014 0015 003d 0015 003d 0015 003d 0015 0014 0015 003d 0015 003d 0015 0014 0015 0014 0015 003d 0015 0014 0015 0014 0015 003d 0015 0014 0015 0014 0015 003d 0015 003d 0015 0014 0015 003d 0015 003d 0015 0014 0015 0616 0145 0051 0015 0d6d
AM/FM	0000 0073 0022 0002 0145 00a3 0015 0014 0015 0014 0015 0014 0015 0014 0015 0014 0015 0014 0015 0014 0015 003d 0015 0014 0015 0014 0015 0014 0015 0014 0015 003d 0015 003d 0015 003d 0015 0014 0015 003d 0015 0014 0015 0014 0015 0014 0015 0014 0015 0014 0015 0014 0015 003d 0015 0014 0015 003d 0015 003d 0015 003d 0015 003d 0015 003d 0015 003d 0015 0014 0015 0616 0145 0051 0015 0d6d
P/L	0000 0073 0000 0022 0145 00a3 0015 0014 0015 003d 0015 0014 0015 0014 0015 0014 0015 0014 0015 0014 0015 003d 0015 0014 0015 003d 0015 0014 0015 0014 0015 003d 0015 003d 0015 003d 0015 0014 0015 003d 0015 003d 0015 003d 0015 003d 0015 003d 0015 0014 0015 0014 0015 003d 0015 0014 0015 0014 0015 0014 0015 0014 0015 0014 0015 003d 0015 003d 0015 0014 0015 05c4
3 ST	0000 0073 0000 0022 0145 00a3 0015 0014 0015 003d 0015 0014 0015 0014 0015 0014 0015 0014 0015 0014 0015 003d 0015 0014 0015 003d 0015 0014 0015 0014 0015 003d 0015 003d 0015 003d 0015 0014 0015 003d 0015 0014 0015 003d 0015 003d 0015 003d 0015 0014 0015 0014 0015 003d 0015 0014 0015 003d 0015 0014 0015 0014 0015 0014 0015 003d 0015 003d 0015 0014 0015 05c4
Movie	0000 0073 0000 0022 0145 00a3 0015 0014 0015 003d 0015 0014 0015 0014 0015 0014 0015 0014 0015 0014 0015 003d 0015 0014 0015 003d 0015 0014 0015 0014 0015 003d 0015 003d 0015 003d 0015 0014 0015 003d 0015 0014 0015 003d 0015 0014 0015 003d 0015 0014 0015 0014 0015 003d 0015 0014 0015 003d 0015 0014 0015 003d 0015 0014 0015 003d 0015 003d 0015 0014 0015 05c4
Stereo	0000 0073 0000 0022 0145 00a3 0015 0014 0015 003d 0015 0014 0015 0014 0015 0014 0015 0014 0015 0014 0015 003d 0015 0014 0015 003d 0015 0014 0015 0014 0015 003d 0015 003d 0015 003d 0015 0014 0015 003d 0015 003d 0015 0014 0015 003d 0015 003d 0015 0014 0015 0014 0015 003d 0015 0014 0015 0014 0015 003d 0015 0014 0015 0014 0015 003d 0015 003d 0015 0014 0015 05c4
Matrix	0000 0073 0000 0022 0145 00a3 0015 0014 0015 003d 0015 0014 0015 0014 0015 0014 0015 0014 0015 0014 0015 003d 0015 0014 0015 003d 0015 0014 0015 0014 0015 003d 0015 003d 0015 003d 0015 0014 0015 003d 0015 003d 0015 0014 0015 0014 0015 003d 0015 0014 0015 0014 0015 003d 0015 0014 0015 0014 0015 003d 0015 003d 0015 0014 0015 003d 0015 003d 0015 0014 0015 05c4
Hall	0000 0073 0000 0022 0145 00a3 0015 0014 0015 003d 0015 0014 0015 0014 0015 0014 0015 0014 0015 0014 0015 003d 0015 0014 0015 003d 0015 0014 0015 0014 0015 003d 0015 003d 0015 003d 0015 0014 0015 0014 0015 0014 0015 0014 0015 0014 0015 003d 0015 0014 0015 0014 0015 003d 0015 003d 0015 003d 0015 003d 0015 003d 0015 0014 0015 003d 0015 003d 0015 0014 0015 05c4
Night	0000 0073 0000 0022 0145 00a3 0015 0014 0015 003d 0015 0014 0015 0014 0015 0014 0015 0014 0015 0014 0015 003d 0015 0014 0015 003d 0015 0014 0015 0014 0015 003d 0015 003d 0015 003d 0015 0014 0015 0014 0015 003d 0015 003d 0015 0014 0015 003d 0015 0014 0015 0014 0015 003d 0015 003d 0015 0014 0015 0014 0015 003d 0015 0014 0015 003d 0015 003d 0015 0014 0015 05c4
Delay	0000 0073 0000 0022 0145 00a3 0015 0014 0015 003d 0015 0014 0015 0014 0015 0014 0015 0014 0015 0014 0015 003d 0015 0014 0015 003d 0015 0014 0015 0014 0015 003d 0015 003d 0015 003d 0015 0014 0015 0014 0015 003d 0015 0014 0015 003d 0015 0014 0015 0014 0015 0014 0015 003d 0015 003d 0015 0014 0015 003d 0015 0014 0015 003d 0015 003d 0015 003d 0015 0014 0015 05c4
RF	0000 0073 0000 0022 0145 00a3 0015 0014 0015 003d 0015 0014 0015 0014 0015 0014 0015 0014 0015 0014 0015 003d 0015 0014 0015 003d 0015 0014 0015 0014 0015 003d 0015 003d 0015 003d 0015 0014 0015 003d 0015 0014 0015 003d 0015 0014 0015 003d 0015 0014 0015 003d 0015 0014 0015 0014 0015 003d 0015 0014 0015 003d 0015 0014 0015 003d 0015 0014 0015 003d 0015 05c4
Opt	0000 0073 0000 0022 0145 00a3 0015 0014 0015 003d 0015 0014 0015 0014 0015 0014 0015 0014 0015 0014 0015 003d 0015 0014 0015 003d 0015 0014 0015 0014 0015 003d 0015 003d 0015 003d 0015 0014 0015 0014 0015 003d 0015 003d 0015 0014 0015 003d 0015 0014 0015 003d 0015 0014 0015 003d 0015 0014 0015 0014 0015 003d 0015 0014 0015 003d 0015 0014 0015 003d 0015 05c4
Coax	0000 0073 0000 0022 0145 00a3 0015 0014 0015 003d 0015 0014 0015 0014 0015 0014 0015 0014 0015 0014 0015 003d 0015 0014 0015 003d 0015 0014 0015 0014 0015 003d 0015 003d 0015 003d 0015 0014 0015 003d 0015 003d 0015 003d 0015 0014 0015 003d 0015 0014 0015 003d 0015 0014 0015 0014 0015 0014 0015 0014 0015 003d 0015 0014 0015 003d 0015 0014 0015 003d 0015 05c4
Ac3	0000 0073 0000 0022 0145 00a3 0015 0014 0015 003d 0015 0014 0015 0014 0015 0014 0015 0014 0015 0014 0015 003d 0015 0014 0015 003d 0015 0014 0015 0014 0015 003d 0015 003d 0015 003d 0015 0014 0015 0014 0015 0014 0015 0014 0015 0014 0015 003d 0015 0014 0015 003d 0015 0014 0015 003d 0015 003d 0015 003d 0015 003d 0015 0014 0015 003d 0015 0014 0015 003d 0015 05c4
TV	0000 0073 0022 0002 0145 00a3 0015 0014 0015 0014 0015 0014 0015 0014 0015 0014 0015 0014 0015 0014 0015 003d 0015 0014 0015 0014 0015 0014 0015 0014 0015 003d 0015 003d 0015 003d 0015 0014 0015 003d 0015 003d 0015 0014 0015 0014 0015 003d 0015 0014 0015 003d 0015 003d 0015 0014 0015 0014 0015 003d 0015 003d 0015 0014 0015 003d 0015 0014 0015 0014 0015 0616 0145 0051 0015 0d6d
Ch Select	0000 0073 0000 0022 0145 00a3 0015 0014 0015 003d 0015 0014 0015 0014 0015 0014 0015 0014 0015 0014 0015 003d 0015 0014 0015 003d 0015 0014 0015 0014 0015 003d 0015 003d 0015 003d 0015 0014 0015 003d 0015 0014 0015 003d 0015 003d 0015 003d 0015 0014 0015 003d 0015 0014 0015 0014 0015 003d 0015 0014 0015 0014 0015 0014 0015 003d 0015 0014 0015 003d 0015 05c4
Test Tone	0000 0073 0000 0022 0145 00a3 0015 0014 0015 003d 0015 0014 0015 0014 0015 0014 0015 0014 0015 0014 0015 003d 0015 0014 0015 003d 0015 0014 0015 0014 0015 003d 0015 003d 0015 003d 0015 0014 0015 0014 0015 0014 0015 003d 0015 003d 0015 0014 0015 0014 0015 0014 0015 003d 0015 003d 0015 003d 0015 0014 0015 0014 0015 003d 0015 003d 0015 003d 0015 0014 0015 05c4
