Power Off	0000 0073 0000 0010 0000 0020 0000 003F 0000 001E 0000 0020 0000 0020 0000 00A1 0000 0020 0000 0041 0000 0020 0000 001E 0000 0020 0000 0020 0000 0020 0000 0020 0000 0041 0000 0ACA
Power On	0000 0073 0000 0011 0000 0020 0000 003F 0000 001E 0000 0020 0000 0020 0000 00A1 0000 0020 0000 0041 0000 0020 0000 001E 0000 0020 0000 0020 0000 0020 0000 0020 0000 0020 0000 0040 0000 0AAC
VCR1	0000 0073 0000 000C 0000 0020 0000 0020 0000 001F 0000 0041 0000 0040 0000 0020 0000 0020 0000 0020 0000 0020 0000 0020 0000 0020 0000 0CAA
VCR2	0000 0073 0000 000C 0000 0020 0000 0020 0000 001F 0000 0041 0000 0020 0000 0040 0000 0020 0000 0020 0000 0020 0000 0020 0000 0020 0000 0CAA
Aux	0000 0073 0000 0012 0000 0020 0000 0020 0000 0020 0000 001E 0000 0020 0000 0020 0000 00A1 0000 0020 0000 0020 0000 0020 0000 0020 0000 0020 0000 0020 0000 0020 0000 0020 0000 0041 0000 0020 0000 0ACA
CD	0000 0073 0000 000B 0000 0020 0000 0040 0000 0040 0000 001F 0000 0041 0000 0020 0000 0020 0000 0020 0000 0020 0000 0020 0000 0CAA
Acr1	0000 0073 0000 000C 0000 0020 0000 0020 0000 0020 0000 001F 0000 0041 0000 0040 0000 0020 0000 0020 0000 0020 0000 0020 0000 0020 0000 0CA9
CD F Trk	0000 0073 0000 0022 0000 00A5 0000 0014 0000 0014 0000 0014 0000 0014 0000 0014 0000 0014 0000 0014 0000 003D 0000 0014 0000 0014 0000 0014 0000 0014 0000 003D 0000 003D 0000 003D 0000 0014 0000 0014 0000 0014 0000 003D 0000 0014 0000 0014 0000 0014 0000 0014 0000 0014 0000 003D 0000 003D 0000 0014 0000 003D 0000 003D 0000 003D 0000 003D 0000 003D 0000 061D
CD R Trk	0000 0073 0000 0022 0000 00A5 0000 0014 0000 0014 0000 0014 0000 0014 0000 0014 0000 0014 0000 0014 0000 003D 0000 0014 0000 0014 0000 0014 0000 0014 0000 003D 0000 003D 0000 003D 0000 0014 0000 003D 0000 0014 0000 003D 0000 0014 0000 0014 0000 0014 0000 0014 0000 0014 0000 0014 0000 003D 0000 0014 0000 003D 0000 003D 0000 003D 0000 003D 0000 003D 0000 061D
CD F Scan	0000 0073 0000 0022 0000 00A5 0000 0014 0000 0014 0000 0014 0000 0014 0000 0014 0000 0014 0000 0014 0000 003D 0000 0014 0000 0014 0000 0014 0000 0014 0000 003D 0000 003D 0000 003D 0000 0014 0000 0014 0000 003D 0000 003D 0000 0014 0000 0014 0000 0014 0000 0014 0000 0014 0000 003D 0000 0014 0000 0014 0000 003D 0000 003D 0000 003D 0000 003D 0000 003D 0000 061D
CD R Scan	0000 0073 0000 0022 0000 00A5 0000 0014 0000 0014 0000 0014 0000 0014 0000 0014 0000 0014 0000 0014 0000 003D 0000 0014 0000 0014 0000 0014 0000 0014 0000 003D 0000 003D 0000 003D 0000 0014 0000 003D 0000 003D 0000 003D 0000 0014 0000 0014 0000 0014 0000 0014 0000 0014 0000 0014 0000 0014 0000 0014 0000 003D 0000 003D 0000 003D 0000 003D 0000 003D 0000 061D
CD Play	0000 0073 0000 0022 0000 00A5 0000 0014 0000 0014 0000 0014 0000 0014 0000 0014 0000 0014 0000 0014 0000 003D 0000 0014 0000 0014 0000 0014 0000 0014 0000 003D 0000 003D 0000 003D 0000 0014 0000 0014 0000 003D 0000 0014 0000 0014 0000 0014 0000 0014 0000 0014 0000 0014 0000 003D 0000 0014 0000 003D 0000 003D 0000 003D 0000 003D 0000 003D 0000 003D 0000 061D
CD Stop	0000 0073 0000 0022 0000 00A5 0000 0014 0000 0014 0000 0014 0000 0014 0000 0014 0000 0014 0000 0014 0000 003D 0000 0014 0000 0014 0000 0014 0000 0014 0000 003D 0000 003D 0000 003D 0000 0014 0000 003D 0000 0014 0000 0014 0000 0014 0000 0014 0000 0014 0000 0014 0000 0014 0000 0014 0000 003D 0000 003D 0000 003D 0000 003D 0000 003D 0000 003D 0000 003D 0000 061D
Acr1 Rew	0000 0073 0000 0022 0000 00A5 0000 0014 0000 003D 0000 0014 0000 0014 0000 0014 0000 0014 0000 0014 0000 003D 0000 0014 0000 003D 0000 0014 0000 0014 0000 003D 0000 003D 0000 003D 0000 0014 0000 003D 0000 0014 0000 0014 0000 003D 0000 0014 0000 0014 0000 0014 0000 0014 0000 0014 0000 003D 0000 003D 0000 0014 0000 003D 0000 003D 0000 003D 0000 003D 0000 05CB
Acr1 Ffwd	0000 0073 0000 0022 0000 00A5 0000 0014 0000 003D 0000 0014 0000 0014 0000 0014 0000 0014 0000 0014 0000 003D 0000 0014 0000 003D 0000 0014 0000 0014 0000 003D 0000 003D 0000 003D 0000 0014 0000 0014 0000 0014 0000 0014 0000 003D 0000 0014 0000 0014 0000 0014 0000 0014 0000 003D 0000 003D 0000 003D 0000 0014 0000 003D 0000 003D 0000 003D 0000 003D 0000 05CB
Acr1 Play	0000 0073 0000 0022 0000 00A5 0000 0014 0000 003D 0000 0014 0000 0014 0000 0014 0000 0014 0000 0014 0000 003D 0000 0014 0000 003D 0000 0014 0000 0014 0000 003D 0000 003D 0000 003D 0000 0014 0000 003D 0000 0014 0000 0014 0000 0014 0000 0014 0000 0014 0000 0014 0000 0014 0000 0014 0000 003D 0000 003D 0000 003D 0000 003D 0000 003D 0000 003D 0000 003D 0000 05CB
Acr1 Stop	0000 0073 0000 0022 0000 00A5 0000 0014 0000 003D 0000 0014 0000 0014 0000 0014 0000 0014 0000 0014 0000 003D 0000 0014 0000 003D 0000 0014 0000 0014 0000 003D 0000 003D 0000 003D 0000 0014 0000 003D 0000 003D 0000 0014 0000 0014 0000 0014 0000 0014 0000 0014 0000 0014 0000 0014 0000 0014 0000 003D 0000 003D 0000 003D 0000 003D 0000 003D 0000 003D 0000 05CB
Sour On-CD	0000 0073 0000 0022 0000 00A5 0000 0014 0000 0014 0000 0014 0000 0014 0000 0014 0000 0014 0000 0014 0000 003D 0000 0014 0000 0014 0000 0014 0000 0014 0000 003D 0000 003D 0000 003D 0000 0014 0000 0014 0000 003D 0000 003D 0000 0014 0000 003D 0000 0014 0000 003D 0000 0014 0000 003D 0000 0014 0000 0014 0000 003D 0000 0014 0000 003D 0000 0014 0000 003D 0000 061D
Sour Off-CD	0000 0073 0000 0022 0000 00A5 0000 0014 0000 0014 0000 0014 0000 0014 0000 0014 0000 0014 0000 0014 0000 003D 0000 0014 0000 0014 0000 0014 0000 0014 0000 003D 0000 003D 0000 003D 0000 0014 0000 003D 0000 003D 0000 003D 0000 0014 0000 003D 0000 0014 0000 003D 0000 0014 0000 0014 0000 0014 0000 0014 0000 003D 0000 0014 0000 003D 0000 0014 0000 003D 0000 061D
Sour On-Tape	0000 0073 0000 0022 0000 00A5 0000 0014 0000 003D 0000 0014 0000 0014 0000 0014 0000 0014 0000 0014 0000 003D 0000 0014 0000 003D 0000 0014 0000 0014 0000 003D 0000 003D 0000 003D 0000 0014 0000 0014 0000 0014 0000 0014 0000 0014 0000 0014 0000 0014 0000 003D 0000 0014 0000 003D 0000 003D 0000 003D 0000 003D 0000 003D 0000 003D 0000 0014 0000 003D 0000 05CB
Sour Off-Tape	0000 0073 0000 0022 0000 00A5 0000 0014 0000 003D 0000 0014 0000 0014 0000 0014 0000 0014 0000 0014 0000 003D 0000 0014 0000 003D 0000 0014 0000 0014 0000 003D 0000 003D 0000 003D 0000 0014 0000 003D 0000 0014 0000 0014 0000 0014 0000 0014 0000 0014 0000 003D 0000 0014 0000 0014 0000 003D 0000 003D 0000 003D 0000 003D 0000 003D 0000 0014 0000 003D 0000 05CB
Acr2	0000 0073 0000 000D 0000 0020 0000 0020 0000 0020 0000 003F 0000 0020 0000 0020 0000 0020 0000 0020 0000 0020 0000 0020 0000 0020 0000 0020 0000 0C92
Acr2 Play	0000 0073 0000 000A 0000 0020 0000 003F 0000 003F 0000 0020 0000 0020 0000 0020 0000 0020 0000 003F 0000 003F 0000 0C93
Acr2 Pause	0000 0071 0000 000C 0000 0021 0000 0021 0000 0021 0000 0040 0000 0021 0000 0021 0000 0021 0000 0021 0000 001F 0000 0020 0000 0020 0000 0CD0
Acr2 Stop	0000 0073 0000 000B 0000 0020 0000 0020 0000 0020 0000 003F 0000 0020 0000 0020 0000 0020 0000 0020 0000 003F 0000 0020 0000 0CB1
Acr2 Rec	0000 0073 0000 000A 0000 003F 0000 0020 0000 003F 0000 0020 0000 0020 0000 0020 0000 0020 0000 003F 0000 003F 0000 0C93
Acr2 Ffwd	0000 0073 0000 000B 0000 0020 0000 0020 0000 0020 0000 003F 0000 0020 0000 0020 0000 0020 0000 0020 0000 003F 0000 001E 0000 0CB2
Acr2 Rew	0000 0073 0000 000B 0000 0020 0000 0020 0000 0020 0000 003F 0000 0020 0000 0020 0000 0020 0000 0020 0000 001E 0000 0041 0000 0CB1
Acr2 R Trk	0000 0073 0000 000C 0000 0020 0000 0020 0000 0020 0000 003F 0000 0020 0000 0020 0000 0020 0000 001E 0000 0020 0000 0020 0000 0040 0000 0C93
Acr2 F Trk	0000 0073 0000 000C 0000 0020 0000 0020 0000 0020 0000 003F 0000 0020 0000 0020 0000 0020 0000 001E 0000 0020 0000 0020 0000 0020 0000 0CB3
VCR1 Play	0000 0073 0000 000A 0000 0020 0000 001E 0000 0020 0000 0041 0000 003F 0000 0020 0000 0020 0000 003F 0000 003F 0000 0C93
VCR1 Stop	0000 0070 0000 000A 0000 0021 0000 001F 0000 0021 0000 0042 0000 0040 0000 0021 0000 0021 0000 0040 0000 0021 0000 0CED
VCR1 Pause	0000 0071 0000 000A 0000 0021 0000 001F 0000 0020 0000 0041 0000 0040 0000 0021 0000 0040 0000 001F 0000 0041 0000 0CB0
VCR1 Ffwd	0000 0071 0000 000A 0000 0021 0000 001F 0000 0020 0000 0041 0000 0040 0000 0021 0000 0021 0000 0040 0000 001F 0000 0CD1
VCR1 Rew	0000 0071 0000 000A 0000 0021 0000 001F 0000 0020 0000 0041 0000 0040 0000 0021 0000 0021 0000 001F 0000 0041 0000 0CCF
VCR1 Rec	0000 0071 0000 000B 0000 0021 0000 001F 0000 0020 0000 0041 0000 0040 0000 0021 0000 0021 0000 0040 0000 0021 0000 0020 0000 0CB0
VCR2 Play	0000 0073 0000 000A 0000 0020 0000 001E 0000 0020 0000 0041 0000 0020 0000 003F 0000 0020 0000 003F 0000 003F 0000 0C93
VCR2 Stop	0000 0071 0000 000A 0000 0021 0000 001F 0000 0020 0000 0041 0000 0021 0000 0040 0000 0021 0000 0040 0000 0021 0000 0CCF
VCR2 Pause	0000 0071 0000 000A 0000 0021 0000 001F 0000 0020 0000 0041 0000 0021 0000 0040 0000 0040 0000 001F 0000 0041 0000 0CB0
VCR2 Ffwd	0000 0070 0000 000A 0000 0021 0000 001F 0000 0021 0000 0042 0000 0021 0000 0040 0000 0021 0000 0040 0000 001F 0000 0CEF
VCR2 Rew	0000 0073 0000 000A 0000 0020 0000 001E 0000 0020 0000 0041 0000 0020 0000 003F 0000 0020 0000 001E 0000 0041 0000 0CB2
VCR2 Rec	0000 0071 0000 000B 0000 0021 0000 001F 0000 0020 0000 0041 0000 0021 0000 0040 0000 0021 0000 0040 0000 0021 0000 0020 0000 0CB0
LD	0000 0073 0000 000C 0000 0020 0000 0020 0000 003F 0000 0020 0000 001E 0000 0041 0000 0020 0000 0020 0000 0020 0000 0020 0000 0020 0000 0C92
LD Pause	0000 0073 0000 000B 0000 0020 0000 0020 0000 003F 0000 0020 0000 001E 0000 0041 0000 0020 0000 001E 0000 0020 0000 0020 0000 0CB3
LD Stop	0000 0073 0000 000A 0000 0020 0000 0020 0000 003F 0000 0020 0000 001E 0000 0041 0000 0020 0000 003F 0000 0020 0000 0CB1
LD F Trk	0000 0073 0000 000B 0000 0020 0000 0020 0000 003F 0000 0020 0000 001E 0000 0020 0000 0041 0000 0020 0000 0020 0000 0020 0000 0CB1
LD R Trk	0000 0073 0000 000A 0000 0020 0000 0020 0000 003F 0000 0020 0000 001E 0000 0041 0000 001E 0000 0041 0000 001E 0000 0CB3
TV	0000 0073 0000 000D 0000 0020 0000 0020 0000 001E 0000 0020 0000 0020 0000 0020 0000 0041 0000 0020 0000 0020 0000 0020 0000 0020 0000 0020 0000 0C93
TV 1	0000 0073 0000 000D 0000 0020 0000 0020 0000 001E 0000 0020 0000 0020 0000 0020 0000 0020 0000 0020 0000 0020 0000 0020 0000 0020 0000 0040 0000 0C94
TV 2	0000 0073 0000 000C 0000 0020 0000 0020 0000 001E 0000 0020 0000 0020 0000 0020 0000 0020 0000 0020 0000 0020 0000 0020 0000 0041 0000 0CB2
TV 3	0000 0073 0000 000D 0000 0020 0000 0020 0000 001E 0000 0020 0000 0020 0000 0020 0000 0020 0000 0020 0000 0020 0000 0020 0000 0041 0000 0020 0000 0C94
TV 4	0000 0073 0000 000C 0000 0020 0000 0020 0000 001E 0000 0020 0000 0020 0000 0020 0000 0020 0000 0020 0000 0020 0000 0041 0000 001E 0000 0CB4
TV 5	0000 0073 0000 000C 0000 0020 0000 0020 0000 001E 0000 0020 0000 0020 0000 0020 0000 0020 0000 0020 0000 0020 0000 0041 0000 003F 0000 0C94
TV 6	0000 0073 0000 000C 0000 0020 0000 0020 0000 001E 0000 0020 0000 0020 0000 0020 0000 0020 0000 0020 0000 0020 0000 0041 0000 0020 0000 0CB2
TV 7	0000 0073 0000 000D 0000 0020 0000 0020 0000 001E 0000 0020 0000 0020 0000 0020 0000 0020 0000 0020 0000 0020 0000 0041 0000 0020 0000 0020 0000 0C93
TV 8	0000 0073 0000 000C 0000 0020 0000 0020 0000 001E 0000 0020 0000 0020 0000 0020 0000 0020 0000 0020 0000 0041 0000 001E 0000 0020 0000 0CB4
TV 9	0000 0073 0000 000C 0000 0020 0000 0020 0000 001E 0000 0020 0000 0020 0000 0020 0000 0020 0000 0020 0000 0041 0000 001E 0000 0040 0000 0C94
TV 0	0000 0073 0000 000D 0000 0020 0000 0020 0000 001E 0000 0020 0000 0020 0000 0020 0000 0020 0000 0020 0000 0020 0000 0020 0000 0020 0000 0020 0000 0CB4
Tune	0000 0073 0000 000C 0000 0020 0000 003F 0000 001E 0000 0020 0000 0041 0000 0020 0000 0020 0000 0020 0000 0020 0000 0020 0000 0020 0000 0C93
1	0000 0073 0000 000B 0000 0020 0000 003F 0000 001E 0000 0020 0000 0041 0000 001E 0000 0020 0000 0020 0000 0020 0000 0040 0000 0C94
2	0000 0073 0000 000A 0000 0020 0000 003F 0000 001E 0000 0020 0000 0041 0000 001E 0000 0020 0000 0020 0000 0041 0000 0CB2
3	0000 0073 0000 000B 0000 0020 0000 003F 0000 001E 0000 0020 0000 0041 0000 001E 0000 0020 0000 0020 0000 0041 0000 0020 0000 0C94
4	0000 0073 0000 000A 0000 0020 0000 003F 0000 001E 0000 0020 0000 0041 0000 001E 0000 0020 0000 0041 0000 001E 0000 0CB4
5	0000 0073 0000 000A 0000 0020 0000 003F 0000 001E 0000 0020 0000 0041 0000 001E 0000 0020 0000 0041 0000 003F 0000 0C93
6	0000 0073 0000 000A 0000 0020 0000 003F 0000 001E 0000 0020 0000 0041 0000 001E 0000 0020 0000 0041 0000 0020 0000 0CB2
7	0000 0073 0000 000B 0000 0020 0000 003F 0000 001E 0000 0020 0000 0041 0000 001E 0000 0020 0000 0041 0000 0020 0000 0020 0000 0C93
8	0000 0073 0000 000A 0000 0020 0000 003F 0000 001E 0000 0020 0000 0041 0000 001E 0000 0041 0000 001E 0000 0020 0000 0CB4
9	0000 0073 0000 000A 0000 0020 0000 003F 0000 001E 0000 0020 0000 0041 0000 001E 0000 0041 0000 001E 0000 0040 0000 0C93
0	0000 0073 0000 000B 0000 0020 0000 003F 0000 001E 0000 0020 0000 0041 0000 001E 0000 0020 0000 0020 0000 0020 0000 0020 0000 0CB4
Aux	0000 0073 0000 0011 0000 0020 0000 003F 0000 001E 0000 0020 0000 0020 0000 009F 0000 0020 0000 0020 0000 0020 0000 0020 0000 0020 0000 0020 0000 0020 0000 0020 0000 0041 0000 0020 0000 0AB7
P/L	0000 0073 0000 0010 0000 0020 0000 0020 0000 0020 0000 001E 0000 0020 0000 0020 0000 00C0 0000 001E 0000 0041 0000 003F 0000 001E 0000 0020 0000 0020 0000 0020 0000 0020 0000 0AB9
3st	0000 0073 0000 000F 0000 0020 0000 0020 0000 0020 0000 001E 0000 0020 0000 0020 0000 00C0 0000 001E 0000 0041 0000 003F 0000 003F 0000 0020 0000 001E 0000 0020 0000 0AB8
Movie	0000 0073 0000 000F 0000 0020 0000 0020 0000 0020 0000 001E 0000 0020 0000 0020 0000 00C0 0000 001E 0000 0041 0000 003F 0000 003F 0000 0020 0000 0020 0000 003E 0000 0A98
Matrix	0000 0073 0000 000F 0000 0020 0000 0020 0000 0020 0000 001E 0000 0020 0000 0020 0000 00C0 0000 001E 0000 0041 0000 003F 0000 001E 0000 0041 0000 001E 0000 0040 0000 0A99
Hall	0000 0073 0000 0010 0000 0020 0000 0020 0000 0020 0000 001E 0000 0020 0000 0020 0000 00C0 0000 001E 0000 0041 0000 003F 0000 001E 0000 0020 0000 0020 0000 0020 0000 0040 0000 0A98
Stereo	0000 0073 0000 000F 0000 0020 0000 0020 0000 0020 0000 001E 0000 0020 0000 0020 0000 00C0 0000 001E 0000 0041 0000 003F 0000 003F 0000 0020 0000 0020 0000 0020 0000 0AB6
TV Vol+	0000 0073 0000 000C 0000 0020 0000 0020 0000 001E 0000 0020 0000 0020 0000 0020 0000 0020 0000 0041 0000 001E 0000 0020 0000 0020 0000 0CB4
TV Vol-	0000 0073 0000 000C 0000 0020 0000 0020 0000 001E 0000 0020 0000 0020 0000 0020 0000 0020 0000 0041 0000 001E 0000 0020 0000 0040 0000 0C94
Vol+	0000 0073 0000 000C 0000 0020 0000 0020 0000 0020 0000 001E 0000 0020 0000 0020 0000 0020 0000 0041 0000 001E 0000 0020 0000 0020 0000 0CB3
Vol-	0000 0073 0000 000C 0000 0020 0000 0020 0000 0020 0000 001E 0000 0020 0000 0020 0000 0020 0000 0041 0000 001E 0000 0020 0000 0040 0000 0C93
Screen	0000 0073 0000 000D 0000 0020 0000 0020 0000 0020 0000 001E 0000 0020 0000 0020 0000 0020 0000 0020 0000 0041 0000 0020 0000 0020 0000 0020 0000 0C93
Spkr	0000 0073 0000 0010 0000 0020 0000 0020 0000 0020 0000 001E 0000 0020 0000 0020 0000 00C0 0000 001E 0000 0041 0000 003F 0000 0020 0000 001E 0000 0020 0000 0020 0000 0040 0000 0A98
Disp	0000 0073 0000 0012 0000 0020 0000 0020 0000 0020 0000 001E 0000 0020 0000 0020 0000 009F 0000 0020 0000 0041 0000 0020 0000 0020 0000 0020 0000 001E 0000 0020 0000 0020 0000 0020 0000 0020 0000 0AB8
Test	0000 0073 0000 000E 0000 0020 0000 0020 0000 0020 0000 001E 0000 0020 0000 0020 0000 00C0 0000 001E 0000 0041 0000 003F 0000 003F 0000 003F 0000 003E 0000 0A98
Adjust+	0000 0073 0000 000F 0000 0020 0000 0020 0000 0020 0000 001E 0000 0020 0000 0020 0000 00C0 0000 001E 0000 0041 0000 003F 0000 0020 0000 001E 0000 0020 0000 0041 0000 0AB6
Adjust-	0000 0073 0000 0010 0000 0020 0000 0020 0000 0020 0000 001E 0000 0020 0000 0020 0000 00C0 0000 001E 0000 0041 0000 003F 0000 0020 0000 001E 0000 0020 0000 0041 0000 001F 0000 0A98
Up	0000 0073 0000 000B 0000 003F 0000 0020 0000 001E 0000 0020 0000 0020 0000 0020 0000 0041 0000 001E 0000 0020 0000 0020 0000 0CB4
Down	0000 0073 0000 000B 0000 003F 0000 0020 0000 001E 0000 0020 0000 0020 0000 0020 0000 0041 0000 001E 0000 0020 0000 0040 0000 0C94
Right	0000 0073 0000 003C 0000 003F 0000 0020 0000 001E 0000 0020 0000 0020 0000 0020 0000 0041 0000 003F 0000 0020 0000 0CB2 0000 003F 0000 0020 0000 001E 0000 0020 0000 0020 0000 0020 0000 0041 0000 003F 0000 0020 0000 0CB2 0000 003F 0000 0020 0000 001E 0000 0020 0000 0020 0000 0020 0000 0041 0000 003F 0000 0020 0000 0CB2 0000 003F 0000 0020 0000 001E 0000 0020 0000 0020 0000 0020 0000 0041 0000 003F 0000 0020 0000 0CB2 0000 003F 0000 0020 0000 001E 0000 0020 0000 0020 0000 0020 0000 0041 0000 003F 0000 0020 0000 0CB2 0000 003F 0000 0020 0000 001E 0000 0020 0000 0020 0000 0020 0000 0041 0000 003F 0000 0020 0000 11CC
Left	0000 0073 0000 000A 0000 003F 0000 0020 0000 001E 0000 0020 0000 0020 0000 0020 0000 0041 0000 003F 0000 003F 0000 0C94
Mute	0000 0073 0000 0024 0000 0020 0000 0020 0000 0020 0000 001E 0000 0020 0000 0020 0000 0020 0000 0020 0000 0041 0000 0020 0000 003F 0000 0C93 0000 0020 0000 0020 0000 0020 0000 001E 0000 0020 0000 0020 0000 0020 0000 0020 0000 0041 0000 0020 0000 003F 0000 0C93 0000 0020 0000 0020 0000 0020 0000 001E 0000 0020 0000 0020 0000 0020 0000 0020 0000 0041 0000 0020 0000 003F 0000 119F
Jump	0000 0073 0000 003C 0000 0020 0000 0020 0000 001E 0000 0020 0000 0020 0000 0020 0000 0041 0000 001E 0000 0020 0000 0041 0000 0020 0000 0C93 0000 0020 0000 0020 0000 001E 0000 0020 0000 0020 0000 0020 0000 0041 0000 001E 0000 0020 0000 0041 0000 0020 0000 0C93 0000 0020 0000 0020 0000 001E 0000 0020 0000 0020 0000 0020 0000 0041 0000 001E 0000 0020 0000 0041 0000 0020 0000 0C93 0000 0020 0000 0020 0000 001E 0000 0020 0000 0020 0000 0020 0000 0041 0000 001E 0000 0020 0000 0041 0000 0020 0000 0C93 0000 0020 0000 0020 0000 001E 0000 0020 0000 0020 0000 0020 0000 0041 0000 001E 0000 0020 0000 0041 0000 0020 0000 119E
D Deck Ant+	0000 0071 0000 000C 0000 0021 0000 0021 0000 001F 0000 0020 0000 0020 0000 0020 0000 0041 0000 0021 0000 0021 0000 001F 0000 0020 0000 0CD1
D Deck Ant-	0000 0073 0000 000C 0000 0020 0000 0020 0000 001E 0000 0020 0000 0020 0000 0020 0000 0041 0000 0020 0000 0020 0000 001E 0000 0020 0000 0CB3
