Power On	0000 006c 0000 0022 0155 00b0 0016 0016 0016 0016 0016 0016 0016 0016 0016 0016 0016 0016 0016 0016 0016 0042 0016 0016 0016 0016 0016 0016 0016 0016 0016 0042 0016 0042 0016 0042 0016 0016 0016 0016 0016 0042 0016 0042 0016 0016 0016 0042 0016 0016 0016 0042 0016 0016 0016 0042 0016 0016 0016 0016 0016 0042 0016 0016 0016 0042 0016 0016 0016 0042 0016 0653
Power Off	0000 006c 0000 0022 0155 00b0 0016 0016 0016 0016 0016 0016 0016 0016 0016 0016 0016 0016 0016 0016 0016 0042 0016 0016 0016 0016 0016 0016 0016 0016 0016 0042 0016 0042 0016 0042 0016 0016 0016 0042 0016 0042 0016 0042 0016 0016 0016 0042 0016 0016 0016 0042 0016 0016 0016 0016 0016 0016 0016 0016 0016 0042 0016 0016 0016 0042 0016 0016 0016 0042 0016 0653
Display	0000 006c 0000 0022 0155 00b0 0016 0016 0016 0016 0016 0016 0016 0016 0016 0016 0016 0016 0016 0016 0016 0042 0016 0016 0016 0016 0016 0016 0016 0016 0016 0042 0016 0042 0016 0042 0016 0016 0016 0042 0016 0016 0016 0042 0016 0042 0016 0042 0016 0016 0016 0016 0016 0016 0016 0016 0016 0042 0016 0016 0016 0016 0016 0016 0016 0042 0016 0042 0016 0042 0016 0653
1	0000 006c 0000 0022 0155 00b0 0016 0016 0016 0016 0016 0016 0016 0016 0016 0016 0016 0016 0016 0016 0016 0042 0016 0016 0016 0016 0016 0016 0016 0016 0016 0042 0016 0042 0016 0042 0016 0016 0016 0042 0016 0016 0016 0016 0016 0016 0016 0042 0016 0016 0016 0016 0016 0016 0016 0016 0016 0042 0016 0042 0016 0042 0016 0016 0016 0042 0016 0042 0016 0042 0016 0653
2	0000 006c 0000 0022 0155 00b0 0016 0016 0016 0016 0016 0016 0016 0016 0016 0016 0016 0016 0016 0016 0016 0042 0016 0016 0016 0016 0016 0016 0016 0016 0016 0042 0016 0042 0016 0042 0016 0016 0016 0016 0016 0042 0016 0016 0016 0016 0016 0042 0016 0016 0016 0016 0016 0016 0016 0042 0016 0016 0016 0042 0016 0042 0016 0016 0016 0042 0016 0042 0016 0042 0016 0653
3	0000 006c 0000 0022 0155 00b0 0016 0016 0016 0016 0016 0016 0016 0016 0016 0016 0016 0016 0016 0016 0016 0042 0016 0016 0016 0016 0016 0016 0016 0016 0016 0042 0016 0042 0016 0042 0016 0016 0016 0042 0016 0042 0016 0016 0016 0016 0016 0042 0016 0016 0016 0016 0016 0016 0016 0016 0016 0016 0016 0042 0016 0042 0016 0016 0016 0042 0016 0042 0016 0042 0016 0653
4	0000 006c 0000 0022 0155 00b0 0016 0016 0016 0016 0016 0016 0016 0016 0016 0016 0016 0016 0016 0016 0016 0042 0016 0016 0016 0016 0016 0016 0016 0016 0016 0042 0016 0042 0016 0042 0016 0016 0016 0016 0016 0016 0016 0042 0016 0016 0016 0042 0016 0016 0016 0016 0016 0016 0016 0042 0016 0042 0016 0016 0016 0042 0016 0016 0016 0042 0016 0042 0016 0042 0016 0653
5	0000 006c 0000 0022 0155 00b0 0016 0016 0016 0016 0016 0016 0016 0016 0016 0016 0016 0016 0016 0016 0016 0042 0016 0016 0016 0016 0016 0016 0016 0016 0016 0042 0016 0042 0016 0042 0016 0016 0016 0042 0016 0016 0016 0042 0016 0016 0016 0042 0016 0016 0016 0016 0016 0016 0016 0016 0016 0042 0016 0016 0016 0042 0016 0016 0016 0042 0016 0042 0016 0042 0016 0653
6	0000 006c 0000 0022 0155 00b0 0016 0016 0016 0016 0016 0016 0016 0016 0016 0016 0016 0016 0016 0016 0016 0042 0016 0016 0016 0016 0016 0016 0016 0016 0016 0042 0016 0042 0016 0042 0016 0016 0016 0016 0016 0042 0016 0042 0016 0016 0016 0042 0016 0016 0016 0016 0016 0016 0016 0042 0016 0016 0016 0016 0016 0042 0016 0016 0016 0042 0016 0042 0016 0042 0016 0653
7	0000 006c 0000 0022 0155 00b0 0016 0016 0016 0016 0016 0016 0016 0016 0016 0016 0016 0016 0016 0016 0016 0042 0016 0016 0016 0016 0016 0016 0016 0016 0016 0042 0016 0042 0016 0042 0016 0016 0016 0042 0016 0042 0016 0042 0016 0016 0016 0042 0016 0016 0016 0016 0016 0016 0016 0016 0016 0016 0016 0016 0016 0042 0016 0016 0016 0042 0016 0042 0016 0042 0016 0653
8	0000 006c 0000 0022 0155 00b0 0016 0016 0016 0016 0016 0016 0016 0016 0016 0016 0016 0016 0016 0016 0016 0042 0016 0016 0016 0016 0016 0016 0016 0016 0016 0042 0016 0042 0016 0042 0016 0016 0016 0016 0016 0016 0016 0016 0016 0042 0016 0042 0016 0016 0016 0016 0016 0016 0016 0042 0016 0042 0016 0042 0016 0016 0016 0016 0016 0042 0016 0042 0016 0042 0016 0653
9	0000 006c 0000 0022 0155 00b0 0016 0016 0016 0016 0016 0016 0016 0016 0016 0016 0016 0016 0016 0016 0016 0042 0016 0016 0016 0016 0016 0016 0016 0016 0016 0042 0016 0042 0016 0042 0016 0016 0016 0042 0016 0016 0016 0016 0016 0042 0016 0042 0016 0016 0016 0016 0016 0016 0016 0016 0016 0042 0016 0042 0016 0016 0016 0016 0016 0042 0016 0042 0016 0042 0016 0653
0	0000 006c 0000 0022 0155 00b0 0016 0016 0016 0016 0016 0016 0016 0016 0016 0016 0016 0016 0016 0016 0016 0042 0016 0016 0016 0016 0016 0016 0016 0016 0016 0042 0016 0042 0016 0042 0016 0016 0016 0016 0016 0016 0016 0016 0016 0016 0016 0016 0016 0016 0016 0042 0016 0016 0016 0042 0016 0042 0016 0042 0016 0042 0016 0042 0016 0042 0016 0016 0016 0042 0016 0653
Intro	0000 006c 0000 0022 0155 00b0 0016 0016 0016 0016 0016 0016 0016 0016 0016 0016 0016 0016 0016 0016 0016 0042 0016 0016 0016 0016 0016 0016 0016 0016 0016 0042 0016 0042 0016 0042 0016 0016 0016 0042 0016 0016 0016 0042 0016 0042 0016 0016 0016 0016 0016 0016 0016 0016 0016 0016 0016 0042 0016 0016 0016 0016 0016 0042 0016 0042 0016 0042 0016 0042 0016 0653
Program	0000 006c 0000 0022 0155 00b0 0016 0016 0016 0016 0016 0016 0016 0016 0016 0016 0016 0016 0016 0016 0016 0042 0016 0016 0016 0016 0016 0016 0016 0016 0016 0042 0016 0042 0016 0042 0016 0016 0016 0016 0016 0042 0016 0042 0016 0042 0016 0016 0016 0016 0016 0016 0016 0016 0016 0042 0016 0016 0016 0016 0016 0016 0016 0042 0016 0042 0016 0042 0016 0042 0016 0653
Clear	0000 006c 0000 0022 0155 00b0 0016 0016 0016 0016 0016 0016 0016 0016 0016 0016 0016 0016 0016 0016 0016 0042 0016 0016 0016 0016 0016 0016 0016 0016 0016 0042 0016 0042 0016 0042 0016 0016 0016 0042 0016 0042 0016 0042 0016 0042 0016 0016 0016 0016 0016 0016 0016 0016 0016 0016 0016 0016 0016 0016 0016 0016 0016 0042 0016 0042 0016 0042 0016 0042 0016 0653
Check	0000 006c 0000 0022 0155 00b0 0016 0016 0016 0016 0016 0016 0016 0016 0016 0016 0016 0016 0016 0016 0016 0042 0016 0016 0016 0016 0016 0016 0016 0016 0016 0042 0016 0042 0016 0042 0016 0016 0016 0042 0016 0042 0016 0016 0016 0042 0016 0042 0016 0016 0016 0016 0016 0016 0016 0016 0016 0016 0016 0042 0016 0016 0016 0016 0016 0042 0016 0042 0016 0042 0016 0653
Time	0000 006c 0000 0022 0155 00b0 0016 0016 0016 0016 0016 0016 0016 0016 0016 0016 0016 0016 0016 0016 0016 0042 0016 0016 0016 0016 0016 0016 0016 0016 0016 0042 0016 0042 0016 0042 0016 0016 0016 0016 0016 0016 0016 0042 0016 0042 0016 0042 0016 0016 0016 0016 0016 0016 0016 0042 0016 0042 0016 0016 0016 0016 0016 0016 0016 0042 0016 0042 0016 0042 0016 0653
Rpt/All	0000 006c 0000 0022 0155 00b0 0016 0016 0016 0016 0016 0016 0016 0016 0016 0016 0016 0016 0016 0016 0016 0042 0016 0016 0016 0016 0016 0016 0016 0016 0016 0042 0016 0042 0016 0042 0016 0016 0016 0016 0016 0042 0016 0016 0016 0042 0016 0016 0016 0016 0016 0016 0016 0016 0016 0042 0016 0016 0016 0042 0016 0016 0016 0042 0016 0042 0016 0042 0016 0042 0016 0653
Rpt A/B	0000 006c 0000 0022 0155 00b0 0016 0016 0016 0016 0016 0016 0016 0016 0016 0016 0016 0016 0016 0016 0016 0042 0016 0016 0016 0016 0016 0016 0016 0016 0016 0042 0016 0042 0016 0042 0016 0016 0016 0042 0016 0042 0016 0016 0016 0042 0016 0016 0016 0016 0016 0016 0016 0016 0016 0016 0016 0016 0016 0042 0016 0016 0016 0042 0016 0042 0016 0042 0016 0042 0016 0653
Random	0000 006c 0000 0022 0155 00b0 0016 0016 0016 0016 0016 0016 0016 0016 0016 0016 0016 0016 0016 0016 0016 0042 0016 0016 0016 0016 0016 0016 0016 0016 0016 0042 0016 0042 0016 0042 0016 0016 0016 0042 0016 0016 0016 0042 0016 0042 0016 0016 0016 0016 0016 0042 0016 0016 0016 0016 0016 0042 0016 0016 0016 0016 0016 0042 0016 0042 0016 0016 0016 0042 0016 0653
R Step	0000 006c 0000 0022 0155 00b0 0016 0016 0016 0016 0016 0016 0016 0016 0016 0016 0016 0016 0016 0016 0016 0042 0016 0016 0016 0016 0016 0016 0016 0016 0016 0042 0016 0042 0016 0042 0016 0016 0016 0042 0016 0016 0016 0042 0016 0016 0016 0016 0016 0016 0016 0016 0016 0016 0016 0016 0016 0042 0016 0016 0016 0042 0016 0042 0016 0042 0016 0042 0016 0042 0016 0653
F Step	0000 006c 0000 0022 0155 00b0 0016 0016 0016 0016 0016 0016 0016 0016 0016 0016 0016 0016 0016 0016 0016 0042 0016 0016 0016 0016 0016 0016 0016 0016 0016 0042 0016 0042 0016 0042 0016 0016 0016 0016 0016 0016 0016 0042 0016 0016 0016 0016 0016 0016 0016 0016 0016 0016 0016 0042 0016 0042 0016 0016 0016 0042 0016 0042 0016 0042 0016 0042 0016 0042 0016 0653
Pause	0000 006c 0000 0022 0155 00b0 0016 0016 0016 0016 0016 0016 0016 0016 0016 0016 0016 0016 0016 0016 0016 0042 0016 0016 0016 0016 0016 0016 0016 0016 0016 0042 0016 0042 0016 0042 0016 0016 0016 0042 0016 0042 0016 0016 0016 0016 0016 0016 0016 0016 0016 0016 0016 0016 0016 0016 0016 0016 0016 0042 0016 0042 0016 0042 0016 0042 0016 0042 0016 0042 0016 0653
Stop	0000 006c 0000 0022 0155 00b0 0016 0016 0016 0016 0016 0016 0016 0016 0016 0016 0016 0016 0016 0016 0016 0042 0016 0016 0016 0016 0016 0016 0016 0016 0016 0042 0016 0042 0016 0042 0016 0016 0016 0042 0016 0016 0016 0016 0016 0016 0016 0016 0016 0016 0016 0016 0016 0016 0016 0016 0016 0042 0016 0042 0016 0042 0016 0042 0016 0042 0016 0042 0016 0042 0016 0653
R Srch	0000 006c 0000 0022 0155 00b0 0016 0016 0016 0016 0016 0016 0016 0016 0016 0016 0016 0016 0016 0016 0016 0042 0016 0016 0016 0016 0016 0016 0016 0016 0016 0042 0016 0042 0016 0042 0016 0016 0016 0042 0016 0042 0016 0042 0016 0016 0016 0016 0016 0016 0016 0016 0016 0016 0016 0016 0016 0016 0016 0016 0016 0042 0016 0042 0016 0042 0016 0042 0016 0042 0016 0653
F Srch	0000 006c 0000 0022 0155 00b0 0016 0016 0016 0016 0016 0016 0016 0016 0016 0016 0016 0016 0016 0016 0016 0042 0016 0016 0016 0016 0016 0016 0016 0016 0016 0042 0016 0042 0016 0042 0016 0016 0016 0016 0016 0042 0016 0042 0016 0016 0016 0016 0016 0016 0016 0016 0016 0016 0016 0042 0016 0016 0016 0016 0016 0042 0016 0042 0016 0042 0016 0042 0016 0042 0016 0653
Play	0000 006c 0000 0022 0155 00b0 0016 0016 0016 0016 0016 0016 0016 0016 0016 0016 0016 0016 0016 0016 0016 0042 0016 0016 0016 0016 0016 0016 0016 0016 0016 0042 0016 0042 0016 0042 0016 0016 0016 0016 0016 0042 0016 0016 0016 0016 0016 0016 0016 0016 0016 0016 0016 0016 0016 0042 0016 0016 0016 0042 0016 0042 0016 0042 0016 0042 0016 0042 0016 0042 0016 0653
