Power	0000 006d 0022 0002 0154 00aa 0014 0016 0014 0016 0014 0016 0014 0016 0014 0016 0014 0016 0014 0016 0014 0041 0014 0016 0014 0016 0014 0016 0014 0016 0014 0041 0013 0041 0014 0041 0014 0016 0014 0016 0014 0016 0014 0016 0014 0016 0014 0016 0014 0016 0014 0041 0013 0041 0014 0041 0014 0041 0013 0041 0014 0041 0014 0041 0013 0041 0014 0016 0014 0016 0014 06d2 0154 0056 0014 0e7e
Tuner	0000 006d 0022 0002 0154 00aa 0014 0016 0014 0016 0014 0016 0014 0016 0014 0016 0014 0016 0014 0016 0014 0041 0014 0016 0014 0016 0014 0016 0014 0016 0014 0041 0013 0041 0014 0041 0014 0016 0014 0041 0013 0041 0014 0016 0014 0016 0014 0016 0014 0016 0014 0041 0014 0041 0013 0017 0013 0017 0013 0041 0014 0041 0014 0041 0013 0041 0014 0016 0014 0016 0014 06bf 0154 0057 0013 0e6b
Tune+	0000 006d 0022 0002 0154 00aa 0014 0016 0014 0016 0014 0016 0014 0016 0014 0016 0014 0016 0014 0016 0014 0041 0014 0016 0014 0016 0014 0016 0014 0016 0014 0041 0013 0041 0014 0041 0014 0016 0014 0016 0014 0016 0014 0041 0013 0017 0013 0017 0013 0017 0013 0017 0013 0041 0014 0041 0014 0041 0013 0017 0013 0041 0014 0041 0014 0041 0013 0041 0014 0016 0014 0687 0154 0057 0013 0e33
Tune-	0000 006d 0022 0002 0154 00aa 0014 0016 0014 0016 0014 0016 0014 0016 0014 0016 0014 0016 0014 0016 0014 0041 0014 0016 0014 0016 0014 0016 0014 0016 0014 0041 0013 0041 0014 0041 0014 0016 0014 0041 0013 0017 0013 0041 0014 0016 0014 0016 0014 0016 0014 0016 0014 0041 0014 0016 0014 0041 0013 0017 0013 0041 0014 0041 0014 0041 0013 0041 0014 0016 0014 0687 0154 0057 0013 0e33
P Scan	0000 006d 0022 0002 0154 00aa 0013 0017 0013 0017 0013 0017 0013 0017 0013 0017 0013 0017 0013 0017 0013 0041 0014 0016 0014 0016 0014 0016 0014 0016 0014 0041 0014 0041 0013 0041 0014 0016 0014 0016 0014 0041 0014 0041 0013 0017 0013 0041 0014 0016 0014 0016 0014 0041 0014 0041 0013 0017 0013 0017 0013 0041 0014 0016 0014 0041 0014 0041 0013 0017 0013 0687 0154 0056 0014 0e33
1	0000 006d 0022 0002 0154 00aa 0014 0016 0014 0016 0014 0016 0014 0016 0014 0016 0014 0016 0014 0016 0014 0041 0013 0017 0013 0017 0013 0017 0013 0017 0013 0041 0014 0041 0014 0041 0013 0017 0013 0041 0014 0041 0014 0041 0013 0017 0013 0017 0013 0017 0013 0017 0013 0041 0014 0016 0014 0016 0014 0016 0014 0041 0014 0041 0013 0041 0014 0041 0014 0016 0014 0687 0154 0056 0014 0e33
2	0000 006d 0022 0002 0154 00aa 0014 0016 0014 0016 0014 0016 0014 0016 0014 0016 0014 0016 0014 0016 0014 0041 0014 0016 0014 0016 0014 0016 0014 0016 0014 0041 0013 0041 0014 0041 0014 0016 0014 0016 0014 0016 0014 0016 0014 0041 0013 0017 0013 0017 0013 0017 0013 0041 0014 0041 0014 0041 0013 0041 0014 0016 0014 0041 0014 0041 0013 0041 0014 0016 0014 0687 0154 0057 0013 0e33
3	0000 006d 0022 0002 0154 00aa 0014 0016 0014 0016 0014 0016 0014 0016 0014 0016 0014 0016 0014 0016 0014 0041 0013 0017 0013 0017 0013 0017 0013 0017 0013 0041 0014 0041 0014 0041 0013 0017 0013 0041 0014 0016 0014 0016 0014 0041 0014 0016 0014 0016 0014 0016 0014 0041 0013 0017 0013 0041 0014 0041 0014 0016 0014 0041 0013 0041 0014 0041 0014 0016 0014 0687 0154 0056 0014 0e33
4	0000 006d 0022 0002 0154 00aa 0014 0016 0014 0016 0014 0016 0014 0016 0014 0016 0014 0016 0014 0016 0014 0041 0013 0017 0013 0017 0013 0017 0013 0017 0013 0041 0014 0041 0014 0041 0013 0017 0013 0017 0013 0041 0014 0016 0014 0041 0014 0016 0014 0016 0014 0016 0014 0041 0013 0041 0014 0016 0014 0041 0014 0016 0014 0041 0013 0041 0014 0041 0014 0016 0014 0687 0154 0056 0014 0e33
5	0000 006d 0022 0002 0154 00aa 0013 0017 0013 0017 0013 0017 0013 0017 0013 0017 0013 0017 0013 0017 0013 0041 0014 0016 0014 0016 0014 0016 0014 0016 0014 0041 0014 0041 0013 0041 0014 0016 0014 0041 0014 0041 0013 0017 0013 0041 0014 0016 0014 0016 0014 0016 0014 0041 0014 0016 0014 0016 0014 0041 0013 0017 0013 0041 0014 0041 0014 0041 0013 0017 0013 0687 0154 0056 0014 0e33
6	0000 006d 0022 0002 0154 00aa 0014 0016 0014 0016 0014 0016 0014 0016 0014 0016 0014 0016 0014 0016 0014 0041 0013 0017 0013 0017 0013 0017 0013 0017 0013 0041 0014 0041 0014 0041 0013 0017 0013 0017 0013 0017 0013 0041 0014 0041 0014 0016 0014 0016 0014 0016 0014 0041 0013 0041 0014 0041 0014 0016 0014 0016 0014 0041 0013 0041 0014 0041 0014 0016 0014 0687 0154 0056 0014 0e33
7	0000 006d 0022 0002 0154 00aa 0013 0017 0013 0017 0013 0017 0013 0017 0013 0017 0013 0017 0013 0017 0013 0041 0014 0016 0014 0016 0014 0016 0014 0016 0014 0041 0014 0041 0013 0041 0014 0016 0014 0041 0014 0016 0014 0041 0013 0041 0014 0016 0014 0016 0014 0016 0014 0041 0014 0016 0014 0041 0013 0017 0013 0017 0013 0041 0014 0041 0014 0041 0013 0017 0013 0687 0154 0056 0014 0e33
8	0000 006d 0022 0002 0154 00aa 0014 0016 0014 0016 0014 0016 0014 0016 0014 0016 0014 0016 0014 0016 0014 0041 0014 0016 0014 0016 0014 0016 0014 0016 0014 0041 0013 0041 0014 0041 0014 0016 0014 0016 0014 0041 0013 0041 0014 0041 0014 0016 0014 0016 0014 0016 0014 0041 0013 0041 0014 0016 0014 0016 0014 0016 0014 0041 0014 0041 0013 0041 0014 0016 0014 0687 0154 0057 0013 0e33
9	0000 006d 0022 0002 0154 00aa 0014 0016 0014 0016 0014 0016 0014 0016 0014 0016 0014 0016 0014 0016 0014 0041 0014 0016 0014 0016 0014 0016 0014 0016 0014 0041 0013 0041 0014 0041 0014 0016 0014 0041 0013 0017 0013 0041 0014 0041 0014 0041 0013 0017 0013 0017 0013 0041 0014 0016 0014 0041 0014 0016 0014 0016 0014 0016 0014 0041 0013 0041 0014 0016 0014 0687 0154 0057 0013 0e33
0	0000 006d 0022 0002 0154 00aa 0014 0016 0014 0016 0014 0016 0014 0016 0014 0016 0014 0016 0014 0016 0014 0041 0013 0017 0013 0017 0013 0017 0013 0017 0013 0041 0014 0041 0014 0041 0013 0017 0013 0017 0013 0041 0014 0041 0014 0041 0013 0041 0014 0016 0014 0016 0014 0041 0014 0041 0013 0017 0013 0017 0013 0017 0013 0017 0013 0041 0014 0041 0014 0016 0014 0687 0154 0056 0014 0e33
CD	0000 006d 0022 0002 0154 00aa 0014 0016 0014 0016 0014 0016 0014 0016 0014 0016 0014 0016 0014 0016 0014 0041 0013 0017 0013 0017 0013 0017 0013 0017 0013 0041 0014 0041 0014 0041 0013 0017 0013 0017 0013 0017 0013 0041 0014 0016 0014 0016 0014 0016 0014 0041 0014 0041 0013 0041 0014 0041 0014 0016 0014 0041 0013 0041 0014 0041 0014 0016 0014 0016 0014 06bf 0154 0056 0014 0e6b
Play	0000 006d 0000 0022 0154 00aa 0014 0016 0014 0016 0014 0016 0014 0016 0014 0016 0014 0016 0014 0016 0014 0041 0014 0016 0014 0016 0014 0016 0014 0016 0014 0041 0013 0041 0014 0041 0014 0016 0014 0016 0014 0041 0013 0017 0013 0017 0013 0017 0013 0017 0013 0017 0013 0017 0013 0041 0014 0016 0014 0041 0014 0041 0013 0041 0014 0041 0014 0041 0013 0041 0014 0687
Stop	0000 006d 0000 0022 0154 00aa 0014 0016 0014 0016 0014 0016 0014 0016 0014 0016 0014 0016 0014 0016 0014 0041 0013 0017 0013 0017 0013 0017 0013 0017 0013 0041 0014 0041 0014 0041 0013 0017 0013 0041 0014 0016 0014 0016 0014 0016 0014 0016 0014 0016 0014 0016 0014 0016 0014 0016 0014 0041 0014 0041 0013 0041 0014 0041 0014 0041 0013 0041 0014 0041 0014 0687
Pause	0000 006d 0000 0022 0154 00aa 0014 0016 0014 0016 0014 0016 0014 0016 0014 0016 0014 0016 0014 0016 0014 0041 0014 0016 0014 0016 0014 0016 0014 0016 0014 0041 0013 0041 0014 0041 0014 0016 0014 0041 0013 0041 0014 0016 0014 0016 0014 0016 0014 0016 0014 0016 0014 0016 0014 0016 0014 0016 0014 0041 0014 0041 0013 0041 0014 0041 0014 0041 0013 0041 0014 0687
Disc	0000 006d 0000 0022 0154 00aa 0014 0016 0014 0016 0014 0016 0014 0016 0014 0016 0014 0016 0014 0016 0014 0041 0013 0017 0013 0017 0013 0017 0013 0017 0013 0041 0014 0041 0014 0041 0013 0017 0013 0017 0013 0017 0013 0017 0013 0017 0013 0041 0014 0016 0014 0041 0014 0016 0014 0041 0013 0041 0014 0041 0014 0041 0013 0017 0013 0041 0014 0016 0014 0041 0014 0687
F Trk	0000 006d 0000 0022 0154 00aa 0013 0017 0013 0017 0013 0017 0013 0017 0013 0017 0013 0017 0013 0017 0013 0041 0014 0016 0014 0016 0014 0016 0014 0016 0014 0041 0014 0041 0013 0041 0014 0016 0014 0016 0014 0041 0014 0041 0013 0017 0013 0017 0013 0017 0013 0017 0013 0017 0013 0041 0014 0016 0014 0016 0014 0041 0014 0041 0013 0041 0014 0041 0014 0041 0013 0687
R Trk	0000 006d 0000 0022 0154 00aa 0014 0016 0014 0016 0014 0016 0014 0016 0014 0016 0014 0016 0014 0016 0014 0041 0013 0017 0013 0017 0013 0017 0013 0017 0013 0041 0014 0041 0014 0041 0013 0017 0013 0041 0014 0041 0014 0041 0013 0017 0013 0017 0013 0017 0013 0017 0013 0017 0013 0017 0013 0017 0013 0017 0013 0041 0014 0041 0014 0041 0013 0041 0014 0041 0014 0687
Ams +	0000 006d 0000 0022 0154 00aa 0013 0017 0013 0017 0013 0017 0013 0017 0013 0017 0013 0017 0013 0017 0013 0041 0014 0016 0014 0016 0014 0016 0014 0016 0014 0041 0014 0041 0013 0041 0014 0016 0014 0016 0014 0016 0014 0041 0014 0016 0014 0016 0014 0016 0014 0016 0014 0016 0014 0041 0013 0041 0014 0016 0014 0041 0014 0041 0013 0041 0014 0041 0014 0041 0013 0687
Ams -	0000 006d 0000 0022 0154 00aa 0014 0016 0014 0016 0014 0016 0014 0016 0014 0016 0014 0016 0014 0016 0014 0041 0014 0016 0014 0016 0014 0016 0014 0016 0014 0041 0013 0041 0014 0041 0014 0016 0014 0041 0013 0017 0013 0041 0014 0016 0014 0016 0014 0016 0014 0016 0014 0016 0014 0016 0014 0041 0014 0016 0014 0041 0013 0041 0014 0041 0014 0041 0013 0041 0014 0687
A-B	0000 006d 0000 0022 0154 00aa 0014 0016 0014 0016 0014 0016 0014 0016 0014 0016 0014 0016 0014 0016 0014 0041 0013 0017 0013 0017 0013 0017 0013 0017 0013 0041 0014 0041 0014 0041 0013 0017 0013 0041 0014 0041 0014 0016 0014 0041 0013 0017 0013 0017 0013 0017 0013 0017 0013 0017 0013 0017 0013 0041 0014 0016 0014 0041 0014 0041 0013 0041 0014 0041 0014 0687
Intro	0000 006d 0000 0022 0154 00aa 0014 0016 0014 0016 0014 0016 0014 0016 0014 0016 0014 0016 0014 0016 0014 0041 0013 0017 0013 0017 0013 0017 0013 0017 0013 0041 0014 0041 0014 0041 0013 0017 0013 0041 0014 0016 0014 0041 0014 0041 0013 0017 0013 0017 0013 0017 0013 0017 0013 0017 0013 0041 0014 0016 0014 0016 0014 0041 0014 0041 0013 0041 0014 0041 0014 0687
Acr1	0000 006d 0022 0002 0154 00aa 0014 0016 0014 0016 0014 0016 0014 0016 0014 0016 0014 0016 0014 0016 0014 0041 0013 0017 0013 0017 0013 0017 0013 0017 0013 0041 0014 0041 0014 0041 0013 0017 0013 0017 0013 0017 0013 0041 0014 0041 0014 0016 0014 0016 0014 0041 0013 0041 0014 0041 0014 0041 0013 0017 0013 0017 0013 0041 0014 0041 0014 0016 0014 0016 0014 06bf 0154 0056 0014 0e6b
Acr2	0000 006d 0022 0002 0154 00aa 0014 0016 0014 0016 0014 0016 0014 0016 0014 0016 0014 0016 0014 0016 0014 0041 0014 0016 0014 0016 0014 0016 0014 0016 0014 0041 0013 0041 0014 0041 0014 0016 0014 0041 0013 0017 0013 0041 0014 0041 0014 0016 0014 0016 0014 0041 0013 0041 0014 0016 0014 0041 0014 0016 0014 0016 0014 0041 0013 0041 0014 0016 0014 0016 0014 06bf 0154 0056 0014 0e6b
Play	0000 006d 0000 0022 0154 00aa 0014 0016 0014 0041 0013 0017 0013 0017 0013 0017 0013 0017 0013 0017 0013 0041 0014 0016 0014 0041 0014 0016 0014 0016 0014 0041 0013 0041 0014 0041 0014 0016 0014 0016 0014 0041 0013 0041 0014 0016 0014 0016 0014 0016 0014 0016 0014 0016 0014 0041 0014 0016 0014 0016 0014 0041 0013 0041 0014 0041 0014 0041 0013 0041 0014 06bf
Stop	0000 006d 0000 0022 0154 00aa 0014 0016 0014 0041 0013 0017 0013 0017 0013 0017 0013 0017 0013 0017 0013 0041 0014 0016 0014 0041 0014 0016 0014 0016 0014 0041 0013 0041 0014 0041 0014 0016 0014 0041 0013 0041 0014 0016 0014 0016 0014 0016 0014 0016 0014 0016 0014 0016 0014 0016 0014 0016 0014 0041 0014 0041 0013 0041 0014 0041 0014 0041 0013 0041 0014 06bf
Ffwd	0000 006d 0000 0022 0154 00aa 0014 0016 0014 0041 0014 0016 0014 0016 0014 0016 0014 0016 0014 0016 0014 0041 0013 0017 0013 0041 0014 0016 0014 0016 0014 0041 0014 0041 0013 0041 0014 0016 0014 0041 0014 0016 0014 0016 0014 0016 0014 0016 0014 0016 0014 0016 0014 0016 0014 0016 0014 0041 0013 0041 0014 0041 0014 0041 0013 0041 0014 0041 0014 0041 0013 06bf
Rew	0000 006d 0000 0022 0154 00aa 0013 0017 0013 0041 0014 0016 0014 0016 0014 0016 0014 0016 0014 0016 0014 0041 0014 0016 0014 0041 0013 0017 0013 0017 0013 0041 0014 0041 0014 0041 0013 0017 0013 0017 0013 0041 0014 0016 0014 0016 0014 0016 0014 0016 0014 0016 0014 0016 0014 0041 0014 0016 0014 0041 0013 0041 0014 0041 0014 0041 0013 0041 0014 0041 0014 06bf
F Search	0000 006d 0000 0022 0154 00aa 0014 0016 0014 0041 0013 0017 0013 0017 0013 0017 0013 0017 0013 0017 0013 0041 0014 0016 0014 0041 0014 0016 0014 0016 0014 0041 0013 0041 0014 0041 0014 0016 0014 0016 0014 0016 0014 0041 0013 0017 0013 0017 0013 0017 0013 0017 0013 0017 0013 0041 0014 0041 0014 0016 0014 0041 0013 0041 0014 0041 0014 0041 0013 0041 0014 06bf
R Search	0000 006d 0000 0022 0154 00aa 0014 0016 0014 0041 0014 0016 0014 0016 0014 0016 0014 0016 0014 0016 0014 0041 0013 0017 0013 0041 0014 0016 0014 0016 0014 0041 0014 0041 0013 0041 0014 0016 0014 0041 0014 0016 0014 0041 0013 0017 0013 0017 0013 0017 0013 0017 0013 0017 0013 0017 0013 0041 0014 0016 0014 0041 0014 0041 0013 0041 0014 0041 0014 0041 0013 06bf
Select A/B	0000 006d 0000 0022 0154 00aa 0014 0016 0014 0041 0014 0016 0014 0016 0014 0016 0014 0016 0014 0016 0014 0041 0013 0017 0013 0041 0014 0016 0014 0016 0014 0041 0014 0041 0013 0041 0014 0016 0014 0041 0014 0016 0014 0041 0013 0041 0014 0041 0014 0016 0014 0016 0014 0016 0014 0016 0014 0041 0013 0017 0013 0017 0013 0017 0013 0041 0014 0041 0014 0041 0013 06bf
TV/Aux	0000 006d 0022 0002 0154 00aa 0014 0016 0014 0016 0014 0016 0014 0016 0014 0016 0014 0016 0014 0016 0014 0041 0014 0016 0014 0016 0014 0016 0014 0016 0014 0041 0013 0041 0014 0041 0014 0016 0014 0016 0014 0041 0013 0041 0014 0041 0014 0016 0014 0016 0014 0041 0013 0041 0014 0041 0014 0016 0014 0016 0014 0016 0014 0041 0013 0041 0014 0016 0014 0016 0014 06bf 0154 0057 0013 0e6b
VCR1	0000 006d 0022 0002 0154 00aa 0014 0016 0014 0016 0014 0016 0014 0016 0014 0016 0014 0016 0014 0016 0014 0041 0013 0017 0013 0017 0013 0017 0013 0017 0013 0041 0014 0041 0014 0041 0013 0017 0013 0017 0013 0041 0014 0016 0014 0041 0014 0016 0014 0016 0014 0041 0013 0041 0014 0041 0014 0016 0014 0041 0013 0017 0013 0041 0014 0041 0014 0016 0014 0016 0014 06bf 0154 0056 0014 0e6b
VCR2	0000 006d 0022 0002 0154 00aa 0014 0016 0014 0016 0014 0016 0014 0016 0014 0016 0014 0016 0014 0016 0014 0041 0013 0017 0013 0017 0013 0017 0013 0017 0013 0041 0014 0041 0014 0041 0013 0017 0013 0041 0014 0041 0014 0016 0014 0041 0013 0017 0013 0017 0013 0041 0014 0041 0014 0016 0014 0016 0014 0041 0013 0017 0013 0041 0014 0041 0014 0016 0014 0016 0014 06bf 0154 0056 0014 0e6b
Phono	0000 006d 0022 0002 0154 00aa 0014 0016 0014 0016 0014 0016 0014 0016 0014 0016 0014 0016 0014 0016 0014 0041 0014 0016 0014 0016 0014 0016 0014 0016 0014 0041 0013 0041 0014 0041 0014 0016 0014 0016 0014 0041 0013 0017 0013 0017 0013 0017 0013 0017 0013 0041 0014 0041 0014 0041 0013 0017 0013 0041 0014 0041 0014 0041 0013 0041 0014 0016 0014 0016 0014 06bf 0154 0056 0014 0e6b
Delay	0000 006d 0000 0022 0154 00aa 0014 0016 0014 0041 0013 0017 0013 0017 0013 0017 0013 0017 0013 0017 0013 0041 0014 0016 0014 0041 0014 0016 0014 0016 0014 0041 0013 0041 0014 0041 0014 0016 0014 0016 0014 0041 0013 0017 0013 0041 0014 0016 0014 0016 0014 0016 0014 0041 0014 0041 0013 0017 0013 0041 0014 0016 0014 0041 0014 0041 0013 0041 0014 0016 0014 06a7
Off	0000 006d 0000 0022 0154 00aa 0014 0016 0014 0041 0014 0016 0014 0016 0014 0016 0014 0016 0014 0016 0014 0041 0013 0017 0013 0041 0014 0016 0014 0016 0014 0041 0014 0041 0013 0041 0014 0016 0014 0041 0014 0016 0014 0016 0014 0041 0013 0017 0013 0017 0013 0017 0013 0041 0014 0016 0014 0041 0014 0041 0013 0017 0013 0041 0014 0041 0014 0041 0013 0017 0013 06a7
3 Stereo	0000 006d 0000 0022 0154 00aa 0014 0016 0014 0041 0013 0017 0013 0017 0013 0017 0013 0017 0013 0017 0013 0041 0014 0016 0014 0041 0014 0016 0014 0016 0014 0041 0013 0041 0014 0041 0014 0016 0014 0041 0013 0017 0013 0041 0014 0041 0014 0041 0013 0017 0013 0017 0013 0041 0014 0016 0014 0041 0014 0016 0014 0016 0014 0016 0014 0041 0013 0041 0014 0016 0014 06a7
P Logic	0000 006d 0000 0022 0154 00aa 0014 0016 0014 0041 0014 0016 0014 0016 0014 0016 0014 0016 0014 0016 0014 0041 0013 0017 0013 0041 0014 0016 0014 0016 0014 0041 0014 0041 0013 0041 0014 0016 0014 0041 0014 0041 0013 0041 0014 0041 0014 0041 0013 0017 0013 0017 0013 0041 0014 0016 0014 0016 0014 0016 0014 0016 0014 0016 0014 0041 0014 0041 0013 0017 0013 06a7
Center Level +	0000 006d 0022 0002 0154 00aa 0014 0016 0014 0016 0014 0016 0014 0016 0014 0016 0014 0016 0014 0016 0014 0041 0013 0017 0013 0017 0013 0017 0013 0017 0013 0041 0014 0041 0014 0041 0013 0017 0013 0041 0014 0016 0014 0016 0014 0041 0014 0041 0013 0017 0013 0041 0014 0041 0014 0016 0014 0041 0013 0041 0014 0016 0014 0016 0014 0041 0014 0016 0014 0016 0014 06a7 0154 0056 0014 0e53
Center Level -	0000 006d 0022 0002 0154 00aa 0014 0016 0014 0016 0014 0016 0014 0016 0014 0016 0014 0016 0014 0016 0014 0041 0013 0017 0013 0017 0013 0017 0013 0017 0013 0041 0014 0041 0014 0041 0013 0017 0013 0017 0013 0041 0014 0016 0014 0041 0014 0041 0013 0017 0013 0041 0014 0041 0014 0041 0013 0017 0013 0041 0014 0016 0014 0016 0014 0041 0014 0016 0014 0016 0014 06a7 0154 0056 0014 0e53
Rear Level +	0000 006d 0022 0002 0154 00aa 0013 0017 0013 0017 0013 0017 0013 0017 0013 0017 0013 0017 0013 0017 0013 0041 0014 0016 0014 0016 0014 0016 0014 0016 0014 0041 0014 0041 0013 0041 0014 0016 0014 0041 0014 0041 0013 0041 0014 0016 0014 0041 0014 0016 0014 0041 0013 0041 0014 0016 0014 0016 0014 0016 0014 0041 0014 0016 0014 0041 0013 0017 0013 0017 0013 06a7 0154 0056 0014 0e53
Rear Level -	0000 006d 0022 0002 0154 00aa 0014 0016 0014 0016 0014 0016 0014 0016 0014 0016 0014 0016 0014 0016 0014 0041 0013 0017 0013 0017 0013 0017 0013 0017 0013 0041 0014 0041 0014 0041 0013 0017 0013 0017 0013 0017 0013 0017 0013 0041 0014 0041 0014 0016 0014 0041 0013 0041 0014 0041 0014 0041 0013 0041 0014 0016 0014 0016 0014 0041 0014 0016 0014 0016 0014 06a7 0154 0056 0014 0e53
Cent Mode	0000 006d 0000 0022 0154 00aa 0014 0016 0014 0041 0014 0016 0014 0016 0014 0016 0014 0016 0014 0016 0014 0041 0013 0017 0013 0041 0014 0016 0014 0016 0014 0041 0014 0041 0013 0041 0014 0016 0014 0041 0014 0016 0014 0041 0013 0041 0014 0016 0014 0016 0014 0016 0014 0041 0014 0016 0014 0041 0013 0017 0013 0017 0013 0041 0014 0041 0014 0041 0013 0017 0013 06a7
Test	0000 006d 0000 0022 0154 00aa 0014 0016 0014 0041 0014 0016 0014 0016 0014 0016 0014 0016 0014 0016 0014 0041 0013 0017 0013 0041 0014 0016 0014 0016 0014 0041 0014 0041 0013 0041 0014 0016 0014 0016 0014 0016 0014 0041 0014 0041 0013 0017 0013 0017 0013 0017 0013 0041 0014 0041 0014 0041 0013 0017 0013 0017 0013 0041 0014 0041 0014 0041 0013 0017 0013 06a7
Hall	0000 006d 0000 0022 0154 00aa 0013 0017 0013 0041 0014 0016 0014 0016 0014 0016 0014 0016 0014 0016 0014 0041 0014 0016 0014 0041 0013 0017 0013 0017 0013 0041 0014 0041 0014 0041 0013 0017 0013 0017 0013 0017 0013 0017 0013 0017 0013 0041 0014 0016 0014 0016 0014 0041 0014 0041 0013 0041 0014 0041 0014 0041 0013 0017 0013 0041 0014 0041 0014 0016 0014 06a7
Vol+	0000 006d 0022 0002 0154 00aa 0014 0016 0014 0016 0014 0016 0014 0016 0014 0016 0014 0016 0014 0016 0014 0041 0013 0017 0013 0017 0013 0017 0013 0017 0013 0041 0014 0041 0014 0041 0013 0017 0013 0041 0014 0041 0014 0041 0013 0017 0013 0017 0013 0017 0013 0041 0014 0041 0014 0016 0014 0016 0014 0016 0014 0041 0013 0041 0014 0041 0014 0016 0014 0016 0014 06bf 0154 0056 0014 0e6b
Vol-	0000 006d 0022 0002 0154 00aa 0014 0016 0014 0016 0014 0016 0014 0016 0014 0016 0014 0016 0014 0016 0014 0041 0014 0016 0014 0016 0014 0016 0014 0016 0014 0041 0013 0041 0014 0041 0014 0016 0014 0016 0014 0016 0014 0016 0014 0041 0013 0017 0013 0017 0013 0041 0014 0041 0014 0041 0013 0041 0014 0041 0014 0016 0014 0041 0013 0041 0014 0016 0014 0016 0014 06c5 0154 0057 0013 0e71
Sleep	0000 006d 0022 0002 0154 00aa 0014 0016 0014 0016 0014 0016 0014 0016 0014 0016 0014 0016 0014 0016 0014 0041 0013 0017 0013 0017 0013 0017 0013 0017 0013 0041 0014 0041 0014 0041 0013 0017 0013 0041 0014 0041 0014 0016 0014 0041 0013 0041 0014 0016 0014 0041 0014 0041 0013 0017 0013 0017 0013 0041 0014 0016 0014 0016 0014 0041 0014 0016 0014 0016 0014 06a7 0154 0056 0014 0e53
Mute	0000 006d 0022 0002 0154 00aa 0013 0017 0013 0017 0013 0017 0013 0017 0013 0017 0013 0017 0013 0017 0013 0041 0014 0016 0014 0016 0014 0016 0014 0016 0014 0041 0014 0041 0013 0041 0014 0016 0014 0041 0014 0016 0014 0016 0014 0016 0014 0016 0014 0016 0014 0041 0013 0041 0014 0016 0014 0041 0014 0041 0013 0041 0014 0041 0014 0041 0013 0017 0013 0017 0013 06bf 0154 0056 0014 0e6b
Display	0000 006d 0022 0002 0154 00aa 0013 0017 0013 0017 0013 0017 0013 0017 0013 0017 0013 0017 0013 0017 0013 0041 0014 0016 0014 0016 0014 0016 0014 0016 0014 0041 0014 0041 0013 0041 0014 0016 0014 0016 0014 0016 0014 0041 0014 0041 0013 0041 0014 0016 0014 0041 0014 0041 0013 0041 0014 0041 0014 0016 0014 0016 0014 0016 0014 0041 0013 0017 0013 0017 0013 06a7 0154 0056 0014 0e53
