Power	0000 006c 0022 0002 0157 00ab 0016 0015 0016 0015 0016 0040 0016 0015 0016 0015 0016 0015 0016 0015 0016 0040 0016 0015 0016 0015 0016 0040 0016 0040 0016 0040 0016 0040 0016 0015 0016 0015 0016 0015 0016 0015 0016 0040 0016 0015 0016 0015 0016 0015 0016 0015 0016 0015 0016 0040 0016 0040 0016 0015 0016 0040 0016 0040 0016 0040 0016 0040 0016 0040 0016 0646 0157 0055 0016 0e4e
TV/Sat	0000 006c 0022 0002 0157 00ab 0016 0015 0016 0015 0016 0040 0016 0015 0016 0015 0016 0015 0016 0015 0016 0040 0016 0015 0016 0015 0016 0040 0016 0040 0016 0040 0016 0040 0016 0015 0016 0015 0016 0015 0016 0040 0016 0040 0016 0015 0016 0015 0016 0015 0016 0015 0016 0015 0016 0040 0016 0015 0016 0015 0016 0040 0016 0040 0016 0040 0016 0040 0016 0040 0016 0646 0157 0055 0016 0e4e
1	0000 006c 0022 0002 0157 00ab 0016 0015 0016 0015 0016 0040 0016 0015 0016 0015 0016 0015 0016 0015 0016 0040 0016 0015 0016 0015 0016 0040 0016 0040 0016 0040 0016 0040 0016 0015 0016 0015 0016 0015 0016 0040 0016 0015 0016 0015 0016 0015 0016 0015 0016 0015 0016 0015 0016 0040 0016 0015 0016 0040 0016 0040 0016 0040 0016 0040 0016 0040 0016 0040 0016 0646 0157 0055 0016 0e4e
2	0000 006c 0022 0002 0157 00ab 0016 0015 0016 0015 0016 0040 0016 0015 0016 0015 0016 0015 0016 0015 0016 0040 0016 0015 0016 0015 0016 0040 0016 0040 0016 0040 0016 0040 0016 0015 0016 0015 0016 0040 0016 0015 0016 0040 0016 0015 0016 0015 0016 0015 0016 0015 0016 0015 0016 0015 0016 0040 0016 0015 0016 0040 0016 0040 0016 0040 0016 0040 0016 0040 0016 0646 0157 0055 0016 0e4e
3	0000 006c 0022 0002 0157 00ab 0016 0015 0016 0015 0016 0040 0016 0015 0016 0015 0016 0015 0016 0015 0016 0040 0016 0015 0016 0015 0016 0040 0016 0040 0016 0040 0016 0040 0016 0015 0016 0015 0016 0040 0016 0040 0016 0040 0016 0015 0016 0015 0016 0015 0016 0015 0016 0015 0016 0015 0016 0015 0016 0015 0016 0040 0016 0040 0016 0040 0016 0040 0016 0040 0016 0646 0157 0055 0016 0e4e
4	0000 006c 0022 0002 0157 00ab 0016 0015 0016 0015 0016 0040 0016 0015 0016 0015 0016 0015 0016 0015 0016 0040 0016 0015 0016 0015 0016 0040 0016 0040 0016 0040 0016 0040 0016 0015 0016 0015 0016 0040 0016 0015 0016 0015 0016 0015 0016 0015 0016 0015 0016 0015 0016 0015 0016 0015 0016 0040 0016 0040 0016 0040 0016 0040 0016 0040 0016 0040 0016 0040 0016 0646 0157 0055 0016 0e4e
5	0000 006c 0022 0002 0157 00ab 0016 0015 0016 0015 0016 0040 0016 0015 0016 0015 0016 0015 0016 0015 0016 0040 0016 0015 0016 0015 0016 0040 0016 0040 0016 0040 0016 0040 0016 0015 0016 0015 0016 0015 0016 0015 0016 0015 0016 0015 0016 0015 0016 0015 0016 0015 0016 0015 0016 0040 0016 0040 0016 0040 0016 0040 0016 0040 0016 0040 0016 0040 0016 0040 0016 0646 0157 0055 0016 0e4e
6	0000 006c 0022 0002 0157 00ab 0016 0015 0016 0015 0016 0040 0016 0015 0016 0015 0016 0015 0016 0015 0016 0040 0016 0015 0016 0015 0016 0040 0016 0040 0016 0040 0016 0040 0016 0015 0016 0015 0016 0040 0016 0040 0016 0015 0016 0015 0016 0015 0016 0015 0016 0015 0016 0015 0016 0015 0016 0015 0016 0040 0016 0040 0016 0040 0016 0040 0016 0040 0016 0040 0016 0646 0157 0055 0016 0e4e
7	0000 006c 0022 0002 0157 00ab 0016 0015 0016 0015 0016 0040 0016 0015 0016 0015 0016 0015 0016 0015 0016 0040 0016 0015 0016 0015 0016 0040 0016 0040 0016 0040 0016 0040 0016 0015 0016 0015 0016 0015 0016 0040 0016 0015 0016 0040 0016 0015 0016 0015 0016 0015 0016 0015 0016 0040 0016 0015 0016 0040 0016 0015 0016 0040 0016 0040 0016 0040 0016 0040 0016 0646 0157 0055 0016 0e4e
8	0000 006c 0022 0002 0157 00ab 0016 0015 0016 0015 0016 0040 0016 0015 0016 0015 0016 0015 0016 0015 0016 0040 0016 0015 0016 0015 0016 0040 0016 0040 0016 0040 0016 0040 0016 0015 0016 0015 0016 0040 0016 0015 0016 0015 0016 0040 0016 0015 0016 0015 0016 0015 0016 0015 0016 0015 0016 0040 0016 0040 0016 0015 0016 0040 0016 0040 0016 0040 0016 0040 0016 0646 0157 0055 0016 0e4e
9	0000 006c 0022 0002 0157 00ab 0016 0015 0016 0015 0016 0040 0016 0015 0016 0015 0016 0015 0016 0015 0016 0040 0016 0015 0016 0015 0016 0040 0016 0040 0016 0040 0016 0040 0016 0015 0016 0015 0016 0015 0016 0015 0016 0015 0016 0040 0016 0015 0016 0015 0016 0015 0016 0015 0016 0040 0016 0040 0016 0040 0016 0015 0016 0040 0016 0040 0016 0040 0016 0040 0016 0646 0157 0055 0016 0e4e
0	0000 006c 0022 0002 0157 00ab 0016 0015 0016 0015 0016 0040 0016 0015 0016 0015 0016 0015 0016 0015 0016 0040 0016 0015 0016 0015 0016 0040 0016 0040 0016 0040 0016 0040 0016 0015 0016 0015 0016 0015 0016 0040 0016 0040 0016 0040 0016 0015 0016 0015 0016 0015 0016 0015 0016 0040 0016 0015 0016 0015 0016 0015 0016 0040 0016 0040 0016 0040 0016 0040 0016 0646 0157 0055 0016 0e4e
F	0000 006c 0022 0002 0157 00ab 0016 0015 0016 0015 0016 0040 0016 0015 0016 0015 0016 0015 0016 0015 0016 0040 0016 0015 0016 0015 0016 0040 0016 0040 0016 0040 0016 0040 0016 0015 0016 0015 0016 0040 0016 0040 0016 0015 0016 0040 0016 0015 0016 0015 0016 0015 0016 0015 0016 0015 0016 0015 0016 0040 0016 0015 0016 0040 0016 0040 0016 0040 0016 0040 0016 0646 0157 0055 0016 0e4e
Up/Rcl	0000 006c 0022 0002 0157 00ab 0016 0015 0016 0015 0016 0040 0016 0015 0016 0015 0016 0015 0016 0015 0016 0040 0016 0015 0016 0015 0016 0040 0016 0040 0016 0040 0016 0040 0016 0015 0016 0015 0016 0040 0016 0015 0016 0040 0016 0040 0016 0015 0016 0015 0016 0015 0016 0015 0016 0015 0016 0040 0016 0015 0016 0015 0016 0040 0016 0040 0016 0040 0016 0040 0016 0646 0157 0055 0016 0e4e
Down/Fav	0000 006c 0022 0002 0157 00ab 0016 0015 0016 0015 0016 0040 0016 0015 0016 0015 0016 0015 0016 0015 0016 0040 0016 0015 0016 0015 0016 0040 0016 0040 0016 0040 0016 0040 0016 0015 0016 0015 0016 0015 0016 0015 0016 0015 0016 0015 0016 0040 0016 0015 0016 0015 0016 0015 0016 0040 0016 0040 0016 0040 0016 0040 0016 0015 0016 0040 0016 0040 0016 0040 0016 0646 0157 0055 0016 0e4e
Left	0000 006c 0022 0002 0157 00ab 0016 0015 0016 0015 0016 0040 0016 0015 0016 0015 0016 0015 0016 0015 0016 0040 0016 0015 0016 0015 0016 0040 0016 0040 0016 0040 0016 0040 0016 0015 0016 0015 0016 0015 0016 0040 0016 0015 0016 0015 0016 0040 0016 0015 0016 0015 0016 0015 0016 0040 0016 0015 0016 0040 0016 0040 0016 0015 0016 0040 0016 0040 0016 0040 0016 0646 0157 0055 0016 0e4e
Right	0000 006c 0022 0002 0157 00ab 0016 0015 0016 0015 0016 0040 0016 0015 0016 0015 0016 0015 0016 0015 0016 0040 0016 0015 0016 0015 0016 0040 0016 0040 0016 0040 0016 0040 0016 0015 0016 0015 0016 0040 0016 0040 0016 0040 0016 0040 0016 0015 0016 0015 0016 0015 0016 0015 0016 0015 0016 0015 0016 0015 0016 0015 0016 0040 0016 0040 0016 0040 0016 0040 0016 0646 0157 0055 0016 0e4e
Menu	0000 006c 0022 0002 0157 00ab 0016 0015 0016 0015 0016 0040 0016 0015 0016 0015 0016 0015 0016 0015 0016 0040 0016 0015 0016 0015 0016 0040 0016 0040 0016 0040 0016 0040 0016 0015 0016 0015 0016 0015 0016 0015 0016 0040 0016 0040 0016 0015 0016 0015 0016 0015 0016 0015 0016 0040 0016 0040 0016 0015 0016 0015 0016 0040 0016 0040 0016 0040 0016 0040 0016 0646 0157 0055 0016 0e4e
Info	0000 006c 0022 0002 0157 00ab 0016 0015 0016 0015 0016 0040 0016 0015 0016 0015 0016 0015 0016 0015 0016 0040 0016 0015 0016 0015 0016 0040 0016 0040 0016 0040 0016 0040 0016 0015 0016 0015 0016 0040 0016 0015 0016 0015 0016 0015 0016 0040 0016 0015 0016 0015 0016 0015 0016 0015 0016 0040 0016 0040 0016 0040 0016 0015 0016 0040 0016 0040 0016 0040 0016 0646 0157 0055 0016 0e4e
Radio	0000 006c 0022 0002 0157 00ab 0016 0015 0016 0015 0016 0040 0016 0015 0016 0015 0016 0015 0016 0015 0016 0040 0016 0015 0016 0015 0016 0040 0016 0040 0016 0040 0016 0040 0016 0015 0016 0015 0016 0040 0016 0040 0016 0015 0016 0015 0016 0040 0016 0015 0016 0015 0016 0015 0016 0015 0016 0015 0016 0040 0016 0040 0016 0015 0016 0040 0016 0040 0016 0040 0016 0646 0157 0055 0016 0e4e
Store	0000 006c 0022 0002 0157 00ab 0016 0015 0016 0015 0016 0040 0016 0015 0016 0015 0016 0015 0016 0015 0016 0040 0016 0015 0016 0015 0016 0040 0016 0040 0016 0040 0016 0040 0016 0015 0016 0015 0016 0015 0016 0040 0016 0040 0016 0015 0016 0040 0016 0015 0016 0015 0016 0015 0016 0040 0016 0015 0016 0015 0016 0040 0016 0015 0016 0040 0016 0040 0016 0040 0016 0646 0157 0055 0016 0e4e
Norm	0000 006c 0022 0002 0157 00ab 0016 0015 0016 0015 0016 0040 0016 0015 0016 0015 0016 0015 0016 0015 0016 0040 0016 0015 0016 0015 0016 0040 0016 0040 0016 0040 0016 0040 0016 0015 0016 0015 0016 0040 0016 0015 0016 0040 0016 0015 0016 0040 0016 0015 0016 0015 0016 0015 0016 0015 0016 0040 0016 0015 0016 0040 0016 0015 0016 0040 0016 0040 0016 0040 0016 0646 0157 0055 0016 0e4e
Mute	0000 006c 0022 0002 0157 00ab 0016 0015 0016 0015 0016 0040 0016 0015 0016 0015 0016 0015 0016 0015 0016 0040 0016 0015 0016 0015 0016 0040 0016 0040 0016 0040 0016 0040 0016 0015 0016 0015 0016 0015 0016 0015 0016 0040 0016 0015 0016 0040 0016 0015 0016 0015 0016 0015 0016 0040 0016 0040 0016 0015 0016 0040 0016 0015 0016 0040 0016 0040 0016 0040 0016 0646 0157 0055 0016 0e4e
Shape	0000 006c 0022 0002 0157 00ab 0016 0015 0016 0015 0016 0040 0016 0015 0016 0015 0016 0015 0016 0015 0016 0040 0016 0015 0016 0015 0016 0040 0016 0040 0016 0040 0016 0040 0016 0015 0016 0015 0016 0015 0016 0040 0016 0015 0016 0040 0016 0040 0016 0015 0016 0015 0016 0015 0016 0040 0016 0015 0016 0040 0016 0015 0016 0015 0016 0040 0016 0040 0016 0040 0016 0646 0157 0055 0016 0e4e
Level	0000 006c 0022 0002 0157 00ab 0016 0015 0016 0015 0016 0040 0016 0015 0016 0015 0016 0015 0016 0015 0016 0040 0016 0015 0016 0015 0016 0040 0016 0040 0016 0040 0016 0040 0016 0015 0016 0015 0016 0040 0016 0015 0016 0015 0016 0040 0016 0040 0016 0015 0016 0015 0016 0015 0016 0015 0016 0040 0016 0040 0016 0015 0016 0015 0016 0040 0016 0040 0016 0040 0016 0646 0157 0055 0016 0e4e
Dolby	0000 006c 0022 0002 0157 00ab 0016 0015 0016 0015 0016 0040 0016 0015 0016 0015 0016 0015 0016 0015 0016 0040 0016 0015 0016 0015 0016 0040 0016 0040 0016 0040 0016 0040 0016 0015 0016 0015 0016 0015 0016 0040 0016 0040 0016 0040 0016 0040 0016 0015 0016 0015 0016 0015 0016 0040 0016 0015 0016 0015 0016 0015 0016 0015 0016 0040 0016 0040 0016 0040 0016 0646 0157 0055 0016 0e4e
Effect	0000 006c 0022 0002 0157 00ab 0016 0015 0016 0015 0016 0040 0016 0015 0016 0015 0016 0015 0016 0015 0016 0040 0016 0015 0016 0015 0016 0040 0016 0040 0016 0040 0016 0040 0016 0015 0016 0015 0016 0040 0016 0015 0016 0040 0016 0040 0016 0040 0016 0015 0016 0015 0016 0015 0016 0015 0016 0040 0016 0015 0016 0015 0016 0015 0016 0040 0016 0040 0016 0040 0016 0646 0157 0055 0016 0e4e
Vol+	0000 006c 0022 0002 0157 00ab 0016 0015 0016 0015 0016 0040 0016 0015 0016 0015 0016 0015 0016 0015 0016 0040 0016 0015 0016 0015 0016 0040 0016 0040 0016 0040 0016 0040 0016 0015 0016 0015 0016 0015 0016 0015 0016 0015 0016 0040 0016 0040 0016 0015 0016 0015 0016 0015 0016 0040 0016 0040 0016 0040 0016 0015 0016 0015 0016 0040 0016 0040 0016 0040 0016 0646 0157 0055 0016 0e4e
Vol-	0000 006c 0022 0002 0157 00ab 0016 0015 0016 0015 0016 0040 0016 0015 0016 0015 0016 0015 0016 0015 0016 0040 0016 0015 0016 0015 0016 0040 0016 0040 0016 0040 0016 0040 0016 0015 0016 0015 0016 0015 0016 0015 0016 0040 0016 0040 0016 0040 0016 0015 0016 0015 0016 0015 0016 0040 0016 0040 0016 0015 0016 0015 0016 0015 0016 0040 0016 0040 0016 0040 0016 0646 0157 0055 0016 0e4e
