Power	0000 006d 0022 0003 00ab 00aa 0016 003f 0016 0040 0015 0040 0016 0015 0015 0015 0016 0015 0015 0015 0016 0040 0015 0040 0016 0040 0015 0040 0016 0015 0016 0015 0016 0015 0016 0015 0016 003f 0016 0040 0015 0040 0016 0015 0015 0040 0016 0040 0015 0015 0016 0015 0015 0015 0016 0015 0015 0015 0016 003f 0016 0015 0016 0015 0016 0040 0015 0040 0016 0040 0015 0692 00aa 00a9 0016 0015 0015 0e5e
VCR1	0000 006d 0022 0003 00ab 00aa 0016 003f 0016 0040 0015 0040 0016 0015 0015 0015 0016 0015 0015 0015 0016 0040 0015 0040 0016 0040 0015 0040 0016 0015 0016 0015 0015 0015 0016 0015 0016 003f 0016 0015 0015 0040 0016 0015 0015 0040 0016 0015 0015 0015 0016 0015 0015 0015 0016 0040 0015 0015 0016 0040 0015 0015 0016 003f 0016 0040 0015 0040 0016 0040 0015 0692 00aa 00a9 0016 0015 0015 0e5e
VCR2	0000 006d 0022 0003 00ab 00aa 0016 003f 0016 0040 0015 0040 0016 0015 0015 0015 0016 0015 0015 0015 0016 0040 0015 0040 0016 0040 0015 0040 0015 0015 0016 0015 0015 0015 0016 0015 0015 003f 0016 0040 0015 0015 0016 0015 0015 0040 0016 0015 0015 0015 0016 0015 0015 0015 0016 0015 0015 0040 0016 0040 0015 0015 0016 003f 0016 0040 0015 0040 0016 0040 0015 0692 00aa 00a9 0016 0015 0015 0e5e
VCR3	0000 006d 0022 0003 00ab 00aa 0016 003f 0016 0040 0015 0040 0016 0015 0015 0015 0016 0015 0015 0015 0016 0040 0015 0040 0016 0040 0015 0040 0016 0015 0016 0015 0016 0015 0016 0015 0016 003f 0016 0015 0015 0015 0016 0015 0015 0015 0016 0015 0015 0040 0016 0040 0015 0040 0016 0040 0015 0040 0016 003f 0016 0040 0015 0040 0016 0015 0015 0015 0016 0015 0015 0692 00aa 00a9 0016 0015 0015 0e5e
Phono	0000 006d 0022 0003 00ab 00aa 0016 003f 0016 0040 0015 0040 0016 0015 0015 0015 0016 0015 0015 0015 0016 0040 0015 0040 0016 0040 0015 0040 0015 0015 0016 0015 0016 0015 0016 0015 0016 003f 0016 0015 0015 0015 0016 0015 0015 0015 0016 0015 0015 0040 0016 0015 0015 0015 0016 0040 0015 0040 0016 0040 0015 0040 0016 003f 0016 0015 0015 0040 0016 0040 0015 0692 00aa 00a9 0016 0015 0015 0e5e
CD	0000 006d 0022 0003 00ab 00aa 0016 003f 0016 0040 0015 0040 0016 0015 0015 0015 0016 0015 0015 0015 0016 0040 0015 0040 0016 0040 0015 0040 0016 0015 0016 0015 0016 0015 0016 0015 0016 003f 0016 0015 0015 0015 0016 0015 0015 0015 0016 0015 0015 0040 0016 0040 0015 0015 0016 0040 0015 0040 0016 003f 0016 0040 0015 0040 0016 0015 0015 0015 0016 0040 0015 0692 00aa 00a9 0016 0015 0015 0e5e
Acr1	0000 006d 0022 0003 00aa 00aa 0016 0040 0015 0040 0016 0040 0015 0015 0016 0015 0015 0015 0016 0015 0015 0040 0016 003f 0016 0040 0015 0040 0016 0015 0015 0015 0016 0015 0015 0015 0016 0040 0015 0015 0016 0015 0015 0015 0016 0015 0015 0015 0016 0040 0015 0015 0016 0040 0015 0040 0016 003f 0016 0040 0015 0040 0016 0040 0015 0015 0016 0040 0015 0015 0016 0691 00aa 00aa 0015 0015 0016 0e5e
Tuner	0000 006d 0022 0003 00aa 00aa 0015 0040 0016 0040 0015 0040 0016 0015 0016 0015 0016 0015 0016 0015 0015 003f 0016 0040 0015 0040 0016 0040 0015 0015 0016 0015 0015 0015 0016 0015 0015 0040 0016 003f 0016 0040 0015 0015 0016 0040 0015 0015 0016 0015 0015 0015 0016 0015 0015 0015 0016 0015 0015 0040 0016 0015 0015 0040 0016 0040 0015 0040 0016 003f 0016 0691 00aa 00aa 0015 0015 0016 0e5e
Vol+	0000 006d 0022 0003 00ab 00aa 0016 003f 0016 0040 0015 0040 0016 0015 0015 0015 0016 0015 0015 0015 0016 0040 0015 0040 0016 0040 0015 0040 0016 0015 0016 0015 0016 0015 0016 0015 0016 003f 0016 0040 0015 0015 0016 0040 0015 0040 0016 0015 0015 0015 0016 0015 0015 0015 0016 0015 0015 0040 0016 0015 0015 0015 0016 003f 0016 0040 0015 0040 0016 0040 0015 0692 00aa 00a9 0016 0015 0015 0e5e
Vol-	0000 006d 0022 0003 00aa 00aa 0016 0040 0015 0040 0016 0040 0015 0015 0016 0015 0015 0015 0016 0015 0015 0040 0016 003f 0016 0040 0015 0040 0016 0015 0015 0015 0016 0015 0015 0015 0016 0040 0015 0015 0016 0015 0015 0040 0016 0040 0015 0015 0016 0015 0015 0015 0016 0015 0015 0040 0016 003f 0016 0015 0015 0015 0016 0040 0015 0040 0016 0040 0015 0040 0016 0691 00aa 00aa 0015 0015 0016 0e5e
Mute	0000 006d 0022 0003 00aa 00aa 0016 0040 0015 0040 0016 0040 0015 0015 0016 0015 0015 0015 0016 0015 0015 0040 0016 003f 0016 0040 0015 0040 0016 0015 0015 0015 0016 0015 0015 0015 0016 0040 0015 0015 0016 0015 0015 0040 0016 0040 0015 0040 0016 0015 0016 0015 0016 0015 0016 0040 0015 0040 0016 0015 0015 0015 0016 0015 0015 0040 0016 0040 0015 0040 0016 0691 00aa 00aa 0015 0015 0016 0e5e
Pre1	0000 006d 0022 0003 00ab 00aa 0016 003f 0016 0040 0015 0040 0016 0015 0015 0015 0016 0015 0015 0015 0016 0040 0015 0040 0016 0040 0015 0040 0016 0015 0016 0015 0016 0015 0016 0015 0016 003f 0016 0040 0015 0015 0016 0015 0015 0015 0016 0040 0015 0015 0016 0015 0015 0015 0016 0015 0015 0040 0016 0040 0015 0040 0016 0015 0016 0040 0015 0040 0016 0040 0015 0692 00aa 00a9 0016 0015 0015 0e5e
Pre2	0000 006d 0022 0003 00aa 00aa 0016 0040 0015 0040 0016 0040 0015 0015 0016 0015 0015 0015 0016 0015 0015 0040 0016 003f 0016 0040 0015 0040 0016 0015 0015 0015 0016 0015 0015 0015 0016 0040 0015 0015 0016 0040 0015 0040 0016 003f 0016 0015 0015 0015 0016 0015 0016 0015 0016 0040 0015 0015 0016 0015 0015 0015 0016 0040 0015 0040 0016 0040 0015 0040 0016 0691 00aa 00aa 0015 0015 0016 0e5e
Step Pre	0000 006d 0022 0003 00ab 00aa 0016 003f 0016 0040 0015 0040 0016 0015 0015 0015 0016 0015 0015 0015 0016 0040 0015 0040 0016 0040 0015 0040 0016 0015 0016 0015 0015 0015 0016 0015 0015 003f 0016 0015 0015 0040 0016 0015 0015 0015 0016 0040 0015 0015 0016 0015 0015 0015 0016 0040 0015 0015 0016 0040 0015 0040 0016 0015 0016 0040 0015 0040 0016 0040 0015 0692 00aa 00a9 0016 0015 0015 0e5e
Tune+	0000 006d 0022 0003 00ab 00aa 0016 003f 0016 0040 0015 0040 0016 0015 0015 0015 0016 0015 0015 0015 0016 0040 0015 0040 0016 0040 0015 0040 0016 0015 0016 0015 0016 0015 0016 0015 0016 003f 0016 0015 0015 0015 0016 0040 0015 0015 0016 0040 0015 0015 0016 0015 0015 0015 0016 0040 0015 0040 0016 0015 0015 0040 0015 0015 0016 0040 0015 0040 0016 0040 0015 0692 00aa 00a9 0016 0015 0015 0e5e
Tune-	0000 006d 0022 0003 00aa 00aa 0015 0040 0016 0040 0015 0040 0016 0015 0016 0015 0016 0015 0016 0015 0015 003f 0016 0040 0015 0040 0016 0040 0015 0015 0016 0015 0015 0015 0016 0015 0015 0040 0016 003f 0016 0040 0015 0015 0016 0015 0015 0040 0016 0015 0015 0015 0016 0015 0015 0015 0016 0015 0015 0040 0016 0040 0015 0015 0016 0040 0015 0040 0016 003f 0016 0691 00aa 00aa 0016 0015 0016 0e5e
AM/FM	0000 006d 0022 0003 00aa 00aa 0016 0040 0015 0040 0016 0040 0015 0015 0016 0015 0015 0015 0016 0015 0015 0040 0016 003f 0016 0040 0015 0040 0016 0015 0015 0015 0016 0015 0015 0015 0016 0040 0015 0040 0016 0040 0015 0040 0016 003f 0016 0015 0015 0015 0016 0015 0015 0015 0016 0015 0015 0015 0016 0015 0015 0015 0016 0040 0015 0040 0016 0040 0015 0040 0016 0691 00aa 00aa 0015 0015 0016 0e5e
