Power	0000 0067 0000 0010 0000 008C 0000 008C 0000 008D 0000 008D 0000 008D 0000 0050 0000 0051 0000 0568 0000 008D 0000 008D 0000 008C 0000 008C 0000 008C 0000 004F 0000 004F 0000 0FDF
1	0000 0066 0000 0010 0000 0050 0000 0051 0000 0052 0000 0091 0000 0091 0000 0052 0000 0052 0000 0579 0000 0051 0000 0050 0000 0051 0000 008E 0000 008E 0000 0050 0000 0050 0000 109F
2	0000 0068 0000 0010 0000 008A 0000 008B 0000 008B 0000 0050 0000 008D 0000 0050 0000 0051 0000 055C 0000 008C 0000 008B 0000 008B 0000 004F 0000 008B 0000 004E 0000 004E 0000 101F
3	0000 0067 0000 0010 0000 0050 0000 008D 0000 008D 0000 0051 0000 008E 0000 0051 0000 0051 0000 0565 0000 0050 0000 008D 0000 008C 0000 004F 0000 008C 0000 004F 0000 004F 0000 105F
4	0000 0067 0000 0010 0000 008B 0000 0050 0000 008D 0000 0051 0000 008E 0000 0051 0000 0052 0000 0568 0000 008D 0000 0050 0000 008C 0000 004F 0000 008C 0000 004F 0000 004F 0000 105F
5	0000 0067 0000 0010 0000 0050 0000 0051 0000 008F 0000 0052 0000 008F 0000 0052 0000 0052 0000 056C 0000 0050 0000 0050 0000 008D 0000 0050 0000 008D 0000 004F 0000 004F 0000 109F
6	0000 0068 0000 0010 0000 008A 0000 008B 0000 004F 0000 0051 0000 008E 0000 0051 0000 0050 0000 0558 0000 008B 0000 008B 0000 004E 0000 004F 0000 008B 0000 004E 0000 004E 0000 105F
7	0000 0067 0000 0010 0000 0050 0000 008D 0000 0050 0000 0051 0000 008F 0000 0051 0000 0052 0000 0569 0000 0050 0000 008D 0000 004F 0000 0050 0000 008D 0000 004F 0000 004F 0000 109F
8	0000 0067 0000 0010 0000 008B 0000 0050 0000 0051 0000 0052 0000 0090 0000 0051 0000 0051 0000 0567 0000 008D 0000 004F 0000 004F 0000 004F 0000 008C 0000 004F 0000 004F 0000 109F
9	0000 0067 0000 0010 0000 0050 0000 0050 0000 0051 0000 0052 0000 0091 0000 0052 0000 0052 0000 056E 0000 0050 0000 0050 0000 0050 0000 0050 0000 008D 0000 004F 0000 004F 0000 10DF
0	0000 0067 0000 0010 0000 008C 0000 0050 0000 0051 0000 008F 0000 008E 0000 0051 0000 0051 0000 0568 0000 008D 0000 0050 0000 0050 0000 008D 0000 008C 0000 004F 0000 004F 0000 105F
Enter	0000 0067 0000 0010 0000 008C 0000 008C 0000 008D 0000 008D 0000 0051 0000 0051 0000 0052 0000 056B 0000 008D 0000 008D 0000 008D 0000 008C 0000 004F 0000 004F 0000 004F 0000 101F
Rcl	0000 0067 0000 0010 0000 0050 0000 008E 0000 008E 0000 008E 0000 0051 0000 0052 0000 0051 0000 056A 0000 0050 0000 008D 0000 008D 0000 008C 0000 004F 0000 004F 0000 004F 0000 105F
Vol+	0000 0067 0000 0010 0000 0050 0000 0051 0000 008F 0000 008F 0000 008E 0000 0051 0000 0051 0000 0568 0000 0050 0000 0050 0000 008D 0000 008D 0000 008D 0000 004F 0000 004F 0000 105F
Vol-	0000 0067 0000 0010 0000 008C 0000 008C 0000 0051 0000 008F 0000 008F 0000 0050 0000 0051 0000 0566 0000 008D 0000 008D 0000 004F 0000 008C 0000 008C 0000 004F 0000 004F 0000 101F
Mute	0000 0067 0000 0010 0000 0050 0000 008D 0000 0050 0000 008F 0000 008E 0000 0051 0000 0051 0000 0568 0000 0050 0000 008D 0000 0050 0000 008D 0000 008D 0000 004F 0000 004F 0000 105F
Tune+	0000 0067 0000 0010 0000 0050 0000 008E 0000 008E 0000 008E 0000 008E 0000 0050 0000 0050 0000 0560 0000 0050 0000 008D 0000 008D 0000 008C 0000 008C 0000 004F 0000 004F 0000 101F
Tune-	0000 0067 0000 0010 0000 008C 0000 0050 0000 008E 0000 008E 0000 008E 0000 0050 0000 0051 0000 0563 0000 008D 0000 0050 0000 008D 0000 008C 0000 008C 0000 004F 0000 004F 0000 101F
OSD	0000 0067 0000 0010 0000 008C 0000 0050 0000 008F 0000 008E 0000 0051 0000 0051 0000 0052 0000 056C 0000 008D 0000 0050 0000 008D 0000 008C 0000 004F 0000 004F 0000 004F 0000 105F
Rec	0000 0068 0000 0010 0000 008A 0000 008B 0000 008B 0000 0050 0000 0050 0000 0051 0000 0052 0000 0563 0000 008C 0000 008B 0000 008B 0000 004E 0000 004E 0000 004E 0000 004E 0000 105F
Play	0000 0067 0000 0010 0000 0050 0000 0051 0000 008F 0000 008F 0000 0051 0000 0052 0000 0052 0000 056E 0000 0050 0000 0050 0000 008D 0000 008C 0000 004F 0000 004F 0000 004F 0000 109F
Stop	0000 0067 0000 0010 0000 008C 0000 008C 0000 0050 0000 008E 0000 0051 0000 0052 0000 0052 0000 056B 0000 008D 0000 008D 0000 004F 0000 008C 0000 004F 0000 004F 0000 004F 0000 105F
Ffwd	0000 0067 0000 0010 0000 0050 0000 008E 0000 0050 0000 008E 0000 0051 0000 0051 0000 0052 0000 056B 0000 0050 0000 008D 0000 0050 0000 008C 0000 004F 0000 004F 0000 004F 0000 109F
Rew	0000 0067 0000 0010 0000 008C 0000 0050 0000 0051 0000 008F 0000 0051 0000 0052 0000 0052 0000 056C 0000 008D 0000 0050 0000 004F 0000 008C 0000 004F 0000 004F 0000 004F 0000 109F
Pause	0000 0067 0000 0010 0000 0050 0000 0051 0000 0051 0000 008F 0000 0051 0000 0051 0000 0051 0000 056A 0000 0050 0000 0050 0000 0050 0000 008D 0000 0050 0000 004F 0000 004F 0000 10DF
