Power	0000 006d 0000 0022 0154 00a9 0016 003f 0016 003f 0016 0014 0016 0014 0016 0014 0016 0014 0016 0014 0016 003f 0016 003f 0016 0014 0016 003f 0016 0014 0016 0014 0016 0014 0016 003f 0016 0014 0016 003f 0016 0014 0016 0014 0016 0014 0016 003f 0016 0014 0016 0014 0016 0014 0016 0014 0016 003f 0016 003f 0016 003f 0016 0014 0016 003f 0016 003f 0016 003f 0016 063f
VCR1	0000 006d 0000 0022 0154 00a9 0016 003f 0016 003f 0016 0014 0016 0014 0016 0014 0016 0014 0016 0014 0016 003f 0016 003f 0016 0014 0016 003f 0016 0014 0016 0014 0016 0014 0016 003f 0016 0014 0016 0014 0016 003f 0016 003f 0016 0014 0016 003f 0016 0014 0016 003f 0016 0014 0016 003f 0016 0014 0016 0014 0016 003f 0016 0014 0016 003f 0016 0014 0016 003f 0016 063f
Phono	0000 006d 0000 0022 0154 00a9 0016 003f 0016 003f 0016 0014 0016 0014 0016 0014 0016 0014 0016 0014 0016 003f 0016 003f 0016 0014 0016 003f 0016 0014 0016 0014 0016 0014 0016 003f 0016 0014 0016 0014 0016 003f 0016 0014 0016 0014 0016 0014 0016 0014 0016 0014 0016 0014 0016 003f 0016 0014 0016 003f 0016 003f 0016 003f 0016 003f 0016 003f 0016 003f 0016 063f
LD	0000 006d 0000 0022 0154 00a9 0016 003f 0016 003f 0016 0014 0016 0014 0016 0014 0016 0014 0016 0014 0016 003f 0016 003f 0016 0014 0016 003f 0016 0014 0016 0014 0016 0014 0016 003f 0016 0014 0016 003f 0016 003f 0016 0014 0016 003f 0016 003f 0016 0014 0016 003f 0016 0014 0016 0014 0016 0014 0016 003f 0016 0014 0016 0014 0016 003f 0016 0014 0016 003f 0016 063f
CD	0000 006d 0000 0022 0154 00a9 0016 003f 0016 003f 0016 0014 0016 0014 0016 0014 0016 0014 0016 0014 0016 003f 0016 003f 0016 0014 0016 003f 0016 0014 0016 0014 0016 0014 0016 003f 0016 0014 0016 003f 0016 003f 0016 0014 0016 003f 0016 0014 0016 0014 0016 0014 0016 0014 0016 0014 0016 0014 0016 003f 0016 0014 0016 003f 0016 003f 0016 003f 0016 003f 0016 063f
Acr1	0000 006d 0000 0022 0154 00a9 0016 003f 0016 003f 0016 0014 0016 0014 0016 0014 0016 0014 0016 0014 0016 003f 0016 003f 0016 0014 0016 003f 0016 0014 0016 0014 0016 0014 0016 003f 0016 0014 0016 0014 0016 003f 0016 003f 0016 0014 0016 0014 0016 0014 0016 0014 0016 0014 0016 003f 0016 0014 0016 0014 0016 003f 0016 003f 0016 003f 0016 003f 0016 003f 0016 063f
Acr2	0000 006d 0000 0022 0154 00a9 0016 003f 0016 003f 0016 0014 0016 0014 0016 0014 0016 0014 0016 0014 0016 003f 0016 003f 0016 0014 0016 003f 0016 0014 0016 0014 0016 0014 0016 003f 0016 0014 0016 003f 0016 0014 0016 003f 0016 003f 0016 003f 0016 0014 0016 003f 0016 0014 0016 0014 0016 003f 0016 0014 0016 0014 0016 0014 0016 003f 0016 0014 0016 003f 0016 063f
Tuner	0000 006d 0000 0022 0154 00a9 0016 003f 0016 003f 0016 0014 0016 0014 0016 0014 0016 0014 0016 0014 0016 003f 0016 003f 0016 0014 0016 003f 0016 0014 0016 0014 0016 0014 0016 003f 0016 0014 0016 003f 0016 003f 0016 0014 0016 0014 0016 0014 0016 0014 0016 0014 0016 0014 0016 0014 0016 0014 0016 003f 0016 003f 0016 003f 0016 003f 0016 003f 0016 003f 0016 063f
Aux1	0000 006d 0000 0022 0154 00a9 0016 003f 0016 003f 0016 0014 0016 0014 0016 0014 0016 0014 0016 0014 0016 003f 0016 003f 0016 0014 0016 003f 0016 0014 0016 0014 0016 0014 0016 003f 0016 0014 0016 0014 0016 003f 0016 0014 0016 003f 0016 0014 0016 0014 0016 0014 0016 0014 0016 003f 0016 0014 0016 003f 0016 0014 0016 003f 0016 003f 0016 003f 0016 003f 0016 063f
DVD	0000 006d 0000 0022 0154 00a9 0016 003f 0016 003f 0016 0014 0016 0014 0016 0014 0016 0014 0016 0014 0016 003f 0016 003f 0016 0014 0016 003f 0016 0014 0016 0014 0016 0014 0016 003f 0016 0014 0016 003f 0016 003f 0016 003f 0016 0014 0016 0014 0016 0014 0016 0014 0016 0014 0016 0014 0016 0014 0016 0014 0016 003f 0016 003f 0016 003f 0016 003f 0016 003f 0016 063f
Aux2	0000 006d 0000 0022 0154 00a9 0016 003f 0016 003f 0016 0014 0016 0014 0016 0014 0016 0014 0016 0014 0016 003f 0016 003f 0016 0014 0016 003f 0016 0014 0016 0014 0016 0014 0016 003f 0016 0014 0016 0014 0016 003f 0016 003f 0016 003f 0016 0014 0016 0014 0016 0014 0016 0014 0016 003f 0016 0014 0016 0014 0016 0014 0016 003f 0016 003f 0016 003f 0016 003f 0016 063f
1	0000 006d 0000 0022 0154 00a9 0016 003f 0016 003f 0016 0014 0016 0014 0016 0014 0016 0014 0016 0014 0016 003f 0016 003f 0016 0014 0016 003f 0016 0014 0016 0014 0016 0014 0016 003f 0016 0014 0016 003f 0016 0014 0016 003f 0016 003f 0016 0014 0016 0014 0016 0014 0016 0014 0016 0014 0016 003f 0016 0014 0016 0014 0016 003f 0016 003f 0016 003f 0016 003f 0016 063f
2	0000 006d 0000 0022 0154 00a9 0016 003f 0016 003f 0016 0014 0016 0014 0016 0014 0016 0014 0016 0014 0016 003f 0016 003f 0016 0014 0016 003f 0016 0014 0016 0014 0016 0014 0016 003f 0016 0014 0016 0014 0016 0014 0016 003f 0016 003f 0016 0014 0016 0014 0016 0014 0016 0014 0016 003f 0016 003f 0016 0014 0016 0014 0016 003f 0016 003f 0016 003f 0016 003f 0016 063f
3	0000 006d 0000 0022 0154 00a9 0016 003f 0016 003f 0016 0014 0016 0014 0016 0014 0016 0014 0016 0014 0016 003f 0016 003f 0016 0014 0016 003f 0016 0014 0016 0014 0016 0014 0016 003f 0016 0014 0016 0014 0016 0014 0016 0014 0016 0014 0016 003f 0016 0014 0016 0014 0016 0014 0016 003f 0016 003f 0016 003f 0016 003f 0016 0014 0016 003f 0016 003f 0016 003f 0016 063f
4	0000 006d 0000 0022 0154 00a9 0016 003f 0016 003f 0016 0014 0016 0014 0016 0014 0016 0014 0016 0014 0016 003f 0016 003f 0016 0014 0016 003f 0016 0014 0016 0014 0016 0014 0016 003f 0016 0014 0016 0014 0016 003f 0016 0014 0016 0014 0016 0014 0016 0014 0016 003f 0016 0014 0016 003f 0016 0014 0016 003f 0016 003f 0016 003f 0016 003f 0016 0014 0016 003f 0016 063f
5	0000 006d 0000 0022 0154 00a9 0016 003f 0016 003f 0016 0014 0016 0014 0016 0014 0016 0014 0016 0014 0016 003f 0016 003f 0016 0014 0016 003f 0016 0014 0016 0014 0016 0014 0016 003f 0016 0014 0016 003f 0016 0014 0016 0014 0016 0014 0016 0014 0016 0014 0016 003f 0016 0014 0016 0014 0016 003f 0016 003f 0016 003f 0016 003f 0016 003f 0016 0014 0016 003f 0016 063f
6	0000 006d 0000 0022 0154 00a9 0016 003f 0016 003f 0016 0014 0016 0014 0016 0014 0016 0014 0016 0014 0016 003f 0016 003f 0016 0014 0016 003f 0016 0014 0016 0014 0016 0014 0016 003f 0016 0014 0016 003f 0016 0014 0016 0014 0016 003f 0016 003f 0016 0014 0016 0014 0016 0014 0016 0014 0016 003f 0016 003f 0016 0014 0016 0014 0016 003f 0016 003f 0016 003f 0016 063f
7	0000 006d 0000 0022 0154 00a9 0016 003f 0016 003f 0016 0014 0016 0014 0016 0014 0016 0014 0016 0014 0016 003f 0016 003f 0016 0014 0016 003f 0016 0014 0016 0014 0016 0014 0016 003f 0016 0014 0016 0014 0016 0014 0016 0014 0016 003f 0016 003f 0016 0014 0016 0014 0016 0014 0016 003f 0016 003f 0016 003f 0016 0014 0016 0014 0016 003f 0016 003f 0016 003f 0016 063f
8	0000 006d 0000 0022 0154 00a9 0016 003f 0016 003f 0016 0014 0016 0014 0016 0014 0016 0014 0016 0014 0016 003f 0016 003f 0016 0014 0016 003f 0016 0014 0016 0014 0016 0014 0016 003f 0016 0014 0016 003f 0016 0014 0016 0014 0016 003f 0016 0014 0016 0014 0016 0014 0016 0014 0016 0014 0016 003f 0016 003f 0016 0014 0016 003f 0016 003f 0016 003f 0016 003f 0016 063f
9	0000 006d 0000 0022 0154 00a9 0016 003f 0016 003f 0016 0014 0016 0014 0016 0014 0016 0014 0016 0014 0016 003f 0016 003f 0016 0014 0016 003f 0016 0014 0016 0014 0016 0014 0016 003f 0016 0014 0016 003f 0016 0014 0016 0014 0016 0014 0016 0014 0016 0014 0016 0014 0016 0014 0016 0014 0016 003f 0016 003f 0016 003f 0016 003f 0016 003f 0016 003f 0016 003f 0016 063f
0	0000 006d 0000 0022 0154 00a9 0016 003f 0016 003f 0016 0014 0016 0014 0016 0014 0016 0014 0016 0014 0016 003f 0016 003f 0016 0014 0016 003f 0016 0014 0016 0014 0016 0014 0016 003f 0016 0014 0016 0014 0016 0014 0016 0014 0016 0014 0016 0014 0016 0014 0016 003f 0016 0014 0016 003f 0016 003f 0016 003f 0016 003f 0016 003f 0016 003f 0016 0014 0016 003f 0016 063f
Menu	0000 006d 0000 0022 0154 00a9 0016 003f 0016 003f 0016 0014 0016 0014 0016 0014 0016 0014 0016 0014 0016 003f 0016 003f 0016 0014 0016 003f 0016 0014 0016 0014 0016 0014 0016 003f 0016 0014 0016 0014 0016 0014 0016 0014 0016 0014 0016 0014 0016 003f 0016 0014 0016 0014 0016 003f 0016 003f 0016 003f 0016 003f 0016 003f 0016 0014 0016 003f 0016 003f 0016 063f
Vol+	0000 006d 0000 0022 0154 00a9 0016 003f 0016 003f 0016 0014 0016 0014 0016 0014 0016 0014 0016 0014 0016 003f 0016 003f 0016 0014 0016 003f 0016 0014 0016 0014 0016 0014 0016 003f 0016 0014 0016 003f 0016 003f 0016 003f 0016 0014 0016 0014 0016 0014 0016 003f 0016 0014 0016 0014 0016 0014 0016 0014 0016 003f 0016 003f 0016 003f 0016 0014 0016 003f 0016 063f
Vol-	0000 006d 0000 0022 0154 00a9 0016 003f 0016 003f 0016 0014 0016 0014 0016 0014 0016 0014 0016 0014 0016 003f 0016 003f 0016 0014 0016 003f 0016 0014 0016 0014 0016 0014 0016 003f 0016 0014 0016 003f 0016 003f 0016 0014 0016 003f 0016 0014 0016 0014 0016 003f 0016 0014 0016 0014 0016 0014 0016 003f 0016 0014 0016 003f 0016 003f 0016 0014 0016 003f 0016 063f
Mute	0000 006d 0000 0022 0154 00a9 0016 003f 0016 003f 0016 0014 0016 0014 0016 0014 0016 0014 0016 0014 0016 003f 0016 003f 0016 0014 0016 003f 0016 0014 0016 0014 0016 0014 0016 003f 0016 0014 0016 003f 0016 003f 0016 0014 0016 0014 0016 0014 0016 0014 0016 003f 0016 0014 0016 0014 0016 0014 0016 003f 0016 003f 0016 003f 0016 003f 0016 0014 0016 003f 0016 063f
Centr+	0000 006d 0000 0022 0154 00a9 0016 003f 0016 003f 0016 0014 0016 0014 0016 0014 0016 0014 0016 0014 0016 003f 0016 003f 0016 0014 0016 003f 0016 0014 0016 0014 0016 0014 0016 003f 0016 0014 0016 003f 0016 0014 0016 0014 0016 0014 0016 003f 0016 0014 0016 003f 0016 0014 0016 0014 0016 003f 0016 003f 0016 003f 0016 0014 0016 003f 0016 0014 0016 003f 0016 063f
Centr-	0000 006d 0000 0022 0154 00a9 0016 003f 0016 003f 0016 0014 0016 0014 0016 0014 0016 0014 0016 0014 0016 003f 0016 003f 0016 0014 0016 003f 0016 0014 0016 0014 0016 0014 0016 003f 0016 0014 0016 003f 0016 0014 0016 003f 0016 0014 0016 003f 0016 0014 0016 003f 0016 0014 0016 0014 0016 003f 0016 0014 0016 003f 0016 0014 0016 003f 0016 0014 0016 003f 0016 063f
Surr+	0000 006d 0000 0022 0154 00a9 0016 003f 0016 003f 0016 0014 0016 0014 0016 0014 0016 0014 0016 0014 0016 003f 0016 003f 0016 0014 0016 003f 0016 0014 0016 0014 0016 0014 0016 003f 0016 0014 0016 003f 0016 003f 0016 0014 0016 0014 0016 003f 0016 0014 0016 003f 0016 0014 0016 0014 0016 0014 0016 003f 0016 003f 0016 0014 0016 003f 0016 0014 0016 003f 0016 063f
Surr-	0000 006d 0000 0022 0154 00a9 0016 003f 0016 003f 0016 0014 0016 0014 0016 0014 0016 0014 0016 0014 0016 003f 0016 003f 0016 0014 0016 003f 0016 0014 0016 0014 0016 0014 0016 003f 0016 0014 0016 003f 0016 003f 0016 003f 0016 0014 0016 003f 0016 0014 0016 003f 0016 0014 0016 0014 0016 0014 0016 0014 0016 003f 0016 0014 0016 003f 0016 0014 0016 003f 0016 063f
Surr	0000 006d 0000 0022 0154 00a9 0016 003f 0016 003f 0016 0014 0016 0014 0016 0014 0016 0014 0016 0014 0016 003f 0016 003f 0016 0014 0016 003f 0016 0014 0016 0014 0016 0014 0016 003f 0016 0014 0016 0014 0016 0014 0016 003f 0016 003f 0016 003f 0016 0014 0016 003f 0016 0014 0016 003f 0016 003f 0016 0014 0016 0014 0016 0014 0016 003f 0016 0014 0016 003f 0016 063f
Bass+	0000 006d 0000 0022 0154 00a9 0016 003f 0016 003f 0016 0014 0016 0014 0016 0014 0016 0014 0016 0014 0016 003f 0016 003f 0016 0014 0016 003f 0016 0014 0016 0014 0016 0014 0016 003f 0016 0014 0016 003f 0016 003f 0016 003f 0016 0014 0016 003f 0016 0014 0016 0014 0016 0014 0016 0014 0016 0014 0016 0014 0016 003f 0016 0014 0016 003f 0016 003f 0016 003f 0016 063f
Bass-	0000 006d 0000 0022 0154 00a9 0016 003f 0016 003f 0016 0014 0016 0014 0016 0014 0016 0014 0016 0014 0016 003f 0016 003f 0016 0014 0016 003f 0016 0014 0016 0014 0016 0014 0016 003f 0016 0014 0016 0014 0016 0014 0016 003f 0016 0014 0016 0014 0016 0014 0016 0014 0016 0014 0016 003f 0016 003f 0016 0014 0016 003f 0016 003f 0016 003f 0016 003f 0016 003f 0016 063f
Delay+	0000 006d 0000 0022 0154 00a9 0016 003f 0016 003f 0016 0014 0016 0014 0016 0014 0016 0014 0016 0014 0016 003f 0016 003f 0016 0014 0016 003f 0016 0014 0016 0014 0016 0014 0016 003f 0016 0014 0016 003f 0016 003f 0016 003f 0016 003f 0016 003f 0016 0014 0016 003f 0016 0014 0016 0014 0016 0014 0016 0014 0016 0014 0016 0014 0016 003f 0016 0014 0016 003f 0016 063f
Delay-	0000 006d 0000 0022 0154 00a9 0016 003f 0016 003f 0016 0014 0016 0014 0016 0014 0016 0014 0016 0014 0016 003f 0016 003f 0016 0014 0016 003f 0016 0014 0016 0014 0016 0014 0016 003f 0016 0014 0016 0014 0016 0014 0016 003f 0016 0014 0016 0014 0016 0014 0016 003f 0016 0014 0016 003f 0016 003f 0016 0014 0016 003f 0016 003f 0016 003f 0016 0014 0016 003f 0016 063f
Display	0000 006d 0000 0022 0154 00a9 0016 003f 0016 003f 0016 0014 0016 0014 0016 0014 0016 0014 0016 0014 0016 003f 0016 003f 0016 0014 0016 003f 0016 0014 0016 0014 0016 0014 0016 003f 0016 0014 0016 0014 0016 003f 0016 003f 0016 0014 0016 003f 0016 0014 0016 0014 0016 0014 0016 003f 0016 0014 0016 0014 0016 003f 0016 0014 0016 003f 0016 003f 0016 003f 0016 063f
Sleep	0000 006d 0000 0022 0155 00a9 0016 003f 0016 003f 0016 0014 0016 0014 0016 0014 0016 0014 0016 0014 0016 003f 0016 003f 0016 0014 0016 003f 0016 0014 0016 0014 0016 0014 0016 003f 0016 0014 0016 0014 0016 003f 0016 0014 0016 0014 0016 003f 0016 0014 0016 003f 0016 0014 0016 003f 0016 0014 0016 003f 0016 003f 0016 0014 0016 003f 0016 0014 0016 003f 0016 0640
System	0000 006d 0000 0022 0155 00a9 0016 003f 0016 003f 0016 0014 0016 0014 0016 0014 0016 0014 0016 0014 0016 003f 0016 003f 0016 0014 0016 003f 0016 0014 0016 0014 0016 0014 0016 003f 0016 0014 0016 003f 0016 0014 0016 0014 0016 003f 0016 003f 0016 0014 0016 003f 0016 0014 0016 0014 0016 003f 0016 003f 0016 0014 0016 0014 0016 003f 0016 0014 0016 003f 0016 0640
Tone	0000 006d 0000 0022 0155 00a9 0016 003f 0016 003f 0016 0014 0016 0014 0016 0014 0016 0014 0016 0014 0016 003f 0016 003f 0016 0014 0016 003f 0016 0014 0016 0014 0016 0014 0016 003f 0016 0014 0016 0014 0016 0014 0016 0014 0016 0014 0016 003f 0016 0014 0016 003f 0016 0014 0016 003f 0016 003f 0016 003f 0016 003f 0016 0014 0016 003f 0016 0014 0016 003f 0016 0640
Disc	0000 006c 0000 0022 0158 00ab 0016 0040 0016 0040 0016 0015 0016 0015 0016 0015 0016 0015 0016 0015 0016 0040 0016 0040 0016 0015 0016 0040 0016 0015 0016 0015 0016 0015 0016 0040 0016 0015 0016 0040 0016 0015 0016 0040 0016 0040 0016 0040 0016 0015 0016 0015 0016 0015 0016 0015 0016 0040 0016 0015 0016 0015 0016 0015 0016 0040 0016 0040 0016 0040 0016 064f
Ch+	0000 006d 0022 0002 0155 00a9 0016 0014 0016 0014 0016 003f 0016 0014 0016 0014 0016 0014 0016 0014 0016 0014 0016 003f 0016 003f 0016 0014 0016 003f 0016 003f 0016 003f 0016 003f 0016 003f 0016 0014 0016 0014 0016 0014 0016 0014 0016 0014 0016 0014 0016 0014 0016 0014 0016 003f 0016 003f 0016 003f 0016 003f 0016 003f 0016 003f 0016 003f 0016 003f 0016 060f 0155 0054 0016 0e54
Ch-	0000 006d 0022 0002 0155 00a9 0016 0014 0016 0014 0016 003f 0016 0014 0016 0014 0016 0014 0016 0014 0016 0014 0016 003f 0016 003f 0016 0014 0016 003f 0016 003f 0016 003f 0016 003f 0016 003f 0016 003f 0016 0014 0016 0014 0016 0014 0016 0014 0016 0014 0016 0014 0016 0014 0016 0014 0016 003f 0016 003f 0016 003f 0016 003f 0016 003f 0016 003f 0016 003f 0016 060f 0155 0054 0016 0e54
User	0000 006d 0000 0022 0155 00a9 0016 003f 0016 003f 0016 0014 0016 0014 0016 0014 0016 0014 0016 0014 0016 003f 0016 003f 0016 0014 0016 003f 0016 0014 0016 0014 0016 0014 0016 003f 0016 0014 0016 003f 0016 0014 0016 003f 0016 0014 0016 0014 0016 0014 0016 0014 0016 0014 0016 0014 0016 003f 0016 0014 0016 003f 0016 003f 0016 003f 0016 003f 0016 003f 0016 0640
Preset	0000 006d 0000 0022 0155 00a9 0016 003f 0016 003f 0016 0014 0016 0014 0016 0014 0016 0014 0016 0014 0016 003f 0016 003f 0016 0014 0016 003f 0016 0014 0016 0014 0016 0014 0016 003f 0016 0014 0016 003f 0016 003f 0016 003f 0016 003f 0016 0014 0016 0014 0016 0014 0016 0014 0016 0014 0016 0014 0016 0014 0016 0014 0016 003f 0016 003f 0016 003f 0016 003f 0016 0640
File	0000 006d 0000 0022 0155 00a9 0016 003f 0016 003f 0016 0014 0016 0014 0016 0014 0016 0014 0016 0014 0016 003f 0016 003f 0016 0014 0016 003f 0016 0014 0016 0014 0016 0014 0016 003f 0016 0014 0016 0014 0016 003f 0016 0014 0016 0014 0016 003f 0016 0014 0016 0014 0016 0014 0016 003f 0016 0014 0016 003f 0016 003f 0016 0014 0016 003f 0016 003f 0016 003f 0016 0640
