Off	0000 006d 0022 0002 0154 00a9 0015 0042 0015 0016 0015 0040 0015 0016 0015 0016 0015 0016 0015 0016 0015 0040 0015 0016 0015 0040 0015 0016 0015 0016 0015 0016 0015 0016 0015 0016 0015 0016 0015 0040 0015 0016 0015 0016 0015 0040 0015 0040 0015 0016 0015 0016 0015 0016 0015 0016 0015 0040 0015 0040 0015 0016 0015 0016 0015 0040 0015 0040 0015 0040 0015 0694 0154 0055 0015 0e2f
Off OSD	0000 006d 0022 0002 0154 00a9 0015 0041 0015 0016 0015 0040 0015 0016 0015 0016 0015 0016 0015 0016 0015 0040 0015 0016 0015 0040 0015 0016 0015 0016 0015 0016 0015 0016 0015 0016 0015 0016 0015 0016 0015 0040 0015 0016 0015 0016 0015 0016 0015 0016 0015 0016 0015 0016 0015 0040 0015 0016 0015 0040 0015 0040 0015 0040 0015 0040 0015 0040 0015 0040 0015 0694 0154 0055 0015 0e2f
Off FP	0000 006d 0022 0002 0154 00a9 0015 0041 0015 0016 0015 0040 0015 0016 0015 0016 0015 0016 0015 0016 0015 0040 0015 0016 0015 0040 0015 0016 0015 0016 0015 0016 0015 0016 0015 0016 0015 0016 0015 0040 0015 0040 0015 0016 0015 0016 0015 0016 0015 0016 0015 0016 0015 0016 0015 0016 0015 0016 0015 0040 0015 0040 0015 0040 0015 0040 0015 0040 0015 0040 0015 0694 0154 0055 0015 0e2f
On	0000 006d 0022 0002 0154 00a9 0015 0040 0015 0016 0015 0040 0015 0016 0015 0016 0015 0016 0015 0016 0015 0040 0015 0016 0015 0040 0015 0016 0015 0016 0015 0016 0015 0016 0015 0016 0015 0016 0015 0016 0015 0016 0015 0016 0015 0040 0015 0040 0015 0016 0015 0016 0015 0016 0015 0040 0015 0040 0015 0040 0015 0016 0015 0016 0015 0040 0015 0040 0015 0040 0015 0694 0154 0055 0015 0e2f
On OSD	0000 006d 0022 0002 0154 00a9 0015 0042 0015 0016 0015 0040 0015 0016 0015 0016 0015 0016 0015 0016 0015 0040 0015 0016 0015 0040 0015 0016 0015 0016 0015 0016 0015 0016 0015 0016 0015 0016 0015 0040 0015 0016 0015 0040 0015 0016 0015 0016 0015 0016 0015 0016 0015 0016 0015 0016 0015 0040 0015 0016 0015 0040 0015 0040 0015 0040 0015 0040 0015 0040 0015 0694 0154 0055 0015 0e2f
 FP	0000 006d 0022 0002 0154 00a9 0015 0040 0015 0016 0015 0040 0015 0016 0015 0016 0015 0016 0015 0016 0015 0040 0015 0016 0015 0040 0015 0016 0015 0016 0015 0016 0015 0016 0015 0016 0015 0016 0015 0016 0015 0016 0015 0040 0015 0016 0015 0016 0015 0016 0015 0016 0015 0016 0015 0040 0015 0040 0015 0016 0015 0040 0015 0040 0015 0040 0015 0040 0015 0040 0015 0694 0154 0055 0015 0e2f
Shift	0000 006c 0022 0002 0156 00ac 0015 0015 0016 0040 0015 0015 0016 0015 0016 0015 0015 0015 0016 0015 0016 0040 0016 0040 0015 0040 0016 0015 0015 0040 0016 0015 0015 0015 0016 0015 0016 0015 0015 0040 0016 0040 0016 0040 0015 0040 0016 0040 0016 0015 0016 0015 0015 0015 0016 0015 0016 0015 0015 0015 0016 0015 0016 0015 0015 0040 0016 0040 0016 0040 0015 0670 0156 0056 0016 0e4b
Record Zone2	0000 006c 0022 0002 0157 00ab 0016 0015 0015 0040 0016 0015 0015 0015 0016 0015 0016 0015 0015 0015 0016 0040 0015 0040 0016 0040 0016 0015 0016 0040 0016 0015 0016 0015 0015 0015 0016 0015 0016 0015 0015 0015 0016 0040 0015 0015 0016 0040 0015 0015 0016 0015 0016 0015 0015 0040 0016 0040 0016 0015 0016 0040 0016 0015 0016 0040 0016 0040 0015 0040 0016 066f 0157 0056 0015 0e4b
Up	0000 006d 0022 0002 0154 00a9 0015 0041 0015 0016 0015 0040 0015 0016 0015 0016 0015 0016 0015 0016 0015 0040 0015 0016 0015 0040 0015 0016 0015 0016 0015 0016 0015 0016 0015 0016 0015 0016 0015 0040 0015 0016 0015 0016 0015 0016 0015 0016 0015 0016 0015 0016 0015 0016 0015 0016 0015 0040 0015 0040 0015 0040 0015 0040 0015 0040 0015 0040 0015 0040 0015 0694 0154 0055 0015 0e2f
Down	0000 006d 0022 0002 0154 00a9 0015 0041 0015 0016 0015 0040 0015 0016 0015 0016 0015 0016 0015 0016 0015 0040 0015 0016 0015 0040 0015 0016 0015 0016 0015 0016 0015 0016 0015 0016 0015 0016 0015 0040 0015 0016 0015 0040 0015 0040 0015 0040 0015 0016 0015 0016 0015 0016 0015 0016 0015 0040 0015 0016 0015 0016 0015 0016 0015 0040 0015 0040 0015 0040 0015 0694 0154 0055 0015 0e2f
Done	0000 006d 0022 0002 0154 00a9 0015 0040 0015 0016 0015 0040 0015 0016 0015 0016 0015 0016 0015 0016 0015 0040 0015 0016 0015 0040 0015 0016 0015 0016 0015 0016 0015 0016 0015 0016 0015 0016 0015 0016 0015 0040 0015 0016 0015 0040 0015 0016 0015 0016 0015 0016 0015 0016 0015 0040 0015 0016 0015 0040 0015 0016 0015 0040 0015 0040 0015 0040 0015 0040 0015 0694 0154 0055 0015 0e2f
Select	0000 006d 0022 0002 0154 00a9 0015 0041 0015 0016 0015 0040 0015 0016 0015 0016 0015 0016 0015 0016 0015 0040 0015 0016 0015 0040 0015 0016 0015 0016 0015 0016 0015 0016 0015 0016 0015 0016 0015 0016 0015 0016 0015 0016 0015 0040 0015 0016 0015 0016 0015 0016 0015 0016 0015 0040 0015 0040 0015 0040 0015 0016 0015 0040 0015 0040 0015 0040 0015 0040 0015 0694 0154 0055 0015 0e2f
Effect+	0000 006d 0022 0002 0154 00a9 0015 0042 0015 0016 0015 0040 0015 0016 0015 0016 0015 0016 0015 0016 0015 0040 0015 0016 0015 0040 0015 0016 0015 0016 0015 0016 0015 0016 0015 0016 0015 0016 0015 0016 0015 0040 0015 0016 0015 0040 0015 0040 0015 0016 0015 0016 0015 0016 0015 0040 0015 0016 0015 0040 0015 0016 0015 0016 0015 0040 0015 0040 0015 0040 0015 0694 0154 0055 0015 0e2f
Effect-	0000 006d 0022 0002 0154 00a9 0015 0042 0015 0016 0015 0040 0015 0016 0015 0016 0015 0016 0015 0016 0015 0040 0015 0016 0015 0040 0015 0016 0015 0016 0015 0016 0015 0016 0015 0016 0015 0016 0015 0040 0015 0040 0015 0016 0015 0040 0015 0040 0015 0016 0015 0016 0015 0016 0015 0016 0015 0016 0015 0040 0015 0016 0015 0016 0015 0040 0015 0040 0015 0040 0015 0694 0154 0055 0015 0e2f
Vol+	0000 006d 0022 0002 0154 00a9 0015 0040 0015 0016 0015 0040 0015 0016 0015 0016 0015 0016 0015 0016 0015 0040 0015 0016 0015 0040 0015 0016 0015 0016 0015 0016 0015 0016 0015 0016 0015 0016 0015 0040 0015 0040 0015 0040 0015 0016 0015 0040 0015 0016 0015 0016 0015 0016 0015 0016 0015 0016 0015 0016 0015 0040 0015 0016 0015 0040 0015 0040 0015 0040 0015 0694 0154 0055 0015 0e2f
Vol-	0000 006d 0022 0002 0154 00a9 0015 0041 0015 0016 0015 0040 0015 0016 0015 0016 0015 0016 0015 0016 0015 0040 0015 0016 0015 0040 0015 0016 0015 0016 0015 0016 0015 0016 0015 0016 0015 0016 0015 0016 0015 0040 0015 0040 0015 0016 0015 0040 0015 0016 0015 0016 0015 0016 0015 0040 0015 0016 0015 0016 0015 0040 0015 0016 0015 0040 0015 0040 0015 0040 0015 0694 0154 0055 0015 0e2f
Mute	0000 006d 0022 0002 0154 00a9 0015 0040 0015 0016 0015 0040 0015 0016 0015 0016 0015 0016 0015 0016 0015 0040 0015 0016 0015 0040 0015 0016 0015 0016 0015 0016 0015 0016 0015 0016 0015 0016 0015 0040 0015 0016 0015 0040 0015 0016 0015 0040 0015 0016 0015 0016 0015 0016 0015 0016 0015 0040 0015 0016 0015 0040 0015 0016 0015 0040 0015 0040 0015 0040 0015 0694 0154 0055 0015 0e2f
VCR	0000 006d 0022 0002 0154 00a9 0015 0041 0015 0016 0015 0040 0015 0016 0015 0016 0015 0016 0015 0016 0015 0040 0015 0016 0015 0040 0015 0016 0015 0016 0015 0016 0015 0016 0015 0016 0015 0016 0015 0040 0015 0040 0015 0016 0015 0016 0015 0040 0015 0016 0015 0016 0015 0016 0015 0016 0015 0016 0015 0040 0015 0040 0015 0016 0015 0040 0015 0040 0015 0040 0015 0694 0154 0055 0015 0e2f
DVD	0000 006d 0022 0002 0154 00a9 0015 0040 0015 0016 0015 0040 0015 0016 0015 0016 0015 0016 0015 0016 0015 0040 0015 0016 0015 0040 0015 0016 0015 0016 0015 0016 0015 0016 0015 0016 0015 0016 0015 0016 0015 0040 0015 0016 0015 0016 0015 0040 0015 0016 0015 0016 0015 0016 0015 0040 0015 0016 0015 0040 0015 0040 0015 0016 0015 0040 0015 0040 0015 0040 0015 0694 0154 0055 0015 0e2f
V-Disc	0000 006d 0022 0002 0154 00a9 0015 0041 0015 0016 0015 0040 0015 0016 0015 0016 0015 0016 0015 0016 0015 0040 0015 0016 0015 0040 0015 0016 0015 0016 0015 0016 0015 0016 0015 0016 0015 0016 0015 0040 0015 0016 0015 0016 0015 0016 0015 0040 0015 0016 0015 0016 0015 0016 0015 0016 0015 0040 0015 0040 0015 0040 0015 0016 0015 0040 0015 0040 0015 0040 0015 0694 0154 0055 0015 0e2f
TV	0000 006d 0022 0002 0154 00a9 0015 0041 0015 0016 0015 0040 0015 0016 0015 0016 0015 0016 0015 0016 0015 0040 0015 0016 0015 0040 0015 0016 0015 0016 0015 0016 0015 0016 0015 0016 0015 0016 0015 0016 0015 0016 0015 0016 0015 0016 0015 0040 0015 0016 0015 0016 0015 0016 0015 0040 0015 0040 0015 0040 0015 0040 0015 0016 0015 0040 0015 0040 0015 0040 0015 0694 0154 0055 0015 0e2f
Aux	0000 006d 0022 0002 0154 00a9 0015 0042 0015 0016 0015 0040 0015 0016 0015 0016 0015 0016 0015 0016 0015 0040 0015 0016 0015 0040 0015 0016 0015 0016 0015 0016 0015 0016 0015 0016 0015 0016 0015 0040 0015 0040 0015 0040 0015 0040 0015 0016 0015 0016 0015 0016 0015 0016 0015 0016 0015 0016 0015 0016 0015 0016 0015 0040 0015 0040 0015 0040 0015 0040 0015 0694 0154 0055 0015 0e2f
CD	0000 006d 0022 0002 0154 00a9 0015 0040 0015 0016 0015 0040 0015 0016 0015 0016 0015 0016 0015 0016 0015 0040 0015 0016 0015 0040 0015 0016 0015 0016 0015 0016 0015 0016 0015 0016 0015 0016 0015 0016 0015 0040 0015 0040 0015 0040 0015 0016 0015 0016 0015 0016 0015 0016 0015 0040 0015 0016 0015 0016 0015 0016 0015 0040 0015 0040 0015 0040 0015 0040 0015 0694 0154 0055 0015 0e2f
Tuner	0000 006d 0022 0002 0154 00a9 0015 0041 0015 0016 0015 0040 0015 0016 0015 0016 0015 0016 0015 0016 0015 0040 0015 0016 0015 0040 0015 0016 0015 0016 0015 0016 0015 0016 0015 0016 0015 0016 0015 0040 0015 0016 0015 0040 0015 0040 0015 0016 0015 0016 0015 0016 0015 0016 0015 0016 0015 0040 0015 0016 0015 0016 0015 0040 0015 0040 0015 0040 0015 0040 0015 0694 0154 0055 0015 0e2f
Tape	0000 006d 0022 0002 0154 00a9 0015 0042 0015 0016 0015 0040 0015 0016 0015 0016 0015 0016 0015 0016 0015 0040 0015 0016 0015 0040 0015 0016 0015 0016 0015 0016 0015 0016 0015 0016 0015 0016 0015 0016 0015 0016 0015 0040 0015 0040 0015 0016 0015 0016 0015 0016 0015 0016 0015 0040 0015 0040 0015 0016 0015 0016 0015 0040 0015 0040 0015 0040 0015 0040 0015 0694 0154 0055 0015 0e2f
Dolby	0000 006d 0022 0002 0154 00a9 0015 0041 0015 0016 0015 0040 0015 0016 0015 0016 0015 0016 0015 0016 0015 0040 0015 0016 0015 0040 0015 0016 0015 0016 0015 0016 0015 0016 0015 0016 0015 0016 0015 0016 0015 0016 0015 0016 0015 0016 0015 0016 0015 0040 0015 0016 0015 0016 0015 0040 0015 0040 0015 0040 0015 0040 0015 0040 0015 0016 0015 0040 0015 0040 0015 0694 0154 0055 0015 0e2f
THX	0000 006d 0022 0002 0154 00a9 0015 0041 0015 0016 0015 0040 0015 0016 0015 0016 0015 0016 0015 0016 0015 0040 0015 0016 0015 0040 0015 0016 0015 0016 0015 0016 0015 0016 0015 0016 0015 0016 0015 0040 0015 0016 0015 0016 0015 0016 0015 0016 0015 0040 0015 0016 0015 0016 0015 0016 0015 0040 0015 0040 0015 0040 0015 0040 0015 0016 0015 0040 0015 0040 0015 0694 0154 0055 0015 0e2f
DTS	0000 006d 0022 0002 0154 00a9 0015 0041 0015 0016 0015 0040 0015 0016 0015 0016 0015 0016 0015 0016 0015 0040 0015 0016 0015 0040 0015 0016 0015 0016 0015 0016 0015 0016 0015 0016 0015 0016 0015 0040 0015 0040 0015 0016 0015 0016 0015 0016 0015 0040 0015 0016 0015 0016 0015 0016 0015 0016 0015 0040 0015 0040 0015 0040 0015 0016 0015 0040 0015 0040 0015 0694 0154 0055 0015 0e2f
2 Ch	0000 006d 0022 0002 0154 00a9 0015 0042 0015 0016 0015 0040 0015 0016 0015 0016 0015 0016 0015 0016 0015 0040 0015 0016 0015 0040 0015 0016 0015 0016 0015 0016 0015 0016 0015 0016 0015 0016 0015 0016 0015 0016 0015 0040 0015 0016 0015 0016 0015 0040 0015 0016 0015 0016 0015 0040 0015 0040 0015 0016 0015 0040 0015 0040 0015 0016 0015 0040 0015 0040 0015 0694 0154 0055 0015 0e2f
Party	0000 006d 0022 0002 0154 00a9 0015 0041 0015 0016 0015 0040 0015 0016 0015 0016 0015 0016 0015 0016 0015 0040 0015 0016 0015 0040 0015 0016 0015 0016 0015 0016 0015 0016 0015 0016 0015 0016 0015 0040 0015 0016 0015 0040 0015 0016 0015 0016 0015 0040 0015 0016 0015 0016 0015 0016 0015 0040 0015 0016 0015 0040 0015 0040 0015 0016 0015 0040 0015 0040 0015 0694 0154 0055 0015 0e2f
TV M	0000 006d 0022 0002 0154 00a9 0015 0042 0015 0016 0015 0040 0015 0016 0015 0016 0015 0016 0015 0016 0015 0040 0015 0016 0015 0040 0015 0016 0015 0016 0015 0016 0015 0016 0015 0016 0015 0016 0015 0016 0015 0040 0015 0040 0015 0016 0015 0016 0015 0040 0015 0016 0015 0016 0015 0040 0015 0016 0015 0016 0015 0040 0015 0040 0015 0016 0015 0040 0015 0040 0015 0694 0154 0055 0015 0e2f
Music	0000 006d 0022 0002 0154 00a9 0015 0042 0015 0016 0015 0040 0015 0016 0015 0016 0015 0016 0015 0016 0015 0040 0015 0016 0015 0040 0015 0016 0015 0016 0015 0016 0015 0016 0015 0016 0015 0016 0015 0040 0015 0040 0015 0040 0015 0016 0015 0016 0015 0040 0015 0016 0015 0016 0015 0016 0015 0016 0015 0016 0015 0040 0015 0040 0015 0016 0015 0040 0015 0040 0015 069d 0154 0055 0015 0e38
Logic 7	0000 006d 0022 0002 0154 00a9 0015 0040 0015 0016 0015 0040 0015 0016 0015 0016 0015 0016 0015 0016 0015 0040 0015 0016 0015 0040 0015 0016 0015 0016 0015 0016 0015 0016 0015 0016 0015 0016 0015 0016 0015 0040 0015 0016 0015 0016 0015 0016 0015 0040 0015 0016 0015 0016 0015 0040 0015 0016 0015 0040 0015 0040 0015 0040 0015 0016 0015 0040 0015 0040 0015 0694 0154 0055 0015 0e2f
