Power	0000 0069 0000 001a 0089 0088 0022 0022 0022 0022 0022 0022 0022 0066 0022 0022 0022 0066 0022 0022 0022 0022 0022 0022 0022 0022 0022 0022 0022 0066 0022 0066 0022 0066 0022 0066 0022 0022 0022 0066 0022 0022 0022 0066 0022 0066 0022 0066 0022 0066 0022 0066 0022 0022 0022 0533
Play	0000 0065 0000 001a 008e 008e 0024 0023 0024 0024 0024 0024 0024 006b 0024 0024 0024 006b 0024 0024 0024 006b 0024 0023 0024 006b 0024 0024 0024 0023 0024 006b 0024 006b 0024 006b 0024 0023 0024 006b 0024 0023 0024 006b 0024 0023 0024 006b 0024 0023 0024 006b 0024 006b 0024 0569
Stop	0000 0067 0000 001a 008b 008b 0023 0023 0023 0023 0023 0023 0023 0068 0023 0023 0023 0068 0023 0023 0023 0023 0023 0068 0023 0068 0023 0068 0023 0023 0023 0068 0023 0068 0023 0068 0023 0023 0023 0068 0023 0023 0023 0068 0023 0068 0023 0023 0023 0023 0023 0023 0023 0068 0023 054e
Pause	0000 0065 0000 001a 008e 008e 0024 0023 0024 0024 0024 0023 0024 006b 0024 0023 0024 006b 0024 006b 0024 006b 0024 0023 0024 006b 0024 0023 0024 0023 0024 006b 0024 006b 0024 006b 0024 0023 0024 006b 0024 0023 0024 0023 0024 0024 0024 006b 0024 0023 0024 006b 0024 006b 0024 0569
Rew	0000 0065 0000 001a 008e 008e 0024 0023 0024 0023 0024 0023 0024 006b 0024 0023 0024 006b 0024 0023 0024 0023 0024 006b 0024 006b 0024 0023 0024 0023 0024 006b 0024 006b 0024 006b 0024 0023 0024 006b 0024 0023 0024 006b 0024 006b 0024 0023 0024 0023 0024 006b 0024 006b 0024 0569
Ffwd	0000 0064 0000 001a 0090 0090 0024 0024 0024 0024 0024 0024 0024 006c 0024 0024 0024 006c 0024 0024 0024 0024 0024 006c 0024 0024 0024 0024 0024 0024 0024 006c 0024 006c 0024 006c 0024 0024 0024 006c 0024 0024 0024 006c 0024 006c 0024 0024 0024 006c 0024 006c 0024 006c 0024 0578
Record	0000 0064 0000 001a 0090 0090 0024 0024 0024 0024 0024 0024 0024 006c 0024 0024 0024 006c 0024 0024 0024 006c 0024 0024 0024 006c 0024 006c 0024 0024 0024 006c 0024 006c 0024 006c 0024 0024 0024 006c 0024 0024 0024 006c 0024 0024 0024 006c 0024 0024 0024 0024 0024 006c 0024 0578
1	0000 0067 0000 001a 008b 008b 0023 0023 0023 0023 0023 0023 0023 0068 0023 0023 0023 0068 0023 0068 0023 0068 0023 0068 0023 0068 0023 0068 0023 0023 0023 0068 0023 0068 0023 0068 0023 0023 0023 0068 0023 0023 0023 0023 0023 0023 0023 0023 0023 0023 0023 0023 0023 0068 0023 054e
2	0000 0063 0000 001a 0091 0091 0024 0024 0024 0024 0024 0024 0024 006d 0024 0024 0024 006d 0024 006d 0024 0024 0024 0024 0024 0024 0024 0024 0024 006d 0024 006d 0024 006d 0024 006d 0024 0024 0024 006d 0024 0024 0024 0024 0024 006d 0024 006d 0024 006d 0024 006d 0024 0024 0024 0586
3	0000 0063 0000 001a 0091 0091 0024 0024 0024 0024 0024 0024 0024 006d 0024 0024 0024 006d 0024 0024 0024 006d 0024 0024 0024 0024 0024 0024 0024 006d 0024 006d 0024 006d 0024 006d 0024 0024 0024 006d 0024 0024 0024 006d 0024 0024 0024 006d 0024 006d 0024 006d 0024 0024 0024 0586
4	0000 0062 0000 001a 0093 0093 0025 0025 0025 0025 0025 0025 0025 006e 0025 0025 0025 006e 0025 006e 0025 006e 0025 0025 0025 0025 0025 0025 0025 006e 0025 006e 0025 006e 0025 006e 0025 0025 0025 006e 0025 0025 0025 0025 0025 0025 0025 006e 0025 006e 0025 006e 0025 0025 0025 0595
5	0000 0065 0000 001a 008e 008e 0024 0023 0024 0023 0024 0024 0024 006b 0024 0023 0024 006b 0024 0023 0024 0023 0024 006b 0024 0023 0024 0023 0024 006b 0024 006b 0024 006b 0024 006b 0024 0023 0024 006b 0024 0023 0024 006b 0024 006b 0024 0024 0024 006b 0024 006b 0024 0024 0024 0569
6	0000 0065 0000 001a 008e 008e 0024 0023 0024 0024 0024 0023 0024 006b 0024 0023 0024 006b 0024 006b 0024 0023 0024 006b 0024 0023 0024 0023 0024 006b 0024 006b 0024 006b 0024 006b 0024 0023 0024 006b 0024 0023 0024 0023 0024 006b 0024 0023 0024 006b 0024 006b 0024 0023 0024 0569
7	0000 0068 0000 001a 008a 008a 0023 0022 0023 0022 0023 0022 0023 0067 0023 0022 0023 0067 0023 0022 0023 0067 0023 0067 0023 0022 0023 0022 0023 0067 0023 0067 0023 0067 0023 0067 0023 0022 0023 0067 0023 0022 0023 0067 0023 0022 0023 0022 0023 0067 0023 0067 0023 0022 0023 0540
8	0000 0064 0000 001a 0090 0090 0024 0024 0024 0024 0024 0024 0024 006c 0024 0024 0024 006c 0024 006c 0024 006c 0024 006c 0024 0024 0024 0024 0024 006c 0024 006c 0024 006c 0024 006c 0024 0024 0024 006c 0024 0024 0024 0024 0024 0024 0024 0024 0024 006c 0024 006c 0024 0024 0024 0578
9	0000 0068 0000 001a 008a 008a 0023 0022 0023 0022 0023 0022 0023 0067 0023 0022 0023 0067 0023 0022 0023 0022 0022 0022 0023 0067 0023 0022 0023 0067 0023 0067 0023 0067 0023 0067 0023 0022 0023 0067 0023 0022 0023 0067 0023 0067 0023 0067 0023 0022 0023 0067 0023 0022 0023 0540
0	0000 0066 0000 001a 008d 008d 0023 0023 0023 0023 0023 0023 0023 0069 0023 0023 0023 0069 0023 0069 0023 0023 0023 0023 0023 0069 0023 0023 0023 0069 0023 0069 0023 0069 0023 0069 0023 0023 0023 0069 0023 0023 0023 0023 0023 0069 0023 0069 0023 0023 0023 0069 0023 0023 0023 055b
TV/VCR	0000 0067 0000 001a 008b 008b 0023 0023 0023 0023 0023 0023 0023 0068 0023 0023 0023 0068 0023 0023 0023 0023 0023 0023 0023 0023 0023 0023 0023 0023 0023 0068 0023 0068 0023 0068 0023 0023 0023 0068 0023 0023 0023 0068 0023 0068 0023 0068 0023 0068 0023 0068 0023 0068 0023 054e
Ch+	0000 0067 0000 001a 008b 008b 0023 0023 0023 0023 0023 0023 0023 0068 0023 0023 0023 0068 0023 0023 0023 0023 0023 0023 0023 0023 0023 0068 0023 0023 0023 0068 0023 0068 0023 0068 0023 0023 0023 0068 0023 0023 0023 0068 0023 0068 0023 0068 0023 0068 0023 0023 0023 0068 0023 054e
Ch-	0000 0067 0000 001a 008b 008b 0023 0023 0023 0023 0023 0023 0023 0068 0023 0023 0023 0068 0023 0023 0023 0023 0023 0023 0023 0068 0023 0023 0023 0023 0023 0068 0023 0068 0023 0068 0023 0023 0023 0068 0023 0023 0023 0068 0023 0068 0023 0068 0023 0023 0023 0068 0023 0068 0023 054e
Slow	0000 0064 0000 001a 0090 0090 0024 0024 0024 0024 0024 0024 0024 006c 0024 0024 0024 006c 0024 006c 0024 0024 0024 006c 0024 006c 0024 0024 0024 0024 0024 006c 0024 006c 0024 006c 0024 0024 0024 006c 0024 0024 0024 0024 0024 006c 0024 0024 0024 0024 0024 006c 0024 006c 0024 0578
F Adv	0000 0062 0000 001a 0093 0093 0025 0025 0025 0025 0025 0025 0025 006e 0025 0025 0025 006e 0025 006e 0025 006e 0025 0025 0025 0025 0025 0025 0025 0025 0025 006e 0025 006e 0025 006e 0025 0025 0025 006e 0025 0025 0025 0025 0025 0025 0025 006e 0025 006e 0025 006e 0025 006e 0025 0595
Program	0000 0066 0000 001a 008d 008d 0023 0023 0023 0023 0023 0023 0023 0069 0023 0023 0023 0069 0023 0069 0023 0023 0023 0069 0023 0023 0023 0069 0023 0023 0023 0069 0023 0069 0023 0069 0023 0023 0023 0069 0023 0023 0023 0023 0023 0069 0023 0023 0023 0069 0023 0023 0023 0069 0023 055b
Select	0000 0063 0000 001a 0091 0091 0024 0024 0024 0024 0024 0024 0024 006d 0024 0024 0024 006d 0024 0024 0024 006d 0024 006d 0024 0024 0024 006d 0024 0024 0024 006d 0024 006d 0024 006d 0024 0024 0024 006d 0024 0024 0024 006d 0024 0024 0024 0024 0024 006d 0024 0024 0024 006d 0024 0586
Set	0000 0064 0000 001a 0090 0090 0024 0024 0024 0024 0024 0024 0024 006c 0024 0024 0024 006c 0024 006c 0024 006c 0024 006c 0024 0024 0024 006c 0024 0024 0024 006c 0024 006c 0024 006c 0024 0024 0024 006c 0024 0024 0024 0024 0024 0024 0024 0024 0024 006c 0024 0024 0024 006c 0024 0578
Cancel	0000 0065 0000 001a 008e 008e 0024 0023 0024 0023 0024 0024 0024 006b 0024 0023 0024 006b 0024 006b 0024 006b 0024 006b 0024 006b 0024 0023 0024 0023 0024 006b 0024 006b 0024 006b 0024 0023 0024 006b 0024 0024 0024 0023 0024 0023 0024 0024 0024 0023 0024 006b 0024 006b 0024 0569
Timer Rec	0000 0064 0000 001a 0090 0090 0024 0024 0024 0024 0024 0024 0024 006c 0024 0024 0024 006c 0024 0024 0024 0024 0024 0024 0024 006c 0024 006c 0024 0024 0024 006c 0024 006c 0024 006c 0024 0024 0024 006c 0024 0024 0024 006c 0024 006c 0024 006c 0024 0024 0024 0024 0024 006c 0024 0578
