Select None	0000 006B 0000 0024 0000 00AD 0000 0016 0000 0040 0000 0016 0000 0040 0000 0016 0000 0016 0000 0040 0000 0040 0000 0040 0000 0016 0000 0016 0000 0040 0000 0040 0000 0040 0000 0016 0000 0016 0000 0016 0000 0016 0000 0016 0000 0016 0000 0040 0000 0040 0000 0040 0000 0040 0000 0040 0000 0040 0000 0040 0000 0040 0000 0016 0000 0016 0000 0016 0000 0016 0000 0620 0000 0057 0000 1302
Sele 1	0000 006B 0000 0024 0000 00AD 0000 0016 0000 0040 0000 0016 0000 0040 0000 0016 0000 0016 0000 0040 0000 0040 0000 0040 0000 0016 0000 0016 0000 0040 0000 0040 0000 0040 0000 0016 0000 0016 0000 0040 0000 0016 0000 0016 0000 0016 0000 0040 0000 0040 0000 0040 0000 0040 0000 0016 0000 0040 0000 0040 0000 0040 0000 0016 0000 0016 0000 0016 0000 0016 0000 0620 0000 0057 0000 1302
Sele 2	0000 006B 0000 0024 0000 00AD 0000 0016 0000 0040 0000 0016 0000 0040 0000 0016 0000 0016 0000 0040 0000 0040 0000 0040 0000 0016 0000 0016 0000 0040 0000 0040 0000 0040 0000 0016 0000 0016 0000 0016 0000 0040 0000 0016 0000 0016 0000 0040 0000 0040 0000 0040 0000 0040 0000 0040 0000 0016 0000 0040 0000 0040 0000 0016 0000 0016 0000 0016 0000 0016 0000 0620 0000 0057 0000 1302
Selec 2	0000 006B 0000 0024 0000 00AD 0000 0016 0000 0040 0000 0016 0000 0040 0000 0016 0000 0016 0000 0040 0000 0040 0000 0040 0000 0016 0000 0016 0000 0040 0000 0040 0000 0040 0000 0016 0000 0016 0000 0040 0000 0040 0000 0016 0000 0016 0000 0040 0000 0040 0000 0040 0000 0040 0000 0016 0000 0016 0000 0040 0000 0040 0000 0016 0000 0016 0000 0016 0000 0016 0000 0620 0000 0057 0000 1302
Sele 3	0000 006B 0000 0024 0000 00AD 0000 0016 0000 0040 0000 0016 0000 0040 0000 0016 0000 0016 0000 0040 0000 0040 0000 0040 0000 0016 0000 0016 0000 0040 0000 0040 0000 0040 0000 0016 0000 0016 0000 0016 0000 0016 0000 0040 0000 0016 0000 0040 0000 0040 0000 0040 0000 0040 0000 0040 0000 0040 0000 0016 0000 0040 0000 0016 0000 0016 0000 0016 0000 0016 0000 0620 0000 0057 0000 1302
Selec 3	0000 006B 0000 0024 0000 00AD 0000 0016 0000 0040 0000 0016 0000 0040 0000 0016 0000 0016 0000 0040 0000 0040 0000 0040 0000 0016 0000 0016 0000 0040 0000 0040 0000 0040 0000 0016 0000 0016 0000 0040 0000 0016 0000 0040 0000 0016 0000 0040 0000 0040 0000 0040 0000 0040 0000 0016 0000 0040 0000 0016 0000 0040 0000 0016 0000 0016 0000 0016 0000 0016 0000 0620 0000 0057 0000 1302
Selec 3	0000 006B 0000 0024 0000 00AD 0000 0016 0000 0040 0000 0016 0000 0040 0000 0016 0000 0016 0000 0040 0000 0040 0000 0040 0000 0016 0000 0016 0000 0040 0000 0040 0000 0040 0000 0016 0000 0016 0000 0016 0000 0040 0000 0040 0000 0016 0000 0040 0000 0040 0000 0040 0000 0040 0000 0040 0000 0016 0000 0016 0000 0040 0000 0016 0000 0016 0000 0016 0000 0016 0000 0620 0000 0057 0000 1302
Selec 2-3	0000 006B 0000 0024 0000 00AD 0000 0016 0000 0040 0000 0016 0000 0040 0000 0016 0000 0016 0000 0040 0000 0040 0000 0040 0000 0016 0000 0016 0000 0040 0000 0040 0000 0040 0000 0016 0000 0016 0000 0040 0000 0040 0000 0040 0000 0016 0000 0040 0000 0040 0000 0040 0000 0040 0000 0016 0000 0016 0000 0016 0000 0040 0000 0016 0000 0016 0000 0016 0000 0016 0000 0620 0000 0057 0000 1302
Sele 4	0000 006B 0000 0024 0000 00AD 0000 0016 0000 0040 0000 0016 0000 0040 0000 0016 0000 0016 0000 0040 0000 0040 0000 0040 0000 0016 0000 0016 0000 0040 0000 0040 0000 0040 0000 0016 0000 0016 0000 0016 0000 0016 0000 0016 0000 0040 0000 0040 0000 0040 0000 0040 0000 0040 0000 0040 0000 0040 0000 0040 0000 0016 0000 0016 0000 0016 0000 0016 0000 0016 0000 0620 0000 0057 0000 1302
Selec 4	0000 006B 0000 0024 0000 00AD 0000 0016 0000 0040 0000 0016 0000 0040 0000 0016 0000 0016 0000 0040 0000 0040 0000 0040 0000 0016 0000 0016 0000 0040 0000 0040 0000 0040 0000 0016 0000 0016 0000 0040 0000 0016 0000 0016 0000 0040 0000 0040 0000 0040 0000 0040 0000 0040 0000 0016 0000 0040 0000 0040 0000 0016 0000 0016 0000 0016 0000 0016 0000 0016 0000 0620 0000 0057 0000 1302
Selec 4	0000 006B 0000 0024 0000 00AD 0000 0016 0000 0040 0000 0016 0000 0040 0000 0016 0000 0016 0000 0040 0000 0040 0000 0040 0000 0016 0000 0016 0000 0040 0000 0040 0000 0040 0000 0016 0000 0016 0000 0016 0000 0040 0000 0016 0000 0040 0000 0040 0000 0040 0000 0040 0000 0040 0000 0040 0000 0016 0000 0040 0000 0016 0000 0016 0000 0016 0000 0016 0000 0016 0000 0620 0000 0057 0000 1302
Selec 2-4	0000 006B 0000 0024 0000 00AD 0000 0016 0000 0040 0000 0016 0000 0040 0000 0016 0000 0016 0000 0040 0000 0040 0000 0040 0000 0016 0000 0016 0000 0040 0000 0040 0000 0040 0000 0016 0000 0016 0000 0040 0000 0040 0000 0016 0000 0040 0000 0040 0000 0040 0000 0040 0000 0040 0000 0016 0000 0016 0000 0040 0000 0016 0000 0016 0000 0016 0000 0016 0000 0016 0000 0620 0000 0057 0000 1302
Selec 4	0000 006B 0000 0024 0000 00AD 0000 0016 0000 0040 0000 0016 0000 0040 0000 0016 0000 0016 0000 0040 0000 0040 0000 0040 0000 0016 0000 0016 0000 0040 0000 0040 0000 0040 0000 0016 0000 0016 0000 0016 0000 0016 0000 0040 0000 0040 0000 0040 0000 0040 0000 0040 0000 0040 0000 0040 0000 0040 0000 0016 0000 0016 0000 0016 0000 0016 0000 0016 0000 0016 0000 0620 0000 0057 0000 1302
Selec 3-4	0000 006B 0000 0024 0000 00AD 0000 0016 0000 0040 0000 0016 0000 0040 0000 0016 0000 0016 0000 0040 0000 0040 0000 0040 0000 0016 0000 0016 0000 0040 0000 0040 0000 0040 0000 0016 0000 0016 0000 0040 0000 0016 0000 0040 0000 0040 0000 0040 0000 0040 0000 0040 0000 0040 0000 0016 0000 0040 0000 0016 0000 0016 0000 0016 0000 0016 0000 0016 0000 0016 0000 0620 0000 0057 0000 1302
Selec 3-4	0000 006B 0000 0024 0000 00AD 0000 0016 0000 0040 0000 0016 0000 0040 0000 0016 0000 0016 0000 0040 0000 0040 0000 0040 0000 0016 0000 0016 0000 0040 0000 0040 0000 0040 0000 0016 0000 0016 0000 0016 0000 0040 0000 0040 0000 0040 0000 0040 0000 0040 0000 0040 0000 0040 0000 0040 0000 0016 0000 0016 0000 0016 0000 0016 0000 0016 0000 0016 0000 0016 0000 0620 0000 0057 0000 1302
Selec 2-3-4	0000 006B 0000 0024 0000 00AD 0000 0016 0000 0040 0000 0016 0000 0040 0000 0016 0000 0016 0000 0040 0000 0040 0000 0040 0000 0016 0000 0016 0000 0040 0000 0040 0000 0040 0000 0016 0000 0016 0000 0040 0000 0040 0000 0040 0000 0040 0000 0040 0000 0040 0000 0040 0000 0040 0000 0016 0000 0016 0000 0016 0000 0016 0000 0016 0000 0016 0000 0016 0000 0016 0000 0620 0000 0057 0000 1302
