Power	0000 0066 0000 000B 0000 0020 0000 0020 0000 003F 0000 0020 0000 003F 0000 0020 0000 0020 0000 0020 0000 0020 0000 0020 0000 0C0C
CD	0000 0066 0000 000A 0000 0020 0000 0020 0000 003F 0000 0020 0000 003F 0000 0020 0000 003F 0000 0020 0000 0020 0000 0C0C
1	0000 0066 0000 000B 0000 0020 0000 0020 0000 003F 0000 0020 0000 003F 0000 0020 0000 0020 0000 0020 0000 0020 0000 003F 0000 0BEE
2	0000 0066 0000 000A 0000 0020 0000 0020 0000 003F 0000 0020 0000 003F 0000 0020 0000 0020 0000 0020 0000 003F 0000 0C0C
3	0000 0066 0000 000B 0000 0020 0000 0020 0000 003F 0000 0020 0000 003F 0000 0020 0000 0020 0000 0020 0000 003F 0000 0020 0000 0BEE
4	0000 0066 0000 000A 0000 0020 0000 0020 0000 003F 0000 0020 0000 003F 0000 0020 0000 0020 0000 003F 0000 0020 0000 0C0C
5	0000 0066 0000 000A 0000 0020 0000 0020 0000 003F 0000 0020 0000 003F 0000 0020 0000 0020 0000 003F 0000 003F 0000 0BEE
6	0000 0066 0000 000A 0000 0020 0000 0020 0000 003F 0000 0020 0000 003F 0000 0020 0000 0020 0000 003F 0000 0020 0000 0C0C
7	0000 0066 0000 000B 0000 0020 0000 0020 0000 003F 0000 0020 0000 003F 0000 0020 0000 0020 0000 003F 0000 0020 0000 0020 0000 0BEE
8	0000 0066 0000 000A 0000 0020 0000 0020 0000 003F 0000 0020 0000 003F 0000 0020 0000 003F 0000 0020 0000 0020 0000 0C0C
9	0000 0066 0000 000A 0000 0020 0000 0020 0000 003F 0000 0020 0000 003F 0000 0020 0000 003F 0000 0020 0000 003F 0000 0BEE
0	0000 0066 0000 000B 0000 0020 0000 0020 0000 003F 0000 0020 0000 003F 0000 0020 0000 0020 0000 0020 0000 0020 0000 0020 0000 0C0C
Vol+	0000 0066 0000 000B 0000 0020 0000 0020 0000 003F 0000 0020 0000 003F 0000 0020 0000 0020 0000 003F 0000 0020 0000 0020 0000 0BEE
Vol-	0000 0066 0000 000A 0000 0020 0000 0020 0000 003F 0000 0020 0000 003F 0000 0020 0000 0020 0000 003F 0000 0020 0000 0C0C
Mute	0000 0066 0000 000A 0000 0020 0000 0020 0000 003F 0000 0020 0000 003F 0000 0020 0000 0020 0000 003F 0000 003F 0000 0BEE
Tune+	0000 0066 0000 000B 0000 0020 0000 0020 0000 003F 0000 0020 0000 003F 0000 0020 0000 0020 0000 0020 0000 003F 0000 0020 0000 0BEE
Tune-	0000 0066 0000 000A 0000 0020 0000 0020 0000 003F 0000 0020 0000 003F 0000 0020 0000 0020 0000 003F 0000 0020 0000 0C0C
AM	0000 0066 0000 000A 0000 0020 0000 0020 0000 003F 0000 0020 0000 003F 0000 0020 0000 003F 0000 003F 0000 0020 0000 0BEE
FM	0000 0066 0000 000A 0000 0020 0000 0020 0000 003F 0000 0020 0000 003F 0000 0020 0000 003F 0000 0020 0000 0020 0000 0C0C
Next Nonstd Name	0000 0073 0000 0021 0000 0020 0000 0020 0000 0020 0000 0040 0000 0020 0000 0020 0000 0040 0000 0020 0000 0020 0000 0040 0000 0CB0 0000 0020 0000 0020 0000 0020 0000 0040 0000 0020 0000 0020 0000 0040 0000 0020 0000 0020 0000 0040 0000 0CB0 0000 0020 0000 0020 0000 0020 0000 0040 0000 0020 0000 0020 0000 0040 0000 0020 0000 0020 0000 0040 0000 11B7
All	0000 0066 0000 000B 0000 0020 0000 0020 0000 003F 0000 0020 0000 003F 0000 0020 0000 0020 0000 0020 0000 0020 0000 003F 0000 0BEE
Video	0000 0066 0000 000B 0000 0020 0000 0020 0000 003F 0000 0020 0000 003F 0000 0020 0000 003F 0000 0020 0000 0020 0000 0020 0000 0BEE
Tape	0000 0066 0000 000A 0000 0020 0000 0020 0000 003F 0000 0020 0000 003F 0000 0020 0000 003F 0000 0020 0000 003F 0000 0BEE
Ant/Aux	0000 0066 0000 000A 0000 0020 0000 0020 0000 003F 0000 0020 0000 003F 0000 003F 0000 0020 0000 0020 0000 0020 0000 0C0C
TV/VCR	0000 0066 0000 000B 0000 0020 0000 0020 0000 003F 0000 0020 0000 003F 0000 003F 0000 0020 0000 0020 0000 0020 0000 0020 0000 0BEE
Pgm	0000 0066 0000 000C 0000 0020 0000 0020 0000 003F 0000 0020 0000 003F 0000 0020 0000 0020 0000 0020 0000 0020 0000 0020 0000 0020 0000 0BEE
Recall	0000 0066 0000 000A 0000 0020 0000 0020 0000 003F 0000 0020 0000 003F 0000 0020 0000 0020 0000 0020 0000 003F 0000 0C0C
Aux	0000 0066 0000 000A 0000 0020 0000 0020 0000 003F 0000 0020 0000 003F 0000 003F 0000 0020 0000 0020 0000 0020 0000 0C0C
Seek	0000 0066 0000 000B 0000 0020 0000 0020 0000 003F 0000 0020 0000 003F 0000 0020 0000 0020 0000 0020 0000 0020 0000 003F 0000 0BEE
