Power	0000 0074 0000 000c 0020 0020 0020 0020 003f 0020 0020 0020 0020 0020 0020 003f 003f 0020 0020 0020 0020 0020 0020 0020 0020 003f 0020 0c86
Function Up	0000 0074 0000 000b 0020 0020 0040 0020 0020 0020 0020 0020 0020 0020 0020 0040 0040 0020 0020 0020 0020 0040 0040 0020 0020 0ca5
Function Down	0000 0074 0000 000b 0020 0020 0020 0020 0040 0020 0020 0020 0020 0020 0020 0040 0040 0020 0020 0020 0020 0040 0020 0020 0040 0ca6
Value Left	0000 0074 0000 000c 0020 0020 003f 0020 0020 0020 0020 0020 0020 0020 0020 003f 003f 0020 0020 0020 0020 003f 0020 0020 0020 0020 0020 0c86
Value Right	0000 0074 0000 000b 0020 0020 0020 0020 003f 0020 0020 0020 0020 0020 0020 003f 003f 0020 0020 0020 0020 003f 003f 003f 0020 0c86
Preset/Sur	0000 0074 0000 000c 0020 0020 003f 0020 0020 0020 0020 0020 0020 0020 0020 003f 003f 0020 0020 0020 0020 0020 0020 003f 0020 0020 0020 0c86
Input/Center	0000 0074 0000 000c 0020 0020 0020 0020 0040 0020 0020 0020 0020 0020 0020 0040 0040 0020 0020 0020 0020 0020 0020 0020 0020 0020 0020 0ca5
Aspect/Menu	0000 0074 0000 000b 0020 0020 0040 0020 0020 0020 0020 0020 0020 0020 0020 0040 0040 0040 0020 0020 0040 0020 0020 0020 0020 0ca5
Scan/Select	0000 0074 0000 000c 0020 0020 0020 0020 0040 0020 0020 0020 0020 0020 0020 0040 0020 0020 0040 0020 0020 0020 0020 0020 0020 0020 0020 0ca9
1	0000 0074 0000 000b 0020 0020 003f 0020 0020 0020 0020 0020 0020 0020 0020 003f 003f 0020 0020 003f 003f 0020 0020 003f 0020 0c86
2	0000 0074 0000 000a 0020 0020 0020 0020 0040 0020 0020 0020 0020 0020 0020 0040 0040 0020 0020 0040 0040 0040 0040 0ca6
3	0000 0074 0000 000b 0020 0020 003f 0020 0020 0020 0020 0020 0020 0020 0020 003f 003f 0020 0020 003f 003f 003f 0020 0020 0020 0c86
4	0000 0074 0000 000b 0020 0020 0020 0020 0040 0020 0020 0020 0020 0020 0020 0040 0040 0020 0020 0040 0020 0020 0040 0020 0020 0ca6
5	0000 0074 0000 000b 0020 0020 003f 0020 0020 0020 0020 0020 0020 0020 0020 003f 003f 0020 0020 003f 0020 0020 003f 003f 0020 0c86
6	0000 0074 0000 000b 0020 0020 0020 0020 0040 0020 0020 0020 0020 0020 0020 0040 0040 0020 0020 0040 0020 0020 0020 0020 0040 0ca6
7	0000 0074 0000 000c 0020 0020 003f 0020 0020 0020 0020 0020 0020 0020 0020 003f 003f 0020 0020 003f 0020 0020 0020 0020 0020 0020 0020 0c86
8	0000 0074 0000 000b 0020 0020 0020 0020 0040 0020 0020 0020 0020 0020 0020 0040 0040 0040 0040 0020 0020 0020 0020 0020 0020 0ca5
9	0000 0074 0000 000b 0020 0020 003f 0020 0020 0020 0020 0020 0020 0020 0020 003f 003f 003f 003f 0020 0020 0020 0020 003f 0020 0c86
0	0000 0074 0000 000b 0020 0020 0020 0020 0040 0020 0020 0020 0020 0020 0020 0040 0040 0020 0020 0040 0040 0020 0020 0020 0020 0ca9
Store/Enter	0000 0074 0000 000b 0020 0020 003f 0020 0020 0020 0020 0020 0020 0020 0020 003f 003f 003f 0020 0020 003f 0020 0020 003f 0020 0c86
Bright/Last	0000 0074 0000 000a 0020 0020 0020 0020 0040 0020 0020 0020 0020 0020 0020 0040 0040 0040 0040 0020 0020 0040 0040 0ca6
Contr/PIP	0000 0074 0000 000b 0020 0020 003f 0020 0020 0020 0020 0020 0020 0020 0020 003f 003f 003f 003f 0020 0020 003f 0020 0020 0020 0c8a
Color/Swap	0000 0074 0000 000a 0020 0020 0020 0020 0040 0020 0020 0020 0020 0020 0020 0040 0040 0040 0040 0040 0040 0020 0020 0ca6
Tint PIP	0000 0074 0000 000a 0020 0020 003f 0020 0020 0020 0020 0020 0020 0020 0020 003f 003f 003f 003f 003f 003f 003f 0020 0c86
Detail	0000 0074 0000 000a 0020 0020 0020 0020 0040 0020 0020 0020 0020 0020 0020 0040 0040 0040 0040 0040 0020 0020 0040 0ca6
N-R	0000 0074 0000 000b 0020 0020 003f 0020 0020 0020 0020 0020 0020 0020 0020 003f 003f 003f 003f 003f 0020 0020 0020 0020 0020 0c8a
