Power	0000 006C 0000 0006 0000 0056 0000 00AB 0000 0157 0000 0056 0000 00AB 0000 0C0C
Mute	0000 006C 0000 0006 0000 0055 0000 00AC 0000 0156 0000 0055 0000 00AC 0000 0FF2
Vol+	0000 006C 0000 0006 0000 0056 0000 0101 0000 0156 0000 0056 0000 0101 0000 0C0C
Vol-	0000 006C 0000 0006 0000 0056 0000 0056 0000 0156 0000 0056 0000 0056 0000 0C0C
Phono	0000 006C 0000 0008 0000 0056 0000 0056 0000 00AC 0000 0156 0000 0056 0000 0056 0000 00AC 0000 0F32
Tuner	0000 006C 0000 0006 0000 0056 0000 00AB 0000 0156 0000 0056 0000 00AB 0000 0FF2
CD	0000 006C 0000 0006 0000 0056 0000 0101 0000 0157 0000 0056 0000 0101 0000 0F32
Video	0000 006C 0000 0006 0000 0056 0000 0157 0000 0157 0000 0056 0000 0157 0000 0E92
Tape1	0000 006C 0000 0006 0000 0056 0000 0056 0000 0156 0000 0056 0000 0056 0000 1092
Tape2	0000 006C 0000 0008 0000 0056 0000 0056 0000 0056 0000 0156 0000 0056 0000 0056 0000 0056 0000 0C0C
FM 1/2	0000 006C 0000 0008 0000 0055 0000 0055 0000 00AC 0000 0157 0000 0055 0000 0055 0000 00AC 0000 0F32
AM	0000 006C 0000 0008 0000 0056 0000 0056 0000 00AB 0000 0156 0000 0056 0000 0056 0000 00AB 0000 0F32
Ch Scan	0000 006C 0000 0008 0000 0056 0000 00AB 0000 00AB 0000 0156 0000 0056 0000 00AB 0000 00AB 0000 0E92
Deck1 Stp	0000 006C 0000 0006 0000 0056 0000 00AB 0000 0156 0000 0056 0000 00AB 0000 0FF2
Deck2 Stp	0000 006C 0000 0008 0000 0055 0000 0055 0000 0055 0000 0157 0000 0055 0000 0055 0000 0055 0000 0FF2
Rec	0000 006C 0000 0008 0000 0056 0000 0056 0000 0056 0000 0156 0000 0056 0000 0056 0000 0056 0000 0FF2
Rec Mute	0000 006C 0000 0008 0000 0056 0000 00AB 0000 0056 0000 0156 0000 0056 0000 00AB 0000 0056 0000 0F32
Play I	0000 006C 0000 000A 0000 0056 0000 0056 0000 0056 0000 0056 0000 0157 0000 0056 0000 0056 0000 0056 0000 0056 0000 0F32
Playrev I	0000 006C 0000 0008 0000 0056 0000 0056 0000 0056 0000 0156 0000 0056 0000 0056 0000 0056 0000 0FF2
Play II	0000 006C 0000 0008 0000 0056 0000 0101 0000 0056 0000 0156 0000 0056 0000 0101 0000 0056 0000 0E92
Playrev II	0000 006C 0000 0008 0000 0055 0000 00AC 0000 0055 0000 0156 0000 0055 0000 00AC 0000 0055 0000 0F32
Rew I	0000 006C 0000 0006 0000 0056 0000 0056 0000 0156 0000 0056 0000 0056 0000 0C0C
Rew II	0000 006C 0000 0006 0000 0056 0000 0156 0000 0156 0000 0056 0000 0156 0000 0E92
Ffwd I	0000 006C 0000 0008 0000 0056 0000 0056 0000 0056 0000 0156 0000 0056 0000 0056 0000 0056 0000 0C0C
Ffwd II	0000 006C 0000 0006 0000 0056 0000 01AC 0000 0156 0000 0056 0000 01AC 0000 0DF2
CD Skp&lt;&lt;	0000 006D 0000 0002 0000 00AA 0000 0015 0000 0040 0000 0040 0000 0015 0000 0015 0000 0015 0000 0015 0000 0040 0000 0040 0000 0015 0000 0015 0000 0015 0000 0015 0000 0040 0000 0040 0000 0015 0000 0015 0000 0015 0000 0040 0000 0015 0000 0015 0000 0015 0000 0015 0000 0015 0000 0040 0000 0040 0000 0015 0000 0040 0000 0040 0000 0040 0000 0040 0000 0040 0000 0639 0000 0055 0000 0E2F
CD Skp&gt;&gt;	0000 006D 0000 0002 0000 00AA 0000 0016 0000 0040 0000 0040 0000 0016 0000 0016 0000 0016 0000 0016 0000 0040 0000 0040 0000 0016 0000 0016 0000 0016 0000 0016 0000 0040 0000 0040 0000 0016 0000 0016 0000 0016 0000 0016 0000 0016 0000 0016 0000 0016 0000 0016 0000 0016 0000 0040 0000 0040 0000 0040 0000 0040 0000 0040 0000 0040 0000 0040 0000 0040 0000 0639 0000 0055 0000 0E2F
CD Ply	0000 006D 0000 0002 0000 00AA 0000 0016 0000 0040 0000 0040 0000 0016 0000 0016 0000 0016 0000 0016 0000 0040 0000 0040 0000 0016 0000 0016 0000 0016 0000 0016 0000 0040 0000 0040 0000 0016 0000 0016 0000 0016 0000 0016 0000 0040 0000 0016 0000 0016 0000 0016 0000 0016 0000 0040 0000 0040 0000 0040 0000 0016 0000 0040 0000 0040 0000 0040 0000 0040 0000 0639 0000 0055 0000 0E2F
CD Stp	0000 006D 0000 0002 0000 00AA 0000 0016 0000 0040 0000 0040 0000 0016 0000 0016 0000 0016 0000 0016 0000 0040 0000 0040 0000 0016 0000 0016 0000 0016 0000 0016 0000 0040 0000 0040 0000 0016 0000 0040 0000 0016 0000 0016 0000 0040 0000 0016 0000 0016 0000 0016 0000 0016 0000 0016 0000 0040 0000 0040 0000 0016 0000 0040 0000 0040 0000 0040 0000 0040 0000 0639 0000 0055 0000 0E2F
CD Pause	0000 006D 0000 0002 0000 00AA 0000 0015 0000 0040 0000 0040 0000 0015 0000 0015 0000 0015 0000 0015 0000 0040 0000 0040 0000 0015 0000 0015 0000 0015 0000 0015 0000 0040 0000 0040 0000 0015 0000 0040 0000 0015 0000 0040 0000 0015 0000 0015 0000 0015 0000 0015 0000 0015 0000 0015 0000 0040 0000 0015 0000 0040 0000 0040 0000 0040 0000 0040 0000 0040 0000 0639 0000 0055 0000 0E2F
Disc Sel	0000 006D 0000 0002 0000 00AA 0000 0015 0000 0040 0000 0040 0000 0015 0000 0015 0000 0015 0000 0015 0000 0040 0000 0040 0000 0015 0000 0015 0000 0015 0000 0015 0000 0040 0000 0040 0000 0015 0000 0015 0000 0040 0000 0015 0000 0015 0000 0015 0000 0015 0000 0015 0000 0015 0000 0040 0000 0015 0000 0040 0000 0040 0000 0040 0000 0040 0000 0040 0000 0040 0000 0639 0000 0055 0000 0E2F
