Cable B Power	0000 006D 0000 0006 0000 0421 0000 0421 0000 0421 0000 02BF 0000 02BF 0000 016B
TV Power	0000 0069 0000 000B 0000 0048 0000 0048 0000 001F 0000 001F 0000 001F 0000 0048 0000 001F 0000 0048 0000 001F 0000 001F 0000 0195
1	0000 006D 0000 0006 0000 0423 0000 02C0 0000 0423 0000 0423 0000 0423 0000 0003
2	0000 006D 0000 0006 0000 0423 0000 02C0 0000 0423 0000 0423 0000 02C0 0000 0163
3	0000 006D 0000 0006 0000 0423 0000 02C0 0000 0423 0000 02C0 0000 0423 0000 0163
4	0000 006D 0000 0006 0000 0423 0000 0423 0000 02C2 0000 0423 0000 0423 0000 0003
5	0000 006D 0000 0006 0000 0423 0000 0423 0000 02C0 0000 0423 0000 02C0 0000 0163
6	0000 006D 0000 0006 0000 0423 0000 0423 0000 02C0 0000 02C0 0000 0423 0000 0163
7	0000 006D 0000 0006 0000 0423 0000 0423 0000 0423 0000 0423 0000 0423 0000 0883
8	0000 006D 0000 0006 0000 0423 0000 0423 0000 0423 0000 0423 0000 02C0 0000 0003
9	0000 006D 0000 0006 0000 0423 0000 0423 0000 0423 0000 02C0 0000 0423 0000 0003
0	0000 006D 0000 0006 0000 0423 0000 02C0 0000 02C0 0000 0423 0000 02C0 0000 02C3
Select	0000 006D 0000 0006 0000 02C0 0000 02C0 0000 02C0 0000 0423 0000 0423 0000 02C3
Enter	0000 006D 0000 0006 0000 02C0 0000 02C0 0000 02C0 0000 02C0 0000 0423 0000 0423
A/B	0000 006D 0000 0006 0000 0423 0000 0423 0000 02C0 0000 02C0 0000 02C0 0000 02C3
Ch+	0000 006D 0000 0006 0000 0421 0000 02BF 0000 0421 0000 02BF 0000 02BF 0000 02CB
Ch-	0000 006D 0000 0006 0000 0421 0000 02BF 0000 02BF 0000 02BF 0000 02BF 0000 042B
Vol+	0000 0069 0000 000B 0000 0048 0000 0048 0000 001F 0000 0048 0000 001F 0000 0048 0000 001F 0000 0048 0000 001F 0000 001F 0000 0197
Vol-	0000 0069 0000 000B 0000 0048 0000 0048 0000 001F 0000 001F 0000 0048 0000 0048 0000 001F 0000 0048 0000 001F 0000 001F 0000 0197
LC	0000 006D 0000 0006 0000 02C0 0000 0423 0000 0423 0000 02C0 0000 02C0 0000 02C3
Mute	0000 0069 0000 000B 0000 0048 0000 0048 0000 001F 0000 0048 0000 0048 0000 0048 0000 001F 0000 0048 0000 001F 0000 001F 0000 0197
Menu	0000 006D 0000 0006 0000 0423 0000 02C0 0000 02C0 0000 0423 0000 0423 0000 0163
Tcp	0000 006D 0000 0006 0000 02C0 0000 02C0 0000 02C0 0000 02C0 0000 02C0 0000 0584
F	0000 006D 0000 0006 0000 02C0 0000 02C0 0000 0424 0000 02C0 0000 02C0 0000 0424
FC	0000 006D 0000 0006 0000 0423 0000 02C0 0000 02C0 0000 02C0 0000 0423 0000 02C4
Learn	0000 006D 0000 0006 0000 02C0 0000 02C0 0000 02C0 0000 0423 0000 02C0 0000 0423
Prgm	0000 006D 0000 0006 0000 02C0 0000 02C0 0000 0423 0000 0423 0000 02C0 0000 02C4
Delete	0000 006D 0000 0006 0000 02C0 0000 02C0 0000 0424 0000 02C0 0000 0424 0000 02C3
