Power	0000 0073 0000 000d 0021 0024 0021 0024 0021 0024 0041 0024 0021 0044 0021 0024 0021 0024 0021 0024 0021 0024 0021 0024 0021 0024 0021 0024 0021 0ca5
Mute	0000 0073 0000 000b 0021 0024 0041 0044 0041 0024 0021 0044 0021 0024 0041 0044 0021 0024 0021 0024 0021 0024 0021 0024 0021 0ca5
Vol+	0000 0073 0000 000b 0021 0024 0021 0024 0021 0024 0041 0024 0021 0044 0021 0024 0041 0044 0041 0024 0021 0024 0021 0024 0021 0cc5
Vol-	0000 0073 0000 000a 0021 0024 0041 0044 0041 0024 0021 0044 0021 0024 0041 0044 0041 0024 0021 0024 0021 0044 0021 0ca5
Listen	0000 0073 0000 000b 0021 0024 0021 0024 0021 0024 0041 0024 0021 0044 0021 0024 0041 0044 0041 0044 0021 0024 0021 0024 0021 0ca5
Tape	0000 0073 0000 000a 0021 0024 0041 0044 0041 0024 0021 0044 0021 0024 0041 0044 0021 0024 0021 0024 0021 0024 0041 0cc5
AM/FM	0000 0073 0000 000c 0021 0024 0021 0024 0021 0024 0041 0024 0021 0044 0021 0024 0021 0024 0021 0024 0021 0024 0041 0044 0021 0024 0021 0ca5
Preset -	0000 0073 0000 000b 0021 0024 0041 0044 0041 0024 0021 0044 0021 0024 0021 0024 0021 0024 0021 0024 0021 0024 0041 0044 0021 0ca5
Preset +	0000 0073 0000 000c 0021 0024 0021 0024 0021 0024 0041 0024 0021 0044 0021 0024 0021 0024 0021 0024 0021 0024 0021 0024 0021 0024 0041 0cc5
Play	0000 0073 0000 000a 0021 0024 0041 0044 0041 0024 0021 0044 0021 0024 0021 0024 0021 0024 0041 0044 0041 0044 0021 0ca5
Pause	0000 0073 0000 000c 0021 0024 0021 0024 0021 0024 0041 0024 0021 0044 0021 0024 0021 0024 0021 0024 0041 0024 0021 0024 0021 0024 0021 0cc5
Stop	0000 0073 0000 000a 0021 0024 0041 0044 0041 0024 0021 0044 0021 0024 0021 0024 0021 0024 0041 0044 0021 0024 0041 0cc5
R Trk	0000 0073 0000 000c 0021 0024 0021 0024 0021 0024 0041 0024 0021 0044 0021 0024 0021 0024 0041 0024 0021 0024 0021 0024 0021 0044 0021 0ca5
F Trk	0000 0073 0000 000b 0021 0024 0041 0044 0041 0024 0021 0044 0021 0024 0021 0024 0041 0024 0021 0024 0021 0024 0021 0024 0021 0cc5
R Srch	0000 0073 0000 000b 0021 0024 0021 0024 0021 0024 0041 0024 0021 0044 0021 0024 0021 0024 0021 0024 0041 0024 0021 0044 0041 0cc5
F Srch	0000 0073 0000 000a 0021 0024 0041 0044 0041 0024 0021 0044 0021 0024 0021 0024 0021 0024 0041 0044 0041 0024 0021 0cc5
Start -	0000 0073 0000 000c 0021 0024 0021 0024 0021 0024 0041 0024 0021 0044 0021 0024 0021 0024 0041 0024 0021 0044 0021 0024 0021 0024 0021 0ca5
Start +	0000 0073 0000 000a 0021 0024 0041 0044 0041 0024 0021 0044 0021 0024 0021 0024 0041 0024 0021 0044 0021 0024 0041 0cc5
Repeat Play	0000 0073 0000 000b 0021 0024 0021 0024 0021 0024 0041 0024 0021 0044 0021 0024 0041 0044 0021 0024 0021 0024 0041 0044 0021 0ca5
