Power	0000 006c 0022 0002 0156 00ac 0015 0015 0016 0015 0016 0040 0016 0015 0016 0015 0015 0015 0016 0015 0016 0015 0015 0040 0016 0040 0016 0015 0016 0040 0016 0040 0015 0040 0016 0040 0016 0040 0015 0015 0016 0015 0016 0015 0015 0040 0016 0015 0015 0015 0016 0015 0016 0015 0015 0040 0016 0040 0016 0040 0015 0015 0016 0040 0015 0040 0016 0040 0016 0040 0015 05f1 0156 0056 0016 0e4d
Ant/Aux	0000 006c 0022 0002 0157 00ab 0016 0015 0015 0016 0016 0040 0015 0015 0016 0015 0016 0015 0015 0015 0016 0015 0016 0040 0016 0040 0015 0015 0016 0040 0015 0040 0016 0040 0016 0040 0015 0040 0016 0015 0015 0040 0016 0015 0015 0040 0016 0015 0015 0015 0016 0015 0016 0015 0015 0040 0016 0015 0015 0040 0016 0015 0015 0040 0016 0040 0016 0040 0015 0040 0016 05f0 0157 0056 0015 0e4d
1	0000 006c 0022 0002 0157 00ab 0016 0015 0015 0017 0016 0040 0015 0015 0016 0015 0016 0015 0015 0015 0016 0015 0016 0040 0016 0040 0015 0015 0016 0040 0015 0040 0016 0040 0016 0040 0015 0040 0016 0040 0016 0015 0016 0015 0015 0015 0016 0040 0015 0015 0016 0015 0016 0015 0015 0015 0016 0040 0015 0040 0016 0040 0016 0015 0016 0040 0016 0040 0015 0040 0016 05f0 0157 0056 0015 0e4d
2	0000 006c 0022 0002 0157 00ab 0016 0015 0016 0016 0015 0040 0016 0015 0015 0015 0016 0015 0016 0015 0015 0015 0016 0040 0015 0040 0016 0015 0015 0040 0016 0040 0016 0040 0015 0040 0016 0040 0016 0015 0016 0040 0016 0015 0016 0015 0015 0040 0016 0015 0015 0015 0016 0015 0016 0040 0016 0015 0016 0040 0016 0040 0015 0015 0016 0040 0015 0040 0016 0040 0016 05f0 0157 0055 0016 0e4c
3	0000 006c 0022 0002 0157 00ab 0016 0015 0015 0017 0016 0040 0015 0015 0016 0015 0016 0015 0015 0015 0016 0015 0016 0040 0016 0040 0015 0015 0016 0040 0015 0040 0016 0040 0016 0040 0015 0040 0016 0040 0016 0040 0015 0015 0016 0015 0016 0040 0016 0015 0016 0015 0015 0015 0016 0015 0016 0015 0015 0040 0016 0040 0016 0015 0016 0040 0016 0040 0015 0040 0016 05f0 0157 0056 0015 0e4d
4	0000 006c 0022 0002 0156 00ac 0015 0015 0016 0016 0016 0040 0016 0015 0016 0015 0015 0015 0016 0015 0016 0015 0015 0040 0016 0040 0016 0015 0016 0040 0016 0040 0015 0040 0016 0040 0016 0040 0015 0015 0016 0015 0016 0040 0016 0015 0016 0040 0016 0015 0016 0015 0015 0015 0016 0040 0015 0040 0016 0015 0015 0040 0016 0015 0015 0040 0016 0040 0016 0040 0015 05f1 0156 0056 0016 0e4d
5	0000 006c 0022 0002 0157 00ab 0016 0015 0016 0017 0015 0040 0016 0015 0015 0015 0016 0015 0016 0015 0015 0015 0016 0040 0015 0040 0016 0015 0015 0040 0016 0040 0016 0040 0015 0040 0016 0040 0016 0040 0015 0015 0016 0040 0015 0015 0016 0040 0015 0015 0016 0015 0016 0015 0015 0015 0016 0040 0015 0015 0016 0040 0015 0015 0016 0040 0015 0040 0016 0040 0016 05f0 0157 0055 0016 0e4c
6	0000 006c 0022 0002 0157 00ab 0016 0015 0015 0016 0016 0040 0015 0015 0016 0015 0016 0015 0015 0015 0016 0015 0016 0040 0016 0040 0015 0015 0016 0040 0015 0040 0016 0040 0016 0040 0015 0040 0016 0015 0015 0040 0016 0040 0016 0015 0016 0040 0016 0015 0016 0015 0015 0015 0016 0040 0015 0015 0016 0015 0016 0040 0016 0015 0016 0040 0016 0040 0015 0040 0016 05f0 0157 0056 0015 0e4d
7	0000 006c 0022 0002 0157 00ab 0016 0015 0016 0016 0015 0040 0016 0015 0015 0015 0016 0015 0016 0015 0015 0015 0016 0040 0015 0040 0016 0015 0015 0040 0016 0040 0016 0040 0015 0040 0016 0040 0016 0040 0015 0040 0016 0040 0016 0015 0016 0040 0016 0015 0016 0015 0015 0015 0016 0015 0016 0015 0015 0015 0016 0040 0015 0015 0016 0040 0015 0040 0016 0040 0016 05f0 0157 0055 0016 0e4c
8	0000 006c 0022 0002 0157 00ab 0016 0015 0015 0017 0016 0040 0015 0015 0016 0015 0016 0015 0015 0015 0016 0015 0016 0040 0016 0040 0015 0015 0016 0040 0015 0040 0016 0040 0016 0040 0015 0040 0016 0015 0015 0015 0016 0015 0016 0040 0016 0040 0015 0015 0016 0015 0016 0015 0015 0040 0016 0040 0016 0040 0015 0015 0016 0015 0016 0040 0016 0040 0015 0040 0016 05f0 0157 0056 0015 0e4d
9	0000 006c 0022 0002 0156 00ac 0015 0015 0016 0016 0016 0040 0016 0015 0016 0015 0015 0015 0016 0015 0016 0015 0015 0040 0016 0040 0016 0015 0016 0040 0016 0040 0015 0040 0016 0040 0016 0040 0015 0040 0016 0015 0015 0015 0016 0040 0015 0040 0016 0015 0015 0015 0016 0015 0016 0015 0015 0040 0016 0040 0016 0015 0016 0015 0015 0040 0016 0040 0016 0040 0015 05f1 0156 0056 0016 0e4d
0	0000 006c 0022 0002 0157 00ab 0016 0015 0015 0017 0016 0040 0015 0015 0016 0015 0016 0015 0015 0015 0016 0015 0016 0040 0016 0040 0015 0015 0016 0040 0015 0040 0016 0040 0016 0040 0015 0040 0016 0015 0015 0015 0016 0015 0016 0015 0015 0040 0016 0015 0015 0015 0016 0015 0016 0040 0016 0040 0015 0040 0016 0040 0016 0015 0016 0040 0016 0040 0015 0040 0016 05f0 0157 0056 0015 0e4d
Ch+	0000 006c 0022 0002 0157 00ab 0016 0015 0016 0017 0015 0040 0016 0015 0015 0015 0016 0015 0016 0015 0015 0015 0016 0040 0015 0040 0016 0015 0015 0040 0016 0040 0016 0040 0015 0040 0016 0040 0016 0015 0016 0015 0015 0015 0016 0015 0016 0015 0015 0015 0016 0015 0016 0015 0015 0040 0016 0040 0016 0040 0015 0040 0016 0040 0016 0040 0015 0040 0016 0040 0016 05f0 0157 0055 0016 0e4c
Ch-	0000 006c 0022 0002 0157 00ab 0016 0015 0016 0016 0015 0040 0016 0015 0015 0015 0016 0015 0016 0015 0015 0015 0016 0040 0015 0040 0016 0015 0015 0040 0016 0040 0016 0040 0015 0040 0016 0040 0016 0040 0015 0015 0016 0015 0016 0015 0015 0015 0016 0015 0016 0015 0015 0015 0016 0015 0016 0040 0016 0040 0015 0040 0016 0040 0016 0040 0015 0040 0016 0040 0016 05f0 0157 0055 0016 0e4c
Vol+	0000 006c 0022 0002 0157 00ab 0016 0015 0015 0017 0016 0040 0015 0015 0016 0015 0016 0015 0015 0015 0016 0015 0016 0040 0016 0040 0015 0015 0016 0040 0015 0040 0016 0040 0016 0040 0015 0040 0016 0015 0015 0040 0016 0015 0015 0015 0016 0015 0016 0015 0015 0015 0016 0015 0016 0040 0016 0015 0016 0040 0016 0040 0015 0040 0016 0040 0016 0040 0015 0040 0016 05f0 0157 0056 0015 0e4d
Vol-	0000 006c 0022 0002 0156 00ac 0015 0015 0016 0016 0016 0040 0016 0015 0016 0015 0015 0015 0016 0015 0016 0015 0015 0040 0016 0040 0016 0015 0016 0040 0016 0040 0015 0040 0016 0040 0016 0040 0015 0040 0016 0040 0016 0015 0016 0015 0015 0015 0016 0015 0016 0015 0015 0015 0016 0015 0016 0015 0015 0040 0016 0040 0016 0040 0015 0040 0016 0040 0016 0040 0015 05f1 0156 0056 0016 0e4d
Input Cycle	0000 006c 0022 0002 0157 00ab 0016 0015 0015 0016 0016 0040 0015 0015 0016 0015 0016 0015 0015 0015 0016 0015 0016 0040 0016 0040 0015 0015 0016 0040 0015 0040 0016 0040 0016 0040 0015 0040 0016 0040 0016 0040 0015 0015 0016 0040 0015 0015 0016 0015 0016 0015 0015 0015 0016 0015 0016 0015 0015 0040 0016 0015 0015 0040 0016 0040 0016 0040 0015 0040 0016 05f0 0157 0056 0015 0e4d
Mute	0000 006c 0022 0002 0157 00ab 0016 0015 0016 0016 0015 0040 0016 0015 0015 0015 0016 0015 0016 0015 0015 0015 0016 0040 0015 0040 0016 0015 0015 0040 0016 0040 0016 0040 0015 0040 0016 0040 0016 0040 0015 0015 0016 0015 0016 0040 0016 0015 0016 0015 0015 0015 0016 0015 0016 0015 0015 0040 0016 0040 0016 0015 0016 0040 0016 0040 0015 0040 0016 0040 0016 05f0 0157 0055 0016 0e4c
Display	0000 006c 0022 0002 0156 00ac 0015 0015 0016 0016 0016 0040 0016 0015 0016 0015 0015 0015 0016 0015 0016 0015 0015 0040 0016 0040 0016 0015 0016 0040 0016 0040 0015 0040 0016 0040 0016 0040 0015 0040 0016 0040 0016 0015 0016 0040 0016 0040 0015 0015 0016 0015 0016 0015 0015 0015 0016 0015 0016 0040 0016 0015 0016 0015 0015 0040 0016 0040 0016 0040 0015 05f1 0156 0056 0016 0e4d
Sleep	0000 006c 0022 0002 0157 00ab 0016 0015 0016 0016 0015 0040 0016 0015 0015 0015 0016 0015 0016 0015 0015 0015 0016 0040 0015 0040 0016 0015 0015 0040 0016 0040 0016 0040 0015 0040 0016 0040 0016 0015 0016 0040 0016 0040 0015 0040 0016 0015 0015 0015 0016 0015 0016 0015 0015 0040 0016 0015 0015 0015 0016 0015 0016 0040 0016 0040 0015 0040 0016 0040 0016 05f0 0157 0055 0016 0e4c
Revert	0000 006c 0022 0002 0157 00ab 0016 0015 0016 0017 0015 0040 0016 0015 0015 0015 0016 0015 0016 0015 0015 0015 0016 0040 0015 0040 0016 0015 0015 0040 0016 0040 0016 0040 0015 0040 0016 0040 0016 0015 0016 0040 0016 0015 0016 0040 0016 0040 0015 0015 0016 0015 0016 0015 0015 0040 0016 0015 0015 0040 0016 0015 0015 0015 0016 0040 0015 0040 0016 0040 0016 05f0 0157 0055 0016 0e4c
