1	0000 0069 0022 0002 0160 00af 0016 0016 0016 0016 0016 0042 0016 0016 0016 0016 0016 0016 0016 0016 0016 0016 0016 0042 0016 0042 0016 0016 0016 0042 0016 0042 0016 0042 0016 0042 0016 0042 0016 0042 0016 0016 0016 0016 0016 0016 0016 0042 0016 0016 0016 0016 0016 0016 0016 0016 0016 0042 0016 0042 0016 0042 0016 0016 0016 0042 0016 0042 0016 0042 0016 0610 0160 0058 0016 0e97
2	0000 0069 0022 0002 0160 00af 0016 0016 0016 0016 0016 0042 0016 0016 0016 0016 0016 0016 0016 0016 0016 0016 0016 0042 0016 0042 0016 0016 0016 0041 0016 0042 0016 0042 0016 0041 0016 0042 0016 0016 0016 0042 0016 0016 0016 0016 0016 0042 0016 0016 0016 0016 0016 0016 0016 0042 0016 0016 0016 0042 0016 0042 0016 0016 0016 0042 0016 0041 0016 0042 0016 0610 0160 0058 0016 0e97
3	0000 0069 0022 0002 0160 00af 0016 0016 0016 0016 0016 0042 0016 0016 0016 0016 0016 0016 0016 0016 0016 0016 0016 0042 0016 0042 0016 0016 0016 0042 0016 0042 0016 0042 0016 0041 0016 0042 0016 0042 0016 0042 0016 0016 0016 0016 0016 0042 0016 0016 0016 0016 0016 0016 0016 0016 0016 0016 0016 0042 0016 0042 0016 0016 0016 0042 0016 0042 0016 0042 0016 0610 0160 0058 0016 0e97
4	0000 0069 0022 0002 0160 00af 0016 0016 0016 0016 0016 0042 0016 0016 0016 0016 0016 0016 0016 0016 0016 0016 0016 0042 0016 0042 0016 0016 0016 0042 0016 0041 0016 0042 0016 0042 0016 0042 0016 0016 0016 0016 0016 0042 0016 0016 0016 0042 0016 0016 0016 0016 0016 0016 0016 0042 0016 0042 0016 0016 0016 0042 0016 0016 0016 0042 0016 0042 0016 0042 0016 0610 0160 0058 0016 0e97
5	0000 0069 0022 0002 0160 00af 0016 0016 0016 0016 0016 0042 0016 0016 0016 0016 0016 0016 0016 0016 0016 0016 0016 0042 0016 0042 0016 0016 0016 0042 0016 0042 0016 0042 0016 0042 0016 0042 0016 0042 0016 0016 0016 0042 0016 0016 0016 0041 0016 0016 0016 0016 0016 0016 0016 0016 0016 0042 0016 0016 0016 0042 0016 0016 0016 0042 0016 0042 0016 0042 0016 0610 0160 0058 0016 0e97
6	0000 0069 0022 0002 0160 00af 0016 0016 0016 0016 0016 0042 0016 0016 0016 0016 0016 0016 0016 0016 0016 0016 0016 0042 0016 0042 0016 0016 0016 0042 0016 0042 0016 0042 0016 0042 0016 0042 0016 0016 0016 0042 0016 0042 0016 0016 0016 0042 0016 0016 0016 0016 0016 0016 0016 0042 0016 0016 0016 0016 0016 0042 0016 0016 0016 0042 0016 0042 0016 0042 0016 060f 0160 0058 0016 0e97
7	0000 0069 0022 0002 0160 00af 0016 0016 0016 0016 0016 0042 0016 0016 0016 0016 0016 0016 0016 0016 0016 0016 0016 0042 0016 0042 0016 0016 0016 0042 0016 0042 0016 0042 0016 0042 0016 0042 0016 0042 0016 0042 0016 0042 0016 0016 0016 0042 0016 0016 0016 0016 0016 0016 0016 0016 0016 0016 0016 0016 0016 0042 0016 0016 0016 0042 0016 0042 0016 0042 0016 0610 0160 0058 0016 0e97
8	0000 0069 0022 0002 0160 00af 0016 0016 0016 0016 0016 0042 0016 0016 0016 0016 0016 0016 0016 0016 0016 0016 0016 0042 0016 0042 0016 0016 0016 0041 0016 0042 0016 0042 0016 0041 0016 0042 0016 0016 0016 0016 0016 0016 0016 0042 0016 0042 0016 0016 0016 0016 0016 0016 0016 0041 0016 0042 0016 0042 0016 0016 0016 0016 0016 0042 0016 0042 0016 0042 0016 0610 0160 0058 0016 0e97
9	0000 0069 0022 0002 0160 00af 0016 0016 0016 0016 0016 0042 0016 0016 0016 0016 0016 0016 0016 0016 0016 0016 0016 0042 0016 0042 0016 0016 0016 0041 0016 0042 0016 0042 0016 0041 0016 0042 0016 0042 0016 0016 0016 0016 0016 0041 0016 0042 0016 0016 0016 0016 0016 0016 0016 0016 0016 0042 0016 0042 0016 0016 0016 0016 0016 0042 0016 0041 0016 0042 0016 0610 0160 0058 0016 0e97
0	0000 0069 0022 0002 0160 00af 0016 0016 0016 0016 0016 0042 0016 0016 0016 0016 0016 0016 0016 0016 0016 0016 0016 0042 0016 0042 0016 0016 0016 0042 0016 0042 0016 0042 0016 0042 0016 0042 0016 0016 0016 0016 0016 0016 0016 0016 0016 0042 0016 0016 0016 0016 0016 0016 0016 0042 0016 0042 0016 0042 0016 0042 0016 0016 0016 0042 0016 0042 0016 0042 0016 0610 0160 0058 0016 0e97
Enter	0000 0069 0022 0002 0160 00af 0016 0016 0016 0016 0016 0042 0016 0016 0016 0016 0016 0016 0016 0016 0016 0016 0016 0042 0016 0042 0016 0016 0016 0042 0016 0042 0016 0042 0016 0042 0016 0042 0016 0041 0016 0042 0016 0016 0016 0042 0016 0042 0016 0016 0016 0016 0016 0016 0016 0016 0016 0016 0016 0042 0016 0016 0016 0016 0016 0042 0016 0042 0016 0042 0016 0610 0160 0058 0016 0e97
Recall	0000 0069 0022 0002 0160 00af 0016 0016 0016 0016 0016 0042 0016 0016 0016 0016 0016 0016 0016 0016 0016 0016 0016 0042 0016 0042 0016 0016 0016 0042 0016 0042 0016 0042 0016 0042 0016 0042 0016 0016 0016 0042 0016 0016 0016 0042 0016 0042 0016 0016 0016 0016 0016 0016 0016 0042 0016 0016 0016 0042 0016 0016 0016 0016 0016 0042 0016 0042 0016 0042 0016 0610 0160 0058 0016 0e97
Ch-	0000 0069 0022 0002 0160 00af 0016 0016 0016 0016 0016 0042 0016 0016 0016 0016 0016 0016 0016 0016 0016 0016 0016 0042 0016 0041 0016 0016 0016 0042 0016 0042 0016 0042 0016 0042 0016 0042 0016 0042 0016 0016 0016 0016 0016 0016 0016 0016 0016 0016 0016 0016 0016 0016 0016 0016 0016 0042 0016 0042 0016 0042 0016 0042 0016 0042 0016 0042 0016 0042 0016 0610 0160 0058 0016 0e97
Ch+	0000 0069 0022 0002 0160 00af 0016 0016 0016 0016 0016 0041 0016 0016 0016 0016 0016 0016 0016 0016 0016 0016 0016 0042 0016 0042 0016 0016 0016 0042 0016 0042 0016 0042 0016 0042 0016 0042 0016 0016 0016 0016 0016 0016 0016 0016 0016 0016 0016 0016 0016 0016 0016 0016 0016 0042 0016 0042 0016 0042 0016 0042 0016 0042 0016 0042 0016 0042 0016 0042 0016 060f 0160 0058 0016 0e96
Vol-	0000 0069 0022 0002 0160 00af 0016 0016 0016 0016 0016 0042 0016 0016 0016 0016 0016 0016 0016 0016 0016 0016 0016 0042 0016 0041 0016 0016 0016 0042 0016 0042 0016 0042 0016 0042 0016 0042 0016 0042 0016 0042 0016 0016 0016 0016 0016 0016 0016 0016 0016 0016 0016 0016 0016 0016 0016 0016 0016 0042 0016 0042 0016 0042 0016 0042 0016 0042 0016 0042 0016 0610 0160 0058 0016 0e97
Vol+	0000 0069 0022 0002 0160 00af 0016 0016 0016 0016 0016 0042 0016 0016 0016 0016 0016 0016 0016 0016 0016 0016 0016 0042 0016 0042 0016 0016 0016 0041 0016 0042 0016 0042 0016 0042 0016 0042 0016 0016 0016 0042 0016 0016 0016 0016 0016 0016 0016 0016 0016 0016 0016 0016 0016 0042 0016 0016 0016 0042 0016 0041 0016 0042 0016 0042 0016 0042 0016 0042 0016 0610 0160 0058 0016 0e97
Mute	0000 0069 0022 0002 0160 00af 0016 0016 0016 0016 0016 0041 0016 0016 0016 0016 0016 0016 0016 0016 0016 0016 0016 0042 0016 0042 0016 0016 0016 0042 0016 0042 0016 0041 0016 0042 0016 0042 0016 0042 0016 0016 0016 0016 0016 0042 0016 0016 0016 0016 0016 0016 0016 0016 0016 0016 0016 0042 0016 0042 0016 0016 0016 0042 0016 0041 0016 0042 0016 0042 0016 060f 0160 0058 0016 0e97
Ant/Aux	0000 0069 0022 0002 0160 00af 0016 0016 0016 0016 0016 0042 0016 0016 0016 0016 0016 0016 0016 0016 0016 0016 0016 0042 0016 0042 0016 0016 0016 0042 0016 0041 0016 0042 0016 0042 0016 0042 0016 0016 0016 0042 0016 0016 0016 0042 0016 0016 0016 0016 0016 0016 0016 0016 0016 0042 0016 0016 0016 0042 0016 0016 0016 0041 0016 0042 0016 0042 0016 0042 0016 0610 0160 0058 0016 0e97
Sleep	0000 0069 0022 0002 0160 00af 0016 0016 0016 0016 0016 0042 0016 0016 0016 0016 0016 0016 0016 0016 0016 0016 0016 0042 0016 0041 0016 0016 0016 0042 0016 0042 0016 0042 0016 0042 0016 0042 0016 0016 0016 0041 0016 0042 0016 0042 0016 0016 0016 0016 0016 0016 0016 0016 0016 0042 0016 0016 0016 0016 0016 0016 0016 0042 0016 0042 0016 0042 0016 0042 0016 0610 0160 0058 0016 0e97
TV/Video	0000 0069 0022 0002 0160 00af 0016 0016 0016 0016 0016 0042 0016 0016 0016 0016 0016 0016 0016 0016 0016 0016 0016 0042 0016 0042 0016 0016 0016 0041 0016 0042 0016 0042 0016 0041 0016 0042 0016 0042 0016 0042 0016 0016 0016 0042 0016 0016 0016 0016 0016 0016 0016 0016 0016 0016 0016 0016 0016 0042 0016 0016 0016 0042 0016 0042 0016 0041 0016 0042 0016 0610 0160 0058 0016 0e97
Power	0000 0069 0022 0002 0160 00af 0016 0016 0016 0016 0016 0042 0016 0016 0016 0016 0016 0016 0016 0016 0016 0016 0016 0042 0016 0042 0016 0016 0016 0042 0016 0042 0016 0042 0016 0041 0016 0042 0016 0016 0016 0016 0016 0016 0016 0042 0016 0016 0016 0016 0016 0016 0016 0016 0016 0042 0016 0042 0016 0042 0016 0016 0016 0042 0016 0042 0016 0042 0016 0042 0016 0610 0160 0058 0016 0e97
