Power	0000 006C 0000 0044 0000 00AA 0000 0015 0000 0015 0000 0015 0000 0015 0000 0040 0000 0040 0000 0015 0000 0015 0000 0040 0000 0040 0000 0040 0000 0040 0000 0015 0000 0015 0000 0040 0000 0040 0000 0015 0000 0015 0000 0015 0000 0015 0000 0015 0000 0015 0000 0015 0000 0015 0000 0040 0000 0040 0000 0040 0000 0040 0000 0040 0000 0040 0000 0040 0000 0040 0000 0D13 0000 00AA 0000 0015 0000 0015 0000 0015 0000 0015 0000 0040 0000 0040 0000 0015 0000 0015 0000 0015 0000 0040 0000 0040 0000 0040 0000 0015 0000 0015 0000 0040 0000 0040 0000 0040 0000 0040 0000 0040 0000 0040 0000 0040 0000 0040 0000 0040 0000 0040 0000 0015 0000 0015 0000 0015 0000 0015 0000 0015 0000 0015 0000 0015 0000 0015 0000 0D40
Mode	0000 006C 0000 0002 0000 00AA 0000 0015 0000 0015 0000 0015 0000 0015 0000 0040 0000 0040 0000 0015 0000 0015 0000 0040 0000 0040 0000 0040 0000 0040 0000 0015 0000 0015 0000 0040 0000 0040 0000 0040 0000 0015 0000 0040 0000 0015 0000 0015 0000 0015 0000 0015 0000 0015 0000 0015 0000 0040 0000 0015 0000 0040 0000 0040 0000 0040 0000 0040 0000 0040 0000 05E9 0000 0055 0000 0E2D
Vol+	0000 006C 0000 0002 0000 00AA 0000 0015 0000 0015 0000 0015 0000 0015 0000 0040 0000 0040 0000 0015 0000 0015 0000 0040 0000 0040 0000 0040 0000 0040 0000 0015 0000 0015 0000 0040 0000 0040 0000 0040 0000 0015 0000 0015 0000 0040 0000 0015 0000 0015 0000 0015 0000 0015 0000 0015 0000 0040 0000 0040 0000 0015 0000 0040 0000 0040 0000 0040 0000 0040 0000 05E9 0000 0055 0000 0E2D
Vol-	0000 006C 0000 0002 0000 00AA 0000 0015 0000 0015 0000 0015 0000 0015 0000 0040 0000 0040 0000 0015 0000 0015 0000 0040 0000 0040 0000 0040 0000 0040 0000 0015 0000 0015 0000 0040 0000 0040 0000 0015 0000 0040 0000 0015 0000 0040 0000 0015 0000 0015 0000 0015 0000 0015 0000 0040 0000 0015 0000 0040 0000 0015 0000 0040 0000 0040 0000 0040 0000 0040 0000 05E9 0000 0055 0000 0E2D
Mute	0000 006C 0000 0002 0000 00AA 0000 0015 0000 0015 0000 0015 0000 0015 0000 0040 0000 0040 0000 0015 0000 0015 0000 0040 0000 0040 0000 0040 0000 0040 0000 0015 0000 0015 0000 0040 0000 0040 0000 0040 0000 0040 0000 0015 0000 0040 0000 0015 0000 0015 0000 0015 0000 0015 0000 0015 0000 0015 0000 0040 0000 0015 0000 0040 0000 0040 0000 0040 0000 0040 0000 05E9 0000 0055 0000 0E2D
P Timer	0000 006C 0000 0002 0000 00AA 0000 0015 0000 0015 0000 0015 0000 0015 0000 0040 0000 0040 0000 0015 0000 0015 0000 0040 0000 0040 0000 0040 0000 0040 0000 0015 0000 0015 0000 0040 0000 0040 0000 0015 0000 0040 0000 0015 0000 0040 0000 0015 0000 0015 0000 0015 0000 0040 0000 0040 0000 0015 0000 0040 0000 0015 0000 0040 0000 0040 0000 0040 0000 0015 0000 05E9 0000 0055 0000 0E2D
No Show	0000 006C 0000 0002 0000 00AA 0000 0015 0000 0015 0000 0015 0000 0015 0000 0040 0000 0040 0000 0015 0000 0015 0000 0040 0000 0040 0000 0040 0000 0040 0000 0015 0000 0015 0000 0040 0000 0040 0000 0040 0000 0040 0000 0015 0000 0040 0000 0015 0000 0015 0000 0015 0000 0040 0000 0015 0000 0015 0000 0040 0000 0015 0000 0040 0000 0040 0000 0040 0000 0015 0000 05E9 0000 0055 0000 0E2D
Freeze	0000 006C 0000 0002 0000 00AA 0000 0015 0000 0015 0000 0015 0000 0015 0000 0040 0000 0040 0000 0015 0000 0015 0000 0040 0000 0040 0000 0040 0000 0040 0000 0015 0000 0015 0000 0040 0000 0040 0000 0040 0000 0040 0000 0015 0000 0015 0000 0015 0000 0015 0000 0040 0000 0015 0000 0015 0000 0015 0000 0040 0000 0040 0000 0040 0000 0040 0000 0015 0000 0040 0000 05E9 0000 0055 0000 0E2D
Zoom	0000 006C 0000 0002 0000 00AA 0000 0015 0000 0015 0000 0015 0000 0015 0000 0040 0000 0040 0000 0015 0000 0015 0000 0040 0000 0040 0000 0040 0000 0040 0000 0015 0000 0015 0000 0040 0000 0040 0000 0015 0000 0015 0000 0015 0000 0015 0000 0015 0000 0015 0000 0015 0000 0040 0000 0040 0000 0040 0000 0040 0000 0040 0000 0040 0000 0040 0000 0040 0000 0015 0000 05E9 0000 0055 0000 0E2D
Focus	0000 006C 0000 0002 0000 00AA 0000 0015 0000 0015 0000 0015 0000 0015 0000 0040 0000 0040 0000 0015 0000 0015 0000 0040 0000 0040 0000 0040 0000 0040 0000 0015 0000 0015 0000 0040 0000 0040 0000 0040 0000 0040 0000 0040 0000 0015 0000 0015 0000 0015 0000 0015 0000 0040 0000 0015 0000 0015 0000 0015 0000 0040 0000 0040 0000 0040 0000 0040 0000 0015 0000 05E9 0000 0055 0000 0E2D
D Zoom	0000 006C 0000 0002 0000 00AA 0000 0015 0000 0015 0000 0015 0000 0015 0000 0040 0000 0040 0000 0015 0000 0015 0000 0040 0000 0040 0000 0040 0000 0040 0000 0015 0000 0015 0000 0040 0000 0040 0000 0015 0000 0015 0000 0015 0000 0040 0000 0015 0000 0015 0000 0015 0000 0040 0000 0040 0000 0040 0000 0040 0000 0015 0000 0040 0000 0040 0000 0040 0000 0015 0000 05E9 0000 0055 0000 0E2D
Auto Img	0000 006C 0000 0002 0000 00AA 0000 0015 0000 0015 0000 0015 0000 0015 0000 0040 0000 0040 0000 0015 0000 0015 0000 0040 0000 0040 0000 0040 0000 0040 0000 0015 0000 0015 0000 0040 0000 0040 0000 0040 0000 0015 0000 0015 0000 0040 0000 0015 0000 0015 0000 0015 0000 0040 0000 0015 0000 0040 0000 0040 0000 0015 0000 0040 0000 0040 0000 0040 0000 0015 0000 05E9 0000 0055 0000 0E2D
Normal	0000 006C 0000 0002 0000 00AA 0000 0015 0000 0015 0000 0015 0000 0015 0000 0040 0000 0040 0000 0015 0000 0015 0000 0040 0000 0040 0000 0040 0000 0040 0000 0015 0000 0015 0000 0040 0000 0040 0000 0040 0000 0040 0000 0040 0000 0040 0000 0040 0000 0015 0000 0015 0000 0015 0000 0015 0000 0015 0000 0015 0000 0015 0000 0015 0000 0040 0000 0040 0000 0040 0000 05E9 0000 0055 0000 0E2D
Menu	0000 006C 0000 0002 0000 00AA 0000 0015 0000 0015 0000 0015 0000 0015 0000 0040 0000 0040 0000 0015 0000 0015 0000 0040 0000 0040 0000 0040 0000 0040 0000 0015 0000 0015 0000 0040 0000 0040 0000 0015 0000 0015 0000 0040 0000 0040 0000 0040 0000 0015 0000 0015 0000 0015 0000 0040 0000 0040 0000 0015 0000 0015 0000 0015 0000 0040 0000 0040 0000 0040 0000 05E9 0000 0055 0000 0E2D
Up	0000 006C 0000 001A 0000 001E 0000 002D 0000 000F 0000 002D 0000 002D 0000 000F 0000 000F 0000 000F 0000 000F 0000 000F 0000 000F 0000 000F 0000 000F 0000 000F 0000 000F 0000 000F 0000 002D 0000 002D 0000 000F 0000 000F 0000 000F 0000 000F 0000 000F 0000 000F 0000 000F 0000 01C2
Down	0000 006C 0000 001A 0000 001E 0000 002D 0000 000F 0000 002D 0000 002D 0000 000F 0000 000F 0000 000F 0000 000F 0000 000F 0000 000F 0000 000F 0000 000F 0000 000F 0000 000F 0000 000F 0000 002D 0000 002D 0000 000F 0000 002D 0000 002D 0000 002D 0000 002D 0000 000F 0000 000F 0000 014A
Left	0000 006C 0000 001A 0000 001E 0000 002D 0000 000F 0000 002D 0000 002D 0000 000F 0000 000F 0000 000F 0000 000F 0000 000F 0000 002D 0000 002D 0000 002D 0000 002D 0000 002D 0000 000F 0000 000F 0000 000F 0000 000F 0000 000F 0000 000F 0000 000F 0000 000F 0000 000F 0000 002D 0000 014A
Right	0000 006C 0000 001A 0000 001E 0000 002D 0000 000F 0000 002D 0000 002D 0000 000F 0000 000F 0000 000F 0000 000F 0000 000F 0000 002D 0000 000F 0000 000F 0000 000F 0000 000F 0000 000F 0000 000F 0000 000F 0000 000F 0000 000F 0000 000F 0000 000F 0000 000F 0000 000F 0000 002D 0000 01C2
Click	0000 006C 0000 001A 0000 001E 0000 002D 0000 000F 0000 002D 0000 002D 0000 000F 0000 000F 0000 000F 0000 000F 0000 000F 0000 000F 0000 000F 0000 000F 0000 000F 0000 000F 0000 002D 0000 000F 0000 000F 0000 000F 0000 000F 0000 000F 0000 000F 0000 000F 0000 000F 0000 002D 0000 01C2
RT Click	0000 006C 0000 001A 0000 001E 0000 002D 0000 000F 0000 002D 0000 002D 0000 000F 0000 000F 0000 000F 0000 000F 0000 000F 0000 000F 0000 000F 0000 000F 0000 000F 0000 000F 0000 000F 0000 002D 0000 000F 0000 000F 0000 000F 0000 000F 0000 000F 0000 000F 0000 002D 0000 000F 0000 01C2
