Power	0000 006d 003b 0002 0155 00aa 0016 0015 0015 0015 0016 0015 0016 0015 0015 0040 0016 003f 0016 0015 0016 0015 0015 0040 0016 003f 0016 0040 0015 0040 0016 0015 0015 0015 0016 0040 0015 0040 0016 0015 0015 0015 0016 0015 0016 0015 0015 0015 0016 0015 0016 0015 0015 0015 0016 0040 0015 0040 0016 003f 0016 0040 0015 0040 0016 003f 0016 0040 0015 0040 0016 0d92 0155 00aa 0016 0015 0016 0015 0015 0015 0016 0015 0016 003f 0016 0040 0015 0015 0016 0015 0016 0015 0015 0040 0016 003f 0016 0040 0015 0015 0016 0015 0016 003f 0016 0040 0015 0040 0016 003f 0016 0040 0015 0040 0016 003f 0016 0040 0015 0040 0016 003f 0016 0015 0016 0015
Zoom/Focus	0000 006d 0022 0002 0163 00a2 0015 0014 0014 0014 0014 0014 0014 0014 0014 0045 0019 003e 0014 0014 0014 0014 0014 0045 0014 0045 0014 0045 0014 0045 0014 0016 0014 0016 0016 0045 0014 0045 0014 0045 0014 0045 0014 0045 0014 0045 0014 0045 0014 0016 0014 0045 0014 0014 0014 0014 0014 0014 0014 0014 0014 0014 0014 0014 0014 0045 0014 0014 0014 0045 0016 0586 01d0 0077 0015 0e1a
Vol+	0000 006d 0022 0002 0152 00ac 0015 0015 0015 0015 0015 0015 0015 0015 0015 0040 0015 0040 0015 0015 0015 0015 0015 0040 0015 0040 0015 0040 0015 0040 0015 0015 0015 0015 0015 0040 0015 0040 0015 0040 0015 0015 0015 0015 0015 0040 0015 0015 0015 0015 0015 0015 0015 0015 0015 0015 0015 0040 0015 0040 0015 0015 0015 0040 0015 0040 0015 0040 0015 0040 0015 05f0 0160 0040 0015 0e1a
Fine Sync+	0000 006d 0022 0002 0152 00ac 0015 0015 0015 0015 0015 0015 0015 0015 0015 0040 0015 0040 0015 0015 0015 0015 0015 0040 0015 0040 0015 0040 0015 0040 0015 0015 0015 0015 0015 0040 0015 0040 0015 0040 0015 0015 0015 0015 0015 0040 0015 0015 0015 0015 0015 0040 0015 0015 0015 0015 0015 0040 0015 0040 0015 0015 0015 0040 0015 0040 0015 0015 0015 0040 0015 05f0 0160 0040 0015 0e1a
Mode	0000 006d 0022 0002 0152 00ac 0015 0015 0015 0015 0015 0015 0015 0015 0015 0040 0015 0040 0015 0015 0015 0015 0015 0040 0015 0040 0015 0040 0015 0040 0015 0015 0015 0015 0015 0040 0015 0040 0015 0040 0015 0015 0015 0040 0015 0015 0015 0015 0015 0015 0015 0015 0015 0015 0015 0015 0015 0040 0015 0015 0015 0040 0015 0040 0015 0040 0015 0040 0015 0040 0015 05f0 0160 0040 0015 0e1a
Vol-	0000 006d 0022 0002 0152 00ac 0015 0015 0015 0015 0015 0015 0015 0015 0015 0040 0015 0040 0015 0015 0015 0015 0015 0040 0015 0040 0015 0040 0015 0040 0015 0015 0015 0015 0015 0040 0015 0040 0015 0015 0015 0040 0015 0015 0015 0040 0015 0015 0015 0015 0015 0015 0015 0015 0015 0040 0015 0015 0015 0040 0015 0015 0015 0040 0015 0040 0015 0040 0015 0040 0015 05f0 0160 0040 0015 0e1a
Fine Sync-	0000 006d 0022 0002 0152 00ac 0015 0015 0015 0015 0015 0015 0015 0015 0015 0040 0015 0040 0015 0015 0015 0015 0015 0040 0015 0040 0015 0040 0015 0040 0015 0015 0015 0015 0015 0040 0015 0040 0015 0040 0015 0015 0015 0040 0015 0040 0015 0015 0015 0015 0015 0040 0015 0015 0015 0015 0015 0040 0015 0015 0015 0015 0015 0040 0015 0040 0015 0015 0015 0040 0015 05f0 0160 0040 0015 0e1a
Normal	0000 006d 0022 0002 0152 00ac 0015 0015 0015 0015 0015 0015 0015 0015 0015 0040 0015 0040 0015 0015 0015 0015 0015 0040 0015 0040 0015 0040 0015 0040 0015 0015 0015 0015 0015 0040 0015 0040 0015 0040 0015 0040 0015 0040 0015 0040 0015 0040 0015 0015 0015 0015 0015 0015 0015 0015 0015 0015 0015 0015 0015 0015 0015 0015 0015 0040 0015 0040 0015 0040 0015 05f0 0160 0040 0015 0e1a
Mute	0000 006d 0022 0002 0152 00ac 0015 0015 0015 0015 0015 0015 0015 0015 0015 0040 0015 0040 0015 0015 0015 0015 0015 0040 0015 0040 0015 0040 0015 0040 0015 0015 0015 0015 0015 0040 0015 0040 0015 0040 0015 0040 0015 0015 0015 0040 0015 0015 0015 0015 0015 0015 0015 0015 0015 0015 0015 0015 0015 0040 0015 0015 0015 0040 0015 0040 0015 0040 0015 0040 0015 05f0 0160 0040 0015 0e1a
Menu	0000 006d 0022 0002 0152 00ac 0015 0015 0015 0015 0015 0015 0015 0015 0015 0040 0015 0040 0015 0015 0015 0015 0015 0040 0015 0040 0015 0040 0015 0040 0015 0015 0015 0015 0015 0040 0015 0040 0015 0015 0015 0015 0015 0040 0015 0040 0015 0040 0015 0015 0015 0015 0015 0015 0015 0040 0015 0040 0015 0015 0015 0015 0015 0015 0015 0040 0015 0040 0015 0040 0015 05f0 0160 0040 0015 0e1a
Freeze	0000 006d 0022 0002 0152 00ac 0015 0015 0015 0015 0015 0015 0015 0015 0015 0040 0015 0040 0015 0015 0015 0015 0015 0040 0015 0040 0015 0040 0015 0040 0015 0015 0015 0015 0015 0040 0015 0040 0015 0040 0015 0040 0015 0015 0015 0015 0015 0015 0015 0015 0015 0040 0015 0015 0015 0015 0015 0015 0015 0040 0015 0040 0015 0040 0015 0040 0015 0015 0015 0040 0015 05f0 0160 0040 0015 0e1a
