Computer	0000 006C 0000 0002 0000 00AA 0000 0015 0000 0015 0000 0015 0000 0015 0000 0040 0000 0040 0000 0015 0000 0015 0000 0040 0000 0040 0000 0040 0000 0040 0000 0015 0000 0015 0000 0040 0000 0040 0000 0040 0000 0040 0000 0040 0000 0015 0000 0015 0000 0015 0000 0015 0000 0015 0000 0015 0000 0015 0000 0015 0000 0040 0000 0040 0000 0040 0000 0040 0000 0040 0000 05F0 0000 0055 0000 0E3C
Video	0000 006C 0000 0002 0000 00AA 0000 0015 0000 0015 0000 0015 0000 0015 0000 0040 0000 0040 0000 0015 0000 0015 0000 0040 0000 0040 0000 0040 0000 0040 0000 0015 0000 0015 0000 0040 0000 0040 0000 0040 0000 0015 0000 0040 0000 0015 0000 0015 0000 0015 0000 0015 0000 0015 0000 0015 0000 0040 0000 0015 0000 0040 0000 0040 0000 0040 0000 0040 0000 0040 0000 05F0 0000 0055 0000 0E3C
Power	0000 006C 0000 0044 0000 00AA 0000 0015 0000 0015 0000 0015 0000 0015 0000 0040 0000 0040 0000 0015 0000 0015 0000 0040 0000 0040 0000 0040 0000 0040 0000 0015 0000 0015 0000 0040 0000 0040 0000 0015 0000 0015 0000 0015 0000 0015 0000 0015 0000 0015 0000 0015 0000 0015 0000 0040 0000 0040 0000 0040 0000 0040 0000 0040 0000 0040 0000 0040 0000 0040 0000 0D20 0000 00AA 0000 0015 0000 0015 0000 0015 0000 0015 0000 0040 0000 0040 0000 0015 0000 0015 0000 0015 0000 0040 0000 0040 0000 0040 0000 0015 0000 0015 0000 0040 0000 0040 0000 0040 0000 0040 0000 0040 0000 0040 0000 0040 0000 0040 0000 0040 0000 0040 0000 0015 0000 0015 0000 0015 0000 0015 0000 0015 0000 0015 0000 0015 0000 0015 0000 0D3A
ZM+	0000 006C 0000 0002 0000 00AA 0000 0015 0000 0015 0000 0015 0000 0015 0000 0040 0000 0040 0000 0015 0000 0015 0000 0040 0000 0040 0000 0040 0000 0040 0000 0015 0000 0015 0000 0040 0000 0040 0000 0040 0000 0040 0000 0040 0000 0015 0000 0015 0000 0015 0000 0040 0000 0015 0000 0015 0000 0015 0000 0015 0000 0040 0000 0040 0000 0040 0000 0015 0000 0040 0000 05F0 0000 0055 0000 0E3C
ZM-	0000 006C 0000 0002 0000 00AA 0000 0015 0000 0015 0000 0015 0000 0015 0000 0040 0000 0040 0000 0015 0000 0015 0000 0040 0000 0040 0000 0040 0000 0040 0000 0015 0000 0015 0000 0040 0000 0040 0000 0015 0000 0040 0000 0040 0000 0015 0000 0015 0000 0015 0000 0040 0000 0015 0000 0040 0000 0015 0000 0015 0000 0040 0000 0040 0000 0040 0000 0015 0000 0040 0000 05F0 0000 0055 0000 0E3C
Foc+	0000 006C 0000 0002 0000 00AA 0000 0015 0000 0015 0000 0015 0000 0015 0000 0040 0000 0040 0000 0015 0000 0015 0000 0040 0000 0040 0000 0040 0000 0040 0000 0015 0000 0015 0000 0040 0000 0040 0000 0015 0000 0040 0000 0015 0000 0040 0000 0015 0000 0015 0000 0040 0000 0015 0000 0040 0000 0015 0000 0040 0000 0015 0000 0040 0000 0040 0000 0015 0000 0040 0000 05F0 0000 0055 0000 0E3C
Foc-	0000 006C 0000 0002 0000 00AA 0000 0015 0000 0015 0000 0015 0000 0015 0000 0040 0000 0040 0000 0015 0000 0015 0000 0040 0000 0040 0000 0040 0000 0040 0000 0015 0000 0015 0000 0040 0000 0040 0000 0040 0000 0040 0000 0015 0000 0040 0000 0015 0000 0015 0000 0040 0000 0015 0000 0015 0000 0015 0000 0040 0000 0015 0000 0040 0000 0040 0000 0015 0000 0040 0000 05F0 0000 0055 0000 0E3C
Vol+	0000 006C 0000 0002 0000 00AA 0000 0015 0000 0015 0000 0015 0000 0015 0000 0040 0000 0040 0000 0015 0000 0015 0000 0040 0000 0040 0000 0040 0000 0040 0000 0015 0000 0015 0000 0040 0000 0040 0000 0040 0000 0015 0000 0015 0000 0040 0000 0015 0000 0015 0000 0015 0000 0015 0000 0015 0000 0040 0000 0040 0000 0015 0000 0040 0000 0040 0000 0040 0000 0040 0000 05F0 0000 0055 0000 0E3C
Vol-	0000 006C 0000 0002 0000 00AA 0000 0015 0000 0015 0000 0015 0000 0015 0000 0040 0000 0040 0000 0015 0000 0015 0000 0040 0000 0040 0000 0040 0000 0040 0000 0015 0000 0015 0000 0040 0000 0040 0000 0015 0000 0040 0000 0015 0000 0040 0000 0015 0000 0015 0000 0015 0000 0015 0000 0040 0000 0015 0000 0040 0000 0015 0000 0040 0000 0040 0000 0040 0000 0040 0000 05F0 0000 0055 0000 0E3C
Mute	0000 006C 0000 0002 0000 00AA 0000 0015 0000 0015 0000 0015 0000 0015 0000 0040 0000 0040 0000 0015 0000 0015 0000 0040 0000 0040 0000 0040 0000 0040 0000 0015 0000 0015 0000 0040 0000 0040 0000 0040 0000 0040 0000 0015 0000 0040 0000 0015 0000 0015 0000 0015 0000 0015 0000 0015 0000 0015 0000 0040 0000 0015 0000 0040 0000 0040 0000 0040 0000 0040 0000 05F0 0000 0055 0000 0E3C
Zoom+	0000 006C 0000 0002 0000 00AA 0000 0015 0000 0015 0000 0015 0000 0015 0000 0040 0000 0040 0000 0015 0000 0015 0000 0040 0000 0040 0000 0040 0000 0040 0000 0015 0000 0015 0000 0040 0000 0040 0000 0040 0000 0015 0000 0015 0000 0015 0000 0015 0000 0015 0000 0015 0000 0015 0000 0015 0000 0040 0000 0040 0000 0040 0000 0040 0000 0040 0000 0040 0000 0040 0000 05F0 0000 0055 0000 0E3C
Zoom-	0000 006C 0000 0002 0000 00AA 0000 0015 0000 0015 0000 0015 0000 0015 0000 0040 0000 0040 0000 0015 0000 0015 0000 0040 0000 0040 0000 0040 0000 0040 0000 0015 0000 0015 0000 0040 0000 0040 0000 0015 0000 0040 0000 0015 0000 0015 0000 0015 0000 0015 0000 0015 0000 0015 0000 0040 0000 0015 0000 0040 0000 0040 0000 0040 0000 0040 0000 0040 0000 0040 0000 05F0 0000 0055 0000 0E3C
Menu	0000 006C 0000 0002 0000 00AA 0000 0015 0000 0015 0000 0015 0000 0015 0000 0040 0000 0040 0000 0015 0000 0015 0000 0040 0000 0040 0000 0040 0000 0040 0000 0015 0000 0015 0000 0040 0000 0040 0000 0015 0000 0015 0000 0040 0000 0040 0000 0040 0000 0015 0000 0015 0000 0015 0000 0040 0000 0040 0000 0015 0000 0015 0000 0015 0000 0040 0000 0040 0000 0040 0000 05F0 0000 0055 0000 0E3C
Up	0000 006C 0000 0034 0000 001E 0000 002D 0000 000F 0000 002D 0000 002D 0000 000F 0000 000F 0000 000F 0000 000F 0000 000F 0000 000F 0000 000F 0000 000F 0000 000F 0000 000F 0000 000F 0000 002D 0000 002D 0000 000F 0000 000F 0000 000F 0000 000F 0000 000F 0000 000F 0000 000F 0000 01C6 0000 001E 0000 002D 0000 000F 0000 002D 0000 002D 0000 000F 0000 000F 0000 000F 0000 000F 0000 000F 0000 000F 0000 000F 0000 000F 0000 000F 0000 000F 0000 000F 0000 002D 0000 002D 0000 002D 0000 000F 0000 000F 0000 000F 0000 000F 0000 000F 0000 002D 0000 018A
Left	0000 006C 0000 0034 0000 001E 0000 002D 0000 000F 0000 002D 0000 002D 0000 000F 0000 000F 0000 000F 0000 000F 0000 002D 0000 002D 0000 002D 0000 002D 0000 002D 0000 002D 0000 000F 0000 002D 0000 000F 0000 000F 0000 000F 0000 000F 0000 000F 0000 000F 0000 000F 0000 002D 0000 0110 0000 001E 0000 002D 0000 000F 0000 002D 0000 002D 0000 000F 0000 000F 0000 000F 0000 000F 0000 000F 0000 002D 0000 002D 0000 002D 0000 002D 0000 002D 0000 000F 0000 000F 0000 000F 0000 000F 0000 000F 0000 000F 0000 000F 0000 000F 0000 000F 0000 002D 0000 014D
Right	0000 006C 0000 0034 0000 001E 0000 002D 0000 000F 0000 002D 0000 002D 0000 000F 0000 000F 0000 000F 0000 000F 0000 002D 0000 000F 0000 000F 0000 000F 0000 000F 0000 000F 0000 000F 0000 000F 0000 000F 0000 000F 0000 000F 0000 000F 0000 000F 0000 000F 0000 000F 0000 002D 0000 01C6 0000 001E 0000 002D 0000 000F 0000 002D 0000 002D 0000 000F 0000 000F 0000 000F 0000 000F 0000 002D 0000 002D 0000 000F 0000 000F 0000 000F 0000 000F 0000 000F 0000 002D 0000 000F 0000 000F 0000 000F 0000 000F 0000 000F 0000 000F 0000 000F 0000 002D 0000 018A
Down	0000 006C 0000 0034 0000 001E 0000 002D 0000 000F 0000 002D 0000 002D 0000 000F 0000 000F 0000 000F 0000 000F 0000 000F 0000 000F 0000 000F 0000 000F 0000 000F 0000 000F 0000 000F 0000 002D 0000 002D 0000 002D 0000 002D 0000 002D 0000 002D 0000 002D 0000 000F 0000 002D 0000 0110 0000 001E 0000 002D 0000 000F 0000 002D 0000 002D 0000 000F 0000 000F 0000 000F 0000 000F 0000 000F 0000 000F 0000 000F 0000 000F 0000 000F 0000 000F 0000 000F 0000 002D 0000 000F 0000 002D 0000 002D 0000 002D 0000 002D 0000 002D 0000 000F 0000 000F 0000 014D
LE Click	0000 006C 0000 001A 0000 001E 0000 002D 0000 000F 0000 002D 0000 002D 0000 000F 0000 000F 0000 000F 0000 000F 0000 000F 0000 000F 0000 000F 0000 000F 0000 000F 0000 000F 0000 002D 0000 000F 0000 000F 0000 000F 0000 000F 0000 000F 0000 000F 0000 000F 0000 000F 0000 002D 0000 01C6
Rig Click	0000 006C 0000 001A 0000 001E 0000 002D 0000 000F 0000 002D 0000 002D 0000 000F 0000 000F 0000 000F 0000 000F 0000 000F 0000 000F 0000 000F 0000 000F 0000 000F 0000 000F 0000 000F 0000 002D 0000 000F 0000 000F 0000 000F 0000 000F 0000 000F 0000 000F 0000 002D 0000 000F 0000 01C6
 Show	0000 006C 0000 0002 0000 00AA 0000 0015 0000 0015 0000 0015 0000 0015 0000 0040 0000 0040 0000 0015 0000 0015 0000 0040 0000 0040 0000 0040 0000 0040 0000 0015 0000 0015 0000 0040 0000 0040 0000 0040 0000 0040 0000 0015 0000 0040 0000 0015 0000 0015 0000 0015 0000 0040 0000 0015 0000 0015 0000 0040 0000 0015 0000 0040 0000 0040 0000 0040 0000 0015 0000 05F0 0000 0055 0000 0E3C
AU Image	0000 006C 0000 0002 0000 00AA 0000 0015 0000 0015 0000 0015 0000 0015 0000 0040 0000 0040 0000 0015 0000 0015 0000 0040 0000 0040 0000 0040 0000 0040 0000 0015 0000 0015 0000 0040 0000 0040 0000 0040 0000 0015 0000 0015 0000 0040 0000 0015 0000 0015 0000 0015 0000 0040 0000 0015 0000 0040 0000 0040 0000 0015 0000 0040 0000 0040 0000 0040 0000 0015 0000 05F0 0000 0055 0000 0E3C
Keystone+	0000 006C 0000 0002 0000 00AA 0000 0015 0000 0015 0000 0015 0000 0015 0000 0040 0000 0040 0000 0015 0000 0015 0000 0040 0000 0040 0000 0040 0000 0040 0000 0015 0000 0015 0000 0040 0000 0040 0000 0015 0000 0040 0000 0040 0000 0040 0000 0015 0000 0015 0000 0015 0000 0040 0000 0040 0000 0015 0000 0015 0000 0015 0000 0040 0000 0040 0000 0040 0000 0015 0000 05F0 0000 0055 0000 0E3C
Keystone-	0000 006C 0000 0002 0000 00AA 0000 0015 0000 0015 0000 0015 0000 0015 0000 0040 0000 0040 0000 0015 0000 0015 0000 0040 0000 0040 0000 0040 0000 0040 0000 0015 0000 0015 0000 0040 0000 0040 0000 0040 0000 0040 0000 0040 0000 0040 0000 0015 0000 0015 0000 0015 0000 0040 0000 0015 0000 0015 0000 0015 0000 0015 0000 0040 0000 0040 0000 0040 0000 0015 0000 05F0 0000 0055 0000 0E3C
Freeze	0000 006C 0000 0002 0000 00AA 0000 0015 0000 0015 0000 0015 0000 0015 0000 0040 0000 0040 0000 0015 0000 0015 0000 0040 0000 0040 0000 0040 0000 0040 0000 0015 0000 0015 0000 0040 0000 0040 0000 0040 0000 0040 0000 0015 0000 0015 0000 0015 0000 0015 0000 0040 0000 0015 0000 0015 0000 0015 0000 0040 0000 0040 0000 0040 0000 0040 0000 0015 0000 0040 0000 05F0 0000 0055 0000 0E3C
Normal	0000 006C 0000 0002 0000 00AA 0000 0015 0000 0015 0000 0015 0000 0015 0000 0040 0000 0040 0000 0015 0000 0015 0000 0040 0000 0040 0000 0040 0000 0040 0000 0015 0000 0015 0000 0040 0000 0040 0000 0040 0000 0040 0000 0040 0000 0040 0000 0040 0000 0015 0000 0015 0000 0015 0000 0015 0000 0015 0000 0015 0000 0015 0000 0015 0000 0040 0000 0040 0000 0040 0000 05F0 0000 0055 0000 0E3C
