1	0000 006d 0000 000c 0006 0119 0006 0119 0006 00ba 0006 00ba 0006 0119 0006 0119 0006 00ba 0006 00ba 0006 0119 0006 00ba 0006 0119 0006 0774
2	0000 006d 0000 000c 0006 0119 0006 00ba 0006 00ba 0006 00ba 0006 0119 0006 0119 0006 00ba 0006 00ba 0006 0119 0006 00ba 0006 00ba 0006 0834
3	0000 006d 0000 000c 0006 0119 0006 0119 0006 00ba 0006 00ba 0006 0119 0006 0119 0006 00ba 0006 00ba 0006 00ba 0006 0119 0006 0119 0006 0774
4	0000 006d 0000 000c 0006 0119 0006 00ba 0006 00ba 0006 00ba 0006 0119 0006 0119 0006 00ba 0006 0119 0006 0119 0006 00ba 0006 0119 0006 0774
5	0000 006d 0000 000c 0006 0119 0006 0119 0006 00ba 0006 00ba 0006 0119 0006 0119 0006 00ba 0006 0119 0006 0119 0006 00ba 0006 00ba 0006 0774
6	0000 006d 0000 000c 0006 0119 0006 00ba 0006 00ba 0006 00ba 0006 0119 0006 0119 0006 00ba 0006 0119 0006 00ba 0006 0119 0006 0119 0006 0774
7	0000 006d 0000 000c 0006 0119 0006 0119 0006 00ba 0006 00ba 0006 0119 0006 0119 0006 0119 0006 00ba 0006 0119 0006 00ba 0006 0119 0006 0715
8	0000 006d 0000 000c 0006 0119 0006 00ba 0006 00ba 0006 00ba 0006 0119 0006 0119 0006 0119 0006 00ba 0006 0119 0006 00ba 0006 00ba 0006 07d4
9	0000 006d 0000 000c 0006 0119 0006 0119 0006 00ba 0006 00ba 0006 0119 0006 0119 0006 0119 0006 00ba 0006 00ba 0006 0119 0006 0119 0006 0715
0	0000 006d 0000 000c 0006 0119 0006 00ba 0006 00ba 0006 00ba 0006 0119 0006 0119 0006 00ba 0006 00ba 0006 0119 0006 0119 0006 00ba 0006 07d4
Ch+	0000 006d 0000 000c 0006 0119 0006 0119 0006 00ba 0006 00ba 0006 0119 0006 0119 0006 00ba 0006 0119 0006 0119 0006 0119 0006 00ba 0006 0715
Ch-	0000 006d 0000 000c 0006 0119 0006 00ba 0006 00ba 0006 00ba 0006 0119 0006 0119 0006 0119 0006 00ba 0006 0119 0006 0119 0006 00ba 0006 0774
Vol+	0000 006d 0000 000c 0006 0119 0006 0119 0006 00ba 0006 00ba 0006 0119 0006 00ba 0006 00ba 0006 0119 0006 0119 0006 00ba 0006 00ba 0006 07d4
Vol-	0000 006d 0000 000c 0006 0119 0006 00ba 0006 00ba 0006 00ba 0006 0119 0006 00ba 0006 00ba 0006 0119 0006 0119 0006 00ba 0006 0119 0006 07d4
Prog/Yes	0000 006d 0000 000c 0006 0119 0006 0119 0006 00ba 0006 00ba 0006 0119 0006 00ba 0006 0119 0006 00ba 0006 0119 0006 00ba 0006 0119 0006 0774
Vote/No	0000 006d 0000 000c 0006 0119 0006 00ba 0006 00ba 0006 00ba 0006 0119 0006 00ba 0006 0119 0006 00ba 0006 0119 0006 00ba 0006 00ba 0006 0834
Pass	0000 006d 0000 000c 0006 0119 0006 0119 0006 00ba 0006 00ba 0006 0119 0006 00ba 0006 0119 0006 00ba 0006 0119 0006 0119 0006 00ba 0006 0774
Func	0000 006d 0000 000c 0006 0119 0006 00ba 0006 00ba 0006 00ba 0006 0119 0006 00ba 0006 00ba 0006 0119 0006 00ba 0006 0119 0006 0119 0006 07d4
Pay	0000 006d 0000 000c 0006 0119 0006 00ba 0006 00ba 0006 00ba 0006 0119 0006 00ba 0006 00ba 0006 0119 0006 0119 0006 0119 0006 00ba 0006 07d4
Next/??	0000 006d 0000 000c 0006 0119 0006 0119 0006 00ba 0006 00ba 0006 0119 0006 00ba 0006 0119 0006 00ba 0006 00ba 0006 0119 0006 0119 0006 0774
Del	0000 006d 0000 000c 0006 0119 0006 00ba 0006 00ba 0006 00ba 0006 0119 0006 00ba 0006 0119 0006 0119 0006 0119 0006 00ba 0006 0119 0006 0774
Logon/&lt;	0000 006d 0000 000c 0006 0119 0006 00ba 0006 00ba 0006 00ba 0006 0119 0006 00ba 0006 0119 0006 0119 0006 0119 0006 00ba 0006 00ba 0006 07d4
Logoff/&gt;	0000 006d 0000 000c 0006 0119 0006 00ba 0006 00ba 0006 00ba 0006 0119 0006 00ba 0006 0119 0006 0119 0006 00ba 0006 0119 0006 0119 0006 0774
On/Off/quit	0000 006d 0000 000c 0006 0119 0006 0119 0006 00ba 0006 00ba 0006 0119 0006 00ba 0006 00ba 0006 00ba 0006 0119 0006 0119 0006 00ba 0006 07d4
A/B	0000 006d 0000 000c 0006 0119 0006 0119 0006 00ba 0006 00ba 0006 0119 0006 00ba 0006 00ba 0006 00ba 0006 0119 0006 00ba 0006 00ba 0006 0834
