Power	0000 006c 0022 0002 0157 00ab 0016 0040 0015 0015 0016 0015 0016 0015 0015 0015 0016 0015 0016 0015 0015 0040 0016 0015 0015 0040 0016 0015 0015 0040 0016 0015 0015 0015 0016 0040 0015 0015 0016 0040 0015 0040 0016 0015 0015 0015 0016 0015 0016 0015 0015 0015 0016 0015 0016 0015 0015 0015 0016 0040 0015 0040 0016 0040 0016 0040 0015 0040 0016 0040 0016 066e 0157 0055 0016 0e48
1	0000 006c 0022 0002 0156 00ac 0015 0040 0016 0015 0015 0015 0016 0015 0016 0015 0015 0015 0016 0015 0016 0040 0016 0015 0016 0040 0016 0015 0016 0040 0016 0015 0016 0015 0015 0040 0016 0015 0015 0040 0016 0040 0016 0015 0016 0015 0015 0040 0016 0015 0015 0015 0016 0015 0016 0015 0015 0015 0016 0040 0015 0040 0016 0015 0015 0040 0016 0040 0016 0040 0015 066f 0156 0056 0016 0e49
2	0000 006c 0022 0002 0157 00ab 0016 0040 0016 0015 0016 0015 0015 0015 0016 0015 0016 0015 0015 0015 0016 0040 0015 0015 0016 0040 0015 0015 0016 0040 0015 0015 0016 0015 0016 0040 0016 0015 0016 0015 0015 0015 0016 0015 0016 0015 0015 0040 0016 0015 0015 0015 0016 0015 0016 0040 0016 0040 0015 0040 0016 0040 0016 0015 0016 0040 0016 0040 0015 0040 0016 066e 0157 0056 0015 0e49
3	0000 006c 0022 0002 0156 00ac 0015 0040 0016 0015 0015 0015 0016 0015 0016 0015 0015 0015 0016 0015 0016 0040 0016 0015 0016 0040 0016 0015 0016 0040 0016 0015 0016 0015 0015 0040 0016 0015 0015 0040 0016 0015 0015 0015 0016 0015 0016 0040 0016 0015 0016 0015 0015 0015 0016 0015 0016 0040 0016 0040 0015 0040 0016 0015 0015 0040 0016 0040 0016 0040 0015 066f 0156 0056 0016 0e49
4	0000 006c 0022 0002 0157 00ab 0016 0040 0015 0015 0016 0015 0016 0015 0015 0015 0016 0015 0016 0015 0015 0040 0016 0015 0015 0040 0016 0015 0015 0040 0016 0015 0015 0015 0016 0040 0015 0015 0016 0040 0015 0040 0016 0040 0016 0040 0015 0015 0016 0015 0016 0015 0015 0015 0016 0015 0016 0015 0015 0015 0016 0015 0016 0040 0016 0040 0015 0040 0016 0040 0016 066e 0157 0055 0016 0e48
5	0000 006c 0022 0002 0157 00ab 0016 0040 0015 0015 0016 0015 0016 0015 0015 0015 0016 0015 0016 0015 0015 0040 0016 0015 0015 0040 0016 0015 0015 0040 0016 0015 0015 0015 0016 0040 0015 0015 0016 0015 0016 0015 0015 0040 0016 0040 0016 0015 0016 0015 0015 0015 0016 0015 0016 0040 0016 0040 0015 0015 0016 0015 0016 0040 0016 0040 0015 0040 0016 0040 0016 066e 0157 0055 0016 0e48
6	0000 006c 0022 0002 0157 00ab 0016 0040 0015 0015 0016 0015 0016 0015 0015 0015 0016 0015 0016 0015 0015 0040 0016 0015 0015 0040 0016 0015 0015 0040 0016 0015 0015 0015 0016 0040 0015 0015 0016 0040 0015 0015 0016 0040 0015 0040 0016 0015 0015 0015 0016 0015 0016 0015 0015 0015 0016 0040 0015 0015 0016 0015 0016 0040 0016 0040 0015 0040 0016 0040 0016 066e 0157 0055 0016 0e48
7	0000 006c 0022 0002 0157 00ab 0016 0040 0015 0015 0016 0015 0016 0015 0015 0015 0016 0015 0016 0015 0015 0040 0016 0015 0015 0040 0016 0015 0015 0040 0016 0015 0015 0015 0016 0040 0015 0015 0016 0040 0015 0040 0016 0015 0015 0040 0016 0015 0015 0015 0016 0015 0016 0015 0015 0015 0016 0015 0016 0040 0016 0015 0016 0040 0016 0040 0015 0040 0016 0040 0016 066e 0157 0055 0016 0e48
8	0000 006c 0022 0002 0156 00ac 0015 0040 0016 0015 0015 0015 0016 0015 0016 0015 0015 0015 0016 0015 0016 0040 0016 0015 0016 0040 0016 0015 0016 0040 0016 0015 0016 0015 0015 0040 0016 0015 0015 0015 0016 0015 0016 0015 0015 0040 0016 0015 0015 0015 0016 0015 0016 0015 0015 0040 0016 0040 0016 0040 0015 0015 0016 0040 0015 0040 0016 0040 0016 0040 0015 066f 0156 0056 0016 0e49
9	0000 006c 0022 0002 0157 00ab 0016 0040 0015 0015 0016 0015 0016 0015 0015 0015 0016 0015 0016 0015 0015 0040 0016 0015 0015 0040 0016 0015 0015 0040 0016 0015 0015 0015 0016 0040 0015 0015 0016 0040 0015 0015 0016 0015 0016 0040 0016 0015 0016 0015 0015 0015 0016 0015 0016 0015 0015 0040 0016 0040 0016 0015 0016 0040 0016 0040 0015 0040 0016 0040 0016 066e 0157 0055 0016 0e48
0	0000 006c 0022 0002 0157 00ab 0016 0040 0015 0015 0016 0015 0016 0015 0015 0015 0016 0015 0016 0015 0015 0040 0016 0015 0015 0040 0016 0015 0015 0040 0016 0015 0015 0015 0016 0040 0015 0015 0016 0015 0016 0015 0015 0040 0016 0015 0015 0015 0016 0015 0016 0015 0015 0015 0016 0040 0015 0040 0016 0015 0015 0040 0016 0040 0016 0040 0015 0040 0016 0040 0016 066e 0157 0055 0016 0e48
Ch+	0000 006c 0022 0002 0156 00ac 0015 0040 0016 0015 0015 0015 0016 0015 0016 0015 0015 0015 0016 0015 0016 0040 0016 0015 0016 0040 0016 0015 0016 0040 0016 0015 0016 0015 0015 0040 0016 0015 0015 0015 0016 0040 0015 0015 0016 0015 0016 0015 0015 0015 0016 0015 0016 0015 0015 0040 0016 0015 0015 0040 0016 0040 0016 0040 0015 0040 0016 0040 0016 0040 0015 066f 0156 0056 0016 0e49
Ch-	0000 006c 0022 0002 0157 00ab 0016 0040 0015 0015 0016 0015 0016 0015 0015 0015 0016 0015 0016 0015 0015 0040 0016 0015 0015 0040 0016 0015 0015 0040 0016 0015 0015 0015 0016 0040 0015 0015 0016 0015 0016 0040 0016 0040 0015 0040 0016 0040 0016 0015 0016 0015 0015 0015 0016 0040 0015 0015 0016 0015 0016 0015 0015 0015 0016 0040 0015 0040 0016 0040 0016 066e 0157 0055 0016 0e48
Vol+	0000 006c 0022 0002 0156 00ac 0015 0040 0016 0015 0015 0015 0016 0015 0016 0015 0015 0015 0016 0015 0016 0040 0016 0015 0016 0040 0016 0015 0016 0040 0016 0015 0016 0015 0015 0040 0016 0015 0015 0040 0016 0015 0015 0015 0016 0015 0016 0015 0015 0015 0016 0015 0016 0015 0015 0015 0016 0040 0015 0040 0016 0040 0016 0040 0015 0040 0016 0040 0016 0040 0015 066f 0156 0056 0016 0e49
Vol-	0000 006c 0022 0002 0157 00ab 0016 0040 0015 0015 0016 0015 0016 0015 0015 0015 0016 0015 0016 0015 0015 0040 0016 0015 0015 0040 0016 0015 0015 0040 0016 0015 0015 0015 0016 0040 0015 0015 0016 0040 0015 0015 0016 0040 0015 0040 0016 0040 0016 0015 0016 0015 0015 0015 0016 0015 0016 0040 0016 0015 0016 0015 0015 0015 0016 0040 0015 0040 0016 0040 0016 066e 0157 0055 0016 0e48
Mute	0000 006c 0022 0002 0157 00ab 0016 0040 0016 0015 0016 0015 0015 0015 0016 0015 0016 0015 0015 0015 0016 0040 0015 0015 0016 0040 0015 0015 0016 0040 0015 0015 0016 0015 0016 0040 0016 0015 0016 0015 0015 0015 0016 0040 0015 0040 0016 0040 0016 0015 0016 0015 0015 0015 0016 0040 0015 0040 0016 0015 0015 0015 0016 0015 0016 0040 0016 0040 0015 0040 0016 066e 0157 0056 0015 0e49
Menu	0000 006c 0022 0002 0157 00ab 0016 0040 0016 0015 0016 0015 0015 0015 0016 0015 0016 0015 0015 0015 0016 0040 0015 0015 0016 0040 0015 0015 0016 0040 0015 0015 0016 0015 0016 0040 0016 0015 0016 0015 0015 0040 0016 0015 0015 0015 0016 0040 0015 0015 0016 0015 0016 0015 0015 0040 0016 0015 0015 0040 0016 0040 0016 0015 0016 0040 0016 0040 0015 0040 0016 066e 0157 0056 0015 0e49
Next	0000 006c 0022 0002 0157 00ab 0016 0040 0016 0015 0016 0015 0015 0015 0016 0015 0016 0015 0015 0015 0016 0040 0015 0015 0016 0040 0015 0015 0016 0040 0015 0015 0016 0015 0016 0040 0016 0015 0016 0015 0015 0040 0016 0040 0016 0040 0015 0015 0016 0015 0016 0015 0015 0015 0016 0040 0015 0015 0016 0015 0016 0015 0015 0040 0016 0040 0016 0040 0015 0040 0016 066e 0157 0056 0015 0e49
Yes	0000 006c 0022 0002 0157 00ab 0016 0040 0015 0015 0016 0015 0016 0015 0015 0015 0016 0015 0016 0015 0015 0040 0016 0015 0015 0040 0016 0015 0015 0040 0016 0015 0015 0015 0016 0040 0015 0015 0016 0015 0016 0040 0016 0015 0016 0040 0016 0015 0016 0015 0015 0015 0016 0015 0016 0040 0016 0015 0016 0040 0016 0015 0016 0040 0016 0040 0015 0040 0016 0040 0016 066e 0157 0055 0016 0e48
View	0000 006c 0022 0002 0157 00ab 0016 0040 0016 0015 0016 0015 0015 0015 0016 0015 0016 0015 0015 0015 0016 0040 0015 0015 0016 0040 0015 0015 0016 0040 0015 0015 0016 0015 0016 0040 0016 0015 0016 0015 0015 0040 0016 0040 0016 0015 0016 0015 0015 0015 0016 0015 0016 0015 0015 0040 0016 0015 0015 0015 0016 0040 0015 0040 0016 0040 0016 0040 0015 0040 0016 066e 0157 0056 0015 0e49
User	0000 006c 0022 0002 0156 00ac 0015 0040 0016 0015 0015 0015 0016 0015 0016 0015 0015 0015 0016 0015 0016 0040 0016 0015 0016 0040 0016 0015 0016 0040 0016 0015 0016 0015 0015 0040 0016 0015 0015 0040 0016 0015 0015 0040 0016 0015 0015 0015 0016 0015 0016 0015 0015 0015 0016 0015 0016 0040 0016 0015 0016 0040 0016 0040 0015 0040 0016 0040 0016 0040 0015 066f 0156 0056 0016 0e49
Alt	0000 006c 0022 0002 0156 00ac 0015 0040 0016 0015 0015 0015 0016 0015 0016 0015 0015 0015 0016 0015 0016 0040 0016 0015 0016 0040 0016 0015 0016 0040 0016 0015 0016 0015 0015 0040 0016 0015 0015 0040 0016 0040 0016 0040 0015 0015 0016 0015 0016 0015 0015 0015 0016 0015 0016 0015 0015 0015 0016 0015 0016 0040 0016 0040 0015 0040 0016 0040 0016 0040 0015 066f 0156 0056 0016 0e49
Help	0000 006c 0022 0002 0157 00ab 0016 0040 0015 0015 0016 0015 0016 0015 0015 0015 0016 0015 0016 0015 0015 0040 0016 0015 0015 0040 0016 0015 0015 0040 0016 0015 0015 0015 0016 0040 0015 0015 0016 0040 0015 0040 0016 0040 0016 0040 0015 0040 0016 0015 0015 0015 0016 0015 0016 0015 0015 0015 0016 0015 0016 0015 0015 0015 0016 0040 0015 0040 0016 0040 0016 066e 0157 0055 0016 0e48
Last	0000 006c 0022 0002 0156 00ac 0015 0040 0016 0015 0015 0015 0016 0015 0016 0015 0015 0015 0016 0015 0016 0040 0016 0015 0016 0040 0016 0015 0016 0040 0016 0015 0016 0015 0015 0040 0016 0015 0015 0015 0016 0015 0016 0015 0015 0015 0016 0015 0016 0015 0015 0015 0016 0015 0016 0040 0016 0040 0015 0040 0016 0040 0016 0040 0015 0040 0016 0040 0016 0040 0015 066f 0156 0056 0016 0e49
