Power	0000 006c 0022 0002 0157 00ac 0015 0016 0015 0016 0015 0016 0015 0016 0015 0016 0015 0016 0015 0016 0015 0040 0015 0041 0015 0041 0015 0040 0015 0016 0015 0016 0015 0041 0015 0040 0015 0016 0015 0016 0015 0016 0015 0041 0015 0041 0015 0040 0015 0016 0015 0016 0015 0016 0015 0041 0015 0041 0015 0016 0015 0016 0015 0016 0015 0040 0015 0041 0015 0041 0015 0647 0157 0056 0015 0e51
Mute	0000 006c 0022 0002 0156 00ac 0015 0016 0015 0016 0015 0016 0015 0016 0015 0016 0015 0016 0015 0016 0015 0041 0015 0041 0015 0040 0015 0041 0015 0016 0015 0016 0015 0040 0015 0041 0015 0016 0015 0041 0015 0041 0015 0016 0015 0016 0015 0041 0015 0016 0015 0016 0015 0016 0015 0016 0015 0016 0015 0040 0015 0041 0015 0016 0015 0041 0015 0041 0015 0040 0015 0648 0156 0056 0015 0e51
Vol+	0000 006c 0022 0002 0156 00ac 0015 0016 0015 0016 0015 0016 0015 0016 0015 0016 0015 0016 0015 0016 0015 0041 0015 0041 0015 0040 0015 0041 0015 0016 0015 0016 0015 0040 0015 0041 0015 0016 0015 0041 0015 0041 0015 0040 0015 0041 0015 0041 0015 0016 0015 0016 0015 0016 0015 0016 0015 0016 0015 0016 0015 0016 0015 0016 0015 0041 0015 0041 0015 0040 0015 0648 0156 0056 0015 0e51
Vol-	0000 006c 0022 0002 0157 00ac 0015 0016 0015 0016 0015 0016 0015 0016 0014 0016 0015 0016 0015 0016 0015 0041 0015 0040 0015 0041 0014 0041 0015 0016 0015 0016 0015 0041 0015 0041 0015 0016 0015 0041 0015 0040 0015 0016 0015 0040 0015 0041 0015 0016 0015 0016 0015 0016 0015 0016 0015 0016 0015 0040 0015 0016 0015 0016 0014 0041 0015 0040 0015 0041 0015 0648 0157 0056 0015 0e51
Next	0000 006c 0022 0002 0157 00ac 0015 0016 0014 0016 0015 0016 0015 0016 0014 0016 0015 0016 0015 0016 0014 0041 0015 0040 0015 0041 0014 0041 0015 0016 0014 0016 0015 0041 0014 0041 0015 0016 0014 0016 0015 0016 0015 0016 0014 0041 0015 0016 0014 0016 0015 0041 0014 0016 0015 0041 0014 0041 0015 0040 0015 0016 0015 0040 0015 0041 0014 0016 0015 0041 0014 0648 0157 0056 0014 0e51
Time	0000 006c 0022 0002 0156 00ac 0014 0016 0015 0016 0015 0016 0014 0016 0015 0016 0015 0016 0014 0016 0015 0041 0014 0041 0015 0040 0015 0041 0014 0016 0015 0016 0015 0040 0015 0041 0014 0016 0015 0041 0014 0016 0015 0041 0014 0041 0015 0040 0015 0016 0015 0016 0014 0016 0015 0016 0015 0040 0015 0016 0015 0016 0014 0016 0015 0041 0014 0041 0015 0040 0015 0648 0156 0056 0015 0e51
Display	0000 006c 0022 0002 0157 00ac 0015 0016 0015 0016 0014 0016 0015 0016 0015 0016 0014 0016 0015 0016 0015 0040 0015 0041 0014 0041 0015 0040 0015 0016 0015 0016 0014 0041 0015 0040 0015 0016 0015 0016 0014 0016 0015 0041 0014 0041 0015 0016 0014 0016 0015 0041 0014 0016 0015 0041 0014 0041 0015 0016 0014 0016 0015 0041 0014 0041 0015 0016 0014 0041 0015 0647 0157 0056 0015 0e51
Ch+	0000 006c 0022 0002 0156 00ac 0014 0016 0015 0016 0015 0016 0015 0016 0015 0016 0015 0016 0015 0016 0015 0041 0015 0041 0015 0040 0015 0041 0014 0016 0015 0016 0015 0040 0015 0041 0014 0016 0015 0016 0015 0040 0015 0041 0015 0041 0015 0040 0015 0016 0015 0040 0015 0016 0015 0040 0015 0016 0015 0016 0014 0016 0015 0016 0015 0040 0015 0016 0015 0040 0015 0648 0156 0056 0015 0e51
Ch-	0000 006c 0022 0002 0156 00ac 0015 0016 0015 0016 0015 0016 0015 0016 0015 0016 0015 0016 0015 0016 0015 0041 0014 0041 0015 0040 0015 0041 0015 0016 0015 0016 0015 0040 0015 0041 0015 0016 0015 0016 0015 0040 0015 0016 0015 0040 0015 0041 0014 0016 0015 0041 0015 0016 0015 0041 0015 0016 0015 0041 0015 0016 0015 0016 0015 0040 0015 0016 0015 0040 0015 0648 0156 0056 0015 0e51
Favorite	0000 006c 0022 0002 0157 00ac 0015 0016 0014 0016 0015 0016 0015 0016 0015 0016 0015 0016 0015 0016 0015 0041 0015 0040 0015 0041 0014 0041 0015 0016 0014 0016 0015 0041 0015 0041 0015 0016 0015 0016 0015 0041 0015 0041 0015 0040 0015 0016 0015 0016 0014 0041 0015 0016 0015 0041 0015 0016 0015 0016 0015 0016 0015 0040 0015 0041 0015 0016 0015 0041 0014 0648 0157 0056 0014 0e51
Satellite	0000 006c 0022 0002 0157 00ac 0015 0016 0015 0016 0015 0016 0015 0016 0015 0016 0015 0016 0015 0016 0015 0041 0015 0040 0015 0041 0014 0041 0015 0016 0015 0016 0015 0041 0015 0041 0015 0016 0015 0016 0015 0041 0015 0016 0015 0016 0015 0040 0015 0016 0015 0040 0015 0016 0015 0040 0015 0016 0015 0040 0015 0041 0015 0016 0015 0041 0014 0016 0015 0041 0014 0648 0157 0056 0015 0e51
Audio	0000 006c 0022 0002 0156 00ac 0014 0016 0015 0016 0015 0016 0015 0016 0015 0016 0015 0016 0015 0016 0015 0041 0015 0041 0015 0040 0015 0041 0014 0016 0015 0016 0015 0040 0015 0041 0015 0016 0015 0016 0015 0040 0015 0041 0014 0016 0015 0041 0014 0016 0015 0041 0015 0016 0015 0041 0015 0016 0015 0016 0015 0040 0015 0016 0015 0040 0015 0016 0015 0040 0015 0648 0156 0056 0015 0e51
PIP	0000 006c 0022 0002 0157 00ac 0015 0016 0015 0016 0015 0016 0015 0016 0015 0016 0015 0016 0015 0016 0014 0041 0015 0040 0015 0041 0014 0041 0015 0016 0015 0016 0015 0041 0015 0041 0015 0016 0014 0016 0015 0016 0015 0016 0014 0041 0015 0040 0015 0016 0015 0040 0015 0016 0015 0040 0015 0041 0014 0041 0015 0016 0014 0016 0015 0041 0015 0016 0015 0041 0015 0648 0157 0056 0015 0e51
Menu	0000 006c 0022 0002 0156 00ac 0015 0016 0015 0016 0015 0016 0015 0016 0015 0016 0015 0016 0015 0016 0015 0041 0015 0041 0015 0040 0015 0041 0015 0016 0015 0016 0015 0040 0015 0041 0015 0016 0015 0041 0015 0016 0015 0041 0015 0041 0015 0016 0015 0016 0015 0041 0015 0016 0015 0016 0015 0040 0015 0016 0015 0016 0015 0041 0015 0040 0015 0016 0015 0040 0015 0648 0156 0056 0015 0e51
Enter	0000 006c 0022 0002 0157 00ac 0015 0016 0015 0016 0014 0016 0015 0016 0015 0016 0015 0016 0015 0016 0015 0040 0015 0041 0014 0041 0015 0040 0015 0016 0015 0016 0014 0041 0015 0040 0015 0016 0015 0016 0014 0016 0015 0041 0015 0016 0015 0016 0015 0016 0014 0041 0015 0016 0014 0041 0015 0040 0015 0016 0015 0040 0015 0041 0014 0041 0015 0016 0014 0041 0015 0647 0157 0056 0015 0e51
Cancel	0000 006c 0022 0002 0157 00ac 0015 0016 0015 0016 0015 0016 0015 0016 0015 0016 0015 0016 0015 0016 0015 0040 0015 0041 0014 0041 0015 0040 0015 0016 0015 0016 0015 0041 0015 0040 0015 0016 0015 0016 0015 0016 0015 0016 0015 0016 0015 0016 0015 0016 0015 0040 0015 0016 0015 0040 0015 0041 0014 0041 0015 0040 0015 0041 0015 0041 0015 0016 0015 0041 0015 0647 0157 0056 0015 0e51
Up/Large Select	0000 006c 0022 0002 0157 00ac 0015 0016 0015 0016 0015 0016 0015 0016 0015 0016 0015 0016 0015 0016 0015 0041 0015 0040 0015 0041 0014 0041 0015 0016 0015 0016 0015 0041 0015 0041 0015 0016 0015 0041 0015 0016 0015 0041 0015 0040 0015 0041 0015 0016 0015 0041 0015 0016 0015 0016 0015 0040 0015 0016 0015 0016 0015 0016 0015 0041 0015 0016 0015 0041 0015 0648 0157 0056 0015 0e51
Downv/PIP Select	0000 006c 0022 0002 0156 00ac 0015 0016 0015 0016 0015 0016 0015 0016 0015 0016 0015 0016 0015 0016 0015 0041 0015 0041 0015 0040 0015 0041 0015 0016 0015 0016 0015 0040 0015 0041 0015 0016 0015 0041 0015 0016 0015 0016 0015 0040 0015 0041 0015 0016 0015 0041 0015 0016 0015 0016 0015 0040 0015 0041 0015 0016 0015 0016 0015 0040 0015 0016 0015 0040 0015 0648 0156 0056 0015 0e51
Left/Freeze/east	0000 006c 0022 0002 0157 00ac 0015 0016 0015 0016 0015 0016 0015 0016 0015 0016 0015 0016 0015 0016 0015 0040 0015 0041 0015 0041 0015 0040 0015 0016 0015 0016 0015 0041 0015 0040 0015 0016 0015 0016 0015 0016 0015 0041 0015 0016 0015 0041 0015 0016 0015 0041 0015 0016 0015 0041 0015 0041 0015 0016 0015 0041 0015 0016 0015 0041 0015 0016 0015 0041 0015 0647 0157 0056 0015 0e51
Right/Swap/west	0000 006c 0022 0002 0157 00ac 0015 0016 0015 0016 0015 0016 0015 0016 0015 0016 0015 0016 0015 0016 0015 0040 0015 0041 0015 0041 0015 0040 0015 0016 0015 0016 0015 0041 0015 0040 0015 0016 0015 0016 0015 0016 0015 0016 0015 0016 0015 0041 0015 0016 0015 0041 0015 0016 0015 0041 0015 0040 0015 0041 0015 0041 0015 0016 0015 0041 0015 0016 0015 0041 0015 0647 0157 0056 0015 0e51
1	0000 006c 0022 0002 0155 00aa 0016 0015 0015 0015 0016 0015 0016 0015 0015 0015 0016 0015 0016 0015 0015 0040 0016 003f 0016 0040 0015 0040 0016 0015 0015 0015 0016 0040 0015 0040 0016 0015 0015 0015 0016 0015 0016 0015 0015 0040 0016 003f 0016 0015 0016 0015 0015 0015 0016 0040 0015 0040 0016 003f 0016 0015 0016 0015 0015 0040 0016 003f 0016 0040 0015 063b 0155 0055 0015 0e35
2	0000 006c 0022 0002 0155 00aa 0016 0015 0016 0015 0015 0015 0016 0015 0016 0015 0015 0015 0016 0015 0016 003f 0016 0040 0015 0040 0016 003f 0016 0015 0016 0015 0015 0040 0016 003f 0016 0015 0016 0015 0015 0015 0016 0040 0015 0015 0016 0040 0015 0015 0016 0015 0016 0015 0015 0040 0016 003f 0016 0015 0016 003f 0016 0015 0016 003f 0016 0040 0015 0040 0016 063b 0155 0055 0016 0e35
3	0000 006c 0022 0002 0155 00aa 0016 0015 0015 0015 0016 0015 0016 0015 0015 0015 0016 0015 0016 0015 0015 0040 0016 003f 0016 0040 0015 0040 0016 0015 0015 0015 0016 0040 0015 0040 0016 0015 0015 0015 0016 0015 0016 0015 0015 0015 0016 0040 0015 0015 0016 0015 0016 0015 0015 0040 0016 003f 0016 0040 0015 0040 0016 0015 0015 0040 0016 003f 0016 0040 0015 063b 0155 0055 0015 0e35
4	0000 006c 0022 0002 0155 00aa 0016 0015 0016 0015 0015 0015 0016 0015 0016 0015 0015 0015 0016 0015 0016 003f 0016 0040 0015 0040 0016 003f 0016 0015 0016 0015 0015 0040 0016 003f 0016 0015 0016 003f 0016 0015 0016 0015 0015 0040 0016 003f 0016 0015 0016 0015 0015 0015 0016 0015 0016 003f 0016 0040 0015 0015 0016 0015 0016 003f 0016 0040 0015 0040 0016 063b 0155 0055 0016 0e35
5	0000 006c 0022 0002 0155 00aa 0016 0015 0015 0015 0016 0015 0016 0015 0015 0015 0016 0015 0016 0015 0015 0040 0016 003f 0016 0040 0015 0040 0016 0015 0015 0015 0016 0040 0015 0040 0016 0015 0015 0040 0016 0015 0015 0040 0016 0015 0015 0040 0016 0015 0015 0015 0016 0015 0016 0015 0015 0040 0016 0015 0015 0040 0016 0015 0015 0040 0016 003f 0016 0040 0015 063b 0155 0055 0015 0e35
6	0000 006c 0022 0002 0155 00aa 0016 0015 0016 0015 0015 0015 0016 0015 0016 0015 0015 0015 0016 0015 0016 003f 0016 0040 0015 0040 0016 003f 0016 0015 0016 0015 0015 0040 0016 003f 0016 0015 0016 003f 0016 0015 0016 0015 0015 0015 0016 0040 0015 0015 0016 0015 0016 0015 0015 0015 0016 0040 0015 0040 0016 003f 0016 0015 0016 003f 0016 0040 0015 0040 0016 063b 0155 0055 0016 0e35
7	0000 006c 0022 0002 0154 00ab 0015 0015 0016 0015 0016 0015 0015 0015 0016 0015 0016 0015 0015 0015 0016 0040 0015 0040 0016 003f 0016 0040 0015 0015 0016 0015 0016 003f 0016 0040 0015 0015 0016 0015 0016 003f 0016 0015 0016 003f 0016 0040 0015 0015 0016 0015 0016 0015 0015 0040 0016 0015 0015 0040 0016 0015 0015 0015 0016 0040 0015 0040 0016 003f 0016 063b 0154 0055 0016 0e35
8	0000 006c 0022 0002 0154 00ab 0015 0015 0016 0015 0016 0015 0015 0015 0016 0015 0016 0015 0015 0015 0016 0040 0015 0040 0016 003f 0016 0040 0015 0015 0016 0015 0016 003f 0016 0040 0015 0015 0016 0015 0016 003f 0016 0040 0015 0015 0016 0040 0015 0015 0016 0015 0016 0015 0015 0040 0016 0015 0015 0015 0016 0040 0015 0015 0016 0040 0015 0040 0016 003f 0016 063b 0154 0055 0016 0e35
9	0000 006c 0022 0002 0154 00ab 0015 0015 0016 0015 0016 0015 0015 0015 0016 0015 0016 0015 0015 0015 0016 0040 0015 0040 0016 003f 0016 0040 0015 0015 0016 0015 0016 003f 0016 0040 0015 0015 0016 0015 0016 003f 0016 0015 0016 0015 0015 0040 0016 0015 0015 0015 0016 0015 0016 003f 0016 0015 0016 003f 0016 0040 0015 0015 0016 0040 0015 0040 0016 003f 0016 063b 0154 0055 0016 0e35
*	0000 006c 0022 0002 0154 00ab 0015 0015 0016 0015 0016 0015 0015 0015 0016 0015 0016 0015 0015 0015 0016 0040 0015 0040 0016 003f 0016 0040 0015 0015 0016 0015 0016 003f 0016 0040 0015 0015 0016 0040 0015 0040 0016 0015 0015 0040 0016 003f 0016 0015 0016 003f 0016 0015 0016 0015 0015 0015 0016 0040 0015 0015 0016 0015 0016 003f 0016 0015 0016 003f 0016 063b 0154 0055 0016 0e35
0	0000 006c 0022 0002 0155 00aa 0016 0015 0015 0015 0016 0015 0016 0015 0015 0015 0016 0015 0016 0015 0015 0040 0016 003f 0016 0040 0015 0040 0016 0015 0015 0015 0016 0040 0015 0040 0016 0015 0015 0040 0016 003f 0016 0040 0015 0015 0016 0040 0015 0015 0016 0015 0016 0015 0015 0015 0016 0015 0016 0015 0015 0040 0016 0015 0015 0040 0016 003f 0016 0040 0015 063b 0155 0055 0015 0e35
#	0000 006c 0022 0002 0155 00aa 0016 0015 0016 0015 0015 0015 0016 0015 0016 0015 0015 0015 0016 0015 0016 003f 0016 0040 0015 0040 0016 003f 0016 0015 0016 0015 0015 0040 0016 003f 0016 0015 0016 003f 0016 0040 0015 0015 0016 0015 0016 003f 0016 0015 0016 003f 0016 0015 0016 0015 0015 0015 0016 0040 0015 0040 0016 0015 0015 0040 0016 0015 0015 0040 0016 063b 0155 0055 0016 0e35
Setup	0000 006c 0022 0002 0155 00aa 0016 0015 0016 0015 0015 0015 0016 0015 0016 0015 0015 0015 0016 0015 0016 003f 0016 0040 0015 0040 0016 003f 0016 0015 0016 0015 0015 0040 0016 003f 0016 0015 0016 003f 0016 0040 0015 0040 0016 0015 0015 0015 0016 0015 0016 0015 0015 0015 0016 0015 0016 0015 0015 0015 0016 0040 0015 0040 0016 003f 0016 0040 0015 0040 0016 063b 0155 0055 0016 0e35
Help	0000 006c 0022 0002 0154 00ab 0015 0015 0016 0015 0016 0015 0015 0015 0016 0015 0016 0015 0015 0015 0016 0040 0015 0040 0016 003f 0016 0040 0015 0015 0016 0015 0016 003f 0016 0040 0015 0015 0016 0040 0015 0040 0016 0015 0015 0015 0016 0015 0016 0015 0015 0015 0016 0015 0016 0015 0015 0015 0016 0040 0015 0040 0016 003f 0016 0040 0015 0040 0016 003f 0016 063b 0154 0055 0016 0e35
Text	0000 006c 0022 0002 0155 00aa 0016 0015 0015 0015 0016 0015 0016 0015 0015 0015 0016 0015 0016 0015 0015 0040 0016 003f 0016 0040 0015 0040 0016 0015 0015 0015 0016 0040 0015 0040 0016 0015 0015 0040 0016 003f 0016 0040 0015 0040 0016 0015 0015 0015 0016 0015 0016 0015 0015 0015 0016 0015 0016 0015 0015 0015 0016 0040 0015 0040 0016 003f 0016 0040 0015 063b 0155 0055 0015 0e35
Mesg	0000 006c 0022 0002 0155 00aa 0016 0015 0015 0015 0016 0015 0016 0015 0015 0015 0016 0015 0016 0015 0015 0040 0016 003f 0016 0040 0015 0040 0016 0015 0015 0015 0016 0040 0015 0040 0016 0015 0015 0040 0016 003f 0016 0015 0016 003f 0016 0015 0016 0015 0015 0015 0016 0015 0016 0015 0015 0015 0016 0040 0015 0015 0016 0040 0015 0040 0016 003f 0016 0040 0015 063b 0155 0055 0015 0e35
