Power	0000 006D 0000 0044 0000 00AA 0000 0015 0000 0015 0000 0015 0000 0015 0000 0040 0000 0040 0000 0015 0000 0015 0000 0040 0000 0040 0000 0040 0000 0040 0000 0015 0000 0015 0000 0040 0000 0040 0000 0015 0000 0015 0000 0015 0000 0015 0000 0015 0000 0015 0000 0015 0000 0015 0000 0040 0000 0040 0000 0040 0000 0040 0000 0040 0000 0040 0000 0040 0000 0040 0000 0D2F 0000 00AA 0000 0015 0000 0015 0000 0015 0000 0015 0000 0040 0000 0040 0000 0015 0000 0015 0000 0015 0000 0040 0000 0040 0000 0040 0000 0015 0000 0015 0000 0040 0000 0040 0000 0040 0000 0040 0000 0040 0000 0040 0000 0040 0000 0040 0000 0040 0000 0040 0000 0015 0000 0015 0000 0015 0000 0015 0000 0015 0000 0015 0000 0015 0000 0015 0000 0D52
Computer	0000 006D 0000 0002 0000 00AA 0000 0015 0000 0015 0000 0015 0000 0015 0000 0040 0000 0040 0000 0015 0000 0015 0000 0040 0000 0040 0000 0040 0000 0040 0000 0015 0000 0015 0000 0040 0000 0040 0000 0040 0000 0040 0000 0040 0000 0015 0000 0015 0000 0015 0000 0015 0000 0015 0000 0015 0000 0015 0000 0015 0000 0040 0000 0040 0000 0040 0000 0040 0000 0040 0000 05E7 0000 0055 0000 0E28
Video	0000 006D 0000 0002 0000 00AA 0000 0015 0000 0015 0000 0015 0000 0015 0000 0040 0000 0040 0000 0015 0000 0015 0000 0040 0000 0040 0000 0040 0000 0040 0000 0015 0000 0015 0000 0040 0000 0040 0000 0040 0000 0015 0000 0040 0000 0015 0000 0015 0000 0015 0000 0015 0000 0015 0000 0015 0000 0040 0000 0015 0000 0040 0000 0040 0000 0040 0000 0040 0000 0040 0000 05E7 0000 0055 0000 0E28
Volume+	0000 006D 0000 0002 0000 00AA 0000 0015 0000 0015 0000 0015 0000 0015 0000 0040 0000 0040 0000 0015 0000 0015 0000 0040 0000 0040 0000 0040 0000 0040 0000 0015 0000 0015 0000 0040 0000 0040 0000 0040 0000 0015 0000 0015 0000 0040 0000 0015 0000 0015 0000 0015 0000 0015 0000 0015 0000 0040 0000 0040 0000 0015 0000 0040 0000 0040 0000 0040 0000 0040 0000 05E7 0000 0055 0000 0E28
Volume-	0000 006D 0000 0002 0000 00AA 0000 0015 0000 0015 0000 0015 0000 0015 0000 0040 0000 0040 0000 0015 0000 0015 0000 0040 0000 0040 0000 0040 0000 0040 0000 0015 0000 0015 0000 0040 0000 0040 0000 0015 0000 0040 0000 0015 0000 0040 0000 0015 0000 0015 0000 0015 0000 0015 0000 0040 0000 0015 0000 0040 0000 0015 0000 0040 0000 0040 0000 0040 0000 0040 0000 05E7 0000 0055 0000 0E28
Volume Mute	0000 006D 0000 0002 0000 00AA 0000 0015 0000 0015 0000 0015 0000 0015 0000 0040 0000 0040 0000 0015 0000 0015 0000 0040 0000 0040 0000 0040 0000 0040 0000 0015 0000 0015 0000 0040 0000 0040 0000 0040 0000 0040 0000 0015 0000 0040 0000 0015 0000 0015 0000 0015 0000 0015 0000 0015 0000 0015 0000 0040 0000 0015 0000 0040 0000 0040 0000 0040 0000 0040 0000 05E7 0000 0055 0000 0E29
Auto Image	0000 006D 0000 0002 0000 00AA 0000 0015 0000 0015 0000 0015 0000 0015 0000 0040 0000 0040 0000 0015 0000 0015 0000 0040 0000 0040 0000 0040 0000 0040 0000 0015 0000 0015 0000 0040 0000 0040 0000 0040 0000 0015 0000 0015 0000 0040 0000 0015 0000 0015 0000 0015 0000 0040 0000 0015 0000 0040 0000 0040 0000 0015 0000 0040 0000 0040 0000 0040 0000 0015 0000 05E7 0000 0055 0000 0E29
Zoom	0000 006D 0000 0002 0000 00AA 0000 0015 0000 0015 0000 0015 0000 0015 0000 0040 0000 0040 0000 0015 0000 0015 0000 0040 0000 0040 0000 0040 0000 0040 0000 0015 0000 0015 0000 0040 0000 0040 0000 0015 0000 0015 0000 0015 0000 0015 0000 0015 0000 0015 0000 0015 0000 0040 0000 0040 0000 0040 0000 0040 0000 0040 0000 0040 0000 0040 0000 0040 0000 0015 0000 05E7 0000 0055 0000 0E28
Focus	0000 006D 0000 0002 0000 00AA 0000 0015 0000 0015 0000 0015 0000 0015 0000 0040 0000 0040 0000 0015 0000 0015 0000 0040 0000 0040 0000 0040 0000 0040 0000 0015 0000 0015 0000 0040 0000 0040 0000 0040 0000 0040 0000 0040 0000 0015 0000 0015 0000 0015 0000 0015 0000 0040 0000 0015 0000 0015 0000 0015 0000 0040 0000 0040 0000 0040 0000 0040 0000 0015 0000 05E7 0000 0055 0000 0E28
Lens Shift	0000 006D 0000 0002 0000 00AA 0000 0015 0000 0015 0000 0015 0000 0015 0000 0040 0000 0040 0000 0015 0000 0015 0000 0040 0000 0040 0000 0040 0000 0040 0000 0015 0000 0015 0000 0040 0000 0040 0000 0015 0000 0015 0000 0015 0000 0015 0000 0015 0000 0015 0000 0040 0000 0015 0000 0040 0000 0040 0000 0040 0000 0040 0000 0040 0000 0040 0000 0015 0000 0040 0000 05E7 0000 0055 0000 0E29
Menu	0000 006D 0000 0002 0000 00AA 0000 0015 0000 0015 0000 0015 0000 0015 0000 0040 0000 0040 0000 0015 0000 0015 0000 0040 0000 0040 0000 0040 0000 0040 0000 0015 0000 0015 0000 0040 0000 0040 0000 0015 0000 0015 0000 0040 0000 0040 0000 0040 0000 0015 0000 0015 0000 0015 0000 0040 0000 0040 0000 0015 0000 0015 0000 0015 0000 0040 0000 0040 0000 0040 0000 05E7 0000 0055 0000 0E29
P-Timer	0000 006D 0000 0002 0000 00AA 0000 0015 0000 0015 0000 0015 0000 0015 0000 0040 0000 0040 0000 0015 0000 0015 0000 0040 0000 0040 0000 0040 0000 0040 0000 0015 0000 0015 0000 0040 0000 0040 0000 0015 0000 0040 0000 0015 0000 0040 0000 0015 0000 0015 0000 0015 0000 0040 0000 0040 0000 0015 0000 0040 0000 0015 0000 0040 0000 0040 0000 0040 0000 0015 0000 05E7 0000 0055 0000 0E28
Freeze/ Show	0000 006D 0000 0002 0000 00AA 0000 0015 0000 0015 0000 0015 0000 0015 0000 0040 0000 0040 0000 0015 0000 0015 0000 0040 0000 0040 0000 0040 0000 0040 0000 0015 0000 0015 0000 0040 0000 0040 0000 0040 0000 0040 0000 0015 0000 0015 0000 0015 0000 0015 0000 0040 0000 0015 0000 0015 0000 0015 0000 0040 0000 0040 0000 0040 0000 0040 0000 0015 0000 0040 0000 05E7 0000 0055 0000 0E29
Cursor	0000 006D 0000 0002 0000 00AA 0000 0015 0000 0015 0000 0015 0000 0015 0000 0040 0000 0040 0000 0015 0000 0015 0000 0040 0000 0040 0000 0040 0000 0040 0000 0015 0000 0015 0000 0040 0000 0040 0000 0040 0000 0040 0000 0040 0000 0040 0000 0015 0000 0015 0000 0040 0000 0015 0000 0015 0000 0015 0000 0015 0000 0015 0000 0040 0000 0040 0000 0015 0000 0040 0000 05E7 0000 0055 0000 0E29
Normal	0000 006D 0000 0002 0000 00AA 0000 0015 0000 0015 0000 0015 0000 0015 0000 0040 0000 0040 0000 0015 0000 0015 0000 0040 0000 0040 0000 0040 0000 0040 0000 0015 0000 0015 0000 0040 0000 0040 0000 0040 0000 0040 0000 0040 0000 0040 0000 0040 0000 0015 0000 0015 0000 0015 0000 0015 0000 0015 0000 0015 0000 0015 0000 0015 0000 0040 0000 0040 0000 0040 0000 05E7 0000 0055 0000 0E29
D-Zoom	0000 006D 0000 0002 0000 00AA 0000 0015 0000 0015 0000 0015 0000 0015 0000 0040 0000 0040 0000 0015 0000 0015 0000 0040 0000 0040 0000 0040 0000 0040 0000 0015 0000 0015 0000 0040 0000 0040 0000 0015 0000 0015 0000 0015 0000 0040 0000 0015 0000 0015 0000 0015 0000 0040 0000 0040 0000 0040 0000 0040 0000 0015 0000 0040 0000 0040 0000 0040 0000 0015 0000 05E7 0000 0055 0000 0E29
Mouse Left	0000 006D 0000 0034 0000 001E 0000 002D 0000 000F 0000 002D 0000 002D 0000 000F 0000 000F 0000 000F 0000 000F 0000 002D 0000 000F 0000 002D 0000 002D 0000 002D 0000 002D 0000 000F 0000 000F 0000 002D 0000 000F 0000 000F 0000 000F 0000 000F 0000 000F 0000 000F 0000 000F 0000 014A 0000 001E 0000 002D 0000 000F 0000 002D 0000 002D 0000 000F 0000 000F 0000 000F 0000 000F 0000 002D 0000 002D 0000 002D 0000 002D 0000 002D 0000 002D 0000 000F 0000 002D 0000 000F 0000 000F 0000 000F 0000 000F 0000 000F 0000 000F 0000 000F 0000 002D 0000 105C
Mouse Right	0000 006D 0000 0034 0000 001E 0000 002D 0000 000F 0000 002D 0000 002D 0000 000F 0000 000F 0000 000F 0000 000F 0000 002D 0000 000F 0000 000F 0000 000F 0000 000F 0000 000F 0000 000F 0000 000F 0000 000F 0000 000F 0000 000F 0000 000F 0000 000F 0000 000F 0000 000F 0000 002D 0000 01C1 0000 001E 0000 002D 0000 000F 0000 002D 0000 002D 0000 000F 0000 000F 0000 000F 0000 000F 0000 002D 0000 002D 0000 000F 0000 000F 0000 000F 0000 000F 0000 000F 0000 002D 0000 000F 0000 000F 0000 000F 0000 000F 0000 000F 0000 000F 0000 000F 0000 002D 0000 10DC
Mouse Up	0000 006D 0000 0034 0000 001E 0000 002D 0000 000F 0000 002D 0000 002D 0000 000F 0000 000F 0000 000F 0000 000F 0000 000F 0000 000F 0000 000F 0000 000F 0000 000F 0000 000F 0000 000F 0000 002D 0000 002D 0000 000F 0000 000F 0000 000F 0000 000F 0000 000F 0000 000F 0000 000F 0000 01C1 0000 001E 0000 002D 0000 000F 0000 002D 0000 002D 0000 000F 0000 000F 0000 000F 0000 000F 0000 000F 0000 000F 0000 000F 0000 000F 0000 000F 0000 000F 0000 000F 0000 002D 0000 002D 0000 000F 0000 000F 0000 000F 0000 000F 0000 000F 0000 000F 0000 000F 0000 111C
Mouse Down	0000 006D 0000 0034 0000 001E 0000 002D 0000 000F 0000 002D 0000 002D 0000 000F 0000 000F 0000 000F 0000 000F 0000 002D 0000 002D 0000 002D 0000 002D 0000 002D 0000 002D 0000 000F 0000 002D 0000 002D 0000 000F 0000 002D 0000 002D 0000 002D 0000 002D 0000 000F 0000 000F 0000 0096 0000 001E 0000 002D 0000 000F 0000 002D 0000 002D 0000 000F 0000 000F 0000 000F 0000 000F 0000 000F 0000 000F 0000 000F 0000 000F 0000 000F 0000 000F 0000 000F 0000 002D 0000 000F 0000 002D 0000 000F 0000 002D 0000 002D 0000 002D 0000 000F 0000 002D 0000 0C7C
Right Click	0000 006D 0000 001A 0000 001E 0000 002D 0000 000F 0000 002D 0000 002D 0000 000F 0000 000F 0000 000F 0000 000F 0000 000F 0000 000F 0000 000F 0000 000F 0000 000F 0000 000F 0000 000F 0000 002D 0000 000F 0000 000F 0000 000F 0000 000F 0000 000F 0000 000F 0000 002D 0000 000F 0000 01C1
Left Click	0000 006D 0000 001A 0000 001E 0000 002D 0000 000F 0000 002D 0000 002D 0000 000F 0000 000F 0000 000F 0000 000F 0000 000F 0000 000F 0000 000F 0000 000F 0000 000F 0000 000F 0000 002D 0000 000F 0000 000F 0000 000F 0000 000F 0000 000F 0000 000F 0000 000F 0000 000F 0000 002D 0000 01C1
