Power On	0000 006A 0000 0002 0000 00B0 0000 0016 0000 0017 0000 0016 0000 0042 0000 0042 0000 0016 0000 0016 0000 0017 0000 0042 0000 0016 0000 0016 0000 0042 0000 0016 0000 0042 0000 0042 0000 0042 0000 0016 0000 0016 0000 0016 0000 0042 0000 0016 0000 0016 0000 0016 0000 0017 0000 0042 0000 0042 0000 0042 0000 0016 0000 0042 0000 0042 0000 0042 0000 0042 0000 05E4 0000 0058 0000 0E58
Power Off	0000 006A 0000 0002 0000 00B0 0000 0016 0000 0016 0000 0016 0000 0042 0000 0042 0000 0016 0000 0016 0000 0017 0000 0042 0000 0016 0000 0016 0000 0042 0000 0016 0000 0042 0000 0042 0000 0042 0000 0016 0000 0016 0000 0042 0000 0016 0000 0042 0000 0016 0000 0016 0000 0017 0000 0042 0000 0042 0000 0016 0000 0042 0000 0016 0000 0042 0000 0042 0000 0042 0000 05E4 0000 0058 0000 0E58
Video	0000 006A 0000 0002 0000 00B0 0000 0016 0000 0016 0000 0016 0000 0042 0000 0042 0000 0016 0000 0016 0000 0017 0000 0042 0000 0016 0000 0016 0000 0042 0000 0016 0000 0042 0000 0042 0000 0042 0000 0042 0000 0042 0000 0016 0000 0016 0000 0016 0000 0016 0000 0016 0000 0016 0000 0016 0000 0016 0000 0042 0000 0042 0000 0042 0000 0042 0000 0042 0000 0042 0000 05E4 0000 0058 0000 0E58
S Video	0000 006A 0000 0002 0000 00B0 0000 0016 0000 0016 0000 0016 0000 0042 0000 0042 0000 0016 0000 0016 0000 0017 0000 0042 0000 0016 0000 0016 0000 0042 0000 0016 0000 0042 0000 0042 0000 0042 0000 0016 0000 0042 0000 0042 0000 0016 0000 0016 0000 0016 0000 0042 0000 0042 0000 0042 0000 0016 0000 0016 0000 0042 0000 0042 0000 0042 0000 0016 0000 0016 0000 05E5 0000 0058 0000 0E58
RGB	0000 006A 0000 0002 0000 00B0 0000 0016 0000 0017 0000 0016 0000 0042 0000 0042 0000 0016 0000 0016 0000 0017 0000 0042 0000 0016 0000 0016 0000 0042 0000 0016 0000 0042 0000 0042 0000 0042 0000 0016 0000 0016 0000 0042 0000 0016 0000 0016 0000 0016 0000 0016 0000 0017 0000 0042 0000 0042 0000 0016 0000 0042 0000 0042 0000 0042 0000 0042 0000 0042 0000 05E4 0000 0058 0000 0E58
Menu	0000 006A 0000 0002 0000 00B0 0000 0016 0000 0016 0000 0016 0000 0042 0000 0042 0000 0016 0000 0016 0000 0017 0000 0042 0000 0016 0000 0016 0000 0042 0000 0016 0000 0042 0000 0042 0000 0042 0000 0016 0000 0042 0000 0042 0000 0016 0000 0016 0000 0016 0000 0042 0000 0017 0000 0042 0000 0016 0000 0016 0000 0042 0000 0042 0000 0042 0000 0016 0000 0042 0000 05E5 0000 0058 0000 0E58
R Click	0000 006A 0000 0002 0000 00B0 0000 0016 0000 0016 0000 0016 0000 0042 0000 0042 0000 0016 0000 0016 0000 0017 0000 0042 0000 0016 0000 0016 0000 0042 0000 0016 0000 0042 0000 0042 0000 0042 0000 0042 0000 0016 0000 0042 0000 0016 0000 0016 0000 0042 0000 0016 0000 0016 0000 0016 0000 0042 0000 0016 0000 0042 0000 0042 0000 0016 0000 0042 0000 0042 0000 05E3 0000 0058 0000 0E56
Position	0000 006A 0000 0002 0000 00B0 0000 0016 0000 0016 0000 0016 0000 0041 0000 0041 0000 0016 0000 0016 0000 0016 0000 0041 0000 0016 0000 0016 0000 0041 0000 0016 0000 0041 0000 0041 0000 0041 0000 0016 0000 0041 0000 0041 0000 0016 0000 0016 0000 0041 0000 0016 0000 0016 0000 0041 0000 0016 0000 0016 0000 0041 0000 0041 0000 0016 0000 0041 0000 0041 0000 05F7 0000 0057 0000 0E55
Click1	0000 006A 0000 0010 0000 002E 0000 0018 0000 0018 0000 0018 0000 0018 0000 0018 0000 0018 0000 0018 0000 002E 0000 0018 0000 0018 0000 0018 0000 0018 0000 0018 0000 0018 0000 11C1
Click2	0000 006A 0000 0001 0000 002E 0000 0017
Blank	0000 006A 0000 0002 0000 00B0 0000 0016 0000 0017 0000 0016 0000 0042 0000 0042 0000 0016 0000 0016 0000 0017 0000 0042 0000 0016 0000 0016 0000 0042 0000 0016 0000 0042 0000 0042 0000 0042 0000 0042 0000 0042 0000 0042 0000 0016 0000 0016 0000 0016 0000 0042 0000 0016 0000 0016 0000 0016 0000 0016 0000 0042 0000 0042 0000 0042 0000 0016 0000 0042 0000 05E5 0000 0058 0000 0E58
Freeze	0000 006A 0000 0002 0000 00B0 0000 0016 0000 0016 0000 0016 0000 0042 0000 0042 0000 0016 0000 0016 0000 0017 0000 0042 0000 0016 0000 0016 0000 0042 0000 0016 0000 0042 0000 0042 0000 0042 0000 0016 0000 0016 0000 0042 0000 0042 0000 0016 0000 0016 0000 0042 0000 0017 0000 0042 0000 0042 0000 0016 0000 0016 0000 0042 0000 0042 0000 0016 0000 0042 0000 05E5 0000 0058 0000 0E58
Magnify+	0000 006A 0000 0002 0000 00B0 0000 0016 0000 0017 0000 0016 0000 0042 0000 0042 0000 0016 0000 0016 0000 0017 0000 0042 0000 0016 0000 0016 0000 0042 0000 0016 0000 0042 0000 0042 0000 0042 0000 0042 0000 0016 0000 0016 0000 0042 0000 0016 0000 0016 0000 0016 0000 0042 0000 0016 0000 0042 0000 0042 0000 0016 0000 0042 0000 0042 0000 0042 0000 0016 0000 05E5 0000 0058 0000 0E59
Magnify-	0000 006A 0000 0002 0000 00B0 0000 0016 0000 0018 0000 0016 0000 0042 0000 0042 0000 0016 0000 0016 0000 0017 0000 0042 0000 0016 0000 0016 0000 0042 0000 0016 0000 0042 0000 0042 0000 0042 0000 0016 0000 0042 0000 0016 0000 0042 0000 0016 0000 0016 0000 0016 0000 0042 0000 0042 0000 0016 0000 0042 0000 0016 0000 0042 0000 0042 0000 0042 0000 0016 0000 05E4 0000 0058 0000 0E58
Vol+	0000 006A 0000 0002 0000 00B0 0000 0016 0000 0017 0000 0016 0000 0042 0000 0042 0000 0016 0000 0016 0000 0017 0000 0042 0000 0016 0000 0016 0000 0042 0000 0016 0000 0042 0000 0042 0000 0042 0000 0016 0000 0016 0000 0016 0000 0042 0000 0016 0000 0016 0000 0042 0000 0017 0000 0042 0000 0042 0000 0042 0000 0016 0000 0042 0000 0042 0000 0016 0000 0042 0000 05E5 0000 0058 0000 0E59
Vol-	0000 006A 0000 0002 0000 00B0 0000 0016 0000 0017 0000 0016 0000 0042 0000 0042 0000 0016 0000 0016 0000 0017 0000 0042 0000 0016 0000 0016 0000 0042 0000 0016 0000 0042 0000 0042 0000 0042 0000 0042 0000 0016 0000 0016 0000 0042 0000 0016 0000 0016 0000 0042 0000 0016 0000 0016 0000 0042 0000 0042 0000 0016 0000 0042 0000 0042 0000 0016 0000 0042 0000 05E5 0000 0058 0000 0E58
