1	0000 006D 0000 000E 0000 0019 0000 0005 0000 0005 0000 0005 0000 0005 0000 0005 0000 0005 0000 0005 0000 0005 0000 0005 0000 000F 0000 0005 0000 001A 0000 330D 0000 0019 0000 0005 0000 000F 0000 000F 0000 000F 0000 000F
2	0000 006D 0000 000E 0000 0019 0000 0005 0000 0005 0000 0005 0000 0005 0000 0005 0000 000F 0000 0005 0000 0005 0000 0005 0000 000F 0000 0005 0000 001A 0000 3302 0000 0019 0000 0005 0000 000F 0000 000F 0000 000F 0000 000F
3	0000 006D 0000 000E 0000 0019 0000 0005 0000 0005 0000 0005 0000 0005 0000 0005 0000 0005 0000 000F 0000 0005 0000 0005 0000 000F 0000 0005 0000 001A 0000 3302 0000 0019 0000 0005 0000 000F 0000 000F 0000 000F 0000 000F
4	0000 006D 0000 000E 0000 0019 0000 0005 0000 0005 0000 0005 0000 0005 0000 0005 0000 000F 0000 000F 0000 0005 0000 0005 0000 000F 0000 0005 0000 001A 0000 32F8 0000 0019 0000 0005 0000 000F 0000 000F 0000 000F 0000 000F
5	0000 006D 0000 000E 0000 0019 0000 0005 0000 0005 0000 0005 0000 0005 0000 0005 0000 0005 0000 0005 0000 000F 0000 0005 0000 000F 0000 0005 0000 001A 0000 3302 0000 0019 0000 0005 0000 000F 0000 000F 0000 000F 0000 000F
6	0000 006D 0000 000E 0000 0019 0000 0005 0000 0005 0000 0005 0000 0005 0000 0005 0000 000F 0000 0005 0000 000F 0000 0005 0000 000F 0000 0005 0000 001A 0000 32F8 0000 0019 0000 0005 0000 000F 0000 000F 0000 000F 0000 000F
7	0000 006D 0000 000E 0000 0019 0000 0005 0000 0005 0000 0005 0000 0005 0000 0005 0000 0005 0000 000F 0000 000F 0000 0005 0000 000F 0000 0005 0000 001A 0000 32F8 0000 0019 0000 0005 0000 000F 0000 000F 0000 000F 0000 000F
8	0000 006D 0000 000E 0000 0019 0000 0005 0000 0005 0000 0005 0000 0005 0000 0005 0000 000F 0000 000F 0000 000F 0000 0005 0000 000F 0000 0005 0000 001A 0000 32EE 0000 001A 0000 0005 0000 000F 0000 000F 0000 000F 0000 000F
9	0000 006D 0000 000E 0000 0019 0000 0005 0000 0005 0000 0005 0000 0005 0000 0005 0000 0005 0000 0005 0000 0005 0000 000F 0000 000F 0000 0005 0000 001A 0000 3303 0000 0019 0000 0005 0000 000F 0000 000F 0000 000F 0000 000F
0	0000 006D 0000 000E 0000 0019 0000 0005 0000 0005 0000 0005 0000 0005 0000 0005 0000 000F 0000 0005 0000 0005 0000 000F 0000 000F 0000 0005 0000 001A 0000 32F9 0000 0019 0000 0005 0000 000F 0000 000F 0000 000F 0000 000F
--	0000 006D 0000 000E 0000 0019 0000 0005 0000 0005 0000 0005 0000 0005 0000 0005 0000 0005 0000 000F 0000 0005 0000 0005 0000 0005 0000 000F 0000 001A 0000 3303 0000 0019 0000 0005 0000 000F 0000 000F 0000 000F 0000 000F
Treble+	0000 006D 0000 000E 0000 0019 0000 0005 0000 0005 0000 0005 0000 0005 0000 0005 0000 0005 0000 0005 0000 000F 0000 000F 0000 000F 0000 0005 0000 001A 0000 32F9 0000 0019 0000 0005 0000 000F 0000 000F 0000 000F 0000 000F
Treble -	0000 006D 0000 000E 0000 0019 0000 0005 0000 0005 0000 0005 0000 0005 0000 0005 0000 0005 0000 0005 0000 000F 0000 000F 0000 0005 0000 0005 0000 001A 0000 3303 0000 0019 0000 0005 0000 000F 0000 000F 0000 000F 0000 000F
Bass+	0000 006D 0000 000E 0000 0019 0000 0005 0000 0005 0000 0005 0000 0005 0000 0005 0000 000F 0000 000F 0000 0005 0000 000F 0000 000F 0000 0005 0000 001A 0000 32EF 0000 0019 0000 0005 0000 000F 0000 000F 0000 000F 0000 000F
Bass-	0000 006D 0000 000E 0000 0019 0000 0005 0000 0005 0000 0005 0000 0005 0000 0005 0000 0005 0000 000F 0000 0005 0000 000F 0000 000F 0000 0005 0000 001A 0000 32F9 0000 0019 0000 0005 0000 000F 0000 000F 0000 000F 0000 000F
Brightness +	0000 006D 0000 000E 0000 0019 0000 0005 0000 0005 0000 0005 0000 0005 0000 0005 0000 0005 0000 000F 0000 0005 0000 000F 0000 0005 0000 000F 0000 001A 0000 32F9 0000 0019 0000 0005 0000 000F 0000 000F 0000 000F 0000 000F
Brightness -	0000 006D 0000 000E 0000 0019 0000 0005 0000 0005 0000 0005 0000 0005 0000 0005 0000 000F 0000 000F 0000 0005 0000 000F 0000 0005 0000 000F 0000 001A 0000 32EF 0000 0019 0000 0005 0000 000F 0000 000F 0000 000F 0000 000F
Contrast +	0000 006D 0000 000E 0000 0019 0000 0005 0000 0005 0000 0005 0000 0005 0000 0005 0000 0005 0000 0005 0000 000F 0000 000F 0000 0005 0000 000F 0000 001A 0000 32F9 0000 0019 0000 0005 0000 000F 0000 000F 0000 000F 0000 000F
Contrast -	0000 006D 0000 000E 0000 0019 0000 0005 0000 0005 0000 0005 0000 0005 0000 0005 0000 000F 0000 0005 0000 000F 0000 000F 0000 0005 0000 000F 0000 001A 0000 32EF 0000 0019 0000 0005 0000 000F 0000 000F 0000 000F 0000 000F
Power	0000 006D 0000 0062 0000 0019 0000 0005 0000 0005 0000 0005 0000 0005 0000 0005 0000 000F 0000 0005 0000 0005 0000 0005 0000 0005 0000 0005 0000 0019 0000 12C0 0000 0019 0000 0005 0000 000F 0000 000F 0000 000F 0000 000F 0000 000F 0000 0005 0000 0005 0000 0005 0000 0005 0000 0005 0000 001A 0000 1298 0000 0019 0000 0005 0000 000F 0000 000F 0000 000F 0000 000F 0000 000F 0000 0005 0000 0005 0000 0005 0000 0005 0000 0005 0000 001A 0000 1297 0000 0019 0000 0005 0000 000F 0000 000F 0000 000F 0000 000F 0000 000F 0000 0005 0000 0005 0000 0005 0000 0005 0000 0005 0000 0019 0000 1297 0000 0019 0000 0005 0000 000F 0000 000F 0000 000F 0000 000F 0000 000F 0000 0005 0000 0005 0000 0005 0000 0005 0000 0005 0000 0019 0000 1297 0000 0019 0000 0005 0000 000F 0000 000F 0000 000F 0000 000F 0000 000F 0000 0005 0000 0005 0000 0005 0000 0005 0000 0005 0000 001A 0000 1296 0000 0019 0000 0005 0000 000F 0000 000F 0000 000F 0000 000F 0000 000F 0000 0005 0000 0005 0000 0005 0000 0005 0000 0005 0000 0019 0000 128F
Vol+	0000 006D 0000 000E 0000 0019 0000 0005 0000 0005 0000 0005 0000 0005 0000 0005 0000 0005 0000 000F 0000 000F 0000 000F 0000 0005 0000 000F 0000 001A 0000 32EF 0000 0019 0000 0005 0000 000F 0000 000F 0000 000F 0000 000F
Vol-	0000 006D 0000 000E 0000 0019 0000 0005 0000 0005 0000 0005 0000 0005 0000 0005 0000 000F 0000 000F 0000 000F 0000 000F 0000 0005 0000 000F 0000 001A 0000 32E5 0000 0019 0000 0005 0000 000F 0000 000F 0000 000F 0000 000F
Mute	0000 006D 0000 000E 0000 0019 0000 0005 0000 0005 0000 0005 0000 0005 0000 0005 0000 0005 0000 000F 0000 000F 0000 0005 0000 0005 0000 0005 0000 0019 0000 32D0 0000 0019 0000 0005 0000 000F 0000 000F 0000 000F 0000 000F
P Swap	0000 006D 0000 000E 0000 0019 0000 0005 0000 0005 0000 0005 0000 0005 0000 0005 0000 000F 0000 000F 0000 000F 0000 0005 0000 0005 0000 0005 0000 0019 0000 32C6 0000 0019 0000 0005 0000 000F 0000 000F 0000 000F 0000 000F
Clear	0000 006D 0000 000E 0000 0019 0000 0005 0000 0005 0000 0005 0000 0005 0000 0005 0000 000F 0000 000F 0000 000F 0000 000F 0000 000F 0000 000F 0000 0019 0000 32A7 0000 0019 0000 0005 0000 000F 0000 000F 0000 000F 0000 000F
PIP	0000 006D 0000 000E 0000 0019 0000 0005 0000 0005 0000 0005 0000 0005 0000 0005 0000 0005 0000 0005 0000 0005 0000 0005 0000 0005 0000 000F 0000 0019 0000 32D9 0000 0019 0000 0005 0000 000F 0000 000F 0000 000F 0000 000F
