A Rew	0000 006c 0022 0002 0156 00ac 0015 0015 0016 0040 0015 0015 0016 0040 0015 0015 0016 0015 0016 0015 0015 0040 0016 0040 0016 0015 0016 0040 0016 0015 0016 0040 0016 0040 0015 0040 0016 0015 0015 0015 0016 0015 0016 0040 0016 0015 0016 0015 0015 0015 0016 0015 0016 0015 0015 0040 0016 0040 0016 0015 0016 0040 0016 0040 0015 0040 0016 0040 0016 0040 0015 05f1 0156 0056 0016 0e4f
A Ffwd	0000 006c 0022 0002 0157 00ab 0016 0015 0015 0040 0016 0015 0015 0040 0016 0015 0015 0015 0016 0015 0016 0040 0016 0040 0015 0015 0016 0040 0015 0015 0016 0040 0015 0040 0016 0040 0016 0015 0016 0040 0016 0040 0015 0015 0016 0015 0016 0015 0015 0015 0016 0015 0016 0015 0015 0015 0016 0015 0016 0040 0016 0040 0015 0040 0016 0040 0016 0040 0015 0040 0016 05f0 0157 0056 0015 0e4f
A R Srch	0000 006c 0022 0002 0157 00ab 0016 0015 0016 0040 0016 0015 0016 0040 0016 0015 0016 0015 0015 0015 0016 0040 0015 0040 0016 0015 0015 0040 0016 0015 0015 0040 0016 0040 0016 0040 0015 0015 0016 0040 0015 0015 0016 0015 0016 0015 0015 0015 0016 0015 0016 0015 0015 0015 0016 0015 0016 0040 0016 0040 0015 0040 0016 0040 0016 0040 0015 0040 0016 0040 0016 05f0 0157 0055 0016 0e4e
A Stop	0000 006c 0022 0002 0157 00ab 0016 0015 0016 0040 0016 0015 0016 0040 0016 0015 0016 0015 0015 0015 0016 0040 0015 0040 0016 0015 0015 0040 0016 0015 0015 0040 0016 0040 0016 0040 0015 0015 0016 0015 0016 0040 0016 0015 0016 0015 0015 0015 0016 0015 0016 0015 0015 0015 0016 0040 0015 0015 0016 0040 0015 0040 0016 0040 0016 0040 0015 0040 0016 0040 0016 05f0 0157 0055 0016 0e4e
A F Srch	0000 006c 0022 0002 0156 00ac 0015 0015 0016 0040 0015 0015 0016 0040 0015 0015 0016 0015 0016 0015 0015 0040 0016 0040 0016 0015 0016 0040 0016 0015 0016 0040 0016 0040 0015 0040 0016 0015 0015 0015 0016 0015 0016 0015 0015 0015 0016 0015 0016 0015 0015 0015 0016 0015 0016 0040 0016 0040 0015 0040 0016 0040 0016 0040 0015 0040 0016 0040 0016 0040 0015 05f1 0156 0056 0016 0e4f
Ipss	0000 006c 0022 0002 0157 00ab 0016 0015 0015 0040 0016 0015 0015 0040 0016 0015 0015 0015 0016 0015 0016 0040 0016 0040 0015 0015 0016 0040 0015 0015 0016 0040 0015 0040 0016 0040 0016 0015 0016 0015 0015 0040 0016 0015 0015 0040 0016 0015 0015 0015 0016 0015 0016 0015 0015 0040 0016 0015 0015 0040 0016 0015 0015 0040 0016 0040 0016 0040 0015 0040 0016 05f0 0157 0056 0015 0e4f
Blank Skip	0000 006c 0022 0002 0157 00ab 0016 0015 0015 0040 0016 0015 0015 0040 0016 0015 0015 0015 0016 0015 0016 0040 0016 0040 0015 0015 0016 0040 0015 0015 0016 0040 0015 0040 0016 0040 0016 0015 0016 0040 0016 0015 0016 0015 0015 0040 0016 0015 0015 0015 0016 0015 0016 0015 0015 0015 0016 0040 0015 0040 0016 0015 0015 0040 0016 0040 0016 0040 0015 0040 0016 05f0 0157 0056 0015 0e4f
B Rew	0000 006c 0022 0002 0157 00ab 0016 0015 0015 0040 0016 0015 0015 0040 0016 0015 0015 0015 0016 0015 0016 0040 0016 0040 0015 0015 0016 0040 0015 0015 0016 0040 0015 0040 0016 0040 0016 0015 0016 0015 0015 0015 0016 0040 0015 0015 0016 0040 0015 0015 0016 0015 0016 0015 0015 0040 0016 0040 0016 0015 0016 0040 0016 0015 0016 0040 0016 0040 0015 0040 0016 05f0 0157 0056 0015 0e4f
B Ffwd	0000 006c 0022 0002 0157 00ab 0016 0015 0016 0040 0016 0015 0016 0040 0016 0015 0016 0015 0015 0015 0016 0040 0015 0040 0016 0015 0015 0040 0016 0015 0015 0040 0016 0040 0016 0040 0015 0015 0016 0040 0015 0040 0016 0015 0015 0015 0016 0040 0015 0015 0016 0015 0016 0015 0015 0015 0016 0015 0016 0040 0016 0040 0015 0015 0016 0040 0015 0040 0016 0040 0016 05f0 0157 0055 0016 0e4e
B R Srch	0000 006c 0022 0002 0157 00ab 0016 0015 0016 0040 0016 0015 0016 0040 0016 0015 0016 0015 0015 0015 0016 0040 0015 0040 0016 0015 0015 0040 0016 0015 0015 0040 0016 0040 0016 0040 0015 0015 0016 0040 0015 0015 0016 0015 0016 0015 0015 0040 0016 0015 0015 0015 0016 0015 0016 0015 0015 0040 0016 0040 0016 0040 0015 0015 0016 0040 0015 0040 0016 0040 0016 05f0 0157 0055 0016 0e4e
B Stop	0000 006c 0022 0002 0156 00ac 0015 0015 0016 0040 0015 0015 0016 0040 0015 0015 0016 0015 0016 0015 0015 0040 0016 0040 0016 0015 0016 0040 0016 0015 0016 0040 0016 0040 0015 0040 0016 0015 0015 0015 0016 0040 0015 0015 0016 0015 0016 0040 0016 0015 0016 0015 0015 0015 0016 0040 0015 0015 0016 0040 0015 0040 0016 0015 0015 0040 0016 0040 0016 0040 0015 05f1 0156 0056 0016 0e4f
B F Srch	0000 006c 0022 0002 0156 00ac 0015 0015 0016 0040 0015 0015 0016 0040 0015 0015 0016 0015 0016 0015 0015 0040 0016 0040 0016 0015 0016 0040 0016 0015 0016 0040 0016 0040 0015 0040 0016 0015 0015 0015 0016 0015 0016 0015 0015 0015 0016 0040 0015 0015 0016 0015 0016 0015 0015 0040 0016 0040 0016 0040 0015 0040 0016 0015 0015 0040 0016 0040 0016 0040 0015 05f1 0156 0056 0016 0e4f
Auto Mute	0000 006c 0022 0002 0156 00ac 0015 0015 0016 0040 0015 0015 0016 0040 0015 0015 0016 0015 0016 0015 0015 0040 0016 0040 0016 0015 0016 0040 0016 0015 0016 0040 0016 0040 0015 0040 0016 0015 0015 0040 0016 0040 0016 0015 0016 0040 0016 0015 0016 0015 0015 0015 0016 0015 0016 0015 0015 0015 0016 0040 0015 0015 0016 0040 0015 0040 0016 0040 0016 0040 0015 05f1 0156 0056 0016 0e4f
Rec Pause	0000 006c 0022 0002 0157 00ab 0016 0015 0015 0040 0016 0015 0015 0040 0016 0015 0015 0015 0016 0015 0016 0040 0016 0040 0015 0015 0016 0040 0015 0015 0016 0040 0015 0040 0016 0040 0016 0015 0016 0040 0016 0015 0016 0040 0016 0015 0016 0040 0016 0015 0016 0015 0015 0015 0016 0015 0016 0040 0016 0015 0016 0040 0016 0015 0016 0040 0016 0040 0015 0040 0016 05f0 0157 0056 0015 0e4f
