Select	0000 006B 0000 0022 0000 00AC 0000 0016 0000 0016 0000 0016 0000 0016 0000 0016 0000 0016 0000 0016 0000 0041 0000 0040 0000 0040 0000 0040 0000 0040 0000 0040 0000 0016 0000 0016 0000 0016 0000 0016 0000 0040 0000 0016 0000 0016 0000 0040 0000 0016 0000 0016 0000 0016 0000 0040 0000 0016 0000 0040 0000 0040 0000 0016 0000 0040 0000 0040 0000 0040 0000 060B
Power	0000 006B 0000 0022 0000 00AC 0000 0016 0000 0016 0000 0016 0000 0016 0000 0016 0000 0016 0000 0016 0000 0041 0000 0040 0000 0040 0000 0040 0000 0040 0000 0040 0000 0016 0000 0016 0000 0016 0000 0040 0000 0040 0000 0040 0000 0016 0000 0016 0000 0016 0000 0040 0000 0016 0000 0016 0000 0016 0000 0016 0000 0040 0000 0040 0000 0040 0000 0016 0000 0040 0000 060B
Last	0000 006B 0000 0022 0000 00AC 0000 0016 0000 0016 0000 0016 0000 0016 0000 0016 0000 0016 0000 0016 0000 0041 0000 0040 0000 0040 0000 0040 0000 0040 0000 0040 0000 0016 0000 0016 0000 0016 0000 0016 0000 0040 0000 0040 0000 0040 0000 0040 0000 0016 0000 0016 0000 0016 0000 0040 0000 0016 0000 0016 0000 0016 0000 0016 0000 0040 0000 0040 0000 0040 0000 060B
1	0000 006B 0000 0022 0000 00AC 0000 0016 0000 0016 0000 0016 0000 0016 0000 0016 0000 0016 0000 0016 0000 0041 0000 0040 0000 0040 0000 0040 0000 0040 0000 0040 0000 0016 0000 0016 0000 0016 0000 0016 0000 0040 0000 0040 0000 0040 0000 0016 0000 0016 0000 0016 0000 0016 0000 0040 0000 0016 0000 0016 0000 0016 0000 0040 0000 0040 0000 0040 0000 0040 0000 060B
2	0000 006B 0000 0022 0000 00AC 0000 0016 0000 0016 0000 0016 0000 0016 0000 0016 0000 0016 0000 0016 0000 0041 0000 0040 0000 0040 0000 0040 0000 0040 0000 0040 0000 0016 0000 0016 0000 0016 0000 0040 0000 0016 0000 0040 0000 0040 0000 0016 0000 0016 0000 0016 0000 0016 0000 0016 0000 0040 0000 0016 0000 0016 0000 0040 0000 0040 0000 0040 0000 0040 0000 060B
3	0000 006B 0000 0022 0000 00AC 0000 0016 0000 0016 0000 0016 0000 0016 0000 0016 0000 0016 0000 0016 0000 0041 0000 0040 0000 0040 0000 0040 0000 0040 0000 0040 0000 0016 0000 0016 0000 0016 0000 0016 0000 0016 0000 0040 0000 0040 0000 0016 0000 0016 0000 0016 0000 0016 0000 0040 0000 0040 0000 0016 0000 0016 0000 0040 0000 0040 0000 0040 0000 0040 0000 060B
4	0000 006B 0000 0022 0000 00AC 0000 0016 0000 0016 0000 0016 0000 0016 0000 0016 0000 0016 0000 0016 0000 0041 0000 0040 0000 0040 0000 0040 0000 0040 0000 0040 0000 0016 0000 0016 0000 0016 0000 0016 0000 0040 0000 0040 0000 0016 0000 0040 0000 0016 0000 0040 0000 0016 0000 0040 0000 0016 0000 0016 0000 0040 0000 0016 0000 0040 0000 0016 0000 0040 0000 060B
5	0000 006B 0000 0022 0000 00AC 0000 0016 0000 0016 0000 0016 0000 0016 0000 0016 0000 0016 0000 0016 0000 0041 0000 0040 0000 0040 0000 0040 0000 0040 0000 0040 0000 0016 0000 0016 0000 0016 0000 0040 0000 0016 0000 0040 0000 0016 0000 0040 0000 0016 0000 0040 0000 0016 0000 0016 0000 0040 0000 0016 0000 0040 0000 0016 0000 0040 0000 0016 0000 0040 0000 060B
6	0000 006B 0000 0022 0000 00AC 0000 0016 0000 0016 0000 0016 0000 0016 0000 0016 0000 0016 0000 0016 0000 0041 0000 0040 0000 0040 0000 0040 0000 0040 0000 0040 0000 0016 0000 0016 0000 0016 0000 0016 0000 0016 0000 0040 0000 0016 0000 0040 0000 0016 0000 0040 0000 0016 0000 0040 0000 0040 0000 0016 0000 0040 0000 0016 0000 0040 0000 0016 0000 0040 0000 060B
7	0000 006B 0000 0022 0000 00AC 0000 0016 0000 0016 0000 0016 0000 0016 0000 0016 0000 0016 0000 0016 0000 0041 0000 0040 0000 0040 0000 0040 0000 0040 0000 0040 0000 0016 0000 0016 0000 0016 0000 0016 0000 0040 0000 0040 0000 0040 0000 0016 0000 0016 0000 0040 0000 0016 0000 0040 0000 0016 0000 0016 0000 0016 0000 0040 0000 0040 0000 0016 0000 0040 0000 060B
8	0000 006B 0000 0022 0000 00AC 0000 0016 0000 0016 0000 0016 0000 0016 0000 0016 0000 0016 0000 0016 0000 0041 0000 0040 0000 0040 0000 0040 0000 0040 0000 0040 0000 0016 0000 0016 0000 0016 0000 0040 0000 0016 0000 0040 0000 0040 0000 0016 0000 0016 0000 0040 0000 0016 0000 0016 0000 0040 0000 0016 0000 0016 0000 0040 0000 0040 0000 0016 0000 0040 0000 060B
9	0000 006B 0000 0022 0000 00AC 0000 0016 0000 0016 0000 0016 0000 0016 0000 0016 0000 0016 0000 0016 0000 0041 0000 0040 0000 0040 0000 0040 0000 0040 0000 0040 0000 0016 0000 0016 0000 0016 0000 0016 0000 0016 0000 0040 0000 0040 0000 0016 0000 0016 0000 0040 0000 0016 0000 0040 0000 0040 0000 0016 0000 0016 0000 0040 0000 0040 0000 0016 0000 0040 0000 060B
0	0000 006B 0000 0022 0000 00AC 0000 0016 0000 0016 0000 0016 0000 0016 0000 0016 0000 0016 0000 0016 0000 0041 0000 0040 0000 0040 0000 0040 0000 0040 0000 0040 0000 0016 0000 0016 0000 0016 0000 0040 0000 0016 0000 0040 0000 0016 0000 0016 0000 0016 0000 0040 0000 0016 0000 0016 0000 0040 0000 0016 0000 0040 0000 0040 0000 0040 0000 0016 0000 0040 0000 060B
Up	0000 006B 0000 0022 0000 00AC 0000 0016 0000 0016 0000 0016 0000 0016 0000 0016 0000 0016 0000 0016 0000 0041 0000 0040 0000 0040 0000 0040 0000 0040 0000 0040 0000 0016 0000 0016 0000 0016 0000 0040 0000 0016 0000 0040 0000 0040 0000 0040 0000 0016 0000 0016 0000 0016 0000 0016 0000 0040 0000 0016 0000 0016 0000 0016 0000 0040 0000 0040 0000 0040 0000 060B
Down	0000 006B 0000 0022 0000 00AC 0000 0016 0000 0016 0000 0016 0000 0016 0000 0016 0000 0016 0000 0016 0000 0041 0000 0040 0000 0040 0000 0040 0000 0040 0000 0040 0000 0016 0000 0016 0000 0016 0000 0040 0000 0016 0000 0040 0000 0016 0000 0040 0000 0016 0000 0016 0000 0016 0000 0016 0000 0040 0000 0016 0000 0040 0000 0016 0000 0040 0000 0040 0000 0040 0000 060B
Right	0000 006B 0000 0022 0000 00AC 0000 0016 0000 0016 0000 0016 0000 0016 0000 0016 0000 0016 0000 0016 0000 0041 0000 0040 0000 0040 0000 0040 0000 0040 0000 0040 0000 0016 0000 0016 0000 0016 0000 0016 0000 0016 0000 0040 0000 0016 0000 0040 0000 0016 0000 0016 0000 0016 0000 0040 0000 0040 0000 0016 0000 0040 0000 0016 0000 0040 0000 0040 0000 0040 0000 060B
Left	0000 006B 0000 0022 0000 00AC 0000 0016 0000 0016 0000 0016 0000 0016 0000 0016 0000 0016 0000 0016 0000 0041 0000 0040 0000 0040 0000 0040 0000 0040 0000 0040 0000 0016 0000 0016 0000 0016 0000 0016 0000 0040 0000 0040 0000 0016 0000 0040 0000 0016 0000 0016 0000 0016 0000 0040 0000 0016 0000 0016 0000 0040 0000 0016 0000 0040 0000 0040 0000 0040 0000 060B
Vol+	0000 0067 0000 000D 0000 0018 0000 0018 0000 0018 0000 0018 0000 0018 0000 0018 0000 0018 0000 0018 0000 0018 0000 0018 0000 0018 0000 0018 0000 040F
Vol-	0000 0067 0000 000D 0000 0018 0000 0018 0000 0018 0000 0018 0000 0018 0000 0018 0000 0018 0000 0018 0000 0018 0000 0018 0000 0018 0000 0018 0000 040F
Guide	0000 006B 0000 0022 0000 00AC 0000 0016 0000 0016 0000 0016 0000 0016 0000 0016 0000 0016 0000 0016 0000 0041 0000 0040 0000 0040 0000 0040 0000 0040 0000 0040 0000 0016 0000 0016 0000 0016 0000 0016 0000 0040 0000 0016 0000 0016 0000 0016 0000 0016 0000 0040 0000 0016 0000 0040 0000 0016 0000 0040 0000 0040 0000 0040 0000 0040 0000 0016 0000 0040 0000 060B
Favorite	0000 006B 0000 0022 0000 00AC 0000 0016 0000 0016 0000 0016 0000 0016 0000 0016 0000 0016 0000 0016 0000 0041 0000 0040 0000 0040 0000 0040 0000 0040 0000 0040 0000 0016 0000 0016 0000 0016 0000 0040 0000 0040 0000 0016 0000 0016 0000 0016 0000 0016 0000 0040 0000 0016 0000 0016 0000 0016 0000 0040 0000 0040 0000 0040 0000 0040 0000 0016 0000 0040 0000 060B
Theme	0000 006B 0000 0022 0000 00AC 0000 0016 0000 0016 0000 0016 0000 0016 0000 0016 0000 0016 0000 0016 0000 0041 0000 0040 0000 0040 0000 0040 0000 0040 0000 0040 0000 0016 0000 0016 0000 0016 0000 0040 0000 0016 0000 0016 0000 0016 0000 0040 0000 0016 0000 0016 0000 0016 0000 0016 0000 0040 0000 0040 0000 0040 0000 0016 0000 0040 0000 0040 0000 0040 0000 060B
TV/DSS	0000 006B 0000 0022 0000 00AC 0000 0016 0000 0016 0000 0016 0000 0016 0000 0016 0000 0016 0000 0016 0000 0041 0000 0040 0000 0040 0000 0040 0000 0040 0000 0040 0000 0016 0000 0016 0000 0016 0000 0016 0000 0016 0000 0016 0000 0016 0000 0016 0000 0016 0000 0040 0000 0016 0000 0040 0000 0040 0000 0040 0000 0040 0000 0040 0000 0040 0000 0016 0000 0040 0000 060B
Alt Aud	0000 006B 0000 0022 0000 00AC 0000 0016 0000 0016 0000 0016 0000 0016 0000 0016 0000 0016 0000 0016 0000 0041 0000 0040 0000 0040 0000 0040 0000 0040 0000 0040 0000 0016 0000 0016 0000 0016 0000 0040 0000 0016 0000 0016 0000 0016 0000 0016 0000 0016 0000 0040 0000 0016 0000 0016 0000 0040 0000 0040 0000 0040 0000 0040 0000 0040 0000 0016 0000 0040 0000 060B
Mute	0000 0067 0000 0068 0000 0018 0000 0018 0000 0018 0000 0018 0000 0018 0000 0018 0000 0018 0000 0018 0000 0018 0000 0018 0000 0018 0000 0018 0000 040F 0000 0018 0000 0018 0000 0018 0000 0018 0000 0018 0000 0018 0000 0018 0000 0018 0000 0018 0000 0018 0000 0018 0000 0018 0000 040F 0000 0018 0000 0018 0000 0018 0000 0018 0000 0018 0000 0018 0000 0018 0000 0018 0000 0018 0000 0018 0000 0018 0000 0018 0000 0419 0000 0018 0000 0018 0000 0018 0000 0018 0000 0018 0000 0018 0000 0018 0000 0018 0000 0018 0000 0018 0000 0018 0000 0018 0000 0419 0000 0018 0000 0018 0000 0018 0000 0018 0000 0018 0000 0018 0000 0018 0000 0018 0000 0018 0000 0018 0000 0018 0000 0018 0000 0418 0000 0018 0000 0018 0000 0018 0000 0018 0000 0018 0000 0018 0000 0018 0000 0018 0000 0018 0000 0018 0000 0018 0000 0018 0000 0418 0000 0018 0000 0018 0000 0018 0000 0018 0000 0018 0000 0018 0000 0018 0000 0018 0000 0018 0000 0018 0000 0018 0000 0018 0000 0419 0000 0018 0000 0018 0000 0018 0000 0018 0000 0018 0000 0018 0000 0018 0000 0018 0000 0018 0000 0018 0000 0018 0000 0018 0000 1220
