Power	0000 006d 0000 001a 007f 0080 0020 0020 0020 0020 0020 0020 0020 005f 0020 0020 0020 005f 0020 0020 0020 0020 0020 0020 0020 0020 0020 0020 0020 005f 0020 005f 0020 005f 0020 005f 0020 0020 0020 005f 0020 0020 0020 005f 0020 005f 0020 005f 0020 005f 0020 005f 0020 0020 0020 04dd
Last	0000 006d 0000 001a 007f 0080 0020 0020 0020 0020 0020 0020 0020 005f 0020 0020 0020 005f 0020 0020 0020 005f 0020 005f 0020 0020 0020 0020 0020 0020 0020 005f 0020 005f 0020 005f 0020 0020 0020 005f 0020 0020 0020 005f 0020 0020 0020 0020 0020 005f 0020 005f 0020 005f 0020 04dd
1	0000 006d 0000 001a 007f 0080 0020 0020 0020 0020 0020 0020 0020 005f 0020 0020 0020 005f 0020 005f 0020 005f 0020 005f 0020 005f 0020 005f 0020 0020 0020 005f 0020 005f 0020 005f 0020 0020 0020 005f 0020 0020 0020 0020 0020 0020 0020 0020 0020 0020 0020 0020 0020 005f 0020 04dd
2	0000 006d 0000 001a 007f 0080 0020 0020 0020 0020 0020 0020 0020 005f 0020 0020 0020 005f 0020 005f 0020 0020 0020 0020 0020 0020 0020 0020 0020 005f 0020 005f 0020 005f 0020 005f 0020 0020 0020 005f 0020 0020 0020 0020 0020 005f 0020 005f 0020 005f 0020 005f 0020 0020 0020 04dd
3	0000 006d 0000 001a 007f 0080 0020 0020 0020 0020 0020 0020 0020 005f 0020 0020 0020 005f 0020 0020 0020 005f 0020 0020 0020 0020 0020 0020 0020 005f 0020 005f 0020 005f 0020 005f 0020 0020 0020 005f 0020 0020 0020 005f 0020 0020 0020 005f 0020 005f 0020 005f 0020 0020 0020 04dd
4	0000 006d 0000 001a 007f 0080 0020 0020 0020 0020 0020 0020 0020 005f 0020 0020 0020 005f 0020 005f 0020 005f 0020 0020 0020 0020 0020 0020 0020 005f 0020 005f 0020 005f 0020 005f 0020 0020 0020 005f 0020 0020 0020 0020 0020 0020 0020 005f 0020 005f 0020 005f 0020 0020 0020 04dd
5	0000 006d 0000 001a 007f 0080 0020 0020 0020 0020 0020 0020 0020 005f 0020 0020 0020 005f 0020 0020 0020 0020 0020 005f 0020 0020 0020 0020 0020 005f 0020 005f 0020 005f 0020 005f 0020 0020 0020 005f 0020 0020 0020 005f 0020 005f 0020 0020 0020 005f 0020 005f 0020 0020 0020 04dd
6	0000 006d 0000 001a 007f 0080 0020 0020 0020 0020 0020 0020 0020 005f 0020 0020 0020 005f 0020 005f 0020 0020 0020 005f 0020 0020 0020 0020 0020 005f 0020 005f 0020 005f 0020 005f 0020 0020 0020 005f 0020 0020 0020 0020 0020 005f 0020 0020 0020 005f 0020 005f 0020 0020 0020 04dd
7	0000 006d 0000 001a 007f 0080 0020 0020 0020 0020 0020 0020 0020 005f 0020 0020 0020 005f 0020 0020 0020 005f 0020 005f 0020 0020 0020 0020 0020 005f 0020 005f 0020 005f 0020 005f 0020 0020 0020 005f 0020 0020 0020 005f 0020 0020 0020 0020 0020 005f 0020 005f 0020 0020 0020 04dd
8	0000 006d 0000 001a 007f 0080 0020 0020 0020 0020 0020 0020 0020 005f 0020 0020 0020 005f 0020 005f 0020 005f 0020 005f 0020 0020 0020 0020 0020 005f 0020 005f 0020 005f 0020 005f 0020 0020 0020 005f 0020 0020 0020 0020 0020 0020 0020 0020 0020 005f 0020 005f 0020 0020 0020 04dd
9	0000 006d 0000 001a 007f 0080 0020 0020 0020 0020 0020 0020 0020 005f 0020 0020 0020 005f 0020 0020 0020 0020 0020 0020 0020 005f 0020 0020 0020 005f 0020 005f 0020 005f 0020 005f 0020 0020 0020 005f 0020 0020 0020 005f 0020 005f 0020 005f 0020 0020 0020 005f 0020 0020 0020 04dd
0	0000 006d 0000 001a 007f 0080 0020 0020 0020 0020 0020 0020 0020 005f 0020 0020 0020 005f 0020 005f 0020 0020 0020 0020 0020 005f 0020 0020 0020 005f 0020 005f 0020 005f 0020 005f 0020 0020 0020 005f 0020 0020 0020 0020 0020 005f 0020 005f 0020 0020 0020 005f 0020 0020 0020 04dd
Up	0000 006d 0000 001a 007f 0080 0020 0020 0020 0020 0020 0020 0020 005f 0020 0020 0020 005f 0020 0020 0020 0020 0020 0020 0020 0020 0020 005f 0020 0020 0020 005f 0020 005f 0020 005f 0020 0020 0020 005f 0020 0020 0020 005f 0020 005f 0020 005f 0020 005f 0020 0020 0020 005f 0020 04dd
Down	0000 006d 0000 001a 007f 0080 0020 0020 0020 0020 0020 0020 0020 005f 0020 0020 0020 005f 0020 0020 0020 0020 0020 0020 0020 005f 0020 0020 0020 0020 0020 005f 0020 005f 0020 005f 0020 0020 0020 005f 0020 0020 0020 005f 0020 005f 0020 005f 0020 0020 0020 005f 0020 005f 0020 04dd
Right	0000 006d 0000 001a 007f 0080 0020 0020 0020 0020 0020 0020 0020 005f 0020 0020 0020 005f 0020 0020 0020 0020 0020 005f 0020 0020 0020 0020 0020 0020 0020 005f 0020 005f 0020 005f 0020 0020 0020 005f 0020 0020 0020 005f 0020 005f 0020 0020 0020 005f 0020 005f 0020 005f 0020 04dd
Left	0000 006d 0000 001a 007f 0080 0020 0020 0020 0020 0020 0020 0020 005f 0020 0020 0020 005f 0020 0020 0020 0020 0020 005f 0020 005f 0020 0020 0020 0020 0020 005f 0020 005f 0020 005f 0020 0020 0020 005f 0020 0020 0020 005f 0020 005f 0020 0020 0020 0020 0020 005f 0020 005f 0020 04dd
Pause	0000 006d 0000 001a 007f 0080 0020 0020 0020 0020 0020 0020 0020 005f 0020 0020 0020 005f 0020 005f 0020 005f 0020 0020 0020 005f 0020 0020 0020 0020 0020 005f 0020 005f 0020 005f 0020 0020 0020 005f 0020 0020 0020 0020 0020 0020 0020 005f 0020 0020 0020 005f 0020 005f 0020 04dd
Record	0000 006d 0000 001a 007f 0080 0020 0020 0020 0020 0020 0020 0020 005f 0020 0020 0020 005f 0020 0020 0020 005f 0020 0020 0020 005f 0020 005f 0020 0020 0020 005f 0020 005f 0020 005f 0020 0020 0020 005f 0020 0020 0020 005f 0020 0020 0020 005f 0020 0020 0020 0020 0020 005f 0020 04dd
Stop	0000 006d 0000 001a 007f 0080 0020 0020 0020 0020 0020 0020 0020 005f 0020 0020 0020 005f 0020 0020 0020 0020 0020 005f 0020 005f 0020 005f 0020 0020 0020 005f 0020 005f 0020 005f 0020 0020 0020 005f 0020 0020 0020 005f 0020 005f 0020 0020 0020 0020 0020 0020 0020 005f 0020 04dd
Play	0000 006d 0000 001a 007f 0080 0020 0020 0020 0020 0020 0020 0020 005f 0020 0020 0020 005f 0020 0020 0020 005f 0020 0020 0020 005f 0020 0020 0020 0020 0020 005f 0020 005f 0020 005f 0020 0020 0020 005f 0020 0020 0020 005f 0020 0020 0020 005f 0020 0020 0020 005f 0020 005f 0020 04dd
TV/VCR	0000 006d 0000 001a 007f 0080 0020 0020 0020 0020 0020 0020 0020 005f 0020 0020 0020 005f 0020 0020 0020 0020 0020 0020 0020 0020 0020 0020 0020 0020 0020 005f 0020 005f 0020 005f 0020 0020 0020 005f 0020 0020 0020 005f 0020 005f 0020 005f 0020 005f 0020 005f 0020 005f 0020 04dd
