Open0	0000 0074 0001 000d 0001 0335 0019 0032 0019 0032 0019 0032 0019 0032 0019 0032 0019 0032 0019 0032 0019 0032 0019 0019 0032 0033 0019 0033 0019 0033 0019 036d
Close0	0000 0074 0001 000d 0001 0337 0019 0032 0019 0032 0019 0032 0019 0032 0019 0032 0019 0032 0019 0033 0019 0033 0019 0033 0019 0033 0019 0019 0032 0033 0019 036d
Left0	0000 0074 0001 000d 0001 0338 0019 0032 0019 0032 0019 0033 0019 0033 0019 0033 0019 0033 0019 0033 0019 0033 0019 0033 0019 0033 0019 0033 0019 0019 0032 036e
Right0	0000 0074 0001 000d 0001 0338 0019 0032 0019 0032 0019 0033 0019 0033 0019 0033 0019 0033 0019 0033 0019 0033 0019 0033 0019 0019 0032 0033 0019 0033 0019 036e
Open1	0000 0074 0001 000d 0001 0337 0019 0019 0032 0033 0019 0033 0019 0033 0019 0033 0019 0033 0019 0033 0019 0033 0019 0019 0032 0033 0019 0033 0019 0033 0019 036d
Close1	0000 0074 0001 000d 0001 0338 0019 0019 0032 0033 0019 0033 0019 0033 0019 0033 0019 0033 0019 0033 0019 0033 0019 0033 0019 0033 0019 0019 0032 0033 0019 036e
Left1	0000 0074 0001 000d 0001 0338 0019 0019 0032 0033 0019 0033 0019 0033 0019 0033 0019 0033 0019 0033 0019 0033 0019 0033 0019 0033 0019 0033 0019 0019 0032 036e
Right1	0000 0075 0001 000d 0001 0331 0018 0019 0031 0032 0019 0032 0019 0032 0019 0032 0019 0032 0019 0032 0019 0032 0019 0032 0019 0019 0032 0032 0019 0032 0019 0366
Open2	0000 0075 0001 000d 0001 0331 0019 0032 0019 0032 0019 0019 0032 0032 0019 0032 0019 0032 0019 0032 0019 0032 0019 0019 0032 0032 0019 0032 0019 0032 0019 0366
Close2	0000 0075 0001 000d 0001 0331 0018 0032 0019 0032 0019 0019 0032 0032 0019 0032 0019 0032 0019 0032 0019 0032 0019 0032 0019 0032 0019 0019 0032 0032 0019 0366
Left2	0000 0075 0001 000d 0001 0331 0019 0032 0019 0032 0019 0019 0032 0032 0019 0032 0019 0032 0019 0032 0019 0032 0019 0032 0019 0032 0019 0032 0019 0019 0032 0366
Right2	0000 0075 0001 000d 0001 0331 0017 0032 001a 0032 0019 0019 0032 0032 0019 0032 0019 0032 0019 0032 0019 0032 0019 0032 0019 0019 0032 0032 0019 0032 0019 0366
Open3	0000 0074 0001 000d 0001 0337 0019 0019 0032 0033 0019 0019 0032 0033 0019 0033 0019 0033 0019 0033 0019 0033 0019 0019 0032 0033 0019 0033 0019 0033 0019 036d
Close3	0000 0074 0001 000d 0001 0338 0019 0019 0032 0033 0019 0019 0032 0033 0019 0033 0019 0033 0019 0033 0019 0033 0019 0033 0019 0033 0019 0019 0032 0033 0019 036e
Left3	0000 0074 0001 000d 0001 0338 0019 0019 0032 0033 0019 0019 0032 0033 0019 0033 0019 0033 0019 0033 0019 0033 0019 0033 0019 0033 0019 0033 0019 0019 0032 036e
Right3	0000 0075 0001 000d 0001 0331 0018 0019 0031 0032 0019 0019 0032 0032 0019 0032 0019 0032 0019 0032 0019 0032 0019 0032 0019 0019 0032 0032 0019 0032 0019 0366
Open4	0000 0075 0001 000d 0001 0331 0017 0032 001a 0019 0032 0032 0019 0032 0019 0032 0019 0032 0019 0032 0019 0032 0019 0019 0032 0032 0019 0032 0019 0032 0019 0366
Close4	0000 0074 0001 000d 0001 0338 0019 0032 0019 0019 0032 0033 0019 0033 0019 0033 0019 0033 0019 0033 0019 0033 0019 0033 0019 0033 0019 0019 0032 0033 0019 036e
Left4	0000 0075 0001 000d 0001 0331 0017 0032 001a 0019 0032 0032 0019 0032 0019 0032 0019 0032 0019 0032 0019 0032 0019 0032 0019 0032 0019 0032 0019 0019 0032 0366
Right4	0000 0075 0001 000d 0001 0331 0017 0032 001a 0019 0032 0032 0019 0032 0019 0032 0019 0032 0019 0032 0019 0032 0019 0032 0019 0019 0032 0032 0019 0032 0019 0366
Open5	0000 0075 0001 000d 0001 0330 0018 0019 0031 0019 0032 0032 0019 0032 0019 0032 0019 0032 0019 0032 0019 0032 0019 0019 0032 0032 0019 0032 0019 0032 0019 0366
Close5	0000 0075 0001 000d 0001 0330 0018 0019 0031 0019 0032 0032 0019 0032 0019 0032 0019 0032 0019 0032 0019 0032 0019 0032 0019 0032 0019 0019 0032 0032 0019 0366
Left5	0000 0075 0001 000d 0001 0330 0018 0019 0031 0019 0032 0032 0019 0032 0019 0032 0019 0032 0019 0032 0019 0032 0019 0032 0019 0032 0019 0032 0019 0019 0032 0366
Right5	0000 0075 0001 000d 0001 0331 0017 0019 0032 0019 0032 0032 0019 0032 0019 0032 0019 0032 0019 0032 0019 0032 0019 0032 0019 0019 0032 0032 0019 0032 0019 0366
Open6	0000 0075 0001 000d 0001 0330 0018 0032 0019 0019 0032 0019 0032 0032 0019 0032 0019 0032 0019 0032 0019 0032 0019 0019 0032 0032 0019 0032 0019 0032 0019 0366
Close6	0000 0075 0001 000d 0001 0330 0018 0032 0019 0019 0032 0019 0032 0032 0019 0032 0019 0032 0019 0032 0019 0032 0019 0032 0019 0032 0019 0019 0032 0032 0019 0366
Left6	0000 0075 0001 000d 0001 0331 0018 0032 0019 0019 0032 0019 0032 0032 0019 0032 0019 0032 0019 0032 0019 0032 0019 0032 0019 0032 0019 0032 0019 0019 0032 0366
Right6	0000 0075 0001 000d 0001 0331 0017 0032 001a 0019 0032 0019 0032 0032 0019 0032 0019 0032 0019 0032 0019 0032 0019 0032 0019 0019 0032 0032 0019 0032 0019 0366
Open7	0000 0075 0001 000d 0001 0331 0017 0019 0032 0019 0032 0019 0032 0032 0019 0032 0019 0032 0019 0032 0019 0032 0019 0019 0032 0032 0019 0032 0019 0032 0019 0366
Close7	0000 0075 0001 000d 0001 0331 0017 0019 0032 0019 0032 0019 0032 0032 0019 0032 0019 0032 0019 0032 0019 0032 0019 0032 0019 0032 0019 0019 0032 0032 0019 0366
Left7	0000 0075 0001 000d 0001 0331 0018 0019 0032 0019 0032 0019 0032 0032 0019 0032 0019 0032 0019 0032 0019 0032 0019 0032 0019 0032 0019 0032 0019 0019 0032 0366
Right7	0000 0075 0001 000d 0001 0331 0018 0019 0032 0019 0032 0019 0032 0032 0019 0032 0019 0032 0019 0032 0019 0032 0019 0032 0019 0019 0032 0032 0019 0032 0019 0366
Open8	0000 0075 0001 000d 0001 0331 0018 0032 0019 0032 001a 0032 0019 0019 0032 0032 0019 0032 0019 0032 0019 0032 0019 0019 0032 0032 0019 0032 0019 0032 0019 0366
Close8	0000 0075 0001 000d 0001 0331 0017 0032 001a 0032 0019 0032 0019 0019 0032 0032 0019 0032 0019 0032 0019 0032 0019 0032 0019 0032 0019 0019 0032 0032 0019 0366
Left8	0000 0075 0001 000d 0001 0331 0018 0032 0019 0032 001a 0032 0019 0019 0032 0032 0019 0032 0019 0032 0019 0032 0019 0032 0019 0032 0019 0032 0019 0019 0032 0366
Right8	0000 0075 0001 000d 0001 0331 0018 0032 0019 0032 001a 0032 0019 0019 0032 0032 0019 0032 0019 0032 0019 0032 0019 0032 0019 0019 0032 0032 0019 0032 0019 0366
Open9	0000 0075 0001 000d 0001 0331 0018 0019 0033 0032 0019 0032 0019 0019 0032 0032 0019 0032 0019 0032 0019 0032 0019 0019 0032 0032 0019 0032 0019 0032 0019 0366
Close9	0000 0075 0001 000d 0001 0331 0018 0019 0033 0032 0019 0032 0019 0019 0032 0032 0019 0032 0019 0032 0019 0032 0019 0032 0019 0032 0019 0019 0032 0032 0019 0366
Left9	0000 0075 0001 000d 0001 0331 0018 0019 0033 0032 0019 0032 0019 0019 0032 0032 0019 0032 0019 0032 0019 0032 0019 0032 0019 0032 0019 0032 0019 0019 0032 0366
Right9	0000 0075 0001 000d 0001 0331 0018 0019 0033 0032 0019 0032 0019 0019 0032 0032 0019 0032 0019 0032 0019 0032 0019 0032 0019 0019 0032 0032 0019 0032 0019 0366
