Power	0000 0073 0000 000b 0020 0020 0040 0040 0040 0020 0020 0020 0020 0020 0020 0020 0020 0020 0020 0040 0020 0020 0020 0020 0040 0d0d
Status	0000 0073 0000 000a 0020 0020 0040 0040 0040 0020 0020 0020 0020 0020 0020 0020 0020 0040 0040 0020 0020 0040 0040 0d10
Mute	0000 0073 0000 000b 0020 0020 0040 0040 0040 0020 0020 0020 0020 0020 0020 0020 0020 0020 0020 0040 0040 0020 0020 0020 0020 0d0a
In1	0000 0074 0000 000c 0020 0021 0040 0041 0040 0020 0021 0020 0021 0020 0021 0020 0021 0020 0021 0020 0021 0020 0021 0020 0021 0041 001b 0d0b
In2	0000 0073 0000 000b 0020 0020 0040 0040 0040 0020 0020 0020 0020 0020 0020 0020 0020 0020 0020 0020 0020 0020 0020 0040 0040 0d07
In3	0000 0074 0000 000c 0020 0021 0040 0041 0040 0020 0021 0020 0021 0020 0021 0020 0021 0020 0021 0020 0021 0020 0021 0041 0020 0021 001b 0d0b
In4	0000 0073 0000 000b 0020 0020 0040 0040 0040 0020 0020 0020 0020 0020 0020 0020 0020 0020 0020 0020 0020 0040 0040 0020 0020 0d06
In5	0000 0074 0000 000b 0020 0021 0040 0041 0040 0020 0021 0020 0021 0020 0021 0020 0021 0020 0021 0020 0021 0041 0040 0041 001b 0d0b
In6	0000 0073 0000 000b 0020 0020 0040 0040 0040 0020 0020 0020 0020 0020 0020 0020 0020 0020 0020 0020 0020 0040 0020 0020 0040 0d06
Select+	0000 0073 0000 000a 0020 0020 0040 0040 0040 0020 0020 0020 0020 0020 0020 0020 0020 0040 0040 0040 0020 0020 0040 0d14
Select-	0000 0074 0000 000b 0020 0021 0040 0041 0040 0020 0021 0020 0021 0020 0021 0020 0021 0041 0040 0041 0020 0021 0020 0021 001b 0d0b
A-D	0000 0074 0000 000c 0020 0021 0040 0041 0040 0020 0021 0020 0021 0020 0021 0020 0021 0020 0021 0020 0021 0041 0020 0021 0020 0021 001b 0d0b
Up	0000 0074 0000 000c 0020 0021 0040 0041 0040 0020 0021 0020 0021 0020 0021 0020 0021 0020 0021 0041 0020 0021 0020 0021 0020 0021 001b 0d0b
Down	0000 0073 0000 000b 0020 0020 0040 0040 0040 0020 0020 0020 0020 0020 0020 0020 0020 0040 0040 0020 0020 0020 0020 0020 0020 0d11
Left	0000 0074 0000 000b 0020 0021 0040 0041 0040 0020 0021 0020 0021 0020 0021 0020 0021 0041 0040 0020 0021 0041 0020 0021 001b 0d0b
Right	0000 0073 0000 000a 0020 0020 0040 0040 0040 0020 0020 0020 0020 0020 0020 0020 0020 0040 0040 0040 0040 0020 0020 0d10
Display	0000 0074 0000 000b 0020 0021 0040 0041 0040 0020 0021 0020 0021 0020 0021 0020 0021 0020 0021 0041 0020 0021 0040 0041 001b 0d0b
Phase	0000 0074 0000 000a 0020 0021 0040 0041 0040 0020 0021 0020 0021 0020 0021 0020 0021 0041 0040 0041 0040 0041 001b 0d0b
Mode	0000 0074 0000 000b 0020 0021 0040 0041 0040 0020 0021 0020 0021 0020 0021 0020 0021 0020 0021 0041 0040 0020 0021 0041 001b 0d0b
TA Out	0000 0074 0000 000a 0020 0021 0040 0041 0040 0020 0021 0020 0021 0020 0021 0020 0021 0020 0021 0041 0040 0041 0040 0d26
S Up	0000 0074 0000 000b 0020 0021 0040 0041 0040 0020 0021 0020 0021 0020 0021 0020 0021 0020 0021 0041 0040 0041 0020 0021 001b 0d0b
Balance	0000 0074 0000 000b 0020 0021 0040 0041 0040 0020 0021 0020 0021 0020 0021 0020 0021 0020 0021 0041 0020 0021 0040 0020 0021 0d26
Remote	0000 0074 0000 000b 0020 0021 0040 0041 0040 0020 0021 0020 0021 0020 0021 0020 0021 0041 0040 0020 0021 0020 0021 0041 001b 0d0b
