Power	0000 0073 0000 000c 0020 0020 0020 0020 0020 0020 0040 0020 0020 0020 0020 0020 0020 0020 0020 0020 0020 0040 0020 0020 0020 0020 0040 0d0d
Status	0000 0073 0000 000b 0020 0020 0020 0020 0020 0020 0040 0020 0020 0020 0020 0020 0020 0020 0020 0040 0040 0020 0020 0040 0040 0d10
Mute	0000 0073 0000 000c 0020 0020 0020 0020 0020 0020 0040 0020 0020 0020 0020 0020 0020 0020 0020 0020 0020 0040 0040 0020 0020 0020 0020 0d0a
In1	0000 0074 0000 000d 0020 0021 0020 0021 0020 0021 0040 0020 0021 0020 0021 0020 0021 0020 0021 0020 0021 0020 0021 0020 0021 0020 0021 0041 001b 0d0a
In2	0000 0073 0000 000c 0020 0020 0020 0020 0020 0020 0040 0020 0020 0020 0020 0020 0020 0020 0020 0020 0020 0020 0020 0020 0020 0040 0040 0d07
In3	0000 0074 0000 000d 0020 0021 0020 0021 0020 0021 0040 0020 0021 0020 0021 0020 0021 0020 0021 0020 0021 0020 0021 0020 0021 0041 0020 0021 001b 0d0a
In4	0000 0073 0000 000c 0020 0020 0020 0020 0020 0020 0040 0020 0020 0020 0020 0020 0020 0020 0020 0020 0020 0020 0020 0040 0040 0020 0020 0d06
In5	0000 0074 0000 000c 0020 0021 0020 0021 0020 0021 0040 0020 0021 0020 0021 0020 0021 0020 0021 0020 0021 0020 0021 0041 0040 0041 001b 0d0a
In6	0000 0073 0000 000c 0020 0020 0020 0020 0020 0020 0040 0020 0020 0020 0020 0020 0020 0020 0020 0020 0020 0020 0020 0040 0020 0020 0040 0d06
Select+	0000 0073 0000 000b 0020 0020 0020 0020 0020 0020 0040 0020 0020 0020 0020 0020 0020 0020 0020 0040 0040 0040 0020 0020 0040 0d13
Select-	0000 0074 0000 000c 0020 0021 0020 0021 0020 0021 0040 0020 0021 0020 0021 0020 0021 0020 0021 0041 0040 0041 0020 0021 0020 0021 001b 0d0a
A-D	0000 0074 0000 000d 0020 0021 0020 0021 0020 0021 0040 0020 0021 0020 0021 0020 0021 0020 0021 0020 0021 0020 0021 0041 0020 0021 0020 0021 001b 0d0a
Up	0000 0074 0000 000d 0020 0021 0020 0021 0020 0021 0040 0020 0021 0020 0021 0020 0021 0020 0021 0020 0021 0041 0020 0021 0020 0021 0020 0021 001b 0d0a
Down	0000 0073 0000 000c 0020 0020 0020 0020 0020 0020 0040 0020 0020 0020 0020 0020 0020 0020 0020 0040 0040 0020 0020 0020 0020 0020 0020 0d11
Left	0000 0074 0000 000c 0020 0021 0020 0021 0020 0021 0040 0020 0021 0020 0021 0020 0021 0020 0021 0041 0040 0020 0021 0041 0020 0021 001b 0d0a
Right	0000 0073 0000 000b 0020 0020 0020 0020 0020 0020 0040 0020 0020 0020 0020 0020 0020 0020 0020 0040 0040 0040 0040 0020 0020 0d10
Display	0000 0074 0000 000c 0020 0021 0020 0021 0020 0021 0040 0020 0021 0020 0021 0020 0021 0020 0021 0020 0021 0041 0020 0021 0040 0041 001b 0d0a
Phase	0000 0074 0000 000b 0020 0021 0020 0021 0020 0021 0040 0020 0021 0020 0021 0020 0021 0020 0021 0041 0040 0041 0040 0041 001b 0d0a
Mode	0000 0074 0000 000c 0020 0021 0020 0021 0020 0021 0040 0020 0021 0020 0021 0020 0021 0020 0021 0020 0021 0041 0040 0020 0021 0041 001b 0d0a
TA Out	0000 0074 0000 000b 0020 0021 0020 0021 0020 0021 0040 0020 0021 0020 0021 0020 0021 0020 0021 0020 0021 0041 0040 0041 0040 0d26
S Up	0000 0074 0000 000c 0020 0021 0020 0021 0020 0021 0040 0020 0021 0020 0021 0020 0021 0020 0021 0020 0021 0041 0040 0041 0020 0021 001b 0d0a
Balance	0000 0074 0000 000c 0020 0021 0020 0021 0020 0021 0040 0020 0021 0020 0021 0020 0021 0020 0021 0020 0021 0041 0020 0021 0040 0020 0021 0d25
Remote	0000 0074 0000 000c 0020 0021 0020 0021 0020 0021 0040 0020 0021 0020 0021 0020 0021 0020 0021 0041 0040 0020 0021 0020 0021 0041 001b 0d0a
