Vol+	0000 006d 0000 001b 0007 0425 0007 0415 0007 02ce 0007 0425 0006 0005 0005 0410 0007 0892 0007 0424 0007 0414 0007 02ce 0006 0005 0005 041f 0007 0415 0007 0892 0007 0424 0007 0414 0007 0005 0005 02c8 0007 0425 0007 0415 0007 0892 0007 0424 0007 0414 0007 02ce 0007 0424 0007 0414 0007 7fffa
Vol-	0000 006d 0000 001c 0007 0424 0007 02cc 0007 02dd 0007 0424 0007 0414 0007 0891 0007 0005 0005 041e 0007 0005 0005 02c7 0007 02dc 0007 0423 0007 0414 0007 0891 0007 0423 0007 02cc 0007 0005 0005 02d7 0007 0005 0005 041e 0007 0414 0007 0890 0007 0422 0007 02cc 0007 02dc 0007 0423 0007 0414 0007 7fffa
BA Up	0000 006d 0000 001f 0007 0423 0007 0413 0007 02cd 0007 0423 0007 02cc 0007 0005 0005 089b 0007 0423 0007 0413 0007 02cd 0007 0423 0007 02cc 0007 08a0 0007 0423 0007 0413 0007 02cd 0007 0423 0007 02cc 0007 08a0 0007 0423 0007 0413 0007 02cd 0007 0423 0007 02cc 0007 08a0 0007 0423 0007 0413 0007 02cd 0007 0423 0007 02cd 0007 7fffa
BA Dn	0000 006d 0000 0021 0007 0005 0005 041e 0007 0005 0005 02c7 0007 02dc 0007 0423 0007 02cc 0007 08a0 0007 0423 0007 02cc 0007 02dc 0007 0423 0007 02cc 0007 08a0 0007 0423 0007 02cc 0007 02dc 0007 0423 0007 02cc 0007 08a0 0007 0005 0005 041e 0007 02cc 0007 02dc 0007 0423 0007 02cc 0007 08a0 0007 0423 0007 02cc 0007 02dc 0007 0423 0007 02cd 0007 7fffa
MO Up	0000 006d 0000 001a 0007 0423 0007 0005 0005 040e 0007 02cd 0007 02dc 0007 0424 0007 0890 0007 0423 0007 0413 0007 02cd 0007 02dc 0007 0423 0007 0005 0005 088b 0007 0423 0007 0413 0007 02cd 0007 02dc 0007 0423 0007 0890 0007 0423 0007 0413 0007 02cd 0007 02dc 0007 0424 0007 7fffa
MO Dn	0000 006d 0000 0022 0007 0423 0007 02cc 0007 02dd 0007 02dc 0007 0005 0005 041f 0007 0890 0007 0423 0007 02cc 0007 02dc 0007 02dc 0007 0424 0007 0890 0007 0423 0007 0005 0005 02c7 0007 0005 0005 02d7 0007 02dc 0007 0423 0007 0890 0007 0423 0007 02cc 0007 02dc 0007 02dc 0007 0005 0005 041e 0007 0890 0007 0423 0007 02cc 0007 02dc 0007 02dc 0007 0424 0007 7fffa
Del Up	0000 006d 0000 0021 0007 0423 0007 0413 0007 0005 0005 02c8 0007 02dc 0007 02dc 0007 08a0 0007 0423 0007 0413 0007 02cd 0007 02dc 0007 02dc 0007 08a0 0007 0423 0007 0413 0007 02cd 0007 02dc 0007 02dc 0007 08a0 0007 0423 0007 0413 0007 02cd 0007 02dc 0007 02dc 0007 08a0 0007 0005 0005 041e 0007 0413 0007 02cd 0007 02dc 0007 0005 0005 02d7 0007 7fffa
Del Dn	0000 006d 0000 0021 0007 0423 0007 02cc 0007 02dc 0007 02dc 0007 02dc 0007 089f 0007 0423 0007 02cc 0007 02dc 0007 02dc 0007 02dc 0007 089f 0007 0423 0007 02cc 0007 02dc 0007 02dc 0007 02dc 0007 089f 0007 0423 0007 02cc 0007 02dc 0007 02dc 0007 0005 0005 02d7 0007 089f 0007 0423 0007 0005 0005 02c7 0007 02dc 0007 02dc 0007 0005 0005 02d7 0007 7fffa
Ctr	0000 006d 0000 0021 0007 0424 0007 0005 0005 040e 0007 0414 0007 0414 0007 0005 0005 02c7 0007 08a0 0007 0005 0005 041e 0007 0413 0007 0414 0007 0414 0007 0005 0005 02c8 0007 08a0 0007 0005 0005 041e 0007 0005 0005 040e 0007 0414 0007 0414 0007 02cd 0007 0005 0005 089b 0007 0423 0007 0413 0007 0005 0005 040f 0007 0414 0007 02cd 0007 0005 0005 7ffa
Mute	0000 006d 0000 001c 0007 0005 0005 02d7 0007 0423 0007 02cd 0007 0424 0007 0005 0005 040f 0007 0891 0007 02dc 0007 0423 0007 02cd 0007 0424 0007 0414 0007 0891 0007 0005 0005 02d7 0007 0005 0005 041e 0007 02cd 0007 0423 0007 0414 0007 0890 0007 02dc 0007 0423 0007 02cd 0007 0424 0007 0414 0007 7fffa
Alt Logic	0000 006d 0000 0026 0007 02dc 0007 02dc 0007 0005 0005 02d8 0007 0424 0007 0414 0007 0890 0007 02dc 0007 02dc 0007 0005 0005 02d7 0007 0423 0007 0005 0005 040f 0007 0890 0007 02dc 0007 02dc 0007 0005 0005 02d7 0007 0423 0007 0414 0007 0890 0007 0005 0005 02d7 0007 02dc 0007 02dd 0007 0423 0007 0414 0007 0890 0007 02dc 0007 02dc 0007 0005 0005 02d7 0007 0423 0007 0005 0005 040f 0007 0005 0005 7ffa
 EQ	0000 006d 0000 0023 0007 0005 0005 02d7 0007 02dc 0007 02dc 0007 0005 0005 041e 0007 02cc 0007 0005 0005 089a 0007 0005 0005 02d7 0007 02dc 0007 02dc 0007 0423 0007 02cc 0007 089f 0007 02dc 0007 02dc 0007 02dc 0007 0423 0007 02cc 0007 089f 0007 02dc 0007 02dc 0007 02dc 0007 0423 0007 02cc 0007 089f 0007 02dc 0007 02dc 0007 02dc 0007 0005 0005 041e 0007 02cc 0007 7fffa
C Front	0000 006d 0000 0021 0007 02dc 0007 02dc 0007 02dc 0007 02dc 0007 0423 0007 0890 0007 02dc 0007 02dc 0007 02dc 0007 02dc 0007 0423 0007 088f 0007 0005 0005 02d7 0007 02dc 0007 02dc 0007 02dc 0007 0423 0007 088f 0007 02dc 0007 02dc 0007 02dc 0007 02dc 0007 0423 0007 088f 0007 0423 0007 0413 0007 0414 0007 0005 0005 02c7 0007 0424 0007 0005 0005 7ffa
Power	0000 006d 0000 001b 0007 02dc 0007 02dc 0007 02dc 0007 0005 0005 02d7 0007 02dc 0007 089f 0007 02dc 0007 02dc 0007 02dc 0007 02dc 0007 02dc 0007 089f 0007 02dc 0007 02dc 0007 02dc 0007 02dc 0007 02dc 0007 0005 0005 089a 0007 02dc 0007 02dc 0007 02dc 0007 02dc 0007 02dc 0007 0005 0005 7ffa
