Power	0000 006d 000c 000c 0005 01d2 0005 01d2 0005 02be 0005 01d2 0005 02be 0005 02be 0005 02be 0005 01d2 0005 01d2 0005 01d2 0005 01d2 0005 09eb 0005 01d2 0005 01d2 0005 02be 0005 01d2 0005 01d2 0005 01d2 0005 01d2 0005 01d2 0005 01d2 0005 01d2 0005 01d2 0005 1321
Mute	0000 006d 0000 000c 0005 01d2 0005 01d2 0005 01d2 0005 01d2 0005 01d2 0005 01d2 0005 01d2 0005 01d2 0005 01d2 0005 02be 0005 01d2 0005 1321
Tuner	0000 006d 0000 000c 0005 01d2 0005 01d2 0005 02be 0005 01d2 0005 02be 0005 02be 0005 01d2 0005 01d2 0005 01d2 0005 01d2 0005 01d2 0005 1149
CD	0000 006d 0000 000c 0005 01d2 0005 01d2 0005 02be 0005 01d2 0005 02be 0005 02be 0005 01d2 0005 01d2 0005 01d2 0005 01d2 0005 02be 0005 105e
Acr1	0000 006d 0000 000c 0005 01d2 0005 01d2 0005 02be 0005 01d2 0005 02be 0005 02be 0005 01d2 0005 01d2 0005 01d2 0005 02be 0005 01d2 0005 105e
VCR1	0000 006d 0000 000c 0005 01d2 0005 01d2 0005 02be 0005 01d2 0005 02be 0005 02be 0005 01d2 0005 01d2 0005 01d2 0005 02be 0005 02be 0005 0f72
LD	0000 006d 0000 000c 0005 01d2 0005 01d2 0005 02be 0005 01d2 0005 02be 0005 02be 0005 01d2 0005 01d2 0005 02be 0005 01d2 0005 01d2 0005 105e
Cable	0000 006d 0000 000c 0005 01d2 0005 01d2 0005 02be 0005 01d2 0005 02be 0005 02be 0005 01d2 0005 01d2 0005 02be 0005 02be 0005 01d2 0005 0f72
TV	0000 006d 0000 000c 0005 01d2 0005 01d2 0005 02be 0005 01d2 0005 02be 0005 02be 0005 01d2 0005 01d2 0005 02be 0005 02be 0005 02be 0005 0e86
Ux1	0000 006d 0000 000c 0005 01d2 0005 01d2 0005 02be 0005 01d2 0005 02be 0005 02be 0005 01d2 0005 02be 0005 01d2 0005 01d2 0005 01d2 0005 105e
Ux2	0000 006d 0000 000c 0005 01d2 0005 01d2 0005 02be 0005 01d2 0005 02be 0005 02be 0005 01d2 0005 02be 0005 01d2 0005 01d2 0005 02be 0005 0f72
Ux3	0000 006d 0000 000c 0005 01d2 0005 01d2 0005 02be 0005 01d2 0005 02be 0005 02be 0005 01d2 0005 02be 0005 01d2 0005 02be 0005 01d2 0005 0f72
Ux4	0000 006d 0000 000c 0005 01d2 0005 01d2 0005 02be 0005 01d2 0005 02be 0005 02be 0005 01d2 0005 02be 0005 01d2 0005 02be 0005 02be 0005 0e86
Ux5	0000 006d 0000 000c 0005 01d2 0005 01d2 0005 02be 0005 01d2 0005 02be 0005 02be 0005 01d2 0005 02be 0005 02be 0005 01d2 0005 01d2 0005 0f72
BS	0000 006d 0000 000c 0005 01d2 0005 01d2 0005 02be 0005 01d2 0005 02be 0005 02be 0005 01d2 0005 02be 0005 02be 0005 02be 0005 01d2 0005 0e86
Vol+	0000 006d 000c 000c 0005 01d2 0005 01d2 0005 02be 0005 01d2 0005 02be 0005 02be 0005 02be 0005 01d2 0005 02be 0005 02be 0005 02be 0005 09eb 0005 01d2 0005 01d2 0005 02be 0005 01d2 0005 01d2 0005 01d2 0005 01d2 0005 01d2 0005 02be 0005 02be 0005 01d2 0005 1149
Vol-	0000 006d 000c 000c 0005 01d2 0005 01d2 0005 02be 0005 01d2 0005 02be 0005 02be 0005 02be 0005 01d2 0005 02be 0005 02be 0005 02be 0005 09eb 0005 01d2 0005 01d2 0005 02be 0005 01d2 0005 01d2 0005 01d2 0005 01d2 0005 01d2 0005 02be 0005 02be 0005 02be 0005 105e
Tune+	0000 006d 000c 000c 0005 01d2 0005 01d2 0005 02be 0005 01d2 0005 02be 0005 02be 0005 02be 0005 01d2 0005 01d2 0005 01d2 0005 01d2 0005 09eb 0005 01d2 0005 01d2 0005 02be 0005 01d2 0005 01d2 0005 02be 0005 01d2 0005 02be 0005 02be 0005 01d2 0005 02be 0005 0f72
Tune-	0000 006d 000c 000c 0005 01d2 0005 01d2 0005 02be 0005 01d2 0005 02be 0005 02be 0005 02be 0005 01d2 0005 01d2 0005 01d2 0005 01d2 0005 09eb 0005 01d2 0005 01d2 0005 02be 0005 01d2 0005 01d2 0005 02be 0005 01d2 0005 02be 0005 02be 0005 02be 0005 01d2 0005 0f72
Preset+	0000 006d 000c 000c 0005 01d2 0005 01d2 0005 02be 0005 01d2 0005 02be 0005 02be 0005 02be 0005 01d2 0005 01d2 0005 01d2 0005 01d2 0005 09eb 0005 01d2 0005 01d2 0005 02be 0005 01d2 0005 01d2 0005 01d2 0005 01d2 0005 01d2 0005 01d2 0005 02be 0005 01d2 0005 1235
Preset-	0000 006d 000c 000c 0005 01d2 0005 01d2 0005 02be 0005 01d2 0005 02be 0005 02be 0005 02be 0005 01d2 0005 01d2 0005 01d2 0005 01d2 0005 09eb 0005 01d2 0005 01d2 0005 02be 0005 01d2 0005 01d2 0005 01d2 0005 01d2 0005 01d2 0005 01d2 0005 02be 0005 02be 0005 1149
Reble+	0000 006d 0000 000c 0005 01d2 0005 01d2 0005 01d2 0005 01d2 0005 01d2 0005 01d2 0005 01d2 0005 01d2 0005 02be 0005 02be 0005 02be 0005 1149
Reble-	0000 006d 0000 000c 0005 01d2 0005 01d2 0005 01d2 0005 01d2 0005 01d2 0005 02be 0005 01d2 0005 01d2 0005 02be 0005 02be 0005 02be 0005 105e
Ass+	0000 006d 0000 000c 0005 01d2 0005 01d2 0005 01d2 0005 01d2 0005 01d2 0005 01d2 0005 01d2 0005 01d2 0005 02be 0005 02be 0005 01d2 0005 1235
Ass-	0000 006d 0000 000c 0005 01d2 0005 01d2 0005 01d2 0005 01d2 0005 01d2 0005 02be 0005 01d2 0005 01d2 0005 02be 0005 02be 0005 01d2 0005 1149
0	0000 006d 000c 000c 0005 01d2 0005 01d2 0005 02be 0005 01d2 0005 02be 0005 02be 0005 02be 0005 01d2 0005 01d2 0005 01d2 0005 01d2 0005 09eb 0005 01d2 0005 01d2 0005 02be 0005 01d2 0005 01d2 0005 01d2 0005 02be 0005 02be 0005 02be 0005 01d2 0005 02be 0005 0f72
1	0000 006d 000c 000c 0005 01d2 0005 01d2 0005 02be 0005 01d2 0005 02be 0005 02be 0005 02be 0005 01d2 0005 01d2 0005 01d2 0005 01d2 0005 09eb 0005 01d2 0005 01d2 0005 02be 0005 01d2 0005 01d2 0005 01d2 0005 02be 0005 02be 0005 02be 0005 02be 0005 01d2 0005 0f72
2	0000 006d 000c 000c 0005 01d2 0005 01d2 0005 02be 0005 01d2 0005 02be 0005 02be 0005 02be 0005 01d2 0005 01d2 0005 01d2 0005 01d2 0005 09eb 0005 01d2 0005 01d2 0005 02be 0005 01d2 0005 01d2 0005 01d2 0005 02be 0005 02be 0005 02be 0005 02be 0005 02be 0005 0e86
3	0000 006d 000c 000c 0005 01d2 0005 01d2 0005 02be 0005 01d2 0005 02be 0005 02be 0005 02be 0005 01d2 0005 01d2 0005 01d2 0005 01d2 0005 09eb 0005 01d2 0005 01d2 0005 02be 0005 01d2 0005 01d2 0005 02be 0005 01d2 0005 01d2 0005 01d2 0005 01d2 0005 01d2 0005 1235
4	0000 006d 000c 000c 0005 01d2 0005 01d2 0005 02be 0005 01d2 0005 02be 0005 02be 0005 02be 0005 01d2 0005 01d2 0005 01d2 0005 01d2 0005 09eb 0005 01d2 0005 01d2 0005 02be 0005 01d2 0005 01d2 0005 02be 0005 01d2 0005 01d2 0005 01d2 0005 01d2 0005 02be 0005 1149
5	0000 006d 000c 000c 0005 01d2 0005 01d2 0005 02be 0005 01d2 0005 02be 0005 02be 0005 02be 0005 01d2 0005 01d2 0005 01d2 0005 01d2 0005 09eb 0005 01d2 0005 01d2 0005 02be 0005 01d2 0005 01d2 0005 02be 0005 01d2 0005 01d2 0005 01d2 0005 02be 0005 01d2 0005 1149
6	0000 006d 000c 000c 0005 01d2 0005 01d2 0005 02be 0005 01d2 0005 02be 0005 02be 0005 02be 0005 01d2 0005 01d2 0005 01d2 0005 01d2 0005 09eb 0005 01d2 0005 01d2 0005 02be 0005 01d2 0005 01d2 0005 02be 0005 01d2 0005 01d2 0005 01d2 0005 02be 0005 02be 0005 105e
7	0000 006d 000c 000c 0005 01d2 0005 01d2 0005 02be 0005 01d2 0005 02be 0005 02be 0005 02be 0005 01d2 0005 01d2 0005 01d2 0005 01d2 0005 09eb 0005 01d2 0005 01d2 0005 02be 0005 01d2 0005 01d2 0005 02be 0005 01d2 0005 01d2 0005 02be 0005 01d2 0005 01d2 0005 1149
8	0000 006d 000c 000c 0005 01d2 0005 01d2 0005 02be 0005 01d2 0005 02be 0005 02be 0005 02be 0005 01d2 0005 01d2 0005 01d2 0005 01d2 0005 09eb 0005 01d2 0005 01d2 0005 02be 0005 01d2 0005 01d2 0005 02be 0005 01d2 0005 01d2 0005 02be 0005 01d2 0005 02be 0005 105e
9	0000 006d 000c 000c 0005 01d2 0005 01d2 0005 02be 0005 01d2 0005 02be 0005 02be 0005 02be 0005 01d2 0005 01d2 0005 01d2 0005 01d2 0005 09eb 0005 01d2 0005 01d2 0005 02be 0005 01d2 0005 01d2 0005 01d2 0005 02be 0005 02be 0005 02be 0005 01d2 0005 01d2 0005 105e
Recall	0000 006d 000c 000c 0005 01d2 0005 01d2 0005 02be 0005 01d2 0005 02be 0005 02be 0005 02be 0005 01d2 0005 01d2 0005 01d2 0005 01d2 0005 09eb 0005 01d2 0005 01d2 0005 02be 0005 01d2 0005 01d2 0005 01d2 0005 02be 0005 01d2 0005 01d2 0005 01d2 0005 01d2 0005 1235
Enter	0000 006d 000c 000c 0005 01d2 0005 01d2 0005 02be 0005 01d2 0005 02be 0005 02be 0005 02be 0005 01d2 0005 01d2 0005 01d2 0005 01d2 0005 09eb 0005 01d2 0005 01d2 0005 02be 0005 01d2 0005 01d2 0005 01d2 0005 02be 0005 01d2 0005 01d2 0005 01d2 0005 02be 0005 1149
0	0000 006d 000c 000c 0005 01d2 0005 01d2 0005 02be 0005 01d2 0005 02be 0005 02be 0005 02be 0005 01d2 0005 01d2 0005 01d2 0005 01d2 0005 09eb 0005 01d2 0005 01d2 0005 02be 0005 01d2 0005 01d2 0005 01d2 0005 02be 0005 01d2 0005 01d2 0005 02be 0005 01d2 0005 1149
1	0000 006d 000c 000c 0005 01d2 0005 01d2 0005 02be 0005 01d2 0005 02be 0005 02be 0005 02be 0005 01d2 0005 01d2 0005 01d2 0005 01d2 0005 09eb 0005 01d2 0005 01d2 0005 02be 0005 01d2 0005 01d2 0005 01d2 0005 02be 0005 01d2 0005 01d2 0005 02be 0005 02be 0005 105e
2	0000 006d 000c 000c 0005 01d2 0005 01d2 0005 02be 0005 01d2 0005 02be 0005 02be 0005 02be 0005 01d2 0005 01d2 0005 01d2 0005 01d2 0005 09eb 0005 01d2 0005 01d2 0005 02be 0005 01d2 0005 01d2 0005 01d2 0005 02be 0005 01d2 0005 02be 0005 01d2 0005 01d2 0005 1149
3	0000 006d 000c 000c 0005 01d2 0005 01d2 0005 02be 0005 01d2 0005 02be 0005 02be 0005 02be 0005 01d2 0005 01d2 0005 01d2 0005 01d2 0005 09eb 0005 01d2 0005 01d2 0005 02be 0005 01d2 0005 01d2 0005 01d2 0005 02be 0005 01d2 0005 02be 0005 01d2 0005 02be 0005 105e
4	0000 006d 000c 000c 0005 01d2 0005 01d2 0005 02be 0005 01d2 0005 02be 0005 02be 0005 02be 0005 01d2 0005 01d2 0005 01d2 0005 01d2 0005 09eb 0005 01d2 0005 01d2 0005 02be 0005 01d2 0005 01d2 0005 01d2 0005 02be 0005 01d2 0005 02be 0005 02be 0005 01d2 0005 105e
5	0000 006d 000c 000c 0005 01d2 0005 01d2 0005 02be 0005 01d2 0005 02be 0005 02be 0005 02be 0005 01d2 0005 01d2 0005 01d2 0005 01d2 0005 09eb 0005 01d2 0005 01d2 0005 02be 0005 01d2 0005 01d2 0005 01d2 0005 02be 0005 01d2 0005 02be 0005 02be 0005 02be 0005 0f72
6	0000 006d 000c 000c 0005 01d2 0005 01d2 0005 02be 0005 01d2 0005 02be 0005 02be 0005 02be 0005 01d2 0005 01d2 0005 01d2 0005 01d2 0005 09eb 0005 01d2 0005 01d2 0005 02be 0005 01d2 0005 01d2 0005 01d2 0005 02be 0005 02be 0005 01d2 0005 01d2 0005 01d2 0005 1149
7	0000 006d 000c 000c 0005 01d2 0005 01d2 0005 02be 0005 01d2 0005 02be 0005 02be 0005 02be 0005 01d2 0005 01d2 0005 01d2 0005 01d2 0005 09eb 0005 01d2 0005 01d2 0005 02be 0005 01d2 0005 01d2 0005 01d2 0005 02be 0005 02be 0005 01d2 0005 01d2 0005 02be 0005 105e
8	0000 006d 000c 000c 0005 01d2 0005 01d2 0005 02be 0005 01d2 0005 02be 0005 02be 0005 02be 0005 01d2 0005 01d2 0005 01d2 0005 01d2 0005 09eb 0005 01d2 0005 01d2 0005 02be 0005 01d2 0005 01d2 0005 01d2 0005 02be 0005 02be 0005 01d2 0005 02be 0005 01d2 0005 105e
9	0000 006d 000c 000c 0005 01d2 0005 01d2 0005 02be 0005 01d2 0005 02be 0005 02be 0005 02be 0005 01d2 0005 01d2 0005 01d2 0005 01d2 0005 09eb 0005 01d2 0005 01d2 0005 02be 0005 01d2 0005 01d2 0005 01d2 0005 02be 0005 02be 0005 01d2 0005 02be 0005 02be 0005 0f72
M	0000 006d 000c 000c 0005 01d2 0005 01d2 0005 02be 0005 01d2 0005 02be 0005 02be 0005 02be 0005 01d2 0005 01d2 0005 01d2 0005 01d2 0005 09eb 0005 01d2 0005 01d2 0005 02be 0005 01d2 0005 01d2 0005 02be 0005 01d2 0005 02be 0005 02be 0005 02be 0005 02be 0005 0e86
M	0000 006d 000c 000c 0005 01d2 0005 01d2 0005 02be 0005 01d2 0005 02be 0005 02be 0005 02be 0005 01d2 0005 01d2 0005 01d2 0005 01d2 0005 09eb 0005 01d2 0005 01d2 0005 02be 0005 01d2 0005 01d2 0005 02be 0005 02be 0005 01d2 0005 01d2 0005 01d2 0005 01d2 0005 1149
ND	0000 006d 0000 000c 0005 01d2 0005 01d2 0005 01d2 0005 01d2 0005 01d2 0005 01d2 0005 01d2 0005 01d2 0005 01d2 0005 02be 0005 02be 0005 1235
Dnd	0000 006d 0000 000c 0005 01d2 0005 01d2 0005 01d2 0005 01d2 0005 01d2 0005 02be 0005 01d2 0005 01d2 0005 01d2 0005 02be 0005 02be 0005 1149
N-Dnd	0000 006d 0000 000c 0005 01d2 0005 01d2 0005 01d2 0005 01d2 0005 02be 0005 01d2 0005 02be 0005 02be 0005 01d2 0005 02be 0005 02be 0005 0f72
 Dnd	0000 006d 0000 000c 0005 01d2 0005 01d2 0005 01d2 0005 01d2 0005 02be 0005 02be 0005 02be 0005 02be 0005 01d2 0005 02be 0005 02be 0005 0e86
