Open	0000 006d 0022 0002 0155 00aa 0016 0015 0015 0040 0016 0015 0015 0015 0016 0040 0015 0015 0016 0040 0015 0040 0016 0015 0015 0015 0016 0040 0015 0040 0016 0015 0015 0040 0016 0015 0015 0015 0016 0040 0015 0040 0016 0015 0015 0040 0016 0015 0015 0015 0016 0015 0016 0015 0015 0015 0016 0015 0016 003f 0016 0015 0016 003f 0016 0040 0015 0040 0016 003f 0016 0612 0155 0055 0015 0e39
Edit+	0000 006d 0000 0022 0155 00aa 0016 0015 0015 0040 0016 0015 0015 0015 0016 0040 0015 0015 0016 0040 0015 0040 0016 0015 0015 0015 0016 0040 0015 0040 0016 0015 0015 0040 0016 0015 0015 0015 0016 0015 0016 003f 0016 0015 0016 0015 0015 0015 0016 0015 0016 003f 0016 0015 0016 003f 0016 0015 0016 003f 0016 0040 0015 0040 0016 003f 0016 0015 0016 003f 0016 0612
Edit-	0000 006d 0000 0022 0154 00ab 0015 0015 0016 0040 0015 0015 0016 0015 0016 003f 0016 0015 0016 003f 0016 0040 0015 0015 0016 0015 0016 003f 0016 0040 0015 0015 0016 0040 0015 0015 0016 0015 0016 003f 0016 0040 0015 0015 0016 0015 0016 0015 0015 0015 0016 0040 0015 0015 0016 0015 0016 0015 0015 0040 0016 003f 0016 0040 0015 0040 0016 0015 0015 0040 0016 0612
Play	0000 006d 0022 0002 0155 00aa 0016 0015 0016 003f 0016 0015 0016 0015 0015 0040 0016 0015 0015 0040 0016 003f 0016 0015 0016 0015 0015 0040 0016 003f 0016 0015 0016 003f 0016 0015 0016 0015 0015 0040 0016 003f 0016 0015 0016 003f 0016 0040 0015 0015 0016 0015 0016 0015 0015 0015 0016 0015 0016 003f 0016 0015 0016 0015 0015 0040 0016 003f 0016 0040 0015 0612 0155 0055 0016 0e38
Stop	0000 006d 0022 0002 0155 00aa 0016 0015 0015 0040 0016 0015 0015 0015 0016 0040 0015 0015 0016 0040 0015 0040 0016 0015 0015 0015 0016 0040 0015 0040 0016 0015 0015 0040 0016 0015 0015 0015 0016 0015 0016 0015 0015 0040 0016 003f 0016 0040 0015 0015 0016 0015 0016 0015 0015 0040 0016 003f 0016 0015 0016 0015 0015 0015 0016 0040 0015 0040 0016 003f 0016 0612 0155 0055 0015 0e39
Pause	0000 006d 0022 0002 0154 00ab 0015 0015 0016 0040 0015 0015 0016 0015 0016 003f 0016 0015 0016 003f 0016 0040 0015 0015 0016 0015 0016 003f 0016 0040 0015 0015 0016 0040 0015 0015 0016 0015 0016 003f 0016 0040 0015 0040 0016 003f 0016 0040 0015 0015 0016 0015 0016 0015 0015 0015 0016 0015 0016 0015 0015 0015 0016 0015 0016 003f 0016 0040 0015 0040 0016 0612 0154 0055 0016 0e39
F Trk	0000 006d 0000 0022 0155 00aa 0016 0015 0016 003f 0016 0015 0016 0015 0015 0040 0016 0015 0015 0040 0016 003f 0016 0015 0016 0015 0015 0040 0016 003f 0016 0015 0016 003f 0016 0015 0016 0015 0015 0015 0016 0015 0016 0015 0015 0015 0016 0015 0016 0015 0015 0015 0016 0015 0016 003f 0016 0040 0015 0040 0016 003f 0016 0040 0015 0040 0016 003f 0016 0040 0015 0612
R Trk	0000 006d 0000 0022 0155 00aa 0016 0015 0016 003f 0016 0015 0016 0015 0015 0040 0016 0015 0015 0040 0016 003f 0016 0015 0016 0015 0015 0040 0016 003f 0016 0015 0016 003f 0016 0015 0016 0015 0015 0040 0016 0015 0015 0015 0016 0015 0016 0015 0015 0015 0016 0015 0016 0015 0015 0015 0016 0040 0015 0040 0016 003f 0016 0040 0015 0040 0016 003f 0016 0040 0015 0612
F Srch	0000 006d 0022 0002 0154 00ab 0015 0015 0016 0040 0015 0015 0016 0015 0016 003f 0016 0015 0016 003f 0016 0040 0015 0015 0016 0015 0016 003f 0016 0040 0015 0015 0016 0040 0015 0015 0016 0015 0016 003f 0016 0015 0016 003f 0016 0040 0015 0040 0016 0015 0015 0015 0016 0015 0016 0015 0015 0040 0016 0015 0015 0015 0016 0015 0016 003f 0016 0040 0015 0040 0016 0612 0154 0055 0016 0e39
R Srch	0000 006d 0022 0002 0154 00ab 0015 0015 0016 0040 0015 0015 0016 0015 0016 003f 0016 0015 0016 003f 0016 0040 0015 0015 0016 0015 0016 003f 0016 0040 0015 0015 0016 0040 0015 0015 0016 0015 0016 0015 0015 0040 0016 003f 0016 0040 0015 0040 0016 0015 0015 0015 0016 0015 0016 003f 0016 0015 0016 0015 0015 0015 0016 0015 0016 003f 0016 0040 0015 0040 0016 0612 0154 0055 0016 0e39
1	0000 006d 0022 0002 0154 00ab 0015 0015 0016 0040 0015 0015 0016 0015 0016 003f 0016 0015 0016 003f 0016 0040 0015 0015 0016 0015 0016 003f 0016 0040 0015 0015 0016 0040 0015 0015 0016 0015 0016 0015 0015 0015 0016 0015 0016 0015 0015 0040 0016 0015 0015 0015 0016 0015 0016 003f 0016 0040 0015 0040 0016 003f 0016 0015 0016 003f 0016 0040 0015 0040 0016 0612 0154 0055 0016 0e39
2	0000 006d 0022 0002 0155 00aa 0016 0015 0016 003f 0016 0015 0016 0015 0015 0040 0016 0015 0015 0040 0016 003f 0016 0015 0016 0015 0015 0040 0016 003f 0016 0015 0016 003f 0016 0015 0016 0015 0015 0040 0016 0015 0015 0015 0016 0015 0016 003f 0016 0015 0016 0015 0015 0015 0016 0015 0016 003f 0016 0040 0015 0040 0016 0015 0015 0040 0016 003f 0016 0040 0015 0612 0155 0055 0016 0e38
3	0000 006d 0022 0002 0154 00ab 0015 0015 0016 0040 0015 0015 0016 0015 0016 003f 0016 0015 0016 003f 0016 0040 0015 0015 0016 0015 0016 003f 0016 0040 0015 0015 0016 0040 0015 0015 0016 0015 0016 0015 0015 0040 0016 0015 0015 0015 0016 0040 0015 0015 0016 0015 0016 0015 0015 0040 0016 0015 0015 0040 0016 003f 0016 0015 0016 003f 0016 0040 0015 0040 0016 0612 0154 0055 0016 0e39
4	0000 006d 0022 0002 0155 00aa 0016 0015 0016 003f 0016 0015 0016 0015 0015 0040 0016 0015 0015 0040 0016 003f 0016 0015 0016 0015 0015 0040 0016 003f 0016 0015 0016 003f 0016 0015 0016 0015 0015 0040 0016 003f 0016 0015 0016 0015 0015 0040 0016 0015 0015 0015 0016 0015 0016 0015 0015 0015 0016 0040 0015 0040 0016 0015 0015 0040 0016 003f 0016 0040 0015 0612 0155 0055 0016 0e38
5	0000 006d 0022 0002 0155 00aa 0016 0015 0016 003f 0016 0015 0016 0015 0015 0040 0016 0015 0015 0040 0016 003f 0016 0015 0016 0015 0015 0040 0016 003f 0016 0015 0016 003f 0016 0015 0016 0015 0015 0015 0016 0015 0016 0015 0015 0040 0016 003f 0016 0015 0016 0015 0015 0015 0016 0040 0015 0040 0016 003f 0016 0015 0016 0015 0015 0040 0016 003f 0016 0040 0015 0612 0155 0055 0016 0e38
6	0000 006d 0022 0002 0155 00aa 0016 0015 0016 003f 0016 0015 0016 0015 0015 0040 0016 0015 0015 0040 0016 003f 0016 0015 0016 0015 0015 0040 0016 003f 0016 0015 0016 003f 0016 0015 0016 0015 0015 0040 0016 0015 0015 0015 0016 0040 0015 0040 0016 0015 0015 0015 0016 0015 0016 0015 0015 0040 0016 003f 0016 0015 0016 0015 0015 0040 0016 003f 0016 0040 0015 0612 0155 0055 0016 0e38
7	0000 006d 0022 0002 0155 00aa 0016 0015 0015 0040 0016 0015 0015 0015 0016 0040 0015 0015 0016 0040 0015 0040 0016 0015 0015 0015 0016 0040 0015 0040 0016 0015 0015 0040 0016 0015 0015 0015 0016 0015 0016 003f 0016 0015 0016 003f 0016 0040 0015 0015 0016 0015 0016 0015 0015 0040 0016 0015 0015 0040 0016 0015 0015 0015 0016 0040 0015 0040 0016 003f 0016 0612 0155 0055 0015 0e39
8	0000 006d 0022 0002 0155 00aa 0016 0015 0015 0040 0016 0015 0015 0015 0016 0040 0015 0015 0016 0040 0015 0040 0016 0015 0015 0015 0016 0040 0015 0040 0016 0015 0015 0040 0016 0015 0015 0015 0016 0015 0016 0015 0015 0040 0016 003f 0016 0015 0016 0015 0015 0015 0016 0015 0016 003f 0016 0040 0015 0015 0016 0015 0016 003f 0016 0040 0015 0040 0016 003f 0016 0612 0155 0055 0015 0e39
9	0000 006d 0022 0002 0155 00aa 0016 0015 0015 0040 0016 0015 0015 0015 0016 0040 0015 0015 0016 0040 0015 0040 0016 0015 0015 0015 0016 0040 0015 0040 0016 0015 0015 0040 0016 0015 0015 0015 0016 0040 0015 0015 0016 0040 0015 0040 0016 0015 0015 0015 0016 0015 0016 0015 0015 0015 0016 0040 0015 0015 0016 0015 0016 003f 0016 0040 0015 0040 0016 003f 0016 0612 0155 0055 0015 0e39
0	0000 006d 0022 0002 0155 00aa 0016 0015 0015 0040 0016 0015 0015 0015 0016 0040 0015 0015 0016 0040 0015 0040 0016 0015 0015 0015 0016 0040 0015 0040 0016 0015 0015 0040 0016 0015 0015 0015 0016 0015 0016 003f 0016 0040 0015 0040 0016 0015 0015 0015 0016 0015 0016 0015 0015 0040 0016 0015 0015 0015 0016 0015 0016 003f 0016 0040 0015 0040 0016 003f 0016 0612 0155 0055 0015 0e39
+10	0000 006d 0022 0002 0155 00aa 0016 0015 0016 003f 0016 0015 0016 0015 0015 0040 0016 0015 0015 0040 0016 003f 0016 0015 0016 0015 0015 0040 0016 003f 0016 0015 0016 003f 0016 0015 0016 0015 0015 0040 0016 003f 0016 0040 0015 0040 0016 0015 0015 0015 0016 0015 0016 0015 0015 0015 0016 0015 0016 0015 0015 0015 0016 0040 0015 0040 0016 003f 0016 0040 0015 0612 0155 0055 0016 0e38
Peak Search	0000 006d 0022 0002 0155 00aa 0016 0015 0015 0040 0016 0015 0015 0015 0016 0040 0015 0015 0016 0040 0015 0040 0016 0015 0015 0015 0016 0040 0015 0040 0016 0015 0015 0040 0016 0015 0015 0015 0016 0040 0015 0015 0016 0040 0015 0040 0016 003f 0016 0015 0016 003f 0016 0015 0016 0015 0015 0040 0016 0015 0015 0015 0016 0015 0016 003f 0016 0015 0016 003f 0016 0612 0155 0055 0015 0e39
Memory	0000 006d 0022 0002 0155 00aa 0016 0015 0016 003f 0016 0015 0016 0015 0015 0040 0016 0015 0015 0040 0016 003f 0016 0015 0016 0015 0015 0040 0016 003f 0016 0015 0016 003f 0016 0015 0016 0015 0015 0040 0016 0015 0015 0015 0016 0040 0015 0015 0016 0015 0016 0015 0015 0015 0016 0015 0016 003f 0016 0040 0015 0015 0016 0040 0015 0040 0016 003f 0016 0040 0015 0612 0155 0055 0016 0e38
Clear	0000 006d 0000 0002 0155 0055 0015 0e39
Display	0000 006d 0022 0002 0155 00aa 0016 0015 0015 0040 0016 0015 0015 0015 0016 0040 0015 0015 0016 0040 0015 0040 0016 0015 0015 0015 0016 0040 0015 0040 0016 0015 0015 0040 0016 0015 0015 0015 0016 0015 0016 003f 0016 0015 0016 003f 0016 0015 0016 0015 0015 0015 0016 0015 0016 003f 0016 0015 0016 003f 0016 0015 0016 003f 0016 0040 0015 0040 0016 003f 0016 0612 0155 0055 0015 0e39
Disc+	0000 006d 0022 0002 0154 00ab 0015 0015 0016 0040 0015 0015 0016 0015 0016 003f 0016 0015 0016 003f 0016 0040 0015 0015 0016 0015 0016 003f 0016 0040 0015 0015 0016 0040 0015 0015 0016 0015 0016 0015 0015 0015 0016 0040 0015 0040 0016 003f 0016 0015 0016 003f 0016 0015 0016 003f 0016 0040 0015 0015 0016 0015 0016 0015 0015 0040 0016 0015 0015 0040 0016 0612 0154 0055 0016 0e39
Disc-	0000 006d 0022 0002 0155 00aa 0016 0015 0015 0040 0016 0015 0015 0015 0016 0040 0015 0015 0016 0040 0015 0040 0016 0015 0015 0015 0016 0040 0015 0040 0016 0015 0015 0040 0016 0015 0015 0015 0016 0040 0015 0040 0016 003f 0016 0040 0015 0040 0016 0015 0015 0040 0016 0015 0015 0015 0016 0015 0016 0015 0015 0015 0016 0015 0016 003f 0016 0015 0016 003f 0016 0612 0155 0055 0015 0e39
Repeat	0000 006d 0022 0002 0154 00ab 0015 0015 0016 0040 0015 0015 0016 0015 0016 003f 0016 0015 0016 003f 0016 0040 0015 0015 0016 0015 0016 003f 0016 0040 0015 0015 0016 0040 0015 0015 0016 0015 0016 0015 0015 0040 0016 003f 0016 0015 0016 0015 0015 0015 0016 0015 0016 0015 0015 0040 0016 0015 0015 0015 0016 0040 0015 0040 0016 003f 0016 0040 0015 0040 0016 0612 0154 0055 0016 0e39
Random	0000 006d 0022 0002 0154 00ab 0015 0015 0016 0040 0015 0015 0016 0015 0016 003f 0016 0015 0016 003f 0016 0040 0015 0015 0016 0015 0016 003f 0016 0040 0015 0015 0016 0040 0015 0015 0016 0015 0016 0015 0015 0040 0016 003f 0016 0015 0016 0015 0015 0015 0016 0040 0015 0015 0016 0040 0015 0015 0016 0015 0016 003f 0016 0040 0015 0040 0016 0015 0015 0040 0016 0612 0154 0055 0016 0e39
