Mute	0000 006c 0022 0002 0157 00ab 0015 0015 0015 0015 0015 0040 0015 0015 0015 0015 0015 0015 0015 0015 0015 0040 0015 0040 0015 0040 0015 0015 0015 0040 0015 0040 0015 0040 0015 0040 0015 0015 0015 0015 0015 0040 0015 0015 0015 0040 0015 0015 0015 0015 0015 0015 0015 0015 0015 0040 0015 0015 0015 0040 0015 0015 0015 0040 0015 0040 0015 0040 0015 0040 0015 05f0 0157 0056 0015 0e4d
Power	0000 006c 0022 0002 0157 00ab 0016 0016 0016 0016 0016 0040 0016 0016 0016 0016 0016 0016 0016 0016 0016 0040 0016 0040 0016 0040 0016 0016 0016 0040 0016 0040 0016 0040 0016 0040 0016 0016 0016 0016 0016 0040 0016 0016 0016 0016 0016 0016 0016 0016 0016 0016 0016 0016 0016 0040 0016 0016 0016 0040 0016 0040 0016 0040 0016 0040 0016 0040 0016 0040 0016 05f0 0157 0055 0016 0e4c
1	0000 006c 0022 0002 0156 00ac 0016 0016 0016 0016 0016 0040 0016 0016 0016 0016 0016 0016 0016 0016 0016 0040 0016 0040 0016 0040 0016 0016 0016 0040 0016 0040 0016 0040 0016 0040 0016 0016 0016 0016 0016 0040 0016 0040 0016 0040 0016 0016 0016 0016 0016 0016 0016 0016 0016 0040 0016 0016 0016 0016 0016 0016 0016 0040 0016 0040 0016 0040 0016 0040 0016 05f0 0156 0056 0016 0e4d
2	0000 006c 0022 0002 0157 00ab 0015 0015 0015 0015 0015 0040 0015 0015 0015 0015 0015 0015 0015 0015 0015 0040 0015 0040 0015 0040 0015 0015 0015 0040 0015 0040 0015 0040 0015 0040 0015 0015 0015 0040 0015 0015 0015 0040 0015 0015 0015 0015 0015 0015 0015 0015 0015 0015 0015 0015 0015 0040 0015 0015 0015 0040 0015 0040 0015 0040 0015 0040 0015 0040 0015 05f0 0157 0056 0015 0e4d
3	0000 006c 0022 0002 0155 00ab 0015 0015 0015 0015 0015 0040 0015 0015 0015 0015 0015 0015 0015 0015 0015 0040 0015 0040 0015 0040 0015 0015 0015 0040 0015 0040 0015 0040 0015 0040 0015 0015 0015 0015 0015 0015 0015 0040 0015 0015 0015 0015 0015 0015 0015 0015 0015 0015 0015 0040 0015 0040 0015 0015 0015 0040 0015 0040 0015 0040 0015 0040 0015 0040 0015 05e9 0155 0055 0015 0e3c
4	0000 006c 0022 0002 0157 00ab 0016 0016 0016 0016 0016 0040 0016 0016 0016 0016 0016 0016 0016 0016 0016 0040 0016 0040 0016 0040 0016 0016 0016 0040 0016 0040 0016 0040 0016 0040 0016 0016 0016 0016 0016 0016 0016 0040 0016 0040 0016 0040 0016 0016 0016 0016 0016 0016 0016 0040 0016 0040 0016 0016 0016 0016 0016 0016 0016 0040 0016 0040 0016 0040 0016 05f0 0157 0055 0016 0e4c
5	0000 006c 0022 0002 0156 00ac 0016 0016 0016 0016 0016 0040 0016 0016 0016 0016 0016 0016 0016 0016 0016 0040 0016 0040 0016 0040 0016 0016 0016 0040 0016 0040 0016 0040 0016 0040 0016 0016 0016 0040 0016 0016 0016 0040 0016 0040 0016 0040 0016 0016 0016 0016 0016 0016 0016 0016 0016 0040 0016 0016 0016 0016 0016 0016 0016 0040 0016 0040 0016 0040 0016 05f0 0156 0056 0016 0e4d
6	0000 006c 0022 0002 0157 00ab 0015 0015 0015 0015 0015 0040 0015 0015 0015 0015 0015 0015 0015 0015 0015 0040 0015 0040 0015 0040 0015 0015 0015 0040 0015 0040 0015 0040 0015 0040 0015 0015 0015 0015 0015 0040 0015 0040 0015 0040 0015 0040 0015 0015 0015 0015 0015 0015 0015 0040 0015 0015 0015 0015 0015 0015 0015 0015 0015 0040 0015 0040 0015 0040 0015 05f0 0157 0056 0015 0e4d
7	0000 006c 0022 0002 0156 00ac 0016 0016 0016 0016 0016 0040 0016 0016 0016 0016 0016 0016 0016 0016 0016 0040 0016 0040 0016 0040 0016 0016 0016 0040 0016 0040 0016 0040 0016 0040 0016 0016 0016 0016 0016 0016 0016 0040 0016 0016 0016 0040 0016 0016 0016 0040 0016 0016 0016 0040 0016 0040 0016 0016 0016 0040 0016 0016 0016 0040 0016 0016 0016 0040 0016 05f0 0156 0056 0016 0e4d
8	0000 006c 0022 0002 0156 00ac 0015 0015 0015 0015 0015 0040 0015 0015 0015 0015 0015 0015 0015 0015 0015 0040 0015 0040 0015 0040 0015 0015 0015 0040 0015 0040 0015 0040 0015 0040 0015 0015 0015 0040 0015 0015 0015 0040 0015 0015 0015 0040 0015 0015 0015 0040 0015 0015 0015 0015 0015 0040 0015 0015 0015 0040 0015 0015 0015 0040 0015 0015 0015 0040 0015 05f0 0156 0056 0015 0e4d
9	0000 006c 0022 0002 0157 00ab 0015 0015 0015 0015 0015 0040 0015 0015 0015 0015 0015 0015 0015 0015 0015 0040 0015 0040 0015 0040 0015 0015 0015 0040 0015 0040 0015 0040 0015 0040 0015 0015 0015 0015 0015 0040 0015 0040 0015 0015 0015 0040 0015 0015 0015 0040 0015 0015 0015 0040 0015 0015 0015 0015 0015 0040 0015 0015 0015 0040 0015 0015 0015 0040 0015 05f0 0157 0056 0015 0e4d
0	0000 006c 0022 0002 0157 00ab 0016 0016 0016 0016 0016 0040 0016 0016 0016 0016 0016 0016 0016 0016 0016 0040 0016 0040 0016 0040 0016 0016 0016 0040 0016 0040 0016 0040 0016 0040 0016 0016 0016 0040 0016 0016 0016 0016 0016 0040 0016 0040 0016 0016 0016 0040 0016 0016 0016 0016 0016 0040 0016 0040 0016 0016 0016 0016 0016 0040 0016 0016 0016 0040 0016 05f0 0157 0055 0016 0e4c
Ch+	0000 006c 0022 0002 0156 00ac 0016 0016 0016 0016 0016 0040 0016 0016 0016 0016 0016 0016 0016 0016 0016 0040 0016 0040 0016 0040 0016 0016 0016 0040 0016 0040 0016 0040 0016 0040 0016 0016 0016 0040 0016 0016 0016 0016 0016 0016 0016 0016 0016 0016 0016 0016 0016 0016 0016 0016 0016 0040 0016 0040 0016 0040 0016 0040 0016 0040 0016 0040 0016 0040 0016 05f1 0156 0056 0016 0e4d
Ch-	0000 006c 0022 0002 0156 00ac 0016 0016 0016 0016 0016 0040 0016 0016 0016 0016 0016 0016 0016 0016 0016 0040 0016 0040 0016 0040 0016 0016 0016 0040 0016 0040 0016 0040 0016 0040 0016 0016 0016 0016 0016 0040 0016 0016 0016 0016 0016 0040 0016 0016 0016 0016 0016 0016 0016 0040 0016 0016 0016 0040 0016 0040 0016 0016 0016 0040 0016 0040 0016 0040 0016 05f1 0156 0056 0016 0e4d
Vol+	0000 006c 0022 0002 0157 00ab 0016 0016 0016 0016 0016 0040 0016 0016 0016 0016 0016 0016 0016 0016 0016 0040 0016 0040 0016 0040 0016 0016 0016 0040 0016 0040 0016 0040 0016 0040 0016 0016 0016 0040 0016 0040 0016 0040 0016 0040 0016 0040 0016 0016 0016 0016 0016 0016 0016 0016 0016 0016 0016 0016 0016 0016 0016 0016 0016 0040 0016 0040 0016 0040 0016 05f0 0157 0055 0016 0e4c
Vol-	0000 006c 0022 0002 0157 00ab 0015 0015 0015 0015 0015 0040 0015 0015 0015 0015 0015 0015 0015 0015 0015 0040 0015 0040 0015 0040 0015 0015 0015 0040 0015 0040 0015 0040 0015 0040 0015 0015 0015 0040 0015 0040 0015 0040 0015 0015 0015 0040 0015 0015 0015 0040 0015 0015 0015 0015 0015 0015 0015 0015 0015 0040 0015 0015 0015 0040 0015 0015 0015 0040 0015 05f0 0157 0056 0015 0e4d
Sleep	0000 006c 0022 0002 0157 00ab 0016 0016 0016 0016 0016 0040 0016 0016 0016 0016 0016 0016 0016 0016 0016 0040 0016 0040 0016 0040 0016 0016 0016 0040 0016 0040 0016 0040 0016 0040 0016 0016 0016 0016 0016 0040 0016 0016 0016 0040 0016 0040 0016 0016 0016 0040 0016 0016 0016 0040 0016 0016 0016 0040 0016 0016 0016 0016 0016 0040 0016 0016 0016 0040 0016 05f0 0157 0055 0016 0e4c
Rtn	0000 006c 0022 0002 0157 00ab 0016 0016 0016 0016 0016 0040 0016 0016 0016 0016 0016 0016 0016 0016 0016 0040 0016 0040 0016 0040 0016 0016 0016 0040 0016 0040 0016 0040 0016 0040 0016 0016 0016 0040 0016 0040 0016 0040 0016 0016 0016 0040 0016 0016 0016 0016 0016 0016 0016 0016 0016 0016 0016 0016 0016 0040 0016 0016 0016 0040 0016 0040 0016 0040 0016 05f0 0157 0055 0016 0e4c
Mts	0000 006c 0022 0002 0157 00ab 0016 0016 0016 0016 0016 0040 0016 0016 0016 0016 0016 0016 0016 0016 0016 0040 0016 0040 0016 0040 0016 0016 0016 0040 0016 0040 0016 0040 0016 0040 0016 0016 0016 0016 0016 0016 0016 0040 0016 0040 0016 0016 0016 0016 0016 0016 0016 0016 0016 0040 0016 0040 0016 0016 0016 0016 0016 0040 0016 0040 0016 0040 0016 0040 0016 05f0 0157 0055 0016 0e4c
Prog	0000 006c 0022 0002 0157 00ab 0016 0016 0016 0016 0016 0040 0016 0016 0016 0016 0016 0016 0016 0016 0016 0040 0016 0040 0016 0040 0016 0016 0016 0040 0016 0040 0016 0040 0016 0040 0016 0016 0016 0040 0016 0016 0016 0040 0016 0040 0016 0016 0016 0016 0016 0016 0016 0016 0016 0016 0016 0040 0016 0016 0016 0016 0016 0040 0016 0040 0016 0040 0016 0040 0016 05f0 0157 0055 0016 0e4c
Era	0000 006c 0022 0002 0156 00ac 0016 0016 0016 0016 0016 0040 0016 0016 0016 0016 0016 0016 0016 0016 0016 0040 0016 0040 0016 0040 0016 0016 0016 0040 0016 0040 0016 0040 0016 0040 0016 0016 0016 0040 0016 0040 0016 0040 0016 0016 0016 0016 0016 0016 0016 0016 0016 0016 0016 0016 0016 0016 0016 0016 0016 0040 0016 0040 0016 0040 0016 0040 0016 0040 0016 05f1 0156 0056 0016 0e4d
Add	0000 006c 0022 0002 0156 00ac 0016 0016 0016 0016 0016 0040 0016 0016 0016 0016 0016 0016 0016 0016 0016 0040 0016 0040 0016 0040 0016 0016 0016 0040 0016 0040 0016 0040 0016 0040 0016 0016 0016 0016 0016 0040 0016 0040 0016 0016 0016 0016 0016 0016 0016 0016 0016 0016 0016 0040 0016 0016 0016 0016 0016 0040 0016 0040 0016 0040 0016 0040 0016 0040 0016 05f1 0156 0056 0016 0e4d
TV/Catv	0000 006c 0022 0002 0157 00ab 0016 0016 0016 0016 0016 0040 0016 0016 0016 0016 0016 0016 0016 0016 0016 0040 0016 0040 0016 0040 0016 0016 0016 0040 0016 0040 0016 0040 0016 0040 0016 0016 0016 0016 0016 0016 0016 0016 0016 0040 0016 0040 0016 0016 0016 0040 0016 0016 0016 0040 0016 0040 0016 0040 0016 0016 0016 0016 0016 0040 0016 0016 0016 0040 0016 05f0 0157 0055 0016 0e4c
Recall	0000 006c 0022 0002 0157 00ab 0015 0015 0015 0015 0015 0040 0015 0015 0015 0015 0015 0015 0015 0015 0015 0040 0015 0040 0015 0040 0015 0015 0015 0040 0015 0040 0015 0040 0015 0040 0015 0015 0015 0040 0015 0040 0015 0015 0015 0040 0015 0040 0015 0015 0015 0015 0015 0015 0015 0015 0015 0015 0015 0040 0015 0015 0015 0015 0015 0040 0015 0040 0015 0040 0015 05f0 0157 0056 0015 0e4d
Fine+	0000 006c 0022 0002 0157 00ab 0015 0015 0015 0015 0015 0040 0015 0015 0015 0015 0015 0015 0015 0015 0015 0040 0015 0040 0015 0040 0015 0015 0015 0040 0015 0040 0015 0040 0015 0040 0015 0015 0015 0040 0015 0040 0015 0015 0015 0040 0015 0040 0015 0015 0015 0040 0015 0015 0015 0015 0015 0015 0015 0040 0015 0015 0015 0015 0015 0040 0015 0015 0015 0040 0015 05f0 0157 0056 0015 0e4d
Fine-	0000 006c 0022 0002 0157 00ab 0016 0016 0016 0016 0016 0040 0016 0016 0016 0016 0016 0016 0016 0016 0016 0040 0016 0040 0016 0040 0016 0016 0016 0040 0016 0040 0016 0040 0016 0040 0016 0016 0016 0016 0016 0040 0016 0016 0016 0040 0016 0040 0016 0016 0016 0016 0016 0016 0016 0040 0016 0016 0016 0040 0016 0016 0016 0016 0016 0040 0016 0040 0016 0040 0016 05f0 0157 0055 0016 0e4c
100+	0000 006c 0022 0002 0156 00ac 0016 0016 0016 0016 0016 0040 0016 0016 0016 0016 0016 0016 0016 0016 0016 0040 0016 0040 0016 0040 0016 0016 0016 0040 0016 0040 0016 0040 0016 0040 0016 0016 0016 0016 0016 0016 0016 0016 0016 0040 0016 0040 0016 0016 0016 0016 0016 0016 0016 0040 0016 0040 0016 0040 0016 0016 0016 0016 0016 0040 0016 0040 0016 0040 0016 05f1 0156 0056 0016 0e4d
