Power	0000 006B 0000 0002 0000 005C 0000 0017 0000 0017 0000 0045 0000 0045 0000 0017 0000 0017 0000 0017 0000 0017 0000 0045 0000 0045 0000 0045 0000 0017 0000 0017 0000 0045 0000 0045 0000 0045 0000 0017 0000 0017 0000 0017 0000 0045 0000 0017 0000 0017 0000 0017 0000 0017 0000 0045 0000 0045 0000 0045 0000 0017 0000 0045 0000 0045 0000 0045 0000 0045 0000 0657 0000 00B8 0000 0EA3
Auto	0000 006B 0000 0002 0000 005C 0000 0017 0000 0017 0000 0045 0000 0045 0000 0017 0000 0017 0000 0017 0000 0017 0000 0045 0000 0045 0000 0045 0000 0017 0000 0017 0000 0045 0000 0045 0000 0045 0000 0017 0000 0017 0000 0045 0000 0045 0000 0017 0000 0017 0000 0017 0000 0017 0000 0045 0000 0045 0000 0017 0000 0017 0000 0045 0000 0045 0000 0045 0000 0045 0000 0657 0000 00B8 0000 0EA3
Expand	0000 006B 0000 0002 0000 005C 0000 0017 0000 0017 0000 0045 0000 0045 0000 0017 0000 0017 0000 0017 0000 0017 0000 0045 0000 0045 0000 0045 0000 0017 0000 0017 0000 0045 0000 0045 0000 0045 0000 0045 0000 0017 0000 0045 0000 0017 0000 0017 0000 0017 0000 0017 0000 0017 0000 0017 0000 0045 0000 0017 0000 0045 0000 0045 0000 0045 0000 0045 0000 0045 0000 0657 0000 00B8 0000 0EA2
WS/PC	0000 006B 0000 0002 0000 005C 0000 0017 0000 0017 0000 0045 0000 0045 0000 0017 0000 0017 0000 0017 0000 0017 0000 0045 0000 0045 0000 0045 0000 0017 0000 0017 0000 0045 0000 0045 0000 0045 0000 0017 0000 0017 0000 0045 0000 0017 0000 0017 0000 0017 0000 0017 0000 0017 0000 0045 0000 0045 0000 0017 0000 0045 0000 0045 0000 0045 0000 0045 0000 0045 0000 0657 0000 00B8 0000 0EA3
S-Video	0000 006B 0000 0002 0000 005C 0000 0017 0000 0017 0000 0045 0000 0045 0000 0017 0000 0017 0000 0017 0000 0017 0000 0045 0000 0045 0000 0045 0000 0017 0000 0017 0000 0045 0000 0045 0000 0045 0000 0017 0000 0045 0000 0045 0000 0017 0000 0017 0000 0017 0000 0045 0000 0045 0000 0045 0000 0017 0000 0017 0000 0045 0000 0045 0000 0045 0000 0017 0000 0017 0000 0657 0000 00B8 0000 0EA3
C-Video	0000 006B 0000 0002 0000 005C 0000 0017 0000 0017 0000 0045 0000 0045 0000 0017 0000 0017 0000 0017 0000 0017 0000 0045 0000 0045 0000 0045 0000 0017 0000 0017 0000 0045 0000 0045 0000 0045 0000 0045 0000 0045 0000 0017 0000 0017 0000 0017 0000 0017 0000 0017 0000 0017 0000 0017 0000 0017 0000 0045 0000 0045 0000 0045 0000 0045 0000 0045 0000 0045 0000 0658 0000 00B8 0000 0EA4
Track	0000 006B 0000 0002 0000 005C 0000 0017 0000 0017 0000 0045 0000 0045 0000 0017 0000 0017 0000 0017 0000 0017 0000 0045 0000 0045 0000 0045 0000 0017 0000 0017 0000 0045 0000 0045 0000 0045 0000 0017 0000 0045 0000 0017 0000 0045 0000 0017 0000 0017 0000 0017 0000 0045 0000 0045 0000 0017 0000 0045 0000 0017 0000 0045 0000 0045 0000 0045 0000 0017 0000 0657 0000 00B8 0000 0EA2
Phase	0000 006B 0000 0002 0000 005C 0000 0017 0000 0017 0000 0045 0000 0045 0000 0017 0000 0017 0000 0017 0000 0017 0000 0045 0000 0045 0000 0045 0000 0017 0000 0017 0000 0045 0000 0045 0000 0045 0000 0045 0000 0017 0000 0017 0000 0045 0000 0017 0000 0017 0000 0045 0000 0017 0000 0017 0000 0045 0000 0045 0000 0017 0000 0045 0000 0045 0000 0017 0000 0045 0000 0657 0000 00B8 0000 0EA3
Bright	0000 006B 0000 0002 0000 005C 0000 0017 0000 0017 0000 0045 0000 0045 0000 0017 0000 0017 0000 0017 0000 0017 0000 0045 0000 0045 0000 0045 0000 0017 0000 0017 0000 0045 0000 0045 0000 0045 0000 0045 0000 0045 0000 0017 0000 0045 0000 0017 0000 0017 0000 0017 0000 0017 0000 0017 0000 0017 0000 0045 0000 0017 0000 0045 0000 0045 0000 0045 0000 0045 0000 0657 0000 00B8 0000 0EA3
Menu	0000 006B 0000 0002 0000 005C 0000 0017 0000 0017 0000 0045 0000 0045 0000 0017 0000 0017 0000 0017 0000 0017 0000 0045 0000 0045 0000 0045 0000 0017 0000 0017 0000 0045 0000 0045 0000 0045 0000 0017 0000 0045 0000 0045 0000 0017 0000 0017 0000 0017 0000 0045 0000 0017 0000 0045 0000 0017 0000 0017 0000 0045 0000 0045 0000 0045 0000 0017 0000 0045 0000 0657 0000 00B8 0000 0EA3
Click1	0000 006B 0000 0001 0000 0017 0000 002E 0000 0017
Click2	0000 006B 0000 0012 0000 002E 0000 0017 0000 0017 0000 0017 0000 0017 0000 0017 0000 0017 0000 0017 0000 0017 0000 0017 0000 0017 0000 0017 0000 0017 0000 0017 0000 0002 0000 0017 0000 0017 0000 11A9
Click3	0000 006B 0000 0010 0000 002E 0000 0017 0000 0017 0000 0017 0000 0017 0000 0017 0000 0017 0000 0017 0000 002E 0000 0017 0000 0017 0000 0017 0000 0017 0000 0017 0000 0017 0000 11A9
ZM+	0000 006B 0000 0002 0000 005C 0000 0017 0000 0017 0000 0045 0000 0045 0000 0017 0000 0017 0000 0017 0000 0017 0000 0045 0000 0045 0000 0045 0000 0017 0000 0017 0000 0045 0000 0045 0000 0045 0000 0045 0000 0017 0000 0017 0000 0045 0000 0017 0000 0017 0000 0017 0000 0017 0000 0017 0000 0045 0000 0045 0000 0017 0000 0045 0000 0045 0000 0045 0000 0045 0000 0657 0000 00B8 0000 0EA3
ZM-	0000 006B 0000 0002 0000 005C 0000 0017 0000 0017 0000 0045 0000 0045 0000 0017 0000 0017 0000 0017 0000 0017 0000 0045 0000 0045 0000 0045 0000 0017 0000 0017 0000 0045 0000 0045 0000 0045 0000 0045 0000 0045 0000 0017 0000 0045 0000 0017 0000 0017 0000 0045 0000 0017 0000 0017 0000 0017 0000 0045 0000 0017 0000 0045 0000 0045 0000 0017 0000 0045 0000 0657 0000 00B8 0000 0EA3
Up	0000 006B 0000 0002 0000 005C 0000 0017 0000 0017 0000 0045 0000 0045 0000 0017 0000 0017 0000 0017 0000 0017 0000 0045 0000 0045 0000 0045 0000 0017 0000 0017 0000 0045 0000 0045 0000 0045 0000 0017 0000 0045 0000 0045 0000 0045 0000 0045 0000 0017 0000 0045 0000 0017 0000 0045 0000 0017 0000 0017 0000 0017 0000 0017 0000 0045 0000 0017 0000 0045 0000 0657 0000 00B8 0000 0EA3
Down	0000 006B 0000 0002 0000 005C 0000 0017 0000 0017 0000 0045 0000 0045 0000 0017 0000 0017 0000 0017 0000 0017 0000 0045 0000 0045 0000 0045 0000 0017 0000 0017 0000 0045 0000 0045 0000 0045 0000 0045 0000 0045 0000 0045 0000 0045 0000 0045 0000 0017 0000 0045 0000 0017 0000 0017 0000 0017 0000 0017 0000 0017 0000 0017 0000 0045 0000 0017 0000 0045 0000 0656 0000 00B8 0000 0EA2
Left	0000 006B 0000 0002 0000 005C 0000 0017 0000 0017 0000 0045 0000 0045 0000 0017 0000 0017 0000 0017 0000 0017 0000 0045 0000 0045 0000 0045 0000 0017 0000 0017 0000 0045 0000 0045 0000 0045 0000 0045 0000 0017 0000 0045 0000 0045 0000 0045 0000 0017 0000 0045 0000 0017 0000 0017 0000 0045 0000 0017 0000 0017 0000 0017 0000 0045 0000 0017 0000 0045 0000 0657 0000 00B8 0000 0EA3
Right	0000 006B 0000 0002 0000 005C 0000 0017 0000 0017 0000 0045 0000 0045 0000 0017 0000 0017 0000 0017 0000 0017 0000 0045 0000 0045 0000 0045 0000 0017 0000 0017 0000 0045 0000 0045 0000 0045 0000 0017 0000 0017 0000 0045 0000 0045 0000 0045 0000 0017 0000 0045 0000 0017 0000 0045 0000 0045 0000 0017 0000 0017 0000 0017 0000 0045 0000 0017 0000 0045 0000 0658 0000 00B8 0000 0EA4
Enter	0000 006B 0000 0002 0000 005C 0000 0017 0000 0017 0000 0045 0000 0045 0000 0017 0000 0017 0000 0017 0000 0017 0000 0045 0000 0045 0000 0045 0000 0017 0000 0017 0000 0045 0000 0045 0000 0045 0000 0017 0000 0045 0000 0017 0000 0045 0000 0017 0000 0017 0000 0017 0000 0017 0000 0045 0000 0017 0000 0045 0000 0017 0000 0045 0000 0045 0000 0045 0000 0045 0000 0657 0000 00B8 0000 0EA3
Point	0000 006B 0000 0002 0000 005C 0000 0017 0000 0017 0000 0045 0000 0045 0000 0017 0000 0017 0000 0017 0000 0017 0000 0045 0000 0045 0000 0045 0000 0017 0000 0017 0000 0045 0000 0045 0000 0045 0000 0045 0000 0017 0000 0045 0000 0017 0000 0017 0000 0017 0000 0045 0000 0017 0000 0017 0000 0045 0000 0017 0000 0045 0000 0045 0000 0045 0000 0017 0000 0045 0000 0658 0000 00B8 0000 0EA4
Mask	0000 006B 0000 0002 0000 005C 0000 0017 0000 0017 0000 0045 0000 0045 0000 0017 0000 0017 0000 0017 0000 0017 0000 0045 0000 0045 0000 0045 0000 0017 0000 0017 0000 0045 0000 0045 0000 0045 0000 0045 0000 0045 0000 0045 0000 0017 0000 0017 0000 0017 0000 0045 0000 0017 0000 0017 0000 0017 0000 0017 0000 0045 0000 0045 0000 0045 0000 0017 0000 0045 0000 0657 0000 00B8 0000 0EA2
Clear	0000 006B 0000 0002 0000 005C 0000 0017 0000 0017 0000 0045 0000 0045 0000 0017 0000 0017 0000 0017 0000 0017 0000 0045 0000 0045 0000 0045 0000 0017 0000 0017 0000 0045 0000 0045 0000 0045 0000 0045 0000 0017 0000 0045 0000 0017 0000 0017 0000 0045 0000 0017 0000 0017 0000 0017 0000 0045 0000 0017 0000 0045 0000 0045 0000 0017 0000 0045 0000 0045 0000 0657 0000 00B8 0000 0EA3
Volume	0000 006B 0000 0002 0000 005C 0000 0017 0000 0017 0000 0045 0000 0045 0000 0017 0000 0017 0000 0017 0000 0017 0000 0045 0000 0045 0000 0045 0000 0017 0000 0017 0000 0045 0000 0045 0000 0045 0000 0017 0000 0017 0000 0017 0000 0045 0000 0017 0000 0017 0000 0045 0000 0017 0000 0045 0000 0045 0000 0045 0000 0017 0000 0045 0000 0045 0000 0017 0000 0045 0000 0657 0000 00B8 0000 0EA3
Mute	0000 006B 0000 0002 0000 005C 0000 0017 0000 0017 0000 0045 0000 0045 0000 0017 0000 0017 0000 0017 0000 0017 0000 0045 0000 0045 0000 0045 0000 0017 0000 0017 0000 0045 0000 0045 0000 0045 0000 0017 0000 0017 0000 0045 0000 0045 0000 0017 0000 0017 0000 0045 0000 0017 0000 0045 0000 0045 0000 0017 0000 0017 0000 0045 0000 0045 0000 0017 0000 0045 0000 0657 0000 00B8 0000 0EA3
