Select	0000 0066 0000 000A 0000 0023 0000 0013 0000 0013 0000 000B 0000 000B 0000 000B 0000 000B 0000 0013 0000 0013 0000 0183
Double Click	0000 0066 0000 0050 0000 0023 0000 0013 0000 000B 0000 000B 0000 0013 0000 000B 0000 000B 0000 000B 0000 000B 0000 0161 0000 0023 0000 0013 0000 0013 0000 0013 0000 000B 0000 000B 0000 0013 0000 0013 0000 0013 0000 0160 0000 0023 0000 0013 0000 000B 0000 000B 0000 0013 0000 000B 0000 000B 0000 000B 0000 000B 0000 0161 0000 0023 0000 0013 0000 0013 0000 0013 0000 000B 0000 000B 0000 0013 0000 0013 0000 0013 0000 1290 0000 0023 0000 0013 0000 000B 0000 000B 0000 0013 0000 000B 0000 000B 0000 000B 0000 000B 0000 0161 0000 0023 0000 000B 0000 0013 0000 0013 0000 000B 0000 000B 0000 000B 0000 000B 0000 000B 0000 015F 0000 0023 0000 0013 0000 000B 0000 000B 0000 0013 0000 000B 0000 000B 0000 000B 0000 000B 0000 015F 0000 0023 0000 000B 0000 0013 0000 0013 0000 000B 0000 000B 0000 000B 0000 000B 0000 000B 0000 12AC
Cancel	0000 0066 0000 000A 0000 0023 0000 000B 0000 000B 0000 000B 0000 000B 0000 000B 0000 000B 0000 0013 0000 0013 0000 0184
Power	0000 0066 0000 0014 0000 0023 0000 0013 0000 000B 0000 000B 0000 0013 0000 000B 0000 0013 0000 0013 0000 000B 0000 0160 0000 0023 0000 000B 0000 0013 0000 0013 0000 000B 0000 0013 0000 000B 0000 000B 0000 0013 0000 0160
Input Cycle	0000 0066 0000 0014 0000 0023 0000 0013 0000 000B 0000 000B 0000 0013 0000 000B 0000 0013 0000 000B 0000 0013 0000 0160 0000 0023 0000 000B 0000 0013 0000 0013 0000 000B 0000 0013 0000 000B 0000 0013 0000 000B 0000 015F
Up	0000 0066 0000 0014 0000 0023 0000 000B 0000 000B 0000 000B 0000 0013 0000 0013 0000 000B 0000 0013 0000 0013 0000 0160 0000 0023 0000 0013 0000 0013 0000 0013 0000 000B 0000 000B 0000 0013 0000 000B 0000 000B 0000 0160
Down	0000 0066 0000 0014 0000 0023 0000 000B 0000 000B 0000 000B 0000 0013 0000 0013 0000 000B 0000 000B 0000 000B 0000 0160 0000 0023 0000 0013 0000 0013 0000 0013 0000 000B 0000 000B 0000 0013 0000 0013 0000 0013 0000 0160
Left	0000 0066 0000 0014 0000 0023 0000 000B 0000 000B 0000 000B 0000 0013 0000 0013 0000 0013 0000 000B 0000 0013 0000 0160 0000 0023 0000 0013 0000 0013 0000 0013 0000 000B 0000 000B 0000 000B 0000 0013 0000 000B 0000 0160
Right	0000 0066 0000 0014 0000 0023 0000 000B 0000 000B 0000 000B 0000 0013 0000 0013 0000 000B 0000 0013 0000 0013 0000 0160 0000 0023 0000 0013 0000 0013 0000 0013 0000 000B 0000 000B 0000 0013 0000 000B 0000 000B 0000 0160
Menu	0000 0066 0000 0014 0000 0023 0000 000B 0000 000B 0000 000B 0000 0013 0000 000B 0000 0013 0000 0013 0000 0013 0000 015F 0000 0023 0000 0013 0000 0013 0000 0013 0000 000B 0000 0013 0000 000B 0000 000B 0000 000B 0000 0160
Focus/Zoom	0000 0066 0000 0014 0000 0023 0000 0013 0000 000B 0000 000B 0000 0013 0000 0013 0000 0013 0000 000B 0000 000B 0000 0160 0000 0023 0000 000B 0000 0013 0000 0013 0000 000B 0000 000B 0000 000B 0000 0013 0000 0013 0000 0160
Enter	0000 0066 0000 0014 0000 0023 0000 000B 0000 000B 0000 000B 0000 0013 0000 000B 0000 000B 0000 0013 0000 000B 0000 015F 0000 0023 0000 0013 0000 0013 0000 0013 0000 000B 0000 0013 0000 0013 0000 000B 0000 0013 0000 015F
Expand	0000 0066 0000 0014 0000 0023 0000 0013 0000 000B 0000 000B 0000 0013 0000 000B 0000 000B 0000 000B 0000 000B 0000 015F 0000 0023 0000 000B 0000 0013 0000 0013 0000 000B 0000 0013 0000 0013 0000 0013 0000 0013 0000 0160
Native	0000 0066 0000 0014 0000 0023 0000 000B 0000 000B 0000 000B 0000 0013 0000 0013 0000 000B 0000 000B 0000 000B 0000 015F 0000 0023 0000 0013 0000 0013 0000 0013 0000 000B 0000 000B 0000 0013 0000 0013 0000 0013 0000 0160
Pinp	0000 0066 0000 0014 0000 0023 0000 000B 0000 000B 0000 000B 0000 0013 0000 000B 0000 0013 0000 000B 0000 000B 0000 015F 0000 0023 0000 0013 0000 0013 0000 0013 0000 000B 0000 0013 0000 000B 0000 0013 0000 0013 0000 015F
Capture	0000 0066 0000 0014 0000 0023 0000 0013 0000 000B 0000 000B 0000 0013 0000 0013 0000 0013 0000 000B 0000 000B 0000 015F 0000 0023 0000 000B 0000 0013 0000 0013 0000 000B 0000 000B 0000 000B 0000 0013 0000 0013 0000 0160
+	0000 0066 0000 0014 0000 0023 0000 000B 0000 000B 0000 000B 0000 0013 0000 000B 0000 0013 0000 000B 0000 000B 0000 015F 0000 0023 0000 0013 0000 0013 0000 0013 0000 000B 0000 0013 0000 000B 0000 0013 0000 0013 0000 0160
-	0000 0066 0000 0014 0000 0023 0000 0013 0000 000B 0000 000B 0000 0013 0000 0013 0000 0013 0000 000B 0000 000B 0000 0160 0000 0023 0000 000B 0000 0013 0000 0013 0000 000B 0000 000B 0000 000B 0000 0013 0000 0013 0000 0160
Icon	0000 0066 0000 0014 0000 0023 0000 0013 0000 000B 0000 000B 0000 0013 0000 000B 0000 000B 0000 000B 0000 000B 0000 015F 0000 0023 0000 000B 0000 0013 0000 0013 0000 000B 0000 0013 0000 0013 0000 0013 0000 0013 0000 0160
Auto	0000 0066 0000 0014 0000 0023 0000 000B 0000 000B 0000 000B 0000 0013 0000 0013 0000 000B 0000 000B 0000 000B 0000 015F 0000 0023 0000 0013 0000 0013 0000 0013 0000 000B 0000 000B 0000 0013 0000 0013 0000 0013 0000 0160
Cursor	0000 0066 0000 0014 0000 0023 0000 0013 0000 000B 0000 000B 0000 0013 0000 000B 0000 000B 0000 000B 0000 000B 0000 015F 0000 0023 0000 000B 0000 0013 0000 0013 0000 000B 0000 0013 0000 0013 0000 0013 0000 0013 0000 0160
