Input 1	0000 0069 0000 0012 0038 0008 0038 0008 0038 0008 0038 0008 0038 0008 0038 0008 0038 0008 0038 0008 0008 0038 0008 0038 0008 0038 0008 0038 0008 0038 0008 0038 0008 0038 0008 0038 0008 0038 0008 01ba
Input 2	0000 0069 0000 0012 0038 0008 0038 0008 0038 0008 0038 0008 0038 0008 0038 0008 0038 0008 0038 0008 0008 0038 0008 0038 0008 0038 0008 0038 0008 0038 0008 0038 0008 0038 0008 0038 0038 0008 0038 018a
Input 3	0000 0069 0000 0012 0038 0008 0038 0008 0038 0008 0038 0008 0038 0008 0038 0008 0038 0008 0038 0008 0008 0038 0008 0038 0008 0038 0008 0038 0008 0038 0008 0038 0038 0008 0038 0008 0008 0038 0008 01ba
Input 4	0000 0069 0000 0012 0038 0008 0038 0008 0038 0008 0038 0008 0038 0008 0038 0008 0038 0008 0038 0008 0008 0038 0008 0038 0008 0038 0008 0038 0008 0038 0008 0038 0038 0008 0038 0008 0038 0008 0038 018a
Input 5	0000 0069 0000 0012 0038 0008 0038 0008 0038 0008 0038 0008 0038 0008 0038 0008 0038 0008 0038 0008 0008 0038 0008 0038 0008 0038 0008 0038 0038 0008 0038 0008 0008 0038 0008 0038 0008 0038 0008 01ba
Input 6	0000 0069 0000 0012 0038 0008 0038 0008 0038 0008 0038 0008 0038 0008 0038 0008 0038 0008 0038 0008 0008 0038 0008 0038 0008 0038 0008 0038 0038 0008 0038 0008 0008 0038 0008 0038 0038 0008 0038 018a
Input 7	0000 0069 0000 0012 0038 0008 0038 0008 0038 0008 0038 0008 0038 0008 0038 0008 0038 0008 0038 0008 0008 0038 0008 0038 0008 0038 0008 0038 0038 0008 0038 0008 0038 0008 0038 0008 0008 0038 0008 01ba
Input 8	0000 0069 0000 0012 0038 0008 0038 0008 0038 0008 0038 0008 0038 0008 0038 0008 0038 0008 0038 0008 0008 0038 0008 0038 0008 0038 0008 0038 0038 0008 0038 0008 0038 0008 0038 0008 0038 0008 0038 018a
Input 9	0000 0069 0000 0012 0038 0008 0038 0008 0038 0008 0038 0008 0038 0008 0038 0008 0038 0008 0038 0008 0008 0038 0008 0038 0038 0008 0038 0008 0008 0038 0008 0038 0008 0038 0008 0038 0008 0038 0008 01ba
Input 10	0000 0069 0000 0012 0038 0008 0038 0008 0038 0008 0038 0008 0038 0008 0038 0008 0038 0008 0038 0008 0008 0038 0008 0038 0038 0008 0038 0008 0008 0038 0008 0038 0008 0038 0008 0038 0038 0008 0038 018a
Input 11	0000 0069 0000 0012 0038 0008 0038 0008 0038 0008 0038 0008 0038 0008 0038 0008 0038 0008 0038 0008 0008 0038 0008 0038 0038 0008 0038 0008 0008 0038 0008 0038 0038 0008 0038 0008 0008 0038 0008 01ba
Input 12	0000 0069 0000 0012 0038 0008 0038 0008 0038 0008 0038 0008 0038 0008 0038 0008 0038 0008 0038 0008 0008 0038 0008 0038 0038 0008 0038 0008 0008 0038 0008 0038 0038 0008 0038 0008 0038 0008 0038 018a
Input 13	0000 0069 0000 0012 0038 0008 0038 0008 0038 0008 0038 0008 0038 0008 0038 0008 0038 0008 0038 0008 0008 0038 0008 0038 0038 0008 0038 0008 0038 0008 0038 0008 0008 0038 0008 0038 0008 0038 0008 01ba
Input 14	0000 0069 0000 0012 0038 0008 0038 0008 0038 0008 0038 0008 0038 0008 0038 0008 0038 0008 0038 0008 0008 0038 0008 0038 0038 0008 0038 0008 0038 0008 0038 0008 0008 0038 0008 0038 0038 0008 0038 018a
Input 15	0000 0069 0000 0012 0038 0008 0038 0008 0038 0008 0038 0008 0038 0008 0038 0008 0038 0008 0038 0008 0008 0038 0008 0038 0038 0008 0038 0008 0038 0008 0038 0008 0038 0008 0038 0008 0008 0038 0008 01ba
Input 16	0000 0069 0000 0012 0038 0008 0038 0008 0038 0008 0038 0008 0038 0008 0038 0008 0038 0008 0038 0008 0008 0038 0008 0038 0038 0008 0038 0008 0038 0008 0038 0008 0038 0008 0038 0008 0038 0008 0038 018a
