Power	0000 0067 0000 0022 0155 00ab 0015 0015 0016 0015 0016 0015 0015 0040 0016 0015 0015 0040 0016 0015 0015 0040 0016 003f 0016 0040 0015 0040 0016 0015 0015 0040 0016 0015 0015 0040 0016 0015 0015 0015 0016 0015 0016 003f 0016 0040 0015 0040 0016 0015 0015 0015 0016 0015 0016 0040 0016 0040 0015 0015 0016 0015 0016 0015 0015 0040 0016 003f 0016 0040 0015 03fb
Stop	0000 0067 0000 0022 0156 00aa 0016 0015 0016 0015 0015 0015 0016 0040 0015 0015 0016 0040 0015 0015 0016 0040 0015 0040 0016 0040 0016 0040 0015 0015 0016 0040 0015 0015 0016 0040 0015 0015 0016 0015 0016 0040 0016 0040 0015 0015 0016 0040 0015 0015 0016 0015 0016 0015 0015 0040 0016 0015 0015 0015 0016 0040 0015 0015 0016 0040 0015 0040 0016 003f 0016 03fa
Side A	0000 0067 0000 0022 0156 00aa 0016 0015 0016 0015 0015 0015 0016 0040 0015 0015 0016 0040 0015 0015 0016 0040 0015 0040 0016 003f 0016 0040 0015 0015 0016 0040 0015 0015 0016 0040 0015 0015 0016 0040 0015 0015 0016 0040 0015 0040 0016 0015 0015 0015 0016 0040 0015 0015 0016 0015 0016 003f 0016 0015 0016 0015 0015 0040 0016 003f 0016 0015 0016 003f 0016 03fa
Side B	0000 0067 0000 0022 0156 00aa 0016 0015 0015 0015 0016 0015 0016 003f 0016 0015 0016 003f 0016 0015 0016 003f 0016 0040 0015 0040 0016 003f 0016 0015 0016 003f 0016 0015 0016 003f 0016 0015 0016 0015 0015 0040 0016 003f 0016 0040 0015 0015 0016 0015 0016 003f 0016 0015 0016 003f 0016 0015 0016 0015 0015 0015 0016 0040 0015 0040 0016 0015 0015 0040 0016 03fb
D-Level Control	0000 0067 0000 0022 0156 00aa 0016 0015 0015 0015 0016 0015 0016 003f 0016 0015 0016 003f 0016 0015 0016 003f 0016 0040 0015 0040 0016 003f 0016 0015 0016 003f 0016 0015 0016 003f 0016 0015 0016 003f 0016 0040 0015 0040 0016 0015 0015 0040 0016 003f 0016 0015 0016 0015 0015 0015 0016 0015 0016 0015 0015 0040 0016 0015 0015 0015 0016 0040 0015 0040 0016 03fb
D/A /CX	0000 0067 0000 0022 0155 00ab 0015 0015 0016 0015 0016 0015 0015 0040 0016 0015 0015 0040 0016 0015 0015 0040 0016 003f 0016 0040 0015 0040 0016 0015 0015 0040 0016 0015 0015 0040 0016 0015 0015 0015 0016 0015 0016 003f 0016 0040 0015 0015 0016 0015 0016 0015 0015 0015 0016 0040 0015 0040 0016 0015 0015 0015 0016 0040 0015 0040 0016 003f 0016 0040 0015 03fb
Pause	0000 0067 0000 0022 0156 00aa 0016 0015 0015 0015 0016 0015 0016 003f 0016 0015 0016 003f 0016 0015 0016 003f 0016 0040 0015 0040 0016 003f 0016 0015 0016 003f 0016 0015 0016 003f 0016 0015 0016 0015 0015 0015 0016 0015 0016 003f 0016 0040 0015 0015 0016 0015 0016 0015 0015 0040 0016 003f 0016 0040 0015 0015 0016 0015 0016 003f 0016 0040 0015 0040 0016 03fb
Down	0000 0067 0000 0022 0155 00ab 0015 0015 0016 0015 0016 0015 0015 0040 0016 0015 0015 0040 0016 0015 0015 0040 0016 003f 0016 0040 0015 0040 0016 0015 0015 0040 0016 0015 0015 0040 0016 0015 0015 0015 0016 0040 0015 0040 0016 0015 0015 0015 0016 0015 0016 003f 0016 0015 0016 003f 0016 0015 0016 0015 0015 0040 0016 003f 0016 0040 0015 0015 0016 0040 0015 03fb
Up	0000 0067 0000 0022 0156 00aa 0016 0015 0016 0015 0015 0015 0016 0040 0015 0015 0016 0040 0015 0015 0016 0040 0015 0040 0016 003f 0016 0040 0015 0015 0016 0040 0015 0015 0016 0040 0015 0015 0016 0040 0015 0040 0016 003f 0016 0015 0016 0015 0015 0015 0016 0040 0015 0015 0016 0015 0016 0015 0015 0015 0016 0040 0015 0040 0016 003f 0016 0015 0016 003f 0016 03fa
R Step	0000 0067 0000 0022 0156 00aa 0016 0015 0015 0015 0016 0015 0016 003f 0016 0015 0016 003f 0016 0015 0016 003f 0016 0040 0015 0040 0016 003f 0016 0015 0016 003f 0016 0015 0016 003f 0016 0015 0016 0015 0015 0015 0016 0015 0016 0015 0015 0040 0016 0015 0015 0040 0016 0015 0015 0040 0016 003f 0016 0040 0015 0040 0016 0015 0015 0040 0016 0015 0015 0040 0016 03fb
F Step	0000 0067 0000 0022 0155 00ab 0015 0015 0016 0015 0016 0015 0015 0040 0016 0015 0015 0040 0016 0015 0015 0040 0016 003f 0016 0040 0015 0040 0016 0015 0015 0040 0016 0015 0015 0040 0016 0015 0015 0015 0016 0015 0016 003f 0016 0015 0016 003f 0016 0015 0016 003f 0016 0015 0016 003f 0016 0040 0015 0015 0016 0040 0015 0015 0016 0040 0015 0015 0016 0040 0015 03fb
Multi Speed-	0000 0067 0000 0022 0155 00ab 0015 0015 0016 0015 0016 0015 0015 0040 0016 0015 0015 0040 0016 0015 0015 0040 0016 003f 0016 0040 0015 0040 0016 0015 0015 0040 0016 0015 0015 0040 0016 0015 0015 0040 0016 0015 0015 0040 0016 0015 0015 0040 0016 0015 0015 0040 0016 0015 0015 0015 0016 0040 0015 0015 0016 0040 0015 0015 0016 0040 0015 0015 0016 0040 0015 03fb
Multi Speed+	0000 0067 0000 0022 0155 00ab 0015 0015 0016 0015 0016 0015 0015 0040 0016 0015 0015 0040 0016 0015 0015 0040 0016 003f 0016 0040 0015 0040 0016 0015 0015 0040 0016 0015 0015 0040 0016 0015 0015 0015 0016 0015 0016 0015 0015 0040 0016 003f 0016 0015 0016 003f 0016 0015 0016 003f 0016 0040 0015 0040 0016 0015 0015 0015 0016 0040 0015 0015 0016 0040 0015 03fb
R Chap	0000 0067 0000 0022 0156 00aa 0016 0015 0016 0015 0015 0015 0016 0040 0015 0015 0016 0040 0015 0015 0016 0040 0015 0040 0016 003f 0016 0040 0015 0015 0016 0040 0015 0015 0016 0040 0015 0015 0016 0040 0015 0040 0016 0015 0015 0015 0016 0040 0015 0015 0016 0040 0015 0015 0016 0015 0016 0015 0015 0040 0016 003f 0016 0015 0016 003f 0016 0015 0016 003f 0016 03fa
F Chap	0000 0067 0000 0022 0156 00aa 0016 0015 0015 0015 0016 0015 0016 003f 0016 0015 0016 003f 0016 0015 0016 003f 0016 0040 0015 0040 0016 003f 0016 0015 0016 003f 0016 0015 0016 003f 0016 0015 0016 0015 0015 0040 0016 0015 0015 0015 0016 0040 0015 0015 0016 0040 0015 0015 0016 0040 0015 0015 0016 0040 0015 0040 0016 0015 0015 0040 0016 0015 0015 0040 0016 03fb
R Srch	0000 0067 0000 0022 0155 00ab 0015 0015 0016 0015 0016 0015 0015 0040 0016 0015 0015 0040 0016 0015 0015 0040 0016 003f 0016 0040 0015 0040 0016 0015 0015 0040 0016 0015 0015 0040 0016 0015 0015 0040 0016 0015 0015 0015 0016 0015 0016 003f 0016 0015 0016 0015 0015 0015 0016 0015 0016 003f 0016 0040 0015 0040 0016 0015 0015 0040 0016 003f 0016 0040 0015 03fb
F Srch	0000 0067 0000 0022 0156 00aa 0016 0015 0016 0015 0015 0015 0016 0040 0015 0015 0016 0040 0015 0015 0016 0040 0015 0040 0016 003f 0016 0040 0015 0015 0016 0040 0015 0015 0016 0040 0015 0015 0016 0015 0016 0015 0015 0015 0016 0015 0016 003f 0016 0015 0016 0015 0015 0015 0016 0040 0015 0040 0016 003f 0016 0040 0015 0015 0016 0040 0015 0040 0016 003f 0016 03fa
Play	0000 0067 0000 0022 0156 00aa 0016 0015 0016 0015 0015 0015 0016 0040 0015 0015 0016 0040 0015 0015 0016 0040 0015 0040 0016 003f 0016 0040 0015 0015 0016 0040 0015 0015 0016 0040 0015 0015 0016 0040 0015 0040 0016 003f 0016 0015 0016 003f 0016 0015 0016 0015 0015 0015 0016 0015 0016 0015 0015 0015 0016 0040 0015 0015 0016 0040 0015 0040 0016 003f 0016 03fa
1	0000 0067 0000 0022 0156 00aa 0016 0015 0016 0015 0015 0015 0016 0040 0015 0015 0016 0040 0015 0015 0016 0040 0015 0040 0016 003f 0016 0040 0015 0015 0016 0040 0015 0015 0016 0040 0015 0015 0016 0040 0015 0015 0016 0015 0016 0015 0015 0015 0016 0015 0016 0015 0015 0015 0016 0015 0016 003f 0016 0040 0015 0040 0016 003f 0016 0040 0015 0040 0016 003f 0016 03fa
2	0000 0067 0000 0022 0156 00aa 0016 0015 0015 0015 0016 0015 0016 003f 0016 0015 0016 003f 0016 0015 0016 003f 0016 0040 0015 0040 0016 003f 0016 0015 0016 003f 0016 0015 0016 003f 0016 0015 0016 0015 0015 0040 0016 0015 0015 0015 0016 0015 0016 0015 0015 0015 0016 0015 0016 003f 0016 0015 0016 003f 0016 0040 0015 0040 0016 003f 0016 0040 0015 0040 0016 03fb
3	0000 0067 0000 0022 0155 00ab 0015 0015 0016 0015 0016 0015 0015 0040 0016 0015 0015 0040 0016 0015 0015 0040 0016 003f 0016 0040 0015 0040 0016 0015 0015 0040 0016 0015 0015 0040 0016 0015 0015 0040 0016 003f 0016 0015 0016 0015 0015 0015 0016 0015 0016 0015 0015 0015 0016 0015 0016 0015 0015 0040 0016 003f 0016 0040 0015 0040 0016 003f 0016 0040 0015 03fb
4	0000 0067 0000 0022 0156 00aa 0016 0015 0016 0015 0015 0015 0016 0040 0015 0015 0016 0040 0015 0015 0016 0040 0015 0040 0016 0040 0016 0040 0015 0015 0016 0040 0015 0015 0016 0040 0015 0015 0016 0015 0016 0015 0015 0040 0016 0015 0015 0015 0016 0015 0016 0015 0015 0015 0016 0040 0015 0040 0016 0015 0015 0040 0016 003f 0016 0040 0015 0040 0016 003f 0016 03fa
5	0000 0067 0000 0022 0156 00aa 0016 0015 0015 0015 0016 0015 0016 003f 0016 0015 0016 003f 0016 0015 0016 003f 0016 0040 0015 0040 0016 003f 0016 0015 0016 003f 0016 0015 0016 003f 0016 0015 0016 003f 0016 0015 0016 003f 0016 0015 0016 0015 0015 0015 0016 0015 0016 0015 0015 0015 0016 0040 0015 0015 0016 0040 0015 0040 0016 003f 0016 0040 0015 0040 0016 03fb
6	0000 0067 0000 0022 0155 00ab 0015 0015 0016 0015 0016 0015 0015 0040 0016 0015 0015 0040 0016 0015 0015 0040 0016 003f 0016 0040 0015 0040 0016 0015 0015 0040 0016 0015 0015 0040 0016 0015 0015 0015 0016 0040 0015 0040 0016 0015 0015 0015 0016 0015 0016 0015 0015 0015 0016 0040 0015 0015 0016 0015 0016 003f 0016 0040 0015 0040 0016 003f 0016 0040 0015 03fb
7	0000 0067 0000 0022 0156 00aa 0016 0015 0016 0015 0015 0015 0016 0040 0015 0015 0016 0040 0015 0015 0016 0040 0015 0040 0016 003f 0016 0040 0015 0015 0016 0040 0015 0015 0016 0040 0015 0015 0016 0040 0015 0040 0016 003f 0016 0015 0016 0015 0015 0015 0016 0015 0016 0015 0015 0015 0016 0015 0016 0015 0015 0040 0016 003f 0016 0040 0015 0040 0016 003f 0016 03fa
8	0000 0067 0000 0022 0156 00aa 0016 0015 0015 0015 0016 0015 0016 003f 0016 0015 0016 003f 0016 0015 0016 003f 0016 0040 0015 0040 0016 003f 0016 0015 0016 003f 0016 0015 0016 003f 0016 0015 0016 0015 0015 0015 0016 0015 0016 003f 0016 0015 0016 0015 0015 0015 0016 0015 0016 003f 0016 0040 0015 0040 0016 0015 0015 0040 0016 003f 0016 0040 0015 0040 0016 03fb
9	0000 0067 0000 0022 0155 00ab 0015 0015 0016 0015 0016 0015 0015 0040 0016 0015 0015 0040 0016 0015 0015 0040 0016 003f 0016 0040 0015 0040 0016 0015 0015 0040 0016 0015 0015 0040 0016 0015 0015 0040 0016 0015 0015 0015 0016 0040 0015 0015 0016 0015 0016 0015 0015 0015 0016 0015 0016 003f 0016 0040 0015 0015 0016 0040 0015 0040 0016 003f 0016 0040 0015 03fb
0	0000 0067 0000 0022 0156 00aa 0016 0015 0016 0015 0015 0015 0016 0040 0015 0015 0016 0040 0015 0015 0016 0040 0015 0040 0016 003f 0016 0040 0015 0015 0016 0040 0015 0015 0016 0040 0015 0015 0016 0015 0016 0015 0015 0015 0016 0015 0016 0015 0015 0015 0016 0015 0016 0015 0015 0040 0016 003f 0016 0040 0015 0040 0016 003f 0016 0040 0015 0040 0016 003f 0016 03fa
Clear	0000 0067 0000 0022 0156 00aa 0016 0015 0015 0015 0016 0015 0016 003f 0016 0015 0016 003f 0016 0015 0016 003f 0016 0040 0015 0040 0016 003f 0016 0015 0016 003f 0016 0015 0016 003f 0016 0015 0016 003f 0016 0015 0016 003f 0016 0015 0016 0015 0015 0015 0016 0040 0015 0015 0016 0015 0016 003f 0016 0015 0016 0040 0016 0040 0015 0040 0016 0015 0015 0040 0016 03fb
+10	0000 0067 0000 0022 0156 00aa 0016 0015 0015 0015 0016 0015 0016 003f 0016 0015 0016 003f 0016 0015 0016 003f 0016 0040 0015 0040 0016 0040 0016 0015 0016 003f 0016 0015 0016 003f 0016 0015 0016 003f 0016 0040 0015 0040 0016 003f 0016 0040 0015 0015 0016 0015 0016 0015 0015 0015 0016 0015 0016 0015 0015 0015 0016 0015 0016 003f 0016 0040 0015 0040 0016 03fb
Display	0000 0067 0000 0022 0155 00ab 0015 0015 0016 0015 0016 0015 0015 0040 0016 0015 0015 0040 0016 0015 0015 0040 0016 003f 0016 0040 0015 0040 0016 0015 0015 0040 0016 0015 0015 0040 0016 0015 0015 0040 0016 003f 0016 0015 0016 0015 0015 0015 0016 0015 0016 003f 0016 0015 0016 0015 0015 0015 0016 0040 0015 0040 0016 003f 0016 0040 0015 0015 0016 0040 0015 03fb
Chapter/Time	0000 0067 0000 0022 0156 00aa 0016 0015 0016 0015 0015 0015 0016 0040 0015 0015 0016 0040 0015 0015 0016 0040 0015 0040 0016 003f 0016 0040 0015 0015 0016 0040 0015 0015 0016 0040 0015 0015 0016 0040 0015 0040 0016 0015 0015 0015 0016 0040 0015 0015 0016 0015 0016 0015 0015 0015 0016 0015 0016 003f 0016 0040 0015 0015 0016 0040 0015 0040 0016 003f 0016 03fa
Edit	0000 0067 0000 0022 0156 00aa 0016 0015 0015 0015 0016 0015 0016 003f 0016 0015 0016 003f 0016 0015 0016 003f 0016 0040 0015 0040 0016 003f 0016 0015 0016 003f 0016 0015 0016 003f 0016 0015 0016 003f 0016 0015 0016 003f 0016 0040 0015 0040 0016 0015 0015 0015 0016 0015 0016 0015 0015 0040 0016 0015 0015 0015 0016 0015 0016 003f 0016 0040 0015 0040 0016 03fb
Program	0000 0067 0000 0022 0155 00ab 0015 0015 0016 0015 0016 0015 0015 0040 0016 0015 0015 0040 0016 0015 0015 0040 0016 003f 0016 0040 0015 0040 0016 0015 0015 0040 0016 0015 0015 0040 0016 0015 0015 0015 0016 0015 0016 003f 0016 0040 0015 0015 0016 0015 0016 003f 0016 0015 0016 003f 0016 0040 0015 0015 0016 0015 0016 003f 0016 0040 0015 0015 0016 0040 0015 03fb
Audio	0000 0067 0000 0022 0156 00aa 0016 0015 0016 0015 0015 0015 0016 0040 0015 0015 0016 0040 0015 0015 0016 0040 0015 0040 0016 003f 0016 0040 0015 0015 0016 0040 0015 0015 0016 0040 0015 0015 0016 0015 0016 003f 0016 0040 0015 0040 0016 003f 0016 0015 0016 0015 0015 0015 0016 0040 0015 0015 0016 0015 0016 0015 0015 0015 0016 0040 0015 0040 0016 003f 0016 03fa
