Disc	0000 0067 0000 000d 0060 0018 0018 0018 0030 0018 0018 0018 0030 0018 0018 0018 0018 0018 0030 0018 0030 0018 0018 0018 0018 0018 0018 0018 0030 03f0
Track	0000 0067 0000 000d 0060 0018 0030 0018 0030 0018 0018 0018 0030 0018 0018 0018 0018 0018 0030 0018 0030 0018 0018 0018 0018 0018 0018 0018 0030 03d8
Group	0000 0067 0000 000d 0060 0018 0018 0018 0018 0018 0030 0018 0030 0018 0018 0018 0018 0018 0030 0018 0030 0018 0018 0018 0018 0018 0018 0018 0030 03f0
1	0000 0067 0000 000d 0060 0018 0018 0018 0018 0018 0018 0018 0018 0018 0018 0018 0018 0018 0018 0018 0030 0018 0018 0018 0018 0018 0018 0018 0030 0438
2	0000 0067 0000 000d 0060 0018 0030 0018 0018 0018 0018 0018 0018 0018 0018 0018 0018 0018 0018 0018 0030 0018 0018 0018 0018 0018 0018 0018 0030 0420
3	0000 0067 0000 000d 0060 0018 0018 0018 0030 0018 0018 0018 0018 0018 0018 0018 0018 0018 0018 0018 0030 0018 0018 0018 0018 0018 0018 0018 0030 0420
4	0000 0067 0000 000d 0060 0018 0030 0018 0030 0018 0018 0018 0018 0018 0018 0018 0018 0018 0018 0018 0030 0018 0018 0018 0018 0018 0018 0018 0030 0408
5	0000 0067 0000 000d 0060 0018 0018 0018 0018 0018 0030 0018 0018 0018 0018 0018 0018 0018 0018 0018 0030 0018 0018 0018 0018 0018 0018 0018 0030 0420
6	0000 0067 0000 000d 0060 0018 0030 0018 0018 0018 0030 0018 0018 0018 0018 0018 0018 0018 0018 0018 0030 0018 0018 0018 0018 0018 0018 0018 0030 0408
7	0000 0067 0000 000d 0060 0018 0018 0018 0030 0018 0030 0018 0018 0018 0018 0018 0018 0018 0018 0018 0030 0018 0018 0018 0018 0018 0018 0018 0030 0408
8	0000 0067 0000 000d 0060 0018 0030 0018 0030 0018 0030 0018 0018 0018 0018 0018 0018 0018 0018 0018 0030 0018 0018 0018 0018 0018 0018 0018 0030 03f0
9	0000 0067 0000 000d 0060 0018 0018 0018 0018 0018 0018 0018 0030 0018 0018 0018 0018 0018 0018 0018 0030 0018 0018 0018 0018 0018 0018 0018 0030 0420
0	0000 0067 0000 000d 0060 0018 0018 0018 0018 0018 0018 0018 0018 0018 0018 0018 0030 0018 0018 0018 0030 0018 0018 0018 0018 0018 0018 0018 0030 0420
Clear	0000 0067 0000 000d 0060 0018 0030 0018 0030 0018 0030 0018 0030 0018 0018 0018 0018 0018 0018 0018 0030 0018 0018 0018 0018 0018 0018 0018 0030 03d8
Enter	0000 0067 0000 000d 0060 0018 0030 0018 0030 0018 0018 0018 0030 0018 0018 0018 0018 0018 0018 0018 0030 0018 0018 0018 0018 0018 0018 0018 0030 03f0
Continue	0000 0067 0000 000d 0060 0018 0030 0018 0018 0018 0030 0018 0030 0018 0030 0018 0018 0018 0018 0018 0030 0018 0018 0018 0018 0018 0018 0018 0030 03d8
Shuffle	0000 0067 0000 000d 0060 0018 0030 0018 0018 0018 0030 0018 0018 0018 0030 0018 0030 0018 0018 0018 0030 0018 0018 0018 0018 0018 0018 0018 0030 03d8
Program	0000 0067 0000 000d 0060 0018 0030 0018 0030 0018 0030 0018 0030 0018 0030 0018 0018 0018 0018 0018 0030 0018 0018 0018 0018 0018 0018 0018 0030 03c0
Memo Scan	0000 0067 0000 000d 0060 0018 0030 0018 0030 0018 0018 0018 0030 0018 0018 0018 0030 0018 0030 0018 0030 0018 0018 0018 0018 0018 0018 0018 0030 03c0
Display	0000 0067 0000 000d 0060 0018 0018 0018 0018 0018 0018 0018 0030 0018 0018 0018 0030 0018 0018 0018 0030 0018 0018 0018 0018 0018 0018 0018 0030 0408
Repeat	0000 0067 0000 000d 0060 0018 0018 0018 0018 0018 0030 0018 0030 0018 0018 0018 0030 0018 0018 0018 0030 0018 0018 0018 0018 0018 0018 0018 0030 03f0
Play	0000 0067 0000 000d 0060 0018 0018 0018 0030 0018 0018 0018 0018 0018 0030 0018 0030 0018 0018 0018 0030 0018 0018 0018 0018 0018 0018 0018 0030 03f0
Pause	0000 0067 0000 000d 0060 0018 0030 0018 0018 0018 0018 0018 0030 0018 0030 0018 0030 0018 0018 0018 0030 0018 0018 0018 0018 0018 0018 0018 0030 03d8
Stop	0000 0067 0000 000d 0060 0018 0018 0018 0018 0018 0018 0018 0030 0018 0030 0018 0030 0018 0018 0018 0030 0018 0018 0018 0018 0018 0018 0018 0030 03f0
R Srch	0000 0067 0000 000d 0060 0018 0018 0018 0018 0018 0018 0018 0018 0018 0030 0018 0030 0018 0018 0018 0030 0018 0018 0018 0018 0018 0018 0018 0030 0408
F Srch	0000 0067 0000 000d 0060 0018 0030 0018 0018 0018 0018 0018 0018 0018 0030 0018 0030 0018 0018 0018 0030 0018 0018 0018 0018 0018 0018 0018 0030 03f0
F Trk	0000 0067 0000 000d 0060 0018 0018 0018 0018 0018 0030 0018 0018 0018 0030 0018 0030 0018 0018 0018 0030 0018 0018 0018 0018 0018 0018 0018 0030 03f0
R Trk	0000 0067 0000 000d 0060 0018 0030 0018 0030 0018 0018 0018 0018 0018 0030 0018 0030 0018 0018 0018 0030 0018 0018 0018 0018 0018 0018 0018 0030 03d8
Disc+	0000 0067 0000 000d 0060 0018 0018 0018 0030 0018 0030 0018 0030 0018 0030 0018 0030 0018 0018 0018 0030 0018 0018 0018 0018 0018 0018 0018 0030 03c0
Disc-	0000 0067 0000 000d 0060 0018 0030 0018 0018 0018 0030 0018 0030 0018 0030 0018 0030 0018 0018 0018 0030 0018 0018 0018 0018 0018 0018 0018 0030 03c0
