Pgm	0000 0067 0000 000d 0061 0017 0031 0017 0031 0017 0031 0017 0031 0017 0031 0017 0019 0017 0019 0018 0031 0017 0019 0017 0019 0017 0019 0017 0031 03bf
Shuffle	0000 0067 0000 000d 0060 0018 0030 0018 0018 0018 0030 0018 0018 0018 0030 0018 0030 0018 0018 0018 0030 0018 0018 0018 0018 0018 0018 0018 0030 03d7
Continue	0000 0067 0000 000d 0060 0018 0030 0018 0018 0018 0030 0018 0030 0018 0030 0018 0018 0018 0018 0018 0030 0018 0018 0018 0018 0018 0018 0018 0030 03d7
Play	0000 0067 0000 000d 0061 0018 0019 0018 0031 0018 0019 0017 0019 0017 0031 0018 0031 0017 0019 0017 0031 0017 0019 0017 0019 0018 0019 0017 0031 03ef
Stop	0000 0067 0000 000d 0060 0018 0018 0018 0018 0018 0018 0018 0030 0018 0030 0018 0030 0018 0018 0018 0030 0018 0018 0018 0018 0018 0018 0018 0030 03ef
Pause	0000 0067 0000 000d 0060 0018 0030 0018 0018 0018 0018 0018 0030 0018 0030 0018 0030 0018 0018 0018 0030 0018 0018 0018 0018 0018 0018 0018 0030 03d7
R Trk	0000 0067 0000 000d 0060 0018 0030 0018 0030 0018 0018 0018 0018 0018 0030 0018 0030 0018 0018 0018 0030 0018 0018 0018 0018 0018 0018 0018 0030 03d7
F Srch	0000 0067 0000 000d 0060 0018 0030 0018 0018 0018 0018 0018 0018 0018 0030 0018 0030 0018 0018 0018 0030 0018 0018 0018 0018 0018 0018 0018 0030 03ef
R Srch	0000 0067 0000 000d 0061 0017 0019 0017 0019 0017 0019 0017 0019 0017 0031 0017 0031 0017 0019 0017 0031 0017 0019 0017 0019 0017 0019 0017 0031 0407
Fader	0000 0067 0000 000d 0060 0018 0030 0018 0030 0018 0030 0018 0030 0018 0030 0018 0018 0018 0030 0018 0030 0018 0018 0018 0018 0018 0018 0018 0030 03a7
Time	0000 0067 0000 000d 0060 0018 0018 0018 0018 0018 0018 0018 0030 0018 0018 0018 0030 0018 0018 0018 0030 0018 0018 0018 0018 0018 0018 0018 0030 0407
Erase	0000 0067 0000 000d 0060 0018 0030 0018 0030 0018 0018 0018 0030 0018 0030 0018 0018 0018 0018 0018 0030 0018 0018 0018 0018 0018 0018 0018 0030 03d7
20+	0000 0067 0000 000d 0060 0018 0030 0018 0030 0018 0030 0018 0018 0018 0018 0018 0030 0018 0018 0018 0030 0018 0018 0018 0018 0018 0018 0018 0030 03d7
Check	0000 0067 0000 000d 0060 0018 0030 0018 0018 0018 0030 0018 0030 0018 0018 0018 0018 0018 0018 0018 0030 0018 0018 0018 0018 0018 0018 0018 0030 03ef
Clear	0000 0067 0000 000d 0060 0018 0030 0018 0030 0018 0030 0018 0030 0018 0018 0018 0018 0018 0018 0018 0030 0018 0018 0018 0018 0018 0018 0018 0030 03d7
File	0000 0067 0000 000d 0061 0017 0031 0017 0019 0017 0019 0017 0031 0017 0031 0017 0019 0017 0019 0017 0031 0018 0019 0017 0019 0018 0019 0017 0031 03ef
F Trk	0000 0067 0000 000d 0061 0017 0019 0018 0019 0018 0031 0018 0019 0018 0031 0018 0031 0017 0019 0017 0031 0017 0019 0017 0019 0017 0019 0017 0031 03ef
Repeat	0000 0067 0000 000d 0061 0017 0019 0017 0019 0018 0031 0017 0031 0017 0019 0017 0031 0017 0019 0018 0031 0018 0019 0017 0019 0018 0019 0018 0031 03ef
Bank	0000 0067 0000 000d 0060 0018 0018 0018 0030 0018 0018 0018 0030 0018 0030 0018 0018 0018 0018 0018 0030 0018 0018 0018 0018 0018 0018 0018 0030 03ef
1	0000 0067 0000 000d 0060 0018 0018 0018 0018 0018 0018 0018 0018 0018 0018 0018 0018 0018 0018 0018 0030 0018 0018 0018 0018 0018 0018 0018 0030 0437
2	0000 0067 0000 000d 0061 0018 0031 0018 0019 0018 0019 0017 0019 0018 0019 0017 0019 0017 0019 0017 0031 0018 0019 0017 0019 0017 0019 0017 0031 041f
3	0000 0067 0000 000d 0061 0017 0019 0017 0031 0017 0019 0017 0019 0017 0019 0017 0019 0017 0019 0018 0031 0018 0019 0018 0019 0018 0019 0018 0031 041f
4	0000 0067 0034 000d 0060 0018 0030 0018 0030 0018 0018 0018 0018 0018 0018 0018 0018 0018 0018 0018 0030 0018 0018 0018 0018 0018 0018 0018 0030 0407 0061 0017 0031 0017 0031 0017 0019 0017 0019 0017 0019 0017 0019 0017 0019 0017 0031 0017 0019 0018 0019 0017 0019 0017 0031 0407 0060 0018 0030 0018 0030 0018 0018 0018 0018 0018 0018 0018 0018 0018 0018 0018 0030 0018 0018 0018 0018 0018 0018 0018 0030 0407 0060 0018 0030 0018 0030 0018 0018 0018 0018 0018 0018 0018 0018 0018 0018 0018 0030 0018 0018 0018 0018 0018 0018 0018 0030 4dfb 0060 0018 0030 0018 0030 0018 0018 0018 0018 0018 0018 0018 0018 0018 0018 0018 0030 0018 0018 0018 0018 0018 0018 0018 0030 0407
5	0000 0067 0000 000d 0060 0018 0018 0018 0018 0018 0030 0018 0018 0018 0018 0018 0018 0018 0018 0018 0030 0018 0018 0018 0018 0018 0018 0018 0030 041f
6	0000 0067 0000 000d 0061 0017 0031 0017 0019 0017 0031 0017 0019 0017 0019 0017 0019 0018 0019 0017 0031 0017 0019 0017 0019 0018 0019 0018 0031 0407
7	0000 0067 0000 000d 0060 0018 0018 0018 0030 0018 0030 0018 0018 0018 0018 0018 0018 0018 0018 0018 0030 0018 0018 0018 0018 0018 0018 0018 0030 0407
8	0000 0067 0000 000d 0061 0017 0031 0017 0031 0017 0031 0017 0019 0017 0019 0017 0019 0017 0019 0017 0031 0017 0019 0018 0019 0017 0019 0017 0031 03ef
9	0000 0067 0000 000d 0060 0018 0018 0018 0018 0018 0018 0018 0030 0018 0018 0018 0018 0018 0018 0018 0030 0018 0018 0018 0018 0018 0018 0018 0030 041f
10	0000 0067 0000 000d 0060 0018 0018 0018 0018 0018 0018 0018 0018 0018 0018 0018 0030 0018 0018 0018 0030 0018 0018 0018 0018 0018 0018 0018 0030 041f
11	0000 0067 0000 000d 0060 0018 0030 0018 0018 0018 0018 0018 0018 0018 0018 0018 0030 0018 0018 0018 0030 0018 0018 0018 0018 0018 0018 0018 0030 0407
12	0000 0067 0000 000d 0061 0017 0019 0017 0031 0017 0019 0017 0019 0018 0019 0017 0031 0017 0019 0017 0031 0018 0019 0018 0019 0018 0019 0017 0031 0407
13	0000 0067 0000 000d 0060 0018 0030 0018 0030 0018 0018 0018 0018 0018 0018 0018 0030 0018 0018 0018 0030 0018 0018 0018 0018 0018 0018 0018 0030 03ef
14	0000 0067 0000 000d 0060 0018 0018 0018 0018 0018 0030 0018 0018 0018 0018 0018 0030 0018 0018 0018 0030 0018 0018 0018 0018 0018 0018 0018 0030 0407
Disc 1	0000 0067 0000 000d 0060 0018 0018 0018 0018 0018 0018 0018 0018 0018 0018 0018 0018 0018 0030 0018 0030 0018 0018 0018 0018 0018 0018 0018 0030 041f
Disc 2	0000 0067 0000 000d 0060 0018 0030 0018 0018 0018 0018 0018 0018 0018 0018 0018 0018 0018 0030 0018 0030 0018 0018 0018 0018 0018 0018 0018 0030 0407
Disc 3	0000 0067 0000 000d 0060 0018 0018 0018 0030 0018 0018 0018 0018 0018 0018 0018 0018 0018 0030 0018 0030 0018 0018 0018 0018 0018 0018 0018 0030 0407
Disc 4	0000 0067 0000 000d 0060 0018 0030 0018 0030 0018 0018 0018 0018 0018 0018 0018 0018 0018 0030 0018 0030 0018 0018 0018 0018 0018 0018 0018 0030 03ef
Disc 5	0000 0067 0000 000d 0060 0018 0018 0018 0018 0018 0030 0018 0018 0018 0018 0018 0018 0018 0030 0018 0030 0018 0018 0018 0018 0018 0018 0018 0030 0407
Disc Skip	0000 0067 0000 000d 0060 0018 0018 0018 0030 0018 0030 0018 0030 0018 0030 0018 0030 0018 0018 0018 0030 0018 0018 0018 0018 0018 0018 0018 0030 03bf
15	0000 0067 0000 000d 0061 0017 0031 0017 0019 0017 0031 0017 0019 0017 0019 0017 0031 0017 0019 0017 0031 0017 0019 0017 0019 0017 0019 0017 0031 03ef
16	0000 0067 0000 000d 0061 0017 0019 0017 0031 0017 0031 0017 0019 0017 0019 0017 0031 0017 0019 0017 0031 0017 0019 0017 0019 0018 0019 0018 0031 03ef
17	0000 0067 0000 000d 0060 0018 0018 0018 0018 0018 0018 0018 0018 0018 0030 0018 0018 0018 0018 0018 0030 0018 0018 0018 0018 0018 0018 0018 0030 041f
18	0000 0067 0000 000d 0060 0018 0030 0018 0018 0018 0018 0018 0018 0018 0030 0018 0018 0018 0018 0018 0030 0018 0018 0018 0018 0018 0018 0018 0030 0407
19	0000 0067 0034 000d 0060 0018 0030 0018 0030 0018 0030 0018 0018 0018 0030 0018 0018 0018 0018 0018 0030 0018 0018 0018 0018 0018 0018 0018 0030 03d7 0060 0018 0030 0018 0030 0018 0030 0018 0018 0018 0030 0018 0018 0018 0018 0018 0030 0018 0018 0018 0018 0018 0018 0018 0030 03d7 0061 0017 0031 0017 0031 0017 0031 0017 0019 0017 0031 0017 0019 0018 0019 0017 0031 0017 0019 0017 0019 0017 0019 0017 0031 03d7 0060 0018 0030 0018 0030 0018 0030 0018 0018 0018 0030 0018 0018 0018 0018 0018 0030 0018 0018 0018 0018 0018 0018 0018 0030 1515 0060 0018 0030 0018 0030 0018 0030 0018 0018 0018 0030 0018 0018 0018 0018 0018 0030 0018 0018 0018 0018 0018 0018 0018 0030 03d7
20	0000 0067 0000 000d 0060 0018 0030 0018 0018 0018 0018 0018 0030 0018 0018 0018 0030 0018 0018 0018 0030 0018 0018 0018 0018 0018 0018 0018 0030 03ef
