Power	0000 0067 0000 000d 0060 0018 0030 0018 0018 0018 0030 0018 0018 0018 0030 0018 0018 0018 0018 0018 0030 0018 0018 0018 0018 0018 0018 0018 0030 03f1
Continue	0000 0067 0000 000d 0060 0018 0030 0018 0018 0018 0030 0018 0030 0018 0030 0018 0018 0018 0018 0018 0030 0018 0018 0018 0018 0018 0018 0018 0030 03d9
Shuffle	0000 0067 0000 000d 0060 0018 0030 0018 0018 0018 0030 0018 0018 0018 0030 0018 0030 0018 0018 0018 0030 0018 0018 0018 0018 0018 0018 0018 0030 03d9
Program	0000 0067 0000 000d 0060 0018 0030 0018 0030 0018 0030 0018 0030 0018 0030 0018 0018 0018 0018 0018 0030 0018 0018 0018 0018 0018 0018 0018 0030 03c1
X Fade	0000 0067 0000 000d 0060 0018 0030 0018 0018 0018 0018 0018 0018 0018 0030 0018 0030 0018 0030 0018 0030 0018 0018 0018 0018 0018 0018 0018 0030 03d9
No Delay	0000 0067 0000 000d 0060 0018 0018 0018 0030 0018 0030 0018 0030 0018 0018 0018 0030 0018 0030 0018 0030 0018 0018 0018 0018 0018 0018 0018 0030 03c1
Hit List	0000 0067 0000 000d 0060 0018 0018 0018 0018 0018 0030 0018 0030 0018 0030 0018 0018 0018 0030 0018 0030 0018 0018 0018 0018 0018 0018 0018 0030 03d9
Disc	0000 0067 0000 000d 0060 0018 0018 0018 0030 0018 0018 0018 0030 0018 0018 0018 0018 0018 0030 0018 0030 0018 0018 0018 0018 0018 0018 0018 0030 03f1
Group	0000 0067 0000 000d 0060 0018 0018 0018 0018 0018 0030 0018 0030 0018 0018 0018 0018 0018 0030 0018 0030 0018 0018 0018 0018 0018 0018 0018 0030 03f1
Time/Text	0000 0067 0000 000d 0060 0018 0018 0018 0018 0018 0018 0018 0030 0018 0018 0018 0030 0018 0018 0018 0030 0018 0018 0018 0018 0018 0018 0018 0030 0409
1	0000 0067 0000 000d 0060 0018 0018 0018 0018 0018 0018 0018 0018 0018 0018 0018 0018 0018 0018 0018 0030 0018 0018 0018 0018 0018 0018 0018 0030 0439
2	0000 0067 0000 000d 0060 0018 0030 0018 0018 0018 0018 0018 0018 0018 0018 0018 0018 0018 0018 0018 0030 0018 0018 0018 0018 0018 0018 0018 0030 0421
3	0000 0067 0000 000d 0060 0018 0018 0018 0030 0018 0018 0018 0018 0018 0018 0018 0018 0018 0018 0018 0030 0018 0018 0018 0018 0018 0018 0018 0030 0421
4	0000 0067 0000 000d 0060 0018 0030 0018 0030 0018 0018 0018 0018 0018 0018 0018 0018 0018 0018 0018 0030 0018 0018 0018 0018 0018 0018 0018 0030 0409
5	0000 0067 0000 000d 0060 0018 0018 0018 0018 0018 0030 0018 0018 0018 0018 0018 0018 0018 0018 0018 0030 0018 0018 0018 0018 0018 0018 0018 0030 0421
6	0000 0067 0000 000d 0060 0018 0030 0018 0018 0018 0030 0018 0018 0018 0018 0018 0018 0018 0018 0018 0030 0018 0018 0018 0018 0018 0018 0018 0030 0409
7	0000 0067 0000 000d 0060 0018 0018 0018 0030 0018 0030 0018 0018 0018 0018 0018 0018 0018 0018 0018 0030 0018 0018 0018 0018 0018 0018 0018 0030 0409
8	0000 0067 0000 000d 0060 0018 0030 0018 0030 0018 0030 0018 0018 0018 0018 0018 0018 0018 0018 0018 0030 0018 0018 0018 0018 0018 0018 0018 0030 03f1
9	0000 0067 0000 000d 0060 0018 0018 0018 0018 0018 0018 0018 0030 0018 0018 0018 0018 0018 0018 0018 0030 0018 0018 0018 0018 0018 0018 0018 0030 0421
0/10	0000 0067 0000 000d 0060 0018 0018 0018 0018 0018 0018 0018 0018 0018 0018 0018 0030 0018 0018 0018 0030 0018 0018 0018 0018 0018 0018 0018 0030 0421
&gt;10	0000 0067 0000 000d 0060 0018 0030 0018 0030 0018 0030 0018 0018 0018 0018 0018 0030 0018 0018 0018 0030 0018 0018 0018 0018 0018 0018 0018 0030 03d9
Enter	0000 0067 0000 000d 0060 0018 0030 0018 0030 0018 0018 0018 0030 0018 0018 0018 0018 0018 0018 0018 0030 0018 0018 0018 0018 0018 0018 0018 0030 03f1
Repeat	0000 0067 0000 000d 0060 0018 0018 0018 0018 0018 0030 0018 0030 0018 0018 0018 0030 0018 0018 0018 0030 0018 0018 0018 0018 0018 0018 0018 0030 03f1
Check	0000 0067 0000 000d 0060 0018 0030 0018 0018 0018 0030 0018 0030 0018 0018 0018 0018 0018 0018 0018 0030 0018 0018 0018 0018 0018 0018 0018 0030 03f1
Clear	0000 0067 0000 000d 0060 0018 0030 0018 0030 0018 0030 0018 0030 0018 0018 0018 0018 0018 0018 0018 0030 0018 0018 0018 0018 0018 0018 0018 0030 03d9
Memo Inpt	0000 0067 0000 000d 0060 0018 0030 0018 0018 0018 0018 0018 0030 0018 0018 0018 0030 0018 0030 0018 0030 0018 0018 0018 0018 0018 0018 0018 0030 03d9
Memo Scan	0000 0067 0000 000d 0060 0018 0030 0018 0030 0018 0018 0018 0030 0018 0018 0018 0030 0018 0030 0018 0030 0018 0018 0018 0018 0018 0018 0018 0030 03c1
Highlite	0000 0067 0000 000d 0060 0018 0030 0018 0030 0018 0030 0018 0030 0018 0030 0018 0030 0018 0018 0018 0030 0018 0018 0018 0018 0018 0018 0018 0030 03a9
Play	0000 0067 0000 000d 0060 0018 0018 0018 0030 0018 0018 0018 0018 0018 0030 0018 0030 0018 0018 0018 0030 0018 0018 0018 0018 0018 0018 0018 0030 03f1
Pause	0000 0067 0000 000d 0060 0018 0030 0018 0018 0018 0018 0018 0030 0018 0030 0018 0030 0018 0018 0018 0030 0018 0018 0018 0018 0018 0018 0018 0030 03d9
Stop	0000 0067 0000 000d 0060 0018 0018 0018 0018 0018 0018 0018 0030 0018 0030 0018 0030 0018 0018 0018 0030 0018 0018 0018 0018 0018 0018 0018 0030 03f1
|&lt;&lt;Track	0000 0067 0000 000d 0060 0018 0018 0018 0018 0018 0018 0018 0018 0018 0030 0018 0030 0018 0018 0018 0030 0018 0018 0018 0018 0018 0018 0018 0030 0409
Track&gt;&gt;|	0000 0067 0000 000d 0060 0018 0030 0018 0018 0018 0018 0018 0018 0018 0030 0018 0030 0018 0018 0018 0030 0018 0018 0018 0018 0018 0018 0018 0030 03f1
&lt;&lt;Search	0000 0067 0000 000d 0060 0018 0030 0018 0030 0018 0018 0018 0018 0018 0030 0018 0030 0018 0018 0018 0030 0018 0018 0018 0018 0018 0018 0018 0030 03d9
Search&gt;&gt;	0000 0067 0000 000d 0060 0018 0018 0018 0018 0018 0030 0018 0018 0018 0030 0018 0030 0018 0018 0018 0030 0018 0018 0018 0018 0018 0018 0018 0030 03f1
Disc-	0000 0067 0000 000d 0060 0018 0030 0018 0018 0018 0030 0018 0030 0018 0030 0018 0030 0018 0018 0018 0030 0018 0018 0018 0018 0018 0018 0018 0030 03c1
Disc+	0000 0067 0000 000d 0060 0018 0018 0018 0030 0018 0030 0018 0030 0018 0030 0018 0030 0018 0018 0018 0030 0018 0018 0018 0018 0018 0018 0018 0030 03c1
