Power	0000 0067 0000 0010 0061 0017 0031 0017 0019 0017 0031 0017 0019 0017 0031 0017 0019 0017 0019 0017 0031 0017 0019 0017 0019 0017 0019 0017 0031 0017 0019 0017 0031 0017 0019 0346
Continue	0000 0067 0000 0010 0060 0018 0030 0018 0018 0018 0030 0018 0030 0018 0030 0018 0018 0018 0018 0018 0030 0018 0018 0018 0018 0018 0018 0018 0030 0018 0018 0018 0030 0018 0018 032f
Shuffle	0000 0067 0000 0010 0060 0018 0030 0018 0018 0018 0030 0018 0018 0018 0030 0018 0030 0018 0018 0018 0030 0018 0018 0018 0018 0018 0018 0018 0030 0018 0018 0018 0030 0018 0018 032f
Prgm	0000 0067 0000 0010 0061 0017 0031 0017 0031 0017 0031 0017 0031 0017 0031 0017 0019 0017 0019 0017 0031 0017 0019 0017 0019 0017 0019 0017 0031 0017 0019 0017 0031 0017 0019 0316
Repeat	0000 0067 0000 0010 0060 0018 0018 0018 0018 0018 0030 0018 0030 0018 0018 0018 0030 0018 0018 0018 0030 0018 0018 0018 0018 0018 0018 0018 0030 0018 0018 0018 0030 0018 0018 0347
Player Sel	0000 0067 0000 0010 0060 0018 0030 0018 0030 0018 0030 0018 0030 0018 0018 0018 0030 0018 0030 0018 0030 0018 0018 0018 0018 0018 0018 0018 0030 0018 0018 0018 0030 0018 0018 02ff
Disc	0000 0067 0000 0010 0061 0017 0019 0017 0031 0017 0019 0017 0031 0017 0019 0017 0019 0017 0031 0017 0031 0017 0019 0017 0019 0017 0019 0017 0031 0017 0019 0017 0031 0017 0019 0346
Track	0000 0067 0000 0010 0060 0018 0030 0018 0030 0018 0018 0018 0030 0018 0018 0018 0018 0018 0030 0018 0030 0018 0018 0018 0018 0018 0018 0018 0030 0018 0018 0018 0030 0018 0018 032f
Group	0000 0067 0000 0010 0060 0018 0018 0018 0018 0018 0030 0018 0030 0018 0018 0018 0018 0018 0030 0018 0030 0018 0018 0018 0018 0018 0018 0018 0030 0018 0018 0018 0030 0018 0018 0347
1	0000 0067 0000 0010 0061 0017 0019 0017 0019 0017 0019 0017 0019 0017 0019 0017 0019 0017 0019 0017 0031 0017 0019 0017 0019 0017 0019 0017 0031 0017 0019 0017 0031 0017 0019 038e
2	0000 0067 0000 0010 0060 0018 0030 0018 0018 0018 0018 0018 0018 0018 0018 0018 0018 0018 0018 0018 0030 0018 0018 0018 0018 0018 0018 0018 0030 0018 0018 0018 0030 0018 0018 0377
3	0000 0067 0000 0010 0060 0018 0018 0018 0030 0018 0018 0018 0018 0018 0018 0018 0018 0018 0018 0018 0030 0018 0018 0018 0018 0018 0018 0018 0030 0018 0018 0018 0030 0018 0018 0377
4	0000 0067 0000 0010 0061 0017 0031 0017 0031 0017 0019 0017 0019 0017 0019 0017 0019 0017 0019 0017 0031 0017 0019 0017 0019 0017 0019 0017 0031 0017 0019 0017 0031 0017 0019 035e
5	0000 0067 0000 0010 0060 0018 0018 0018 0018 0018 0030 0018 0018 0018 0018 0018 0018 0018 0018 0018 0030 0018 0018 0018 0018 0018 0018 0018 0030 0018 0018 0018 0030 0018 0018 0377
6	0000 0067 0000 0010 0060 0018 0030 0018 0018 0018 0030 0018 0018 0018 0018 0018 0018 0018 0018 0018 0030 0018 0018 0018 0018 0018 0018 0018 0030 0018 0018 0018 0030 0018 0018 035f
7	0000 0067 0000 0010 0061 0017 0019 0017 0031 0017 0031 0017 0019 0017 0019 0017 0019 0017 0019 0017 0031 0017 0019 0017 0019 0017 0019 0017 0031 0017 0019 0017 0031 0017 0019 035e
8	0000 0067 0000 0010 0060 0018 0030 0018 0030 0018 0030 0018 0018 0018 0018 0018 0018 0018 0018 0018 0030 0018 0018 0018 0018 0018 0018 0018 0030 0018 0018 0018 0030 0018 0018 0347
9	0000 0067 0000 0010 0060 0018 0018 0018 0018 0018 0018 0018 0030 0018 0018 0018 0018 0018 0018 0018 0030 0018 0018 0018 0018 0018 0018 0018 0030 0018 0018 0018 0030 0018 0018 0377
0	0000 0067 0000 0010 0061 0017 0019 0017 0019 0017 0019 0017 0019 0017 0019 0017 0031 0017 0019 0017 0031 0017 0019 0017 0019 0017 0019 0017 0031 0017 0019 0017 0031 0017 0019 0376
Enter	0000 0067 0000 0010 0060 0018 0030 0018 0030 0018 0018 0018 0030 0018 0018 0018 0018 0018 0018 0018 0030 0018 0018 0018 0018 0018 0018 0018 0030 0018 0018 0018 0030 0018 0018 0347
Play	0000 0067 0000 0010 0060 0018 0018 0018 0030 0018 0018 0018 0018 0018 0030 0018 0030 0018 0018 0018 0030 0018 0018 0018 0018 0018 0018 0018 0030 0018 0018 0018 0030 0018 0018 0347
Pause	0000 0067 0000 0010 0061 0017 0031 0017 0019 0017 0019 0017 0031 0017 0031 0017 0031 0017 0019 0017 0031 0017 0019 0017 0019 0017 0019 0017 0031 0017 0019 0017 0031 0017 0019 032e
#	0000 0067 0000 0010 0060 0018 0018 0018 0018 0018 0018 0018 0030 0018 0030 0018 0030 0018 0018 0018 0030 0018 0018 0018 0018 0018 0018 0018 0030 0018 0018 0018 0030 0018 0018 0347
R Trk	0000 0067 0000 0010 0060 0018 0018 0018 0018 0018 0018 0018 0018 0018 0030 0018 0030 0018 0018 0018 0030 0018 0018 0018 0018 0018 0018 0018 0030 0018 0018 0018 0030 0018 0018 035f
F Trk	0000 0067 0000 0010 0061 0017 0031 0017 0019 0017 0019 0017 0019 0017 0031 0017 0031 0017 0019 0017 0031 0017 0019 0017 0019 0017 0019 0017 0031 0017 0019 0017 0031 0017 0019 0346
R Srch	0000 0067 0000 0010 0060 0018 0030 0018 0030 0018 0018 0018 0018 0018 0030 0018 0030 0018 0018 0018 0030 0018 0018 0018 0018 0018 0018 0018 0030 0018 0018 0018 0030 0018 0018 032f
F Srch	0000 0067 0000 0010 0060 0018 0018 0018 0018 0018 0030 0018 0018 0018 0030 0018 0030 0018 0018 0018 0030 0018 0018 0018 0018 0018 0018 0018 0030 0018 0018 0018 0030 0018 0018 0347
Disc-	0000 0067 0000 0010 0061 0017 0031 0017 0019 0017 0031 0017 0031 0017 0031 0017 0031 0017 0019 0017 0031 0017 0019 0017 0019 0017 0019 0017 0031 0017 0019 0017 0031 0017 0019 0316
Disc+	0000 0067 0000 0010 0060 0018 0018 0018 0030 0018 0030 0018 0030 0018 0030 0018 0030 0018 0018 0018 0030 0018 0018 0018 0018 0018 0018 0018 0030 0018 0018 0018 0030 0018 0018 0317
Sort	0000 0067 0000 0010 0061 0017 0019 0017 0019 0017 0031 0017 0031 0017 0031 0017 0019 0017 0019 0017 0031 0017 0019 0017 0019 0017 0019 0017 0031 0017 0019 0017 0031 0017 0019 0346
Input	0000 0067 0000 0010 0060 0018 0030 0018 0018 0018 0018 0018 0030 0018 0018 0018 0030 0018 0030 0018 0030 0018 0018 0018 0018 0018 0018 0018 0030 0018 0018 0018 0030 0018 0018 032f
Check	0000 0067 0000 0010 0060 0018 0030 0018 0018 0018 0030 0018 0030 0018 0018 0018 0018 0018 0018 0018 0030 0018 0018 0018 0018 0018 0018 0018 0030 0018 0018 0018 0030 0018 0018 0347
Clear	0000 0067 0000 0010 0061 0017 0031 0017 0031 0017 0031 0017 0031 0017 0019 0017 0019 0017 0019 0017 0031 0017 0019 0017 0019 0017 0019 0017 0031 0017 0019 0017 0031 0017 0019 032e
Up	0000 0067 0000 0010 0060 0018 0030 0018 0018 0018 0018 0018 0030 0018 0030 0018 0030 0018 0030 0018 0030 0018 0018 0018 0018 0018 0018 0018 0030 0018 0018 0018 0030 0018 0018 0317
Down	0000 0067 0000 0010 0060 0018 0018 0018 0030 0018 0018 0018 0030 0018 0030 0018 0030 0018 0030 0018 0030 0018 0018 0018 0018 0018 0018 0018 0030 0018 0018 0018 0030 0018 0018 0317
Left	0000 0067 0000 0010 0061 0017 0031 0017 0031 0017 0019 0017 0031 0017 0031 0017 0031 0017 0031 0017 0031 0017 0019 0017 0019 0017 0019 0017 0031 0017 0019 0017 0031 0017 0019 02fe
Right	0000 0067 0000 0010 0060 0018 0018 0018 0018 0018 0030 0018 0030 0018 0030 0018 0030 0018 0030 0018 0030 0018 0018 0018 0018 0018 0018 0018 0030 0018 0018 0018 0030 0018 0018 0317
Cursor Ctr	0000 0067 0000 0010 0060 0018 0030 0018 0018 0018 0030 0018 0030 0018 0030 0018 0030 0018 0030 0018 0030 0018 0018 0018 0018 0018 0018 0018 0030 0018 0018 0018 0030 0018 0018 02ff
Hit List	0000 0067 0000 0010 0061 0017 0019 0017 0019 0017 0031 0017 0031 0017 0031 0017 0019 0017 0031 0017 0031 0017 0019 0017 0019 0017 0019 0017 0031 0017 0019 0017 0031 0017 0019 032e
Time/Text	0000 0067 0000 0010 0060 0018 0018 0018 0018 0018 0018 0018 0030 0018 0018 0018 0030 0018 0018 0018 0030 0018 0018 0018 0018 0018 0018 0018 0030 0018 0018 0018 0030 0018 0018 035f
Memo/Scan	0000 0067 0000 0010 0060 0018 0030 0018 0030 0018 0018 0018 0030 0018 0018 0018 0030 0018 0030 0018 0030 0018 0018 0018 0018 0018 0018 0018 0030 0018 0018 0018 0030 0018 0018 0317
Extra	0000 0067 0000 0010 0061 0017 0031 0017 0031 0017 0031 0017 0031 0017 0031 0017 0031 0017 0019 0017 0031 0017 0019 0017 0019 0017 0019 0017 0031 0017 0019 0017 0031 0017 0019 02fe
TV/Video	0000 0067 0000 000d 0061 0017 0031 0017 0019 0017 0031 0017 0019 0017 0019 0017 0031 0017 0019 0017 0031 0017 0019 0017 0019 0017 0019 0017 0019 0406
