Eject	0000 006e 0000 000d 005d 0016 0016 0016 002e 0016 002e 0016 0016 0016 002e 0016 0016 0016 0016 0016 0016 0016 002e 0016 0016 0016 0016 0016 0016 03cc
Power	0000 006e 0000 000d 005c 0016 002e 0016 0016 0016 002e 0016 0016 0016 002e 0016 0016 0016 0016 0016 0016 0016 002e 0016 0016 0016 0016 0016 0016 03cf
TV/VTR	0000 006e 0000 000d 005c 0016 0016 0016 002e 0016 0016 0016 002e 0016 0016 0016 002e 0016 0016 0016 0016 0016 002e 0016 0016 0016 0016 0016 0016 03ce
Aud Monitor	0000 006e 0000 000d 005e 0016 002e 0016 002e 0016 002e 0016 0016 0016 002e 0016 0016 0016 0016 0016 0016 0016 002e 0016 0016 0016 0016 0016 0016 03ce
Ch+	0000 006e 0000 000d 005c 0016 0016 0016 0016 0016 0016 0016 0016 0016 002e 0016 0016 0016 0016 0016 0016 0016 002e 0016 0016 0016 0016 0016 0016 03ec
Ch-	0000 006e 0000 000d 005c 0016 002e 0016 0016 0016 0016 0016 0016 0016 002e 0016 0016 0016 0016 0016 0016 0016 002e 0016 0016 0016 0016 0016 0016 03d8
Inp Select	0000 006e 0000 000d 005d 0016 002e 0016 0016 0016 002e 0016 0016 0016 0016 0016 002e 0016 0016 0016 002e 0016 0016 0016 0016 0016 0016 0016 0016 03ce
 Power	0000 006e 0000 000d 005d 0016 002e 0016 0016 0016 002e 0016 0016 0016 002e 0016 0016 0016 0016 0016 002e 0016 0016 0016 0016 0016 0016 0016 0016 03cc
Vol+	0000 006e 0000 000d 005c 0016 0016 0016 002e 0016 0016 0016 0016 0016 002e 0016 0016 0016 0016 0016 002e 0016 0016 0016 0016 0016 0016 0016 0016 03d8
Vol-	0000 006e 0000 000d 005c 0016 002e 0016 002e 0016 0016 0016 0016 0016 002e 0016 0016 0016 0016 0016 002e 0016 0016 0016 0016 0016 0016 0016 0016 03ce
 Ch+	0000 006e 0000 000d 005c 0016 0016 0016 0016 0016 0016 0016 0016 0016 002e 0016 0016 0016 0016 0016 002e 0016 0016 0016 0016 0016 0016 0016 0016 03ee
 Ch-	0000 006e 0000 000d 005c 0016 002e 0016 0016 0016 0016 0016 0016 0016 002e 0016 0016 0016 0016 0016 002e 0016 0016 0016 0016 0016 0016 0016 0016 03d5
Search-	0000 006e 0000 000d 005c 0016 0016 0016 0016 0016 0016 0016 002e 0016 0016 0016 002e 0016 0016 0016 0016 0016 002e 0016 0016 0016 0016 0016 0016 03d8
Search+	0000 006e 0000 000d 005c 0016 002e 0016 0016 0016 0016 0016 002e 0016 0016 0016 002e 0016 0016 0016 0016 0016 002e 0016 0016 0016 0016 0016 0016 03ce
Record	0000 006e 0000 000d 005e 0016 002e 0016 0016 0016 002e 0016 002e 0016 002e 0016 0016 0016 0016 0016 0016 0016 002e 0016 0016 0016 0016 0016 0016 03ce
Rew	0000 006e 0000 000d 005e 0016 002e 0016 002e 0016 0016 0016 002e 0016 002e 0016 0016 0016 0016 0016 0016 0016 002e 0016 0016 0016 0016 0016 0016 03cc
Play	0000 006e 0000 000d 005c 0016 0016 0016 002e 0016 0016 0016 002e 0016 002e 0016 0016 0016 0016 0016 0016 0016 002e 0016 0016 0016 0016 0016 0016 03cc
Ffwd	0000 006e 0000 000d 005c 0016 0016 0016 0016 0016 002e 0016 002e 0016 002e 0016 0016 0016 0016 0016 0016 0016 002e 0016 0016 0016 0016 0016 0016 03cc
Stop	0000 006e 0000 000d 005c 0016 0016 0016 0016 0016 0016 0016 002e 0016 002e 0016 0016 0016 0016 0016 0016 0016 002e 0016 0016 0016 0016 0016 0016 03d8
Pause	0000 006e 0000 000d 005d 0016 002e 0016 0016 0016 0016 0016 002e 0016 002e 0016 0016 0016 0016 0016 0016 0016 002e 0016 0016 0016 0016 0016 0016 03ce
F Srch	0000 006e 0027 000d 005d 0016 002e 0016 002e 0016 0016 0016 0016 0016 0016 0016 002e 0016 0016 0016 0016 0016 002e 0016 0016 0016 0016 0016 0016 03d0 005d 0016 002e 0016 002e 0016 0016 0016 0016 0016 0016 0016 002e 0016 0016 0016 0016 0016 002e 0016 0016 0016 0016 0016 0016 03d0 005d 0016 002e 0016 002e 0016 0016 0016 0016 0016 0016 0016 002e 0016 0016 0016 0016 0016 002e 0016 0016 0016 0016 0016 0016 18a8 005d 0016 002e 0016 0016 0016 0016 0016 0016 0016 002e 0016 002e 0016 0016 0016 0016 0016 002e 0016 0016 0016 0016 0016 0016 03d0
R Srch	0000 006e 0027 000d 005f 0016 0016 0016 0016 0016 0016 0016 0016 0016 002e 0016 002e 0016 0016 0016 0016 0016 002e 0016 0016 0016 0016 0016 0016 03d2 005f 0016 0016 0016 0016 0016 0016 0016 0016 0016 002e 0016 002e 0016 0016 0016 0016 0016 002e 0016 0016 0016 0016 0016 0016 03d2 005f 0016 0016 0016 0016 0016 0016 0016 0016 0016 002e 0016 002e 0016 0016 0016 0016 0016 002e 0016 0016 0016 0016 0016 0016 18ba 005f 0016 002e 0016 002e 0016 0016 0016 0016 0016 0016 0016 002e 0016 0016 0016 0016 0016 002e 0016 0016 0016 0016 0016 0016 03d2
F Step	0000 006e 0000 000d 005a 0016 002e 0016 0016 0016 0016 0016 0016 0016 002e 0016 002e 0016 0016 0016 0016 0016 002e 0016 0016 0016 0016 0016 0016 03d1
R Step	0000 006e 0000 000d 005c 0016 0016 0016 0016 0016 0016 0016 0016 0016 002e 0016 002e 0016 0016 0016 0016 0016 002e 0016 0016 0016 0016 0016 0016 03d8
Display	0000 006e 0000 000d 005e 0016 0016 0016 002e 0016 0016 0016 002e 0016 002e 0016 0016 0016 002e 0016 0016 0016 002e 0016 0016 0016 0016 0016 0016 03ce
DA Code	0000 006e 0000 0010 005c 0016 0016 0016 0016 0016 002e 0016 002e 0016 0016 0016 0016 0016 002e 0016 0016 0016 0016 0016 002e 0016 0016 0016 002e 0016 002e 0016 0016 0016 002e 02f7
Count Select	0000 006e 0000 000d 005c 0016 002e 0016 0016 0016 0016 0016 0016 0016 0016 0016 0016 0016 002e 0016 0016 0016 002e 0016 0016 0016 0016 0016 0016 03d6
Slow	0000 006e 0000 000d 005d 0016 002e 0016 002e 0016 0016 0016 0016 0016 0016 0016 002e 0016 0016 0016 0016 0016 002e 0016 0016 0016 0016 0016 0016 03cc
X2	0000 006e 0000 000d 005c 0016 0016 0016 0016 0016 002e 0016 0016 0016 002e 0016 0016 0016 0016 0016 0016 0016 002e 0016 0016 0016 0016 0016 0016 03d6
Count Reset	0000 006e 0000 000d 005d 0016 0016 0016 002e 0016 002e 0016 0016 0016 0016 0016 0016 0016 002e 0016 0016 0016 002e 0016 0016 0016 0016 0016 0016 03ce
Print	0000 006e 0000 0010 005c 0016 0016 0016 002e 0016 002e 0016 002e 0016 0016 0016 002e 0016 002e 0016 0016 0016 0016 0016 002e 0016 0016 0016 002e 0016 002e 0016 0016 0016 002e 02ca
Sear Select	0000 006e 0000 0010 005c 0016 002e 0016 0016 0016 002e 0016 002e 0016 0016 0016 002e 0016 0016 0016 0016 0016 0016 0016 002e 0016 0016 0016 002e 0016 002e 0016 0016 0016 002e 02e0
Frame-	0000 006e 0000 000d 005c 0016 0016 0016 0016 0016 0016 0016 0016 0016 002e 0016 002e 0016 0016 0016 0016 0016 002e 0016 0016 0016 0016 0016 0016 03d5
Frame+	0000 006e 0000 000d 005c 0016 002e 0016 0016 0016 0016 0016 0016 0016 002e 0016 002e 0016 0016 0016 0016 0016 002e 0016 0016 0016 0016 0016 0016 03ce
Sear Select-	0000 006e 0000 000d 005c 0016 002e 0016 002e 0016 002e 0016 0016 0016 002e 0016 0016 0016 002e 0016 0016 0016 002e 0016 0016 0016 0016 0016 0016 0393
Sear Select+	0000 006e 0000 000d 005e 0016 0016 0016 002e 0016 002e 0016 0016 0016 002e 0016 0016 0016 002e 0016 0016 0016 002e 0016 0016 0016 0016 0016 0016 03cc
Menu	0000 006e 0000 000d 005e 0016 002e 0016 0016 0016 002e 0016 002e 0016 0016 0016 0016 0016 002e 0016 0016 0016 002e 0016 0016 0016 0016 0016 0016 03ce
Up	0000 006e 0000 000d 005c 0016 0016 0016 002e 0016 0016 0016 0016 0016 0016 0016 0016 0016 002e 0016 0016 0016 002e 0016 0016 0016 0016 0016 0016 03d8
Left	0000 006e 0000 000d 005c 0016 0016 0016 002e 0016 0016 0016 0016 0016 0016 0016 002e 0016 002e 0016 0016 0016 002e 0016 0016 0016 0016 0016 0016 03ce
Right	0000 006e 0000 000d 005d 0016 002e 0016 0016 0016 0016 0016 0016 0016 0016 0016 002e 0016 002e 0016 0016 0016 002e 0016 0016 0016 0016 0016 0016 03ce
Down	0000 006e 0000 000d 005c 0016 002e 0016 002e 0016 0016 0016 0016 0016 0016 0016 0016 0016 002e 0016 0016 0016 002e 0016 0016 0016 0016 0016 0016 03ce
Execute	0000 006e 0000 000d 005d 0016 002e 0016 0016 0016 0016 0016 0016 0016 002e 0016 0016 0016 002e 0016 0016 0016 002e 0016 0016 0016 0016 0016 0016 03ce
