Power	0000 0067 0000 0015 0060 0018 0030 0018 0018 0018 0030 0018 0018 0018 0030 0018 0018 0018 0018 0018 0018 0018 0030 0018 0018 0018 0030 0018 0030 0018 0030 0018 0018 0018 0018 0018 0030 0018 0018 0018 0018 0018 0030 0018 0018 0212
1	0000 0067 0000 0015 0060 0018 0018 0018 0018 0018 0018 0018 0018 0018 0018 0018 0018 0018 0018 0018 0018 0018 0030 0018 0018 0018 0030 0018 0030 0018 0030 0018 0018 0018 0018 0018 0030 0018 0018 0018 0018 0018 0030 0018 0018 025a
2	0000 0067 0000 0015 0060 0018 0030 0018 0018 0018 0018 0018 0018 0018 0018 0018 0018 0018 0018 0018 0018 0018 0030 0018 0018 0018 0030 0018 0030 0018 0030 0018 0018 0018 0018 0018 0030 0018 0018 0018 0018 0018 0030 0018 0018 0242
3	0000 0067 0000 0015 0060 0018 0018 0018 0030 0018 0018 0018 0018 0018 0018 0018 0018 0018 0018 0018 0018 0018 0030 0018 0018 0018 0030 0018 0030 0018 0030 0018 0018 0018 0018 0018 0030 0018 0018 0018 0018 0018 0030 0018 0018 0242
4	0000 0067 0000 0015 0060 0018 0030 0018 0030 0018 0018 0018 0018 0018 0018 0018 0018 0018 0018 0018 0018 0018 0030 0018 0018 0018 0030 0018 0030 0018 0030 0018 0018 0018 0018 0018 0030 0018 0018 0018 0018 0018 0030 0018 0018 022a
5	0000 0067 0000 0015 0060 0018 0018 0018 0018 0018 0030 0018 0018 0018 0018 0018 0018 0018 0018 0018 0018 0018 0030 0018 0018 0018 0030 0018 0030 0018 0030 0018 0018 0018 0018 0018 0030 0018 0018 0018 0018 0018 0030 0018 0018 0242
6	0000 0067 0000 0015 0060 0018 0030 0018 0018 0018 0030 0018 0018 0018 0018 0018 0018 0018 0018 0018 0018 0018 0030 0018 0018 0018 0030 0018 0030 0018 0030 0018 0018 0018 0018 0018 0030 0018 0018 0018 0018 0018 0030 0018 0018 022a
7	0000 0067 0000 0015 0060 0018 0018 0018 0030 0018 0030 0018 0018 0018 0018 0018 0018 0018 0018 0018 0018 0018 0030 0018 0018 0018 0030 0018 0030 0018 0030 0018 0018 0018 0018 0018 0030 0018 0018 0018 0018 0018 0030 0018 0018 022a
8	0000 0067 0000 0015 0060 0018 0030 0018 0030 0018 0030 0018 0018 0018 0018 0018 0018 0018 0018 0018 0018 0018 0030 0018 0018 0018 0030 0018 0030 0018 0030 0018 0018 0018 0018 0018 0030 0018 0018 0018 0018 0018 0030 0018 0018 0212
9	0000 0067 0000 0015 0060 0018 0018 0018 0018 0018 0018 0018 0030 0018 0018 0018 0018 0018 0018 0018 0018 0018 0030 0018 0018 0018 0030 0018 0030 0018 0030 0018 0018 0018 0018 0018 0030 0018 0018 0018 0018 0018 0030 0018 0018 0242
0	0000 0067 0000 0015 0060 0018 0030 0018 0018 0018 0018 0018 0030 0018 0018 0018 0018 0018 0018 0018 0018 0018 0030 0018 0018 0018 0030 0018 0030 0018 0030 0018 0018 0018 0018 0018 0030 0018 0018 0018 0018 0018 0030 0018 0018 022a
Enter	0000 0067 0000 0015 0060 0018 0030 0018 0030 0018 0018 0018 0030 0018 0018 0018 0018 0018 0018 0018 0018 0018 0030 0018 0018 0018 0030 0018 0030 0018 0030 0018 0018 0018 0018 0018 0030 0018 0018 0018 0018 0018 0030 0018 0018 0212
Play	0000 0067 0000 0015 0060 0018 0018 0018 0030 0018 0018 0018 0018 0018 0030 0018 0030 0018 0018 0018 0018 0018 0030 0018 0018 0018 0030 0018 0030 0018 0030 0018 0018 0018 0018 0018 0030 0018 0018 0018 0018 0018 0030 0018 0018 0212
Stop	0000 0067 0000 0015 0060 0018 0018 0018 0018 0018 0018 0018 0030 0018 0030 0018 0030 0018 0018 0018 0018 0018 0030 0018 0018 0018 0030 0018 0030 0018 0030 0018 0018 0018 0018 0018 0030 0018 0018 0018 0018 0018 0030 0018 0018 0212
Pause	0000 0067 0000 0015 0060 0018 0030 0018 0018 0018 0018 0018 0030 0018 0030 0018 0030 0018 0018 0018 0018 0018 0030 0018 0018 0018 0030 0018 0030 0018 0030 0018 0018 0018 0018 0018 0030 0018 0018 0018 0018 0018 0030 0018 0018 01fa
Prev	0000 0067 0000 0015 0060 0018 0018 0018 0018 0018 0018 0018 0018 0018 0030 0018 0030 0018 0018 0018 0018 0018 0030 0018 0018 0018 0030 0018 0030 0018 0030 0018 0018 0018 0018 0018 0030 0018 0018 0018 0018 0018 0030 0018 0018 022a
Next	0000 0067 0000 0015 0060 0018 0030 0018 0018 0018 0018 0018 0018 0018 0030 0018 0030 0018 0018 0018 0018 0018 0030 0018 0018 0018 0030 0018 0030 0018 0030 0018 0018 0018 0018 0018 0030 0018 0018 0018 0018 0018 0030 0018 0018 0212
F Srch/Step	0000 0067 0000 0015 0060 0018 0030 0018 0018 0018 0018 0018 0018 0018 0018 0018 0030 0018 0018 0018 0018 0018 0030 0018 0018 0018 0030 0018 0030 0018 0030 0018 0018 0018 0018 0018 0030 0018 0018 0018 0018 0018 0030 0018 0018 022a
R Srch/Step	0000 0067 0000 0015 0060 0018 0018 0018 0018 0018 0018 0018 0018 0018 0018 0018 0030 0018 0018 0018 0018 0018 0030 0018 0018 0018 0030 0018 0030 0018 0030 0018 0018 0018 0018 0018 0030 0018 0018 0018 0018 0018 0030 0018 0018 0242
F Scan/Slow	0000 0067 0000 0015 0060 0018 0030 0018 0030 0018 0018 0018 0018 0018 0018 0018 0030 0018 0018 0018 0018 0018 0030 0018 0018 0018 0030 0018 0030 0018 0030 0018 0018 0018 0018 0018 0030 0018 0018 0018 0018 0018 0030 0018 0018 0212
R Scan/Slow	0000 0067 0000 0015 0060 0018 0018 0018 0030 0018 0018 0018 0018 0018 0018 0018 0030 0018 0018 0018 0018 0018 0030 0018 0018 0018 0030 0018 0030 0018 0030 0018 0018 0018 0018 0018 0030 0018 0018 0018 0018 0018 0030 0018 0018 022a
Title	0000 0067 0000 0015 0060 0018 0018 0018 0030 0018 0018 0018 0030 0018 0030 0018 0018 0018 0018 0018 0018 0018 0030 0018 0018 0018 0030 0018 0030 0018 0030 0018 0018 0018 0018 0018 0030 0018 0018 0018 0018 0018 0030 0018 0018 0212
Clear	0000 0067 0000 0015 0060 0018 0030 0018 0030 0018 0030 0018 0030 0018 0018 0018 0018 0018 0018 0018 0018 0018 0030 0018 0018 0018 0030 0018 0030 0018 0030 0018 0018 0018 0018 0018 0030 0018 0018 0018 0018 0018 0030 0018 0018 01fa
Up	0000 0067 0000 0015 0060 0018 0030 0018 0018 0018 0018 0018 0030 0018 0030 0018 0030 0018 0030 0018 0018 0018 0030 0018 0018 0018 0030 0018 0030 0018 0030 0018 0018 0018 0018 0018 0030 0018 0018 0018 0018 0018 0030 0018 0018 01e2
Down	0000 0067 0000 0015 0060 0018 0018 0018 0030 0018 0018 0018 0030 0018 0030 0018 0030 0018 0030 0018 0018 0018 0030 0018 0018 0018 0030 0018 0030 0018 0030 0018 0018 0018 0018 0018 0030 0018 0018 0018 0018 0018 0030 0018 0018 01e2
Left	0000 0067 0000 0015 0060 0018 0030 0018 0030 0018 0018 0018 0030 0018 0030 0018 0030 0018 0030 0018 0018 0018 0030 0018 0018 0018 0030 0018 0030 0018 0030 0018 0018 0018 0018 0018 0030 0018 0018 0018 0018 0018 0030 0018 0018 01ca
Right	0000 0067 0000 0015 0060 0018 0018 0018 0018 0018 0030 0018 0030 0018 0030 0018 0030 0018 0030 0018 0018 0018 0030 0018 0018 0018 0030 0018 0030 0018 0030 0018 0018 0018 0018 0018 0030 0018 0018 0018 0018 0018 0030 0018 0018 01e2
Display	0000 0067 0000 0015 0060 0018 0018 0018 0018 0018 0030 0018 0018 0018 0030 0018 0018 0018 0030 0018 0018 0018 0030 0018 0018 0018 0030 0018 0030 0018 0030 0018 0018 0018 0018 0018 0030 0018 0018 0018 0018 0018 0030 0018 0018 0212
Return	0000 0067 0000 0015 0060 0018 0018 0018 0030 0018 0030 0018 0030 0018 0018 0018 0018 0018 0018 0018 0018 0018 0030 0018 0018 0018 0030 0018 0030 0018 0030 0018 0018 0018 0018 0018 0030 0018 0018 0018 0018 0018 0030 0018 0018 0212
DVD Menu	0000 0067 0000 0015 0060 0018 0030 0018 0030 0018 0018 0018 0030 0018 0030 0018 0018 0018 0018 0018 0018 0018 0030 0018 0018 0018 0030 0018 0030 0018 0030 0018 0018 0018 0018 0018 0030 0018 0018 0018 0018 0018 0030 0018 0018 01fa
Time/Text	0000 0067 0000 0015 0060 0018 0018 0018 0018 0018 0018 0018 0030 0018 0018 0018 0030 0018 0018 0018 0018 0018 0030 0018 0018 0018 0030 0018 0030 0018 0030 0018 0018 0018 0018 0018 0030 0018 0018 0018 0018 0018 0030 0018 0018 022a
Shuffle	0000 0067 0000 0015 0060 0018 0030 0018 0018 0018 0030 0018 0018 0018 0030 0018 0030 0018 0018 0018 0018 0018 0030 0018 0018 0018 0030 0018 0030 0018 0030 0018 0018 0018 0018 0018 0030 0018 0018 0018 0018 0018 0030 0018 0018 01fa
Program	0000 0067 0000 0015 0060 0018 0030 0018 0030 0018 0030 0018 0030 0018 0030 0018 0018 0018 0018 0018 0018 0018 0030 0018 0018 0018 0030 0018 0030 0018 0030 0018 0018 0018 0018 0018 0030 0018 0018 0018 0018 0018 0030 0018 0018 01e2
Repeat	0000 0067 0000 0015 0060 0018 0018 0018 0018 0018 0030 0018 0030 0018 0018 0018 0030 0018 0018 0018 0018 0018 0030 0018 0018 0018 0030 0018 0030 0018 0030 0018 0018 0018 0018 0018 0030 0018 0018 0018 0018 0018 0030 0018 0018 0212
TV/Video	0000 0067 0000 000d 0060 0018 0030 0018 0018 0018 0030 0018 0018 0018 0018 0018 0030 0018 0018 0018 0030 0018 0018 0018 0018 0018 0018 0018 0018 040a
Audio	0000 0067 0000 0015 0060 0018 0018 0018 0018 0018 0030 0018 0018 0018 0018 0018 0030 0018 0030 0018 0018 0018 0030 0018 0018 0018 0030 0018 0030 0018 0030 0018 0018 0018 0018 0018 0030 0018 0018 0018 0018 0018 0030 0018 0018 0212
Subtitle	0000 0067 0000 0015 0060 0018 0030 0018 0030 0018 0018 0018 0018 0018 0018 0018 0030 0018 0030 0018 0018 0018 0030 0018 0018 0018 0030 0018 0030 0018 0030 0018 0018 0018 0018 0018 0030 0018 0018 0018 0018 0018 0030 0018 0018 01fa
Vol+	0000 0067 0000 000d 0060 0018 0018 0018 0030 0018 0018 0018 0018 0018 0030 0018 0018 0018 0018 0018 0018 0018 0018 0018 0018 0018 0018 0018 0030 0422
Vol-	0000 0067 0000 000d 0060 0018 0030 0018 0030 0018 0018 0018 0018 0018 0030 0018 0018 0018 0018 0018 0018 0018 0018 0018 0018 0018 0018 0018 0030 040a
Angle	0000 0067 0000 0015 0060 0018 0030 0018 0018 0018 0030 0018 0018 0018 0018 0018 0030 0018 0030 0018 0018 0018 0030 0018 0018 0018 0030 0018 0030 0018 0030 0018 0018 0018 0018 0018 0030 0018 0018 0018 0018 0018 0030 0018 0018 01fa
Dve	0000 0067 0000 0015 0060 0018 0018 0018 0018 0018 0018 0018 0030 0018 0030 0018 0018 0018 0030 0018 0018 0018 0030 0018 0018 0018 0030 0018 0030 0018 0030 0018 0018 0018 0018 0018 0030 0018 0018 0018 0018 0018 0030 0018 0018 0212
Open/Close	0000 0067 0000 0015 0060 0018 0018 0018 0030 0018 0030 0018 0018 0018 0030 0018 0018 0018 0018 0018 0018 0018 0030 0018 0018 0018 0030 0018 0030 0018 0030 0018 0018 0018 0018 0018 0030 0018 0018 0018 0018 0018 0030 0018 0018 0212
