Eject	0000 0067 0000 0015 0061 0017 0017 0017 0031 0017 0031 0017 0017 0017 0031 0017 0017 0017 0017 0017 0017 0017 0031 0017 0017 0017 0031 0017 0031 0017 0031 0017 0017 0017 0017 0017 0031 0017 0017 0017 0017 0017 0031 0017 0017 0211
Power	0000 0067 0000 0015 0060 0018 0030 0018 0018 0018 0030 0018 0018 0018 0030 0018 0018 0018 0018 0018 0018 0018 0030 0018 0018 0018 0030 0018 0030 0018 0030 0018 0018 0018 0018 0018 0030 0018 0018 0018 0018 0018 0030 0018 0018 0210
Sur	0000 0067 0000 0015 0061 0017 0017 0017 0031 0017 0017 0017 0031 0017 0031 0017 0017 0017 0031 0017 0017 0017 0031 0017 0017 0017 0031 0017 0031 0017 0031 0017 0017 0017 0017 0017 0031 0017 0017 0017 0017 0017 0031 0017 0017 01f9
Pictu Mode	0000 0067 0000 0015 0060 0018 0030 0018 0030 0018 0018 0018 0030 0018 0030 0018 0018 0018 0030 0018 0018 0018 0030 0018 0018 0018 0030 0018 0030 0018 0030 0018 0018 0018 0018 0018 0030 0018 0018 0018 0018 0018 0030 0018 0018 01e0
Audio	0000 0067 0000 0015 0060 0018 0018 0018 0018 0018 0030 0018 0018 0018 0018 0018 0030 0018 0030 0018 0018 0018 0030 0018 0018 0018 0030 0018 0030 0018 0030 0018 0018 0018 0018 0018 0030 0018 0018 0018 0018 0018 0030 0018 0018 0210
Subtitle	0000 0067 0000 0015 0061 0017 0031 0017 0031 0017 0017 0017 0017 0017 0017 0017 0031 0017 0031 0017 0017 0017 0031 0017 0017 0017 0031 0017 0031 0017 0031 0017 0017 0017 0017 0017 0031 0017 0017 0017 0017 0017 0031 0017 0017 01f7
Vol+	0000 0067 0000 000d 0060 0018 0018 0018 0030 0018 0018 0018 0018 0018 0030 0018 0018 0018 0018 0018 0030 0018 0018 0018 0018 0018 0018 0018 0018 0420
Vol-	0000 0067 0000 000d 0060 0018 0030 0018 0030 0018 0018 0018 0018 0018 0030 0018 0018 0018 0018 0018 0030 0018 0018 0018 0018 0018 0018 0018 0018 0408
Clear	0000 0067 0000 0015 0060 0018 0030 0018 0030 0018 0030 0018 0030 0018 0018 0018 0018 0018 0018 0018 0018 0018 0030 0018 0018 0018 0030 0018 0030 0018 0030 0018 0018 0018 0018 0018 0030 0018 0018 0018 0018 0018 0030 0018 0018 01f8
Angle	0000 0067 0000 0015 0060 0018 0030 0018 0018 0018 0030 0018 0018 0018 0018 0018 0030 0018 0030 0018 0018 0018 0030 0018 0018 0018 0030 0018 0030 0018 0030 0018 0018 0018 0018 0018 0030 0018 0018 0018 0018 0018 0030 0018 0018 01f8
TV/Video	0000 0067 0000 000d 0061 0019 0031 0019 0019 0019 0031 0019 0019 0019 0019 0019 0031 0019 0019 0019 0031 0019 0019 0019 0019 0019 0019 0019 0019 040a
R Srch	0000 0067 0000 0015 0060 0018 0018 0018 0018 0018 0018 0018 0018 0018 0030 0018 0030 0018 0018 0018 0018 0018 0030 0018 0018 0018 0030 0018 0030 0018 0030 0018 0018 0018 0018 0018 0030 0018 0018 0018 0018 0018 0030 0018 0018 0228
F Srch	0000 0067 0000 0015 0060 0018 0030 0018 0018 0018 0018 0018 0018 0018 0030 0018 0030 0018 0018 0018 0018 0018 0030 0018 0018 0018 0030 0018 0030 0018 0030 0018 0018 0018 0018 0018 0030 0018 0018 0018 0018 0018 0030 0018 0018 0210
Search Mode	0000 0067 0000 0015 0061 0017 0031 0017 0031 0017 0017 0017 0031 0017 0017 0017 0017 0017 0031 0017 0017 0017 0031 0017 0017 0017 0031 0017 0031 0017 0031 0017 0017 0017 0017 0017 0031 0017 0017 0017 0017 0017 0031 0017 0017 01f7
R Step	0000 0067 0000 0015 0060 0018 0018 0018 0030 0018 0018 0018 0018 0018 0018 0018 0030 0018 0018 0018 0018 0018 0030 0018 0018 0018 0030 0018 0030 0018 0030 0018 0018 0018 0018 0018 0030 0018 0018 0018 0018 0018 0030 0018 0018 0228
F Step	0000 0067 0000 0015 0060 0018 0030 0018 0030 0018 0018 0018 0018 0018 0018 0018 0030 0018 0018 0018 0018 0018 0030 0018 0018 0018 0030 0018 0030 0018 0030 0018 0018 0018 0018 0018 0030 0018 0018 0018 0018 0018 0030 0018 0018 0210
Replay	0000 0067 0000 0015 0061 0017 0017 0017 0017 0017 0031 0017 0031 0017 0031 0017 0017 0017 0031 0017 0017 0017 0031 0017 0017 0017 0031 0017 0031 0017 0031 0017 0017 0017 0017 0017 0031 0017 0017 0017 0017 0017 0031 0017 0017 01f7
Play	0000 0067 0000 0015 0060 0018 0018 0018 0030 0018 0018 0018 0018 0018 0030 0018 0030 0018 0018 0018 0018 0018 0030 0018 0018 0018 0030 0018 0030 0018 0030 0018 0018 0018 0018 0018 0030 0018 0018 0018 0018 0018 0030 0018 0018 0210
Pause	0000 0067 0000 0015 0060 0018 0030 0018 0018 0018 0018 0018 0030 0018 0030 0018 0030 0018 0018 0018 0018 0018 0030 0018 0018 0018 0030 0018 0030 0018 0030 0018 0018 0018 0018 0018 0030 0018 0018 0018 0018 0018 0030 0018 0018 01f8
Stop	0000 0067 0000 0015 0061 0017 0017 0017 0017 0017 0017 0017 0031 0017 0031 0017 0031 0017 0017 0017 0017 0017 0031 0017 0017 0017 0031 0017 0031 0017 0031 0017 0017 0017 0017 0017 0031 0017 0017 0017 0017 0017 0031 0017 0017 020f
Up	0000 0067 0000 0015 0060 0018 0030 0018 0018 0018 0018 0018 0030 0018 0030 0018 0030 0018 0030 0018 0018 0018 0030 0018 0018 0018 0030 0018 0030 0018 0030 0018 0018 0018 0018 0018 0030 0018 0018 0018 0018 0018 0030 0018 0018 01e0
Left	0000 0067 0000 0015 0060 0018 0030 0018 0030 0018 0018 0018 0030 0018 0030 0018 0030 0018 0030 0018 0018 0018 0030 0018 0018 0018 0030 0018 0030 0018 0030 0018 0018 0018 0018 0018 0030 0018 0018 0018 0018 0018 0030 0018 0018 01c8
Enter	0000 0067 0000 0015 0061 0017 0031 0017 0031 0017 0017 0017 0031 0017 0017 0017 0017 0017 0017 0017 0017 0017 0031 0017 0017 0017 0031 0017 0031 0017 0031 0017 0017 0017 0017 0017 0031 0017 0017 0017 0017 0017 0031 0017 0017 020f
Right	0000 0067 0000 0015 0060 0018 0018 0018 0018 0018 0030 0018 0030 0018 0030 0018 0030 0018 0030 0018 0018 0018 0030 0018 0018 0018 0030 0018 0030 0018 0030 0018 0018 0018 0018 0018 0030 0018 0018 0018 0018 0018 0030 0018 0018 01e0
Down	0000 0067 0000 0015 0060 0018 0018 0018 0030 0018 0018 0018 0030 0018 0030 0018 0030 0018 0030 0018 0018 0018 0030 0018 0018 0018 0030 0018 0030 0018 0030 0018 0018 0018 0018 0018 0030 0018 0018 0018 0018 0018 0030 0018 0018 01e0
Display	0000 0067 0000 0015 0061 0017 0017 0017 0017 0017 0031 0017 0017 0017 0031 0017 0017 0017 0031 0017 0017 0017 0031 0017 0017 0017 0031 0017 0031 0017 0031 0017 0017 0017 0017 0017 0031 0017 0017 0017 0017 0017 0031 0017 0017 020f
Top Menu	0000 0067 0000 0015 0060 0018 0018 0018 0030 0018 0018 0018 0030 0018 0030 0018 0018 0018 0018 0018 0018 0018 0030 0018 0018 0018 0030 0018 0030 0018 0030 0018 0018 0018 0018 0018 0030 0018 0018 0018 0018 0018 0030 0018 0018 0210
Menu	0000 0067 0000 0015 0060 0018 0030 0018 0030 0018 0018 0018 0030 0018 0030 0018 0018 0018 0018 0018 0018 0018 0030 0018 0018 0018 0030 0018 0030 0018 0030 0018 0018 0018 0018 0018 0030 0018 0018 0018 0018 0018 0030 0018 0018 01f8
Return	0000 0067 0000 0015 0061 0017 0017 0017 0031 0017 0031 0017 0031 0017 0017 0017 0017 0017 0017 0017 0017 0017 0031 0017 0017 0017 0031 0017 0031 0017 0031 0017 0017 0017 0017 0017 0031 0017 0017 0017 0017 0017 0031 0017 0017 020f
