Power	0000 0067 0000 0015 0061 0019 0030 0019 0019 0019 0030 0019 0019 0019 0030 0019 0019 0019 0019 0019 0019 0019 0030 0019 0019 0019 0030 0019 0030 0019 0030 0019 0019 0019 0019 0019 0030 0019 0019 0019 0019 0019 0030 0019 0019 020f
Eject	0000 0067 0000 0015 0061 001a 001a 001a 0030 001a 0030 001a 001a 001a 0030 001a 001a 001a 001a 001a 001a 001a 0030 001a 001a 001a 0030 001a 0030 001a 0030 001a 001a 001a 001a 001a 0030 001a 001a 001a 001a 001a 0030 001a 001a 020f
Display	0000 0067 0000 0015 0061 0019 0019 0019 0019 0019 0030 0019 0019 0019 0030 0019 0019 0019 0030 0019 0019 0019 0030 0019 0019 0019 0030 0019 0030 0019 0030 0019 0019 0019 0019 0019 0030 0019 0019 0019 0019 0019 0030 0019 0019 020f
1	0000 0067 0000 0015 0061 0017 0017 0017 0017 0017 0017 0017 0017 0017 0017 0017 0017 0017 0017 0017 0017 0017 0030 0017 0017 0017 0030 0017 0030 0017 0030 0017 0017 0017 0017 0017 0030 0017 0017 0017 0017 0017 0030 0017 0017 0257
2	0000 0067 0000 0015 0061 001a 0030 001a 001a 001a 001a 001a 001a 001a 001a 001a 001a 001a 001a 001a 001a 001a 0030 001a 001a 001a 0030 001a 0030 001a 0030 001a 001a 001a 001a 001a 0030 001a 001a 001a 001a 001a 0030 001a 001a 023f
3	0000 0067 0000 0015 0061 0019 0019 0019 0030 0019 0019 0019 0019 0019 0019 0019 0019 0019 0019 0019 0019 0019 0030 0019 0019 0019 0030 0019 0030 0019 0030 0019 0019 0019 0019 0019 0030 0019 0019 0019 0019 0019 0030 0019 0019 023f
4	0000 0067 0000 0015 0061 0017 0030 0017 0030 0017 0017 0017 0017 0017 0017 0017 0017 0017 0017 0017 0017 0017 0030 0017 0017 0017 0030 0017 0030 0017 0030 0017 0017 0017 0017 0017 0030 0017 0017 0017 0017 0017 0030 0017 0017 0227
5	0000 0067 0000 0015 0061 001a 001a 001a 001a 001a 0030 001a 001a 001a 001a 001a 001a 001a 001a 001a 001a 001a 0030 001a 001a 001a 0030 001a 0030 001a 0030 001a 001a 001a 001a 001a 0030 001a 001a 001a 001a 001a 0030 001a 001a 023f
6	0000 0067 0000 0015 0061 0019 0030 0019 0019 0019 0030 0019 0019 0019 0019 0019 0019 0019 0019 0019 0019 0019 0030 0019 0019 0019 0030 0019 0030 0019 0030 0019 0019 0019 0019 0019 0030 0019 0019 0019 0019 0019 0030 0019 0019 0227
7	0000 0067 0000 0015 0061 0019 0019 0019 0030 0019 0030 0019 0019 0019 0019 0019 0019 0019 0019 0019 0019 0019 0030 0019 0019 0019 0030 0019 0030 0019 0030 0019 0019 0019 0019 0019 0030 0019 0019 0019 0019 0019 0030 0019 0019 0227
8	0000 0067 0000 0015 0061 0019 0030 0019 0030 0019 0030 0019 0019 0019 0019 0019 0019 0019 0019 0019 0019 0019 0030 0019 0019 0019 0030 0019 0030 0019 0030 0019 0019 0019 0019 0019 0030 0019 0019 0019 0019 0019 0030 0019 0019 020f
9	0000 0067 0000 0015 0061 001a 001a 001a 001a 001a 001a 001a 0030 001a 001a 001a 001a 001a 001a 001a 001a 001a 0030 001a 001a 001a 0030 001a 0030 001a 0030 001a 001a 001a 001a 001a 0030 001a 001a 001a 001a 001a 0030 001a 001a 023f
0	0000 0067 0000 0015 0061 0017 0030 0017 0017 0017 0017 0017 0030 0017 0017 0017 0017 0017 0017 0017 0017 0017 0030 0017 0017 0017 0030 0017 0030 0017 0030 0017 0017 0017 0017 0017 0030 0017 0017 0017 0017 0017 0030 0017 0017 0227
SR Mode	0000 0067 0000 0015 0061 0017 0030 0017 0030 0017 0017 0017 0030 0017 0017 0017 0017 0017 0030 0017 0017 0017 0030 0017 0017 0017 0030 0017 0030 0017 0030 0017 0017 0017 0017 0017 0030 0017 0017 0017 0017 0017 0030 0017 0017 01f7
N Enter	0000 0067 0000 0015 0061 001a 0030 001a 0030 001a 001a 001a 0030 001a 001a 001a 001a 001a 001a 001a 001a 001a 0030 001a 001a 001a 0030 001a 0030 001a 0030 001a 001a 001a 001a 001a 0030 001a 001a 001a 001a 001a 0030 001a 001a 020f
Clear	0000 0067 0000 0015 0061 0017 0030 0017 0030 0017 0030 0017 0030 0017 0017 0017 0017 0017 0017 0017 0017 0017 0030 0017 0017 0017 0030 0017 0030 0017 0030 0017 0017 0017 0017 0017 0030 0017 0017 0017 0017 0017 0030 0017 0017 01f7
DNR	0000 0067 0000 0015 0061 0019 0019 0019 0019 0019 0019 0019 0030 0019 0019 0019 0019 0019 0030 0019 0019 0019 0030 0019 0019 0019 0030 0019 0030 0019 0030 0019 0019 0019 0019 0019 0030 0019 0019 0019 0019 0019 0030 0019 0019 0227
Shuffle	0000 0067 0000 0015 0061 0017 0030 0017 0017 0017 0030 0017 0017 0017 0030 0017 0030 0017 0017 0017 0017 0017 0030 0017 0017 0017 0030 0017 0030 0017 0030 0017 0017 0017 0017 0017 0030 0017 0017 0017 0017 0017 0030 0017 0017 01f7
Program	0000 0067 0000 0015 0061 0017 0030 0017 0030 0017 0030 0017 0030 0017 0030 0017 0017 0017 0017 0017 0017 0017 0030 0017 0017 0017 0030 0017 0030 0017 0030 0017 0017 0017 0017 0017 0030 0017 0017 0017 0017 0017 0030 0017 0017 01df
Repeat	0000 0067 0000 0015 0061 0019 0019 0019 0019 0019 0030 0019 0030 0019 0019 0019 0030 0019 0019 0019 0019 0019 0030 0019 0019 0019 0030 0019 0030 0019 0030 0019 0019 0019 0019 0019 0030 0019 0019 0019 0019 0019 0030 0019 0019 020f
A-B	0000 0067 0000 0015 0061 001a 001a 001a 0030 001a 001a 001a 0030 001a 001a 001a 0030 001a 001a 001a 001a 001a 0030 001a 001a 001a 0030 001a 0030 001a 0030 001a 001a 001a 001a 001a 0030 001a 001a 001a 001a 001a 0030 001a 001a 020f
Aud Change	0000 0067 0000 0015 0061 0017 0017 0017 0017 0017 0030 0017 0017 0017 0017 0017 0030 0017 0030 0017 0017 0017 0030 0017 0017 0017 0030 0017 0030 0017 0030 0017 0017 0017 0017 0017 0030 0017 0017 0017 0017 0017 0030 0017 0017 020f
Ang Change	0000 0067 0000 0015 0061 0017 0030 0017 0017 0017 0030 0017 0017 0017 0017 0017 0030 0017 0030 0017 0017 0017 0030 0017 0017 0017 0030 0017 0030 0017 0030 0017 0017 0017 0017 0017 0030 0017 0017 0017 0017 0017 0030 0017 0017 01f7
Subtit Change	0000 0067 0000 0015 0061 0017 0030 0017 0030 0017 0017 0017 0017 0017 0017 0017 0030 0017 0030 0017 0017 0017 0030 0017 0017 0017 0030 0017 0030 0017 0030 0017 0017 0017 0017 0017 0030 0017 0017 0017 0017 0017 0030 0017 0017 01f7
Subtit On/Off	0000 0067 0000 0015 0061 0019 0019 0019 0030 0019 0019 0019 0019 0019 0019 0019 0030 0019 0030 0019 0019 0019 0030 0019 0019 0019 0030 0019 0030 0019 0030 0019 0019 0019 0019 0019 0030 0019 0019 0019 0019 0019 0030 0019 0019 020f
F Trk	0000 0067 0000 0015 0061 001a 0030 001a 001a 001a 001a 001a 001a 001a 0030 001a 0030 001a 001a 001a 001a 001a 0030 001a 001a 001a 0030 001a 0030 001a 0030 001a 001a 001a 001a 001a 0030 001a 001a 001a 001a 001a 0030 001a 001a 020f
R Trk	0000 0067 0000 0015 0061 0019 0019 0019 0019 0019 0019 0019 0019 0019 0030 0019 0030 0019 0019 0019 0019 0019 0030 0019 0019 0019 0030 0019 0030 0019 0030 0019 0019 0019 0019 0019 0030 0019 0019 0019 0019 0019 0030 0019 0019 0227
Time	0000 0067 0000 0015 0061 0019 0019 0019 0019 0019 0019 0019 0030 0019 0019 0019 0030 0019 0019 0019 0019 0019 0030 0019 0019 0019 0030 0019 0030 0019 0030 0019 0019 0019 0019 0019 0030 0019 0019 0019 0019 0019 0030 0019 0019 0227
Play	0000 0067 0000 0015 0061 0017 0017 0017 0030 0017 0017 0017 0017 0017 0030 0017 0030 0017 0017 0017 0017 0017 0030 0017 0017 0017 0030 0017 0030 0017 0030 0017 0017 0017 0017 0017 0030 0017 0017 0017 0017 0017 0030 0017 0017 020f
Pause	0000 0067 0000 0015 0061 0017 0030 0017 0017 0017 0017 0017 0030 0017 0030 0017 0030 0017 0017 0017 0017 0017 0030 0017 0017 0017 0030 0017 0030 0017 0030 0017 0017 0017 0017 0017 0030 0017 0017 0017 0017 0017 0030 0017 0017 01f7
Stop	0000 0067 0000 0015 0061 001a 001a 001a 001a 001a 001a 001a 0030 001a 0030 001a 0030 001a 001a 001a 001a 001a 0030 001a 001a 001a 0030 001a 0030 001a 0030 001a 001a 001a 001a 001a 0030 001a 001a 001a 001a 001a 0030 001a 001a 020f
S Up	0000 0067 0000 0015 0061 0017 0030 0017 0030 0017 0017 0017 0017 0017 0030 0017 0017 0017 0030 0017 0017 0017 0030 0017 0017 0017 0030 0017 0030 0017 0030 0017 0017 0017 0017 0017 0030 0017 0017 0017 0017 0017 0030 0017 0017 01f7
Title	0000 0067 0000 0015 0061 001a 001a 001a 0030 001a 001a 001a 0030 001a 0030 001a 001a 001a 001a 001a 001a 001a 0030 001a 001a 001a 0030 001a 0030 001a 0030 001a 001a 001a 001a 001a 0030 001a 001a 001a 001a 001a 0030 001a 001a 020f
Menu	0000 0067 0000 0015 0061 0017 0030 0017 0030 0017 0017 0017 0030 0017 0030 0017 0017 0017 0017 0017 0017 0017 0030 0017 0017 0017 0030 0017 0030 0017 0030 0017 0017 0017 0017 0017 0030 0017 0017 0017 0017 0017 0030 0017 0017 01f7
Return	0000 0067 0000 0015 0061 001a 001a 001a 0030 001a 0030 001a 0030 001a 001a 001a 001a 001a 001a 001a 001a 001a 0030 001a 001a 001a 0030 001a 0030 001a 0030 001a 001a 001a 001a 001a 0030 001a 001a 001a 001a 001a 0030 001a 001a 020f
Shuttle+	0000 0067 0000 0015 0060 0018 0030 0018 0030 0018 0018 0018 0018 0018 0030 0018 0030 0018 0030 0018 0018 0018 0030 0018 0018 0018 0030 0018 0030 0018 0030 0018 0018 0018 0018 0018 0030 0018 0018 0018 0018 0018 0030 0018 0018 01df
Shuttle-	0000 0067 0000 0015 0060 0018 0018 0018 0030 0018 0018 0018 0018 0018 0030 0018 0030 0018 0030 0018 0018 0018 0030 0018 0018 0018 0030 0018 0030 0018 0030 0018 0018 0018 0018 0018 0030 0018 0018 0018 0018 0018 0030 0018 0018 01f7
Jog+	0000 0067 0040 0015 0060 0018 0030 0018 0030 0018 0018 0018 0030 0018 0030 0018 0030 0018 0018 0018 0018 0018 000a 0002 0026 0018 0018 0018 0030 0018 0030 0018 0030 0018 0018 0018 0018 0018 0030 0018 0018 0018 0018 0018 0030 0018 0018 01df 0060 0018 0030 0018 0030 0018 0018 0018 0030 0018 0030 0018 0030 0018 0018 0018 0018 0018 0030 0018 0018 0018 0030 0018 0030 0018 0030 0018 0018 0018 0018 0018 0030 0018 0018 0018 0018 0018 0030 0018 0018 01df 0060 0018 0030 0018 0030 0018 0018 0018 0030 0018 0030 0018 0030 0018 0018 0018 0018 0018 0030 0018 0018 0018 0030 0018 0030 0018 0030 0018 0018 0018 0018 0018 0030 0018 0018 0018 0018 0018 0030 0018 0018 3cb5 0060 0018 0030 0018 0018 0018 0018 0018 0030 0018 0018 0018 0030 0018 0018 0018 0018 0018 0030 0018 0018 0018 0030 0018 0030 0018 0030 0018 0018 0018 0018 0018 0030 0018 0018 0018 0018 0018 0030 0018 0018 01df
Jog-	0000 0067 003f 0015 0060 0018 0018 0018 0030 0018 0018 0018 0030 0018 0030 0018 0030 0018 0018 0018 0018 0018 0030 0018 0018 0018 0030 0018 0030 0018 0030 0018 0018 0018 0018 0018 0030 0018 0018 0018 0018 0018 0030 0018 0018 01f7 0060 0018 0018 0018 0030 0018 0018 0018 0030 0018 0030 0018 0030 0018 0018 0018 0018 0018 0030 0018 0018 0018 0030 0018 0030 0018 0030 0018 0018 0018 0018 0018 0030 0018 0018 0018 0018 0018 0030 0018 0018 01f7 0060 0018 0018 0018 0030 0018 0018 0018 0030 0018 0030 0018 0030 0018 0018 0018 0018 0018 0030 0018 0018 0018 0030 0018 0030 0018 0030 0018 0018 0018 0018 0018 0030 0018 0018 0018 0018 0018 0030 0018 0018 3cb6 0060 0018 0030 0018 0018 0018 0018 0018 0030 0018 0018 0018 0030 0018 0018 0018 0018 0018 0030 0018 0018 0018 0030 0018 0030 0018 0030 0018 0018 0018 0018 0018 0030 0018 0018 0018 0018 0018 0030 0018 0018 01f7
Up	0000 0067 0000 0015 0061 0017 0030 0017 0017 0017 0017 0017 0030 0017 0030 0017 0030 0017 0030 0017 0017 0017 0030 0017 0017 0017 0030 0017 0030 0017 0030 0017 0017 0017 0017 0017 0030 0017 0017 0017 0017 0017 0030 0017 0017 01df
Down	0000 0067 0000 0015 0061 0017 0017 0017 0030 0017 0017 0017 0030 0017 0030 0017 0030 0017 0030 0017 0017 0017 0030 0017 0017 0017 0030 0017 0030 0017 0030 0017 0017 0017 0017 0017 0030 0017 0017 0017 0017 0017 0030 0017 0017 01df
Left	0000 0067 0000 0015 0061 0019 0030 0019 0030 0019 0019 0019 0030 0019 0030 0019 0030 0019 0030 0019 0019 0019 0030 0019 0019 0019 0030 0019 0030 0019 0030 0019 0019 0019 0019 0019 0030 0019 0019 0019 0019 0019 0030 0019 0019 01c7
Right	0000 0067 0000 0015 0061 0017 0017 0017 0017 0017 0030 0017 0030 0017 0030 0017 0030 0017 0030 0017 0017 0017 0030 0017 0017 0017 0030 0017 0030 0017 0030 0017 0017 0017 0017 0017 0030 0017 0017 0017 0017 0017 0030 0017 0017 01df
Enter	0000 0067 0000 0015 0061 0019 0030 0019 0030 0019 0019 0019 0030 0019 0019 0019 0019 0019 0019 0019 0019 0019 0030 0019 0019 0019 0030 0019 0030 0019 0030 0019 0019 0019 0019 0019 0030 0019 0019 0019 0019 0019 0030 0019 0019 020f
