Power	0000 0067 0000 000d 0060 0018 0030 0018 0018 0018 0030 0018 0018 0018 0030 0018 0018 0018 0018 0018 0030 0018 0030 0018 0030 0018 0018 0018 0018 03d8
 Power	0000 0067 0000 000d 0060 0018 0030 0018 0018 0018 0030 0018 0018 0018 0030 0018 0018 0018 0018 0018 0030 0018 0018 0018 0018 0018 0018 0018 0018 0408
Play	0000 0067 0000 000d 0061 0017 0019 0017 0031 0017 0019 0017 0031 0017 0031 0017 0019 0017 0019 0017 0031 0017 0031 0017 0031 0017 0019 0017 0019 03d8
Stop	0000 0067 0000 000d 0060 0018 0018 0018 0018 0018 0018 0018 0030 0018 0030 0018 0018 0018 0018 0018 0030 0018 0030 0018 0030 0018 0018 0018 0018 03f0
Pause	0000 0067 0000 000d 0060 0018 0030 0018 0018 0018 0018 0018 0030 0018 0030 0018 0018 0018 0018 0018 0030 0018 0030 0018 0030 0018 0018 0018 0018 03d8
Rew	0000 0067 0000 000d 0060 0018 0030 0018 0030 0018 0018 0018 0030 0018 0030 0018 0018 0018 0018 0018 0030 0018 0030 0018 0030 0018 0018 0018 0018 03c0
Ffwd	0000 0067 0000 000d 0060 0018 0018 0018 0018 0018 0030 0018 0030 0018 0030 0018 0018 0018 0018 0018 0030 0018 0030 0018 0030 0018 0018 0018 0018 03d8
F Srch	0000 0067 0000 000d 0060 0018 0030 0018 0018 0018 0018 0018 0030 0018 0018 0018 0030 0018 0018 0018 0030 0018 0030 0018 0030 0018 0018 0018 0018 03d8
R Srch	0000 0067 0000 000d 0061 0017 0019 0017 0019 0017 0019 0017 0031 0017 0019 0017 0031 0017 0019 0017 0031 0017 0031 0017 0031 0017 0019 0017 0019 03f0
Frame+	0000 0067 0000 000d 0060 0018 0030 0018 0018 0018 0018 0018 0018 0018 0030 0018 0030 0018 0018 0018 0030 0018 0030 0018 0030 0018 0018 0018 0018 03d8
Frame-	0000 0067 0000 000d 0060 0018 0018 0018 0018 0018 0018 0018 0018 0018 0030 0018 0030 0018 0018 0018 0030 0018 0030 0018 0030 0018 0018 0018 0018 03f0
Record	0000 0067 0000 000d 0061 0017 0031 0017 0019 0017 0031 0017 0031 0017 0031 0017 0019 0017 0019 0017 0031 0017 0031 0017 0031 0017 0019 0017 0019 03c0
Ch+	0000 0067 0000 000d 0060 0018 0018 0018 0018 0018 0018 0018 0018 0018 0030 0018 0018 0018 0018 0018 0030 0018 0018 0018 0018 0018 0018 0018 0018 0438
Ch-	0000 0067 0000 000d 0060 0018 0030 0018 0018 0018 0018 0018 0018 0018 0030 0018 0018 0018 0018 0018 0030 0018 0018 0018 0018 0018 0018 0018 0018 0420
Vol+	0000 0067 0000 000d 0061 0017 0019 0017 0031 0017 0019 0017 0019 0017 0031 0017 0019 0017 0019 0017 0031 0017 0019 0017 0019 0017 0019 0017 0019 0420
Vol-	0000 0067 0000 000d 0060 0018 0030 0018 0030 0018 0018 0018 0018 0018 0030 0018 0018 0018 0018 0018 0030 0018 0018 0018 0018 0018 0018 0018 0018 0408
TV/Video	0000 0067 0000 000d 0060 0018 0030 0018 0018 0018 0030 0018 0018 0018 0018 0018 0030 0018 0018 0018 0030 0018 0018 0018 0018 0018 0018 0018 0018 0408
Aud Mon/TV	0000 0067 0000 000d 0061 0017 0031 0017 0031 0017 0031 0017 0019 0017 0031 0017 0019 0017 0019 0017 0031 0017 0019 0017 0019 0017 0019 0017 0019 03f0
Slow	0000 0067 0000 000d 0060 0018 0030 0018 0030 0018 0018 0018 0018 0018 0018 0018 0030 0018 0018 0018 0030 0018 0030 0018 0030 0018 0018 0018 0018 03d8
X2	0000 0067 0000 000d 0060 0018 0018 0018 0018 0018 0030 0018 0018 0018 0030 0018 0018 0018 0018 0018 0030 0018 0030 0018 0030 0018 0018 0018 0018 03f0
Skip	0000 0067 0000 000d 0061 0017 0031 0017 0019 0017 0031 0017 0031 0017 0031 0017 0019 0017 0031 0017 0031 0017 0031 0017 0031 0017 0019 0017 0019 03a8
 Speed-Rew	0000 0067 0000 000d 0060 0018 0030 0018 0018 0018 0030 0018 0030 0018 0030 0018 0030 0018 0030 0018 0030 0018 0030 0018 0030 0018 0018 0018 0018 0390
TA Return	0000 0067 0000 000d 0060 0018 0030 0018 0018 0018 0018 0018 0030 0018 0030 0018 0018 0018 0030 0018 0030 0018 0030 0018 0030 0018 0018 0018 0018 03c0
TV/VTR	0000 0067 0000 000d 0061 0017 0019 0017 0031 0017 0019 0017 0031 0017 0019 0017 0031 0017 0019 0017 0031 0017 0031 0017 0031 0017 0019 0017 0019 03d8
Aud Monitor	0000 0067 0000 000d 0060 0018 0030 0018 0030 0018 0030 0018 0018 0018 0030 0018 0018 0018 0018 0018 0030 0018 0030 0018 0030 0018 0018 0018 0018 03c0
Count Reset	0000 0067 0000 000d 0060 0018 0018 0018 0030 0018 0030 0018 0018 0018 0018 0018 0018 0018 0030 0018 0030 0018 0030 0018 0030 0018 0018 0018 0018 03d8
Eject	0000 0067 0000 000d 0061 0017 0019 0017 0031 0017 0031 0017 0019 0017 0031 0017 0019 0017 0019 0017 0031 0017 0031 0017 0031 0017 0019 0017 0019 03d8
