Power	0000 006d 0000 0010 005c 0016 002e 0017 0017 0017 002e 0017 0017 0017 002e 0017 0017 0017 0017 0017 0017 0017 002e 0017 0017 0017 002e 0017 002e 0017 0017 0017 002e 0017 002e 02df
Backlight	0000 006d 0000 0010 005c 0016 0017 0017 0017 0017 0017 0017 002e 0017 0017 0017 002e 0017 0017 0017 0017 0017 002e 0017 0017 0017 002e 0017 002e 0017 0017 0017 002e 0017 002e 02f6
AU Focus	0000 006d 0000 0010 005c 0016 0017 0017 002e 0017 002e 0017 002e 0017 002e 0017 0017 0017 0017 0017 0017 0017 002e 0017 0017 0017 002e 0017 002e 0017 0017 0017 002e 0017 002e 02c8
Manual Focus	0000 006d 0000 0010 005c 0016 002e 0017 002e 0017 002e 0017 002e 0017 002e 0017 0017 0017 0017 0017 0017 0017 002e 0017 0017 0017 002e 0017 002e 0017 0017 0017 002e 0017 002e 02b2
Focus Far	0000 006d 0000 0010 005c 0016 0017 0017 002e 0017 0017 0017 0017 0017 0017 0017 002e 0017 0017 0017 0017 0017 002e 0017 0017 0017 002e 0017 002e 0017 0017 0017 002e 0017 002e 02f6
Focus Near	0000 006d 0000 0010 005c 0016 002e 0017 002e 0017 0017 0017 0017 0017 0017 0017 002e 0017 0017 0017 0017 0017 002e 0017 0017 0017 002e 0017 002e 0017 0017 0017 002e 0017 002e 02df
AT On/Off	0000 006d 0000 0010 005c 0016 002e 0017 0017 0017 002e 0017 0017 0017 0017 0017 0017 0017 0017 0017 0017 0017 0017 0017 002e 0017 0017 0017 0017 0017 002e 0017 0017 0017 0017 033b
AT Offset	0000 006d 0000 0010 005c 0016 002e 0017 0017 0017 002e 0017 0017 0017 0017 0017 0017 0017 0017 0017 0017 0017 0017 0017 002e 0017 0017 0017 0017 0017 002e 0017 0017 0017 0017 033b
AT Entry	0000 006d 0000 0010 005c 0016 002e 0017 0017 0017 002e 0017 0017 0017 0017 0017 0017 0017 0017 0017 0017 0017 0017 0017 002e 0017 0017 0017 0017 0017 002e 0017 0017 0017 0017 033b
AT Chase	0000 006d 0000 0010 005c 0016 002e 0017 0017 0017 002e 0017 0017 0017 0017 0017 0017 0017 0017 0017 0017 0017 0017 0017 002e 0017 0017 0017 0017 0017 002e 0017 0017 0017 0017 033c
AT AE	0000 006d 0000 0010 005c 0016 002e 0017 0017 0017 002e 0017 0017 0017 0017 0017 0017 0017 0017 0017 0017 0017 0017 0017 002e 0017 0017 0017 0017 0017 002e 0017 0017 0017 0017 033b
AT AU Zoom	0000 006d 0000 0010 005c 0016 002e 0017 0017 0017 002e 0017 0017 0017 0017 0017 0017 0017 0017 0017 0017 0017 0017 0017 002e 0017 0017 0017 0017 0017 002e 0017 0017 0017 0017 033b
MD On/Off	0000 006d 0000 0010 005c 0016 002e 0017 0017 0017 002e 0017 0017 0017 0017 0017 0017 0017 0017 0017 0017 0017 0017 0017 002e 0017 0017 0017 0017 0017 002e 0017 0017 0017 0017 033b
Frame	0000 006d 0000 0010 005c 0016 002e 0017 0017 0017 002e 0017 0017 0017 0017 0017 0017 0017 0017 0017 0017 0017 0017 0017 002e 0017 0017 0017 0017 0017 002e 0017 0017 0017 0017 033b
Detect	0000 006d 0000 0010 005c 0016 002e 0017 0017 0017 002e 0017 0017 0017 0017 0017 0017 0017 0017 0017 0017 0017 0017 0017 002e 0017 0017 0017 0017 0017 002e 0017 0017 0017 0017 033b
Data Screen	0000 006d 0000 0015 005c 0016 0017 0017 0017 0017 0017 0017 002e 0017 0017 0017 002e 0017 002e 0017 0017 0017 002e 0017 0017 0017 002e 0017 002e 0017 002e 0017 0017 0017 0017 0017 002e 0017 0017 0017 0017 0017 0017 0017 002e 01e5
Start/Stop	0000 006d 0000 0010 005c 0016 002e 0017 0017 0017 002e 0017 0017 0017 0017 0017 0017 0017 0017 0017 0017 0017 0017 0017 002e 0017 0017 0017 0017 0017 002e 0017 0017 0017 0017 033b
Frame Display	0000 006d 0000 0010 005c 0016 002e 0017 0017 0017 002e 0017 0017 0017 0017 0017 0017 0017 0017 0017 0017 0017 0017 0017 002e 0017 0017 0017 0017 0017 002e 0017 0017 0017 0017 033b
Preset 1	0000 006d 0000 0010 005c 0016 002e 0017 002e 0017 0017 0017 0017 0017 0017 0017 0017 0017 0017 0017 0017 0017 0017 0017 002e 0017 0017 0017 0017 0017 002e 0017 0017 0017 0017 033b
Preset 2	0000 006d 0000 0010 005c 0016 002e 0017 002e 0017 0017 0017 0017 0017 0017 0017 0017 0017 0017 0017 0017 0017 0017 0017 002e 0017 0017 0017 0017 0017 002e 0017 0017 0017 0017 033b
Preset 3	0000 006d 0000 0010 005c 0016 002e 0017 002e 0017 0017 0017 0017 0017 0017 0017 0017 0017 0017 0017 0017 0017 0017 0017 002e 0017 0017 0017 0017 0017 002e 0017 0017 0017 0017 033b
Preset 4	0000 006d 0000 0010 005c 0016 002e 0017 002e 0017 0017 0017 0017 0017 0017 0017 0017 0017 0017 0017 0017 0017 0017 0017 002e 0017 0017 0017 0017 0017 002e 0017 0017 0017 0017 033b
Preset 5	0000 006d 0000 0010 005c 0016 002e 0017 002e 0017 0017 0017 0017 0017 0017 0017 0017 0017 0017 0017 0017 0017 0017 0017 002e 0017 0017 0017 0017 0017 002e 0017 0017 0017 0017 033b
Preset 6	0000 006d 0000 0010 005c 0016 002e 0017 002e 0017 0017 0017 0017 0017 0017 0017 0017 0017 0017 0017 0017 0017 0017 0017 002e 0017 0017 0017 0017 0017 002e 0017 0017 0017 0017 033b
Menu	0000 006d 0000 0015 005c 0016 002e 0017 002e 0017 0017 0017 0017 0017 0017 0017 002e 0017 002e 0017 0017 0017 002e 0017 0017 0017 002e 0017 002e 0017 002e 0017 0017 0017 0017 0017 002e 0017 0017 0017 0017 0017 0017 0017 002e 01cf
P Tilt Reset	0000 006d 0000 0015 005c 0016 0017 0017 0017 0017 0017 0017 002e 0017 002e 0017 0017 0017 0017 0017 0017 0017 002e 0017 0017 0017 002e 0017 002e 0017 002e 0017 0017 0017 0017 0017 002e 0017 0017 0017 0017 0017 0017 0017 002e 01fc
Up	0000 006d 0000 0015 005c 0016 0017 0017 002e 0017 0017 0017 002e 0017 002e 0017 0017 0017 0017 0017 0017 0017 002e 0017 0017 0017 002e 0017 002e 0017 002e 0017 0017 0017 0017 0017 002e 0017 0017 0017 0017 0017 0017 0017 002e 01e3
Down	0000 006d 0000 0015 005c 0016 002e 0017 002e 0017 0017 0017 002e 0017 002e 0017 0017 0017 0017 0017 0017 0017 002e 0017 0017 0017 002e 0017 002e 0017 002e 0017 0017 0017 0017 0017 002e 0017 0017 0017 0017 0017 0017 0017 002e 01cc
Left	0000 006d 0000 0015 005c 0016 002e 0017 0017 0017 002e 0017 002e 0017 002e 0017 0017 0017 0017 0017 0017 0017 002e 0017 0017 0017 002e 0017 002e 0017 002e 0017 0017 0017 0017 0017 002e 0017 0017 0017 0017 0017 0017 0017 002e 01ce
Right	0000 006d 0000 0015 005c 0016 0017 0017 0017 0017 002e 0017 002e 0017 002e 0017 0017 0017 0017 0017 0017 0017 002e 0017 0017 0017 002e 0017 002e 0017 002e 0017 0017 0017 0017 0017 002e 0017 0017 0017 0017 0017 0017 0017 002e 01e4
Home	0000 006d 0000 0015 005c 0016 002e 0017 0017 0017 0017 0017 002e 0017 002e 0017 0017 0017 0017 0017 0017 0017 002e 0017 0017 0017 002e 0017 002e 0017 002e 0017 0017 0017 0017 0017 002e 0017 0017 0017 0017 0017 0017 0017 002e 01e5
Zoom Tele Slow	0000 006d 0000 0010 005c 0016 0017 0017 002e 0017 0017 0017 002e 0017 002e 0017 0017 0017 0017 0017 0017 0017 002e 0017 0017 0017 002e 0017 002e 0017 0017 0017 002e 0017 002e 02df
Zoom Wide Slow	0000 006d 0000 0010 005c 0016 002e 0017 002e 0017 0017 0017 002e 0017 002e 0017 0017 0017 0017 0017 0017 0017 002e 0017 0017 0017 002e 0017 002e 0017 0017 0017 002e 0017 002e 02c8
Zoom Tele Fast	0000 006d 0000 0010 005c 0016 0017 0017 0017 0017 002e 0017 002e 0017 002e 0017 0017 0017 0017 0017 0017 0017 002e 0017 0017 0017 002e 0017 002e 0017 0017 0017 002e 0017 002e 02df
Zoom Wide Fast	0000 006d 0000 0010 005c 0016 002e 0017 0017 0017 002e 0017 002e 0017 002e 0017 0017 0017 0017 0017 0017 0017 002e 0017 0017 0017 002e 0017 002e 0017 0017 0017 002e 0017 002e 02c8
Cursor Up	0000 006d 0000 0015 005c 0016 0017 0017 0017 0017 002e 0017 0017 0017 0017 0017 002e 0017 002e 0017 0017 0017 002e 0017 0017 0017 002e 0017 002e 0017 002e 0017 0017 0017 0017 0017 002e 0017 0017 0017 0017 0017 0017 0017 002e 01e5
Cursor Down	0000 006d 0000 0015 005c 0016 002e 0017 0017 0017 002e 0017 0017 0017 0017 0017 002e 0017 002e 0017 0017 0017 002e 0017 0017 0017 002e 0017 002e 0017 002e 0017 0017 0017 0017 0017 002e 0017 0017 0017 0017 0017 0017 0017 002e 01ce
Cursor Left	0000 006d 0000 0015 005c 0016 0017 0017 002e 0017 002e 0017 0017 0017 0017 0017 002e 0017 002e 0017 0017 0017 002e 0017 0017 0017 002e 0017 002e 0017 002e 0017 0017 0017 0017 0017 002e 0017 0017 0017 0017 0017 0017 0017 002e 01cf
Cursor Right	0000 006d 0000 0015 005c 0016 002e 0017 002e 0017 002e 0017 0017 0017 0017 0017 002e 0017 002e 0017 0017 0017 002e 0017 0017 0017 002e 0017 002e 0017 002e 0017 0017 0017 0017 0017 002e 0017 0017 0017 0017 0017 0017 0017 002e 01b8
Store Preset 1	0000 006d 0000 0010 005c 0016 002e 0017 002e 0017 0017 0017 0017 0017 0017 0017 0017 0017 0017 0017 0017 0017 0017 0017 002e 0017 0017 0017 0017 0017 002e 0017 0017 0017 0017 033c
Store Preset 2	0000 006d 0000 0010 005c 0016 002e 0017 002e 0017 0017 0017 0017 0017 0017 0017 0017 0017 0017 0017 0017 0017 0017 0017 002e 0017 0017 0017 0017 0017 002e 0017 0017 0017 0017 033d
Store Preset 3	0000 006d 0000 0010 005c 0016 002e 0017 002e 0017 0017 0017 0017 0017 0017 0017 0017 0017 0017 0017 0017 0017 0017 0017 002e 0017 0017 0017 0017 0017 002e 0017 0017 0017 0017 033e
Store Preset 4	0000 006d 0000 0010 005c 0016 002e 0017 002e 0017 0017 0017 0017 0017 0017 0017 0017 0017 0017 0017 0017 0017 0017 0017 002e 0017 0017 0017 0017 0017 002e 0017 0017 0017 0017 033e
Store Preset 5	0000 006d 0000 0010 005c 0016 002e 0017 002e 0017 0017 0017 0017 0017 0017 0017 0017 0017 0017 0017 0017 0017 0017 0017 002e 0017 0017 0017 0017 0017 002e 0017 0017 0017 0017 033f
Store Preset 6	0000 006d 0000 0010 005c 0016 002e 0017 002e 0017 0017 0017 0017 0017 0017 0017 0017 0017 0017 0017 0017 0017 0017 0017 002e 0017 0017 0017 0017 0017 002e 0017 0017 0017 0017 033f
Reset Preset 1	0000 006d 0000 0010 005c 0016 002e 0017 002e 0017 0017 0017 0017 0017 0017 0017 0017 0017 0017 0017 0017 0017 0017 0017 002e 0017 0017 0017 0017 0017 002e 0017 0017 0017 0017 033d
Reset Preset 2	0000 006d 0000 0010 005c 0016 002e 0017 002e 0017 0017 0017 0017 0017 0017 0017 0017 0017 0017 0017 0017 0017 0017 0017 002e 0017 0017 0017 0017 0017 002e 0017 0017 0017 0017 033d
Reset Preset 3	0000 006d 0000 0010 005c 0016 002e 0017 002e 0017 0017 0017 0017 0017 0017 0017 0017 0017 0017 0017 0017 0017 0017 0017 002e 0017 0017 0017 0017 0017 002e 0017 0017 0017 0017 033d
Reset Preset 4	0000 006d 0000 0010 005c 0016 002e 0017 002e 0017 0017 0017 0017 0017 0017 0017 0017 0017 0017 0017 0017 0017 0017 0017 002e 0017 0017 0017 0017 0017 002e 0017 0017 0017 0017 033e
Reset Preset 5	0000 006d 0000 0010 005c 0016 002e 0017 002e 0017 0017 0017 0017 0017 0017 0017 0017 0017 0017 0017 0017 0017 0017 0017 002e 0017 0017 0017 0017 0017 002e 0017 0017 0017 0017 033f
Reset Preset 6	0000 006d 0000 0010 005c 0016 002e 0017 002e 0017 0017 0017 0017 0017 0017 0017 0017 0017 0017 0017 0017 0017 0017 0017 002e 0017 0017 0017 0017 0017 002e 0017 0017 0017 0017 033f
