Open/Close	0000 006D 0000 0027 0000 0060 0000 0060 0000 0060 0000 0060 0000 0060 0000 0060 0000 0060 0000 0060 0000 0060 0000 0060 0000 0060 0000 0060 0000 0ED4 0000 0060 0000 0060 0000 0060 0000 0060 0000 0060 0000 0060 0000 0060 0000 0060 0000 0060 0000 0060 0000 0060 0000 0060 0000 0ED4 0000 0060 0000 0060 0000 0060 0000 0060 0000 0060 0000 0060 0000 0060 0000 0060 0000 0060 0000 0060 0000 0060 0000 0060 0000 0EDC
Power	0000 006D 0000 0027 0000 0060 0000 0060 0000 0060 0000 0060 0000 0060 0000 0060 0000 0060 0000 0060 0000 0060 0000 0060 0000 0060 0000 0060 0000 0ED4 0000 0060 0000 0060 0000 0060 0000 0060 0000 0060 0000 0060 0000 0060 0000 0060 0000 0060 0000 0060 0000 0060 0000 0060 0000 0ED4 0000 0060 0000 0060 0000 0060 0000 0060 0000 0060 0000 0060 0000 0060 0000 0060 0000 0060 0000 0060 0000 0060 0000 0060 0000 0EDC
Clear	0000 006D 0000 0027 0000 0060 0000 0060 0000 0060 0000 0060 0000 0060 0000 0060 0000 0060 0000 0060 0000 0060 0000 0060 0000 0060 0000 0060 0000 0ED4 0000 0060 0000 0060 0000 0060 0000 0060 0000 0060 0000 0060 0000 0060 0000 0060 0000 0060 0000 0060 0000 0060 0000 0060 0000 0ED4 0000 0060 0000 0060 0000 0060 0000 0060 0000 0060 0000 0060 0000 0060 0000 0060 0000 0060 0000 0060 0000 0060 0000 0060 0000 0EDC
Frame/Time	0000 006D 0000 0027 0000 0060 0000 0060 0000 0060 0000 0060 0000 0060 0000 0060 0000 0060 0000 0060 0000 0060 0000 0060 0000 0060 0000 0060 0000 0ED4 0000 0060 0000 0060 0000 0060 0000 0060 0000 0060 0000 0060 0000 0060 0000 0060 0000 0060 0000 0060 0000 0060 0000 0060 0000 0ED4 0000 0060 0000 0060 0000 0060 0000 0060 0000 0060 0000 0060 0000 0060 0000 0060 0000 0060 0000 0060 0000 0060 0000 0060 0000 0EDC
Pgm	0000 006D 0000 0027 0000 0060 0000 0060 0000 0060 0000 0060 0000 0060 0000 0060 0000 0060 0000 0060 0000 0060 0000 0060 0000 0060 0000 0060 0000 0ED4 0000 0060 0000 0060 0000 0060 0000 0060 0000 0060 0000 0060 0000 0060 0000 0060 0000 0060 0000 0060 0000 0060 0000 0060 0000 0ED4 0000 0060 0000 0060 0000 0060 0000 0060 0000 0060 0000 0060 0000 0060 0000 0060 0000 0060 0000 0060 0000 0060 0000 0060 0000 0EDC
Repeat	0000 006D 0000 0027 0000 0060 0000 0060 0000 0060 0000 0060 0000 0060 0000 0060 0000 0060 0000 0060 0000 0060 0000 0060 0000 0060 0000 0060 0000 0ED4 0000 0060 0000 0060 0000 0060 0000 0060 0000 0060 0000 0060 0000 0060 0000 0060 0000 0060 0000 0060 0000 0060 0000 0060 0000 0ED4 0000 0060 0000 0060 0000 0060 0000 0060 0000 0060 0000 0060 0000 0060 0000 0060 0000 0060 0000 0060 0000 0060 0000 0060 0000 0EDC
Display	0000 006D 0000 0027 0000 0060 0000 0060 0000 0060 0000 0060 0000 0060 0000 0060 0000 0060 0000 0060 0000 0060 0000 0060 0000 0060 0000 0060 0000 0ED4 0000 0060 0000 0060 0000 0060 0000 0060 0000 0060 0000 0060 0000 0060 0000 0060 0000 0060 0000 0060 0000 0060 0000 0060 0000 0ED4 0000 0060 0000 0060 0000 0060 0000 0060 0000 0060 0000 0060 0000 0060 0000 0060 0000 0060 0000 0060 0000 0060 0000 0060 0000 0EDC
1side/All	0000 006D 0000 0027 0000 0060 0000 0060 0000 0060 0000 0060 0000 0060 0000 0060 0000 0060 0000 0060 0000 0060 0000 0060 0000 0060 0000 0060 0000 0ED4 0000 0060 0000 0060 0000 0060 0000 0060 0000 0060 0000 0060 0000 0060 0000 0060 0000 0060 0000 0060 0000 0060 0000 0060 0000 0ED4 0000 0060 0000 0060 0000 0060 0000 0060 0000 0060 0000 0060 0000 0060 0000 0060 0000 0060 0000 0060 0000 0060 0000 0060 0000 0EDC
Avtime	0000 006D 0000 0027 0000 0060 0000 0060 0000 0060 0000 0060 0000 0060 0000 0060 0000 0060 0000 0060 0000 0060 0000 0060 0000 0060 0000 0060 0000 0ED4 0000 0060 0000 0060 0000 0060 0000 0060 0000 0060 0000 0060 0000 0060 0000 0060 0000 0060 0000 0060 0000 0060 0000 0060 0000 0ED4 0000 0060 0000 0060 0000 0060 0000 0060 0000 0060 0000 0060 0000 0060 0000 0060 0000 0060 0000 0060 0000 0060 0000 0060 0000 0EDC
Shuffle	0000 006D 0000 0027 0000 0060 0000 0060 0000 0060 0000 0060 0000 0060 0000 0060 0000 0060 0000 0060 0000 0060 0000 0060 0000 0060 0000 0060 0000 0ED4 0000 0060 0000 0060 0000 0060 0000 0060 0000 0060 0000 0060 0000 0060 0000 0060 0000 0060 0000 0060 0000 0060 0000 0060 0000 0ED4 0000 0060 0000 0060 0000 0060 0000 0060 0000 0060 0000 0060 0000 0060 0000 0060 0000 0060 0000 0060 0000 0060 0000 0060 0000 0EDC
Rpt A/B	0000 006D 0000 0027 0000 0060 0000 0060 0000 0060 0000 0060 0000 0060 0000 0060 0000 0060 0000 0060 0000 0060 0000 0060 0000 0060 0000 0060 0000 0ED4 0000 0060 0000 0060 0000 0060 0000 0060 0000 0060 0000 0060 0000 0060 0000 0060 0000 0060 0000 0060 0000 0060 0000 0060 0000 0ED4 0000 0060 0000 0060 0000 0060 0000 0060 0000 0060 0000 0060 0000 0060 0000 0060 0000 0060 0000 0060 0000 0060 0000 0060 0000 0EDC
Audio Monitor	0000 006D 0000 0027 0000 0060 0000 0060 0000 0060 0000 0060 0000 0060 0000 0060 0000 0060 0000 0060 0000 0060 0000 0060 0000 0060 0000 0060 0000 0ED4 0000 0060 0000 0060 0000 0060 0000 0060 0000 0060 0000 0060 0000 0060 0000 0060 0000 0060 0000 0060 0000 0060 0000 0060 0000 0ED4 0000 0060 0000 0060 0000 0060 0000 0060 0000 0060 0000 0060 0000 0060 0000 0060 0000 0060 0000 0060 0000 0060 0000 0060 0000 0EDC
Analog CX	0000 006D 0000 0027 0000 0060 0000 0060 0000 0060 0000 0060 0000 0060 0000 0060 0000 0060 0000 0060 0000 0060 0000 0060 0000 0060 0000 0060 0000 0ED4 0000 0060 0000 0060 0000 0060 0000 0060 0000 0060 0000 0060 0000 0060 0000 0060 0000 0060 0000 0060 0000 0060 0000 0060 0000 0ED4 0000 0060 0000 0060 0000 0060 0000 0060 0000 0060 0000 0060 0000 0060 0000 0060 0000 0060 0000 0060 0000 0060 0000 0060 0000 0EDC
Search/Next	0000 006D 0000 0027 0000 0060 0000 0060 0000 0060 0000 0060 0000 0060 0000 0060 0000 0060 0000 0060 0000 0060 0000 0060 0000 0060 0000 0060 0000 0ED4 0000 0060 0000 0060 0000 0060 0000 0060 0000 0060 0000 0060 0000 0060 0000 0060 0000 0060 0000 0060 0000 0060 0000 0060 0000 0ED4 0000 0060 0000 0060 0000 0060 0000 0060 0000 0060 0000 0060 0000 0060 0000 0060 0000 0060 0000 0060 0000 0060 0000 0060 0000 0EDC
Back	0000 006D 0000 0027 0000 0060 0000 0060 0000 0060 0000 0060 0000 0060 0000 0060 0000 0060 0000 0060 0000 0060 0000 0060 0000 0060 0000 0060 0000 0ED4 0000 0060 0000 0060 0000 0060 0000 0060 0000 0060 0000 0060 0000 0060 0000 0060 0000 0060 0000 0060 0000 0060 0000 0060 0000 0ED4 0000 0060 0000 0060 0000 0060 0000 0060 0000 0060 0000 0060 0000 0060 0000 0060 0000 0060 0000 0060 0000 0060 0000 0060 0000 0EDC
Auto Pgm	0000 006D 0000 0027 0000 0060 0000 0060 0000 0060 0000 0060 0000 0060 0000 0060 0000 0060 0000 0060 0000 0060 0000 0060 0000 0060 0000 0060 0000 0ED4 0000 0060 0000 0060 0000 0060 0000 0060 0000 0060 0000 0060 0000 0060 0000 0060 0000 0060 0000 0060 0000 0060 0000 0060 0000 0ED4 0000 0060 0000 0060 0000 0060 0000 0060 0000 0060 0000 0060 0000 0060 0000 0060 0000 0060 0000 0060 0000 0060 0000 0060 0000 0EDC
1	0000 006D 0000 0027 0000 0060 0000 0060 0000 0060 0000 0060 0000 0060 0000 0060 0000 0060 0000 0060 0000 0060 0000 0060 0000 0060 0000 0060 0000 0ED0 0000 0060 0000 0060 0000 0060 0000 0060 0000 0060 0000 0060 0000 0060 0000 0060 0000 0060 0000 0060 0000 0060 0000 0060 0000 0ED0 0000 0060 0000 0060 0000 0060 0000 0060 0000 0060 0000 0060 0000 0060 0000 0060 0000 0060 0000 0060 0000 0060 0000 0060 0000 0EDC
2	0000 006D 0000 0027 0000 0060 0000 0060 0000 0060 0000 0060 0000 0060 0000 0060 0000 0060 0000 0060 0000 0060 0000 0060 0000 0060 0000 0060 0000 0ED4 0000 0060 0000 0060 0000 0060 0000 0060 0000 0060 0000 0060 0000 0060 0000 0060 0000 0060 0000 0060 0000 0060 0000 0060 0000 0ED4 0000 0060 0000 0060 0000 0060 0000 0060 0000 0060 0000 0060 0000 0060 0000 0060 0000 0060 0000 0060 0000 0060 0000 0060 0000 0EDC
3	0000 006D 0000 0027 0000 0060 0000 0060 0000 0060 0000 0060 0000 0060 0000 0060 0000 0060 0000 0060 0000 0060 0000 0060 0000 0060 0000 0060 0000 0ED4 0000 0060 0000 0060 0000 0060 0000 0060 0000 0060 0000 0060 0000 0060 0000 0060 0000 0060 0000 0060 0000 0060 0000 0060 0000 0ED4 0000 0060 0000 0060 0000 0060 0000 0060 0000 0060 0000 0060 0000 0060 0000 0060 0000 0060 0000 0060 0000 0060 0000 0060 0000 0EDC
4	0000 006D 0000 0027 0000 0060 0000 0060 0000 0060 0000 0060 0000 0060 0000 0060 0000 0060 0000 0060 0000 0060 0000 0060 0000 0060 0000 0060 0000 0ED4 0000 0060 0000 0060 0000 0060 0000 0060 0000 0060 0000 0060 0000 0060 0000 0060 0000 0060 0000 0060 0000 0060 0000 0060 0000 0ED4 0000 0060 0000 0060 0000 0060 0000 0060 0000 0060 0000 0060 0000 0060 0000 0060 0000 0060 0000 0060 0000 0060 0000 0060 0000 0EDC
5	0000 006D 0000 0027 0000 0060 0000 0060 0000 0060 0000 0060 0000 0060 0000 0060 0000 0060 0000 0060 0000 0060 0000 0060 0000 0060 0000 0060 0000 0ED4 0000 0060 0000 0060 0000 0060 0000 0060 0000 0060 0000 0060 0000 0060 0000 0060 0000 0060 0000 0060 0000 0060 0000 0060 0000 0ED4 0000 0060 0000 0060 0000 0060 0000 0060 0000 0060 0000 0060 0000 0060 0000 0060 0000 0060 0000 0060 0000 0060 0000 0060 0000 0EDC
6	0000 006D 0000 0027 0000 0060 0000 0060 0000 0060 0000 0060 0000 0060 0000 0060 0000 0060 0000 0060 0000 0060 0000 0060 0000 0060 0000 0060 0000 0ED4 0000 0060 0000 0060 0000 0060 0000 0060 0000 0060 0000 0060 0000 0060 0000 0060 0000 0060 0000 0060 0000 0060 0000 0060 0000 0ED4 0000 0060 0000 0060 0000 0060 0000 0060 0000 0060 0000 0060 0000 0060 0000 0060 0000 0060 0000 0060 0000 0060 0000 0060 0000 0EDC
7	0000 006D 0000 0027 0000 0060 0000 0060 0000 0060 0000 0060 0000 0060 0000 0060 0000 0060 0000 0060 0000 0060 0000 0060 0000 0060 0000 0060 0000 0ED4 0000 0060 0000 0060 0000 0060 0000 0060 0000 0060 0000 0060 0000 0060 0000 0060 0000 0060 0000 0060 0000 0060 0000 0060 0000 0ED4 0000 0060 0000 0060 0000 0060 0000 0060 0000 0060 0000 0060 0000 0060 0000 0060 0000 0060 0000 0060 0000 0060 0000 0060 0000 0EDC
8	0000 006D 0000 0027 0000 0060 0000 0060 0000 0060 0000 0060 0000 0060 0000 0060 0000 0060 0000 0060 0000 0060 0000 0060 0000 0060 0000 0060 0000 0ED4 0000 0060 0000 0060 0000 0060 0000 0060 0000 0060 0000 0060 0000 0060 0000 0060 0000 0060 0000 0060 0000 0060 0000 0060 0000 0ED4 0000 0060 0000 0060 0000 0060 0000 0060 0000 0060 0000 0060 0000 0060 0000 0060 0000 0060 0000 0060 0000 0060 0000 0060 0000 0EDC
9	0000 006D 0000 0027 0000 0060 0000 0060 0000 0060 0000 0060 0000 0060 0000 0060 0000 0060 0000 0060 0000 0060 0000 0060 0000 0060 0000 0060 0000 0ED4 0000 0060 0000 0060 0000 0060 0000 0060 0000 0060 0000 0060 0000 0060 0000 0060 0000 0060 0000 0060 0000 0060 0000 0060 0000 0ED4 0000 0060 0000 0060 0000 0060 0000 0060 0000 0060 0000 0060 0000 0060 0000 0060 0000 0060 0000 0060 0000 0060 0000 0060 0000 0EDC
0	0000 006D 0000 0027 0000 0060 0000 0060 0000 0060 0000 0060 0000 0060 0000 0060 0000 0060 0000 0060 0000 0060 0000 0060 0000 0060 0000 0060 0000 0ED4 0000 0060 0000 0060 0000 0060 0000 0060 0000 0060 0000 0060 0000 0060 0000 0060 0000 0060 0000 0060 0000 0060 0000 0060 0000 0ED4 0000 0060 0000 0060 0000 0060 0000 0060 0000 0060 0000 0060 0000 0060 0000 0060 0000 0060 0000 0060 0000 0060 0000 0060 0000 0EDC
+10	0000 006D 0000 0027 0000 0060 0000 0060 0000 0060 0000 0060 0000 0060 0000 0060 0000 0060 0000 0060 0000 0060 0000 0060 0000 0060 0000 0060 0000 0ED4 0000 0060 0000 0060 0000 0060 0000 0060 0000 0060 0000 0060 0000 0060 0000 0060 0000 0060 0000 0060 0000 0060 0000 0060 0000 0ED4 0000 0060 0000 0060 0000 0060 0000 0060 0000 0060 0000 0060 0000 0060 0000 0060 0000 0060 0000 0060 0000 0060 0000 0060 0000 0EDC
Picture Call	0000 006D 0000 0027 0000 0060 0000 0060 0000 0060 0000 0060 0000 0060 0000 0060 0000 0060 0000 0060 0000 0060 0000 0060 0000 0060 0000 0060 0000 0ED4 0000 0060 0000 0060 0000 0060 0000 0060 0000 0060 0000 0060 0000 0060 0000 0060 0000 0060 0000 0060 0000 0060 0000 0060 0000 0ED4 0000 0060 0000 0060 0000 0060 0000 0060 0000 0060 0000 0060 0000 0060 0000 0060 0000 0060 0000 0060 0000 0060 0000 0060 0000 0EDC
Picture Enhance	0000 006D 0000 0027 0000 0060 0000 0060 0000 0060 0000 0060 0000 0060 0000 0060 0000 0060 0000 0060 0000 0060 0000 0060 0000 0060 0000 0060 0000 0ED4 0000 0060 0000 0060 0000 0060 0000 0060 0000 0060 0000 0060 0000 0060 0000 0060 0000 0060 0000 0060 0000 0060 0000 0060 0000 0ED4 0000 0060 0000 0060 0000 0060 0000 0060 0000 0060 0000 0060 0000 0060 0000 0060 0000 0060 0000 0060 0000 0060 0000 0060 0000 0EDC
Auto Pause	0000 006D 0000 0027 0000 0060 0000 0060 0000 0060 0000 0060 0000 0060 0000 0060 0000 0060 0000 0060 0000 0060 0000 0060 0000 0060 0000 0060 0000 0ED4 0000 0060 0000 0060 0000 0060 0000 0060 0000 0060 0000 0060 0000 0060 0000 0060 0000 0060 0000 0060 0000 0060 0000 0060 0000 0ED4 0000 0060 0000 0060 0000 0060 0000 0060 0000 0060 0000 0060 0000 0060 0000 0060 0000 0060 0000 0060 0000 0060 0000 0060 0000 0EDC
Intro	0000 006D 0000 0027 0000 0060 0000 0060 0000 0060 0000 0060 0000 0060 0000 0060 0000 0060 0000 0060 0000 0060 0000 0060 0000 0060 0000 0060 0000 0ED4 0000 0060 0000 0060 0000 0060 0000 0060 0000 0060 0000 0060 0000 0060 0000 0060 0000 0060 0000 0060 0000 0060 0000 0060 0000 0ED4 0000 0060 0000 0060 0000 0060 0000 0060 0000 0060 0000 0060 0000 0060 0000 0060 0000 0060 0000 0060 0000 0060 0000 0060 0000 0EDC
Multispeed-	0000 006D 0000 0027 0000 0060 0000 0060 0000 0060 0000 0060 0000 0060 0000 0060 0000 0060 0000 0060 0000 0060 0000 0060 0000 0060 0000 0060 0000 0ED4 0000 0060 0000 0060 0000 0060 0000 0060 0000 0060 0000 0060 0000 0060 0000 0060 0000 0060 0000 0060 0000 0060 0000 0060 0000 0ED4 0000 0060 0000 0060 0000 0060 0000 0060 0000 0060 0000 0060 0000 0060 0000 0060 0000 0060 0000 0060 0000 0060 0000 0060 0000 0EDC
Multispeed+	0000 006D 0000 0027 0000 0060 0000 0060 0000 0060 0000 0060 0000 0060 0000 0060 0000 0060 0000 0060 0000 0060 0000 0060 0000 0060 0000 0060 0000 0ED4 0000 0060 0000 0060 0000 0060 0000 0060 0000 0060 0000 0060 0000 0060 0000 0060 0000 0060 0000 0060 0000 0060 0000 0060 0000 0ED4 0000 0060 0000 0060 0000 0060 0000 0060 0000 0060 0000 0060 0000 0060 0000 0060 0000 0060 0000 0060 0000 0060 0000 0060 0000 0EDC
Stop Motion	0000 006D 0000 0027 0000 0060 0000 0060 0000 0060 0000 0060 0000 0060 0000 0060 0000 0060 0000 0060 0000 0060 0000 0060 0000 0060 0000 0060 0000 0ED4 0000 0060 0000 0060 0000 0060 0000 0060 0000 0060 0000 0060 0000 0060 0000 0060 0000 0060 0000 0060 0000 0060 0000 0060 0000 0ED4 0000 0060 0000 0060 0000 0060 0000 0060 0000 0060 0000 0060 0000 0060 0000 0060 0000 0060 0000 0060 0000 0060 0000 0060 0000 0EDC
R Step	0000 006D 0000 000D 0000 0060 0000 0060 0000 0060 0000 0060 0000 0060 0000 0060 0000 0060 0000 0060 0000 0060 0000 0060 0000 0060 0000 0060 0000 0ED4
F Step	0000 006D 0000 000D 0000 0060 0000 0060 0000 0060 0000 0060 0000 0060 0000 0060 0000 0060 0000 0060 0000 0060 0000 0060 0000 0060 0000 0060 0000 0ED4
Down	0000 006D 0000 0027 0000 0060 0000 0060 0000 0060 0000 0060 0000 0060 0000 0060 0000 0060 0000 0060 0000 0060 0000 0060 0000 0060 0000 0060 0000 0ED4 0000 0060 0000 0060 0000 0060 0000 0060 0000 0060 0000 0060 0000 0060 0000 0060 0000 0060 0000 0060 0000 0060 0000 0060 0000 0ED4 0000 0060 0000 0060 0000 0060 0000 0060 0000 0060 0000 0060 0000 0060 0000 0060 0000 0060 0000 0060 0000 0060 0000 0060 0000 0EDC
Up	0000 006D 0000 0027 0000 0060 0000 0060 0000 0060 0000 0060 0000 0060 0000 0060 0000 0060 0000 0060 0000 0060 0000 0060 0000 0060 0000 0060 0000 0ED4 0000 0060 0000 0060 0000 0060 0000 0060 0000 0060 0000 0060 0000 0060 0000 0060 0000 0060 0000 0060 0000 0060 0000 0060 0000 0ED4 0000 0060 0000 0060 0000 0060 0000 0060 0000 0060 0000 0060 0000 0060 0000 0060 0000 0060 0000 0060 0000 0060 0000 0060 0000 0EDC
Flash Motion	0000 006D 0000 0027 0000 0060 0000 0060 0000 0060 0000 0060 0000 0060 0000 0060 0000 0060 0000 0060 0000 0060 0000 0060 0000 0060 0000 0060 0000 0ED4 0000 0060 0000 0060 0000 0060 0000 0060 0000 0060 0000 0060 0000 0060 0000 0060 0000 0060 0000 0060 0000 0060 0000 0060 0000 0ED4 0000 0060 0000 0060 0000 0060 0000 0060 0000 0060 0000 0060 0000 0060 0000 0060 0000 0060 0000 0060 0000 0060 0000 0060 0000 0EDC
TV/Video	0000 006D 0000 0027 0000 0060 0000 0060 0000 0060 0000 0060 0000 0060 0000 0060 0000 0060 0000 0060 0000 0060 0000 0060 0000 0060 0000 0060 0000 0ED4 0000 0060 0000 0060 0000 0060 0000 0060 0000 0060 0000 0060 0000 0060 0000 0060 0000 0060 0000 0060 0000 0060 0000 0060 0000 0ED4 0000 0060 0000 0060 0000 0060 0000 0060 0000 0060 0000 0060 0000 0060 0000 0060 0000 0060 0000 0060 0000 0060 0000 0060 0000 0EDC
TV Power	0000 006D 0000 0027 0000 0060 0000 0060 0000 0060 0000 0060 0000 0060 0000 0060 0000 0060 0000 0060 0000 0060 0000 0060 0000 0060 0000 0060 0000 0ED4 0000 0060 0000 0060 0000 0060 0000 0060 0000 0060 0000 0060 0000 0060 0000 0060 0000 0060 0000 0060 0000 0060 0000 0060 0000 0ED4 0000 0060 0000 0060 0000 0060 0000 0060 0000 0060 0000 0060 0000 0060 0000 0060 0000 0060 0000 0060 0000 0060 0000 0060 0000 0EDC
R Acs/Ams	0000 006D 0000 000D 0000 0060 0000 0060 0000 0060 0000 0060 0000 0060 0000 0060 0000 0060 0000 0060 0000 0060 0000 0060 0000 0060 0000 0060 0000 0ED4
F Acs/Ams	0000 006D 0000 000D 0000 0060 0000 0060 0000 0060 0000 0060 0000 0060 0000 0060 0000 0060 0000 0060 0000 0060 0000 0060 0000 0060 0000 0060 0000 0ED4
Memory Play	0000 006D 0000 0027 0000 0060 0000 0060 0000 0060 0000 0060 0000 0060 0000 0060 0000 0060 0000 0060 0000 0060 0000 0060 0000 0060 0000 0060 0000 0ED4 0000 0060 0000 0060 0000 0060 0000 0060 0000 0060 0000 0060 0000 0060 0000 0060 0000 0060 0000 0060 0000 0060 0000 0060 0000 0ED4 0000 0060 0000 0060 0000 0060 0000 0060 0000 0060 0000 0060 0000 0060 0000 0060 0000 0060 0000 0060 0000 0060 0000 0060 0000 0EDC
Ch+	0000 006D 0000 000D 0000 0060 0000 0060 0000 0060 0000 0060 0000 0060 0000 0060 0000 0060 0000 0060 0000 0060 0000 0060 0000 0060 0000 0060 0000 0ED4
Ch-	0000 006D 0000 000D 0000 0060 0000 0060 0000 0060 0000 0060 0000 0060 0000 0060 0000 0060 0000 0060 0000 0060 0000 0060 0000 0060 0000 0060 0000 0ED4
Vol+	0000 006D 0000 000D 0000 0060 0000 0060 0000 0060 0000 0060 0000 0060 0000 0060 0000 0060 0000 0060 0000 0060 0000 0060 0000 0060 0000 0060 0000 0ED4
Vol-	0000 006D 0000 000D 0000 0060 0000 0060 0000 0060 0000 0060 0000 0060 0000 0060 0000 0060 0000 0060 0000 0060 0000 0060 0000 0060 0000 0060 0000 0ED4
Side A	0000 006D 0000 0027 0000 0060 0000 0060 0000 0060 0000 0060 0000 0060 0000 0060 0000 0060 0000 0060 0000 0060 0000 0060 0000 0060 0000 0060 0000 0ED4 0000 0060 0000 0060 0000 0060 0000 0060 0000 0060 0000 0060 0000 0060 0000 0060 0000 0060 0000 0060 0000 0060 0000 0060 0000 0ED4 0000 0060 0000 0060 0000 0060 0000 0060 0000 0060 0000 0060 0000 0060 0000 0060 0000 0060 0000 0060 0000 0060 0000 0060 0000 0EDC
Side B	0000 006D 0000 0027 0000 0060 0000 0060 0000 0060 0000 0060 0000 0060 0000 0060 0000 0060 0000 0060 0000 0060 0000 0060 0000 0060 0000 0060 0000 0ED4 0000 0060 0000 0060 0000 0060 0000 0060 0000 0060 0000 0060 0000 0060 0000 0060 0000 0060 0000 0060 0000 0060 0000 0060 0000 0ED4 0000 0060 0000 0060 0000 0060 0000 0060 0000 0060 0000 0060 0000 0060 0000 0060 0000 0060 0000 0060 0000 0060 0000 0060 0000 0EDC
Stop	0000 006D 0000 0027 0000 0060 0000 0060 0000 0060 0000 0060 0000 0060 0000 0060 0000 0060 0000 0060 0000 0060 0000 0060 0000 0060 0000 0060 0000 0ED4 0000 0060 0000 0060 0000 0060 0000 0060 0000 0060 0000 0060 0000 0060 0000 0060 0000 0060 0000 0060 0000 0060 0000 0060 0000 0ED4 0000 0060 0000 0060 0000 0060 0000 0060 0000 0060 0000 0060 0000 0060 0000 0060 0000 0060 0000 0060 0000 0060 0000 0060 0000 0EDC
Play	0000 006D 0000 0027 0000 0060 0000 0060 0000 0060 0000 0060 0000 0060 0000 0060 0000 0060 0000 0060 0000 0060 0000 0060 0000 0060 0000 0060 0000 0ED4 0000 0060 0000 0060 0000 0060 0000 0060 0000 0060 0000 0060 0000 0060 0000 0060 0000 0060 0000 0060 0000 0060 0000 0060 0000 0ED4 0000 0060 0000 0060 0000 0060 0000 0060 0000 0060 0000 0060 0000 0060 0000 0060 0000 0060 0000 0060 0000 0060 0000 0060 0000 0EDC
Pause	0000 006D 0000 0027 0000 0060 0000 0060 0000 0060 0000 0060 0000 0060 0000 0060 0000 0060 0000 0060 0000 0060 0000 0060 0000 0060 0000 0060 0000 0ED4 0000 0060 0000 0060 0000 0060 0000 0060 0000 0060 0000 0060 0000 0060 0000 0060 0000 0060 0000 0060 0000 0060 0000 0060 0000 0ED4 0000 0060 0000 0060 0000 0060 0000 0060 0000 0060 0000 0060 0000 0060 0000 0060 0000 0060 0000 0060 0000 0060 0000 0060 0000 0EDC
F Srch	0000 006D 0000 000D 0000 0060 0000 0060 0000 0060 0000 0060 0000 0060 0000 0060 0000 0060 0000 0060 0000 0060 0000 0060 0000 0060 0000 0060 0000 0ED4
R Srch	0000 006D 0000 000D 0000 0060 0000 0060 0000 0060 0000 0060 0000 0060 0000 0060 0000 0060 0000 0060 0000 0060 0000 0060 0000 0060 0000 0060 0000 0ED4
FF Faster	0000 006D 0000 000D 0000 0060 0000 0060 0000 0060 0000 0060 0000 0060 0000 0060 0000 0060 0000 0060 0000 0060 0000 0060 0000 0060 0000 0060 0000 0ED4
Rew Faster	0000 006D 0000 000D 0000 0060 0000 0060 0000 0060 0000 0060 0000 0060 0000 0060 0000 0060 0000 0060 0000 0060 0000 0060 0000 0060 0000 0060 0000 0ED4
