Display	0000 0066 0000 000d 0060 0018 0018 0018 0030 0018 0018 0018 0030 0018 0030 0018 0030 0018 0018 0018 0030 0018 0018 0018 0018 0018 0018 0018 0018 03ef
Standby	0000 0066 0000 000d 0061 0019 0031 0019 0031 0019 0031 0019 0031 0019 0019 0019 0031 0019 0019 0019 0031 0019 0019 0019 0019 0019 0019 0019 0019 03d9
Power On	0000 0066 0000 000d 0060 0018 0018 0018 0030 0018 0030 0018 0030 0018 0018 0018 0030 0018 0018 0018 0030 0018 0018 0018 0018 0018 0018 0018 0018 03ef
Input 1	0000 0066 0000 000d 0060 0018 0030 0018 0030 0018 0018 0018 0018 0018 0018 0018 0018 0018 0030 0018 0030 0018 0018 0018 0018 0018 0018 0018 0018 0407
Input 2	0000 0066 0000 000d 0061 0019 0019 0019 0019 0019 0031 0019 0019 0019 0019 0019 0019 0019 0031 0019 0031 0019 0019 0019 0019 0019 0019 0019 0019 0421
RGB/Yuv	0000 0066 0000 0010 0060 0018 0018 0018 0018 0018 0018 0018 0030 0018 0018 0018 0018 0018 0030 0018 0018 0018 0018 0018 0030 0018 0018 0018 0018 0018 0030 0018 0018 0018 0030 035f
Video	0000 0066 0000 000d 0060 0018 0018 0018 0018 0018 0018 0018 0018 0018 0018 0018 0018 0018 0030 0018 0030 0018 0018 0018 0018 0018 0018 0018 0018 0437
Option	0000 0066 0000 000d 0061 0019 0031 0019 0019 0019 0019 0019 0019 0019 0019 0019 0019 0019 0031 0019 0031 0019 0019 0019 0019 0019 0019 0019 0019 0421
S Video	0000 0066 0000 000d 0060 0018 0030 0018 0018 0018 0030 0018 0030 0018 0018 0018 0018 0018 0030 0018 0030 0018 0018 0018 0018 0018 0018 0018 0018 03ef
1	0000 0066 0000 000d 0060 0018 0018 0018 0018 0018 0018 0018 0018 0018 0018 0018 0018 0018 0018 0018 0030 0018 0018 0018 0018 0018 0018 0018 0018 044f
2	0000 0066 0000 000d 0061 0019 0031 0019 0019 0019 0019 0019 0019 0019 0019 0019 0019 0019 0019 0019 0031 0019 0019 0019 0019 0019 0019 0019 0019 0439
3	0000 0066 0000 000d 0060 0018 0018 0018 0030 0018 0018 0018 0018 0018 0018 0018 0018 0018 0018 0018 0030 0018 0018 0018 0018 0018 0018 0018 0018 0437
4	0000 0066 0000 000d 0060 0018 0030 0018 0030 0018 0018 0018 0018 0018 0018 0018 0018 0018 0018 0018 0030 0018 0018 0018 0018 0018 0018 0018 0018 041f
5	0000 0066 0000 000d 0061 0019 0019 0019 0019 0019 0031 0019 0019 0019 0019 0019 0019 0019 0019 0019 0031 0019 0019 0019 0019 0019 0019 0019 0019 0439
6	0000 0066 0000 000d 0060 0018 0030 0018 0018 0018 0030 0018 0018 0018 0018 0018 0018 0018 0018 0018 0030 0018 0018 0018 0018 0018 0018 0018 0018 041f
7	0000 0066 0000 000d 0060 0018 0018 0018 0030 0018 0030 0018 0018 0018 0018 0018 0018 0018 0018 0018 0030 0018 0018 0018 0018 0018 0018 0018 0018 041f
8	0000 0066 0000 000d 0061 0019 0031 0019 0031 0019 0031 0019 0019 0019 0019 0019 0019 0019 0019 0019 0031 0019 0019 0019 0019 0019 0019 0019 0019 0409
9	0000 0066 0000 000d 0060 0018 0018 0018 0018 0018 0018 0018 0030 0018 0018 0018 0018 0018 0018 0018 0030 0018 0018 0018 0018 0018 0018 0018 0018 0437
0	0000 0066 0000 000d 0060 0018 0030 0018 0018 0018 0018 0018 0030 0018 0018 0018 0018 0018 0018 0018 0030 0018 0018 0018 0018 0018 0018 0018 0018 041f
Off	0000 0066 0000 0010 0061 0019 0031 0019 0019 0019 0031 0019 0031 0019 0031 0019 0031 0019 0031 0019 0031 0019 0031 0019 0031 0019 0019 0019 0031 0019 0031 0019 0031 0019 0019 02b8
Set	0000 0066 0000 0010 0060 0018 0018 0018 0030 0018 0030 0018 0030 0018 0030 0018 0030 0018 0030 0018 0030 0018 0030 0018 0030 0018 0018 0018 0030 0018 0030 0018 0030 0018 0018 02b8
On	0000 0066 0000 0010 0060 0018 0018 0018 0018 0018 0030 0018 0030 0018 0030 0018 0030 0018 0030 0018 0030 0018 0030 0018 0030 0018 0018 0018 0030 0018 0030 0018 0030 0018 0018 02d0
Aspect	0000 0066 0000 0010 0061 0017 0031 0017 0017 0017 0031 0017 0031 0017 0031 0017 0031 0017 0017 0017 0017 0017 0017 0017 0031 0017 0017 0017 0017 0017 0031 0017 0017 0017 0031 0319
Select+	0000 0066 0000 000d 0061 0019 0019 0019 0019 0019 0031 0019 0019 0019 0031 0019 0031 0019 0031 0019 0031 0019 0019 0019 0019 0019 0019 0019 0019 03f1
Menu	0000 0066 0000 000d 0060 0018 0018 0018 0018 0018 0018 0018 0018 0018 0018 0018 0030 0018 0030 0018 0030 0018 0018 0018 0018 0018 0018 0018 0018 041f
H Shift	0000 0066 0000 0010 0060 0018 0018 0018 0018 0018 0018 0018 0018 0018 0030 0018 0018 0018 0018 0018 0030 0018 0030 0018 0030 0018 0018 0018 0030 0018 0030 0018 0030 0018 0018 032f
Select-	0000 0066 0000 000d 0061 0019 0031 0019 0019 0019 0031 0019 0019 0019 0031 0019 0031 0019 0031 0019 0031 0019 0019 0019 0019 0019 0019 0019 0019 03d9
Enter	0000 0066 0000 000d 0060 0018 0030 0018 0018 0018 0030 0018 0018 0018 0018 0018 0030 0018 0030 0018 0030 0018 0018 0018 0018 0018 0018 0018 0018 03ef
V Shift	0000 0066 0000 0010 0060 0018 0030 0018 0018 0018 0018 0018 0018 0018 0030 0018 0018 0018 0018 0018 0030 0018 0030 0018 0030 0018 0018 0018 0030 0018 0030 0018 0030 0018 0018 0317
H Size	0000 0066 0000 0010 0061 0019 0019 0019 0031 0019 0019 0019 0019 0019 0031 0019 0019 0019 0019 0019 0031 0019 0031 0019 0031 0019 0019 0019 0031 0019 0031 0019 0031 0019 0019 0319
V Size	0000 0066 0000 0010 0060 0018 0030 0018 0030 0018 0018 0018 0018 0018 0030 0018 0018 0018 0018 0018 0030 0018 0030 0018 0030 0018 0018 0018 0030 0018 0030 0018 0030 0018 0018 0300
Bright+	0000 0066 0000 000d 0060 0018 0018 0018 0030 0018 0030 0018 0030 0018 0030 0018 0018 0018 0018 0018 0030 0018 0018 0018 0018 0018 0018 0018 0018 03ef
Bright-	0000 0066 0000 000d 0061 0019 0031 0019 0031 0019 0031 0019 0031 0019 0031 0019 0019 0019 0019 0019 0031 0019 0019 0019 0019 0019 0019 0019 0019 03d9
Contrast+	0000 0066 0000 000d 0060 0018 0018 0018 0018 0018 0018 0018 0030 0018 0030 0018 0018 0018 0018 0018 0030 0018 0018 0018 0018 0018 0018 0018 0018 041f
Contrast-	0000 0066 0000 000d 0060 0018 0030 0018 0018 0018 0018 0018 0030 0018 0030 0018 0018 0018 0018 0018 0030 0018 0018 0018 0018 0018 0018 0018 0018 0407
