Power	0000 0067 0020 0010 0060 001a 0030 0018 0018 0018 0030 0018 0018 0019 0030 0018 0018 0018 0018 0018 0018 0019 0018 001a 0030 0018 0018 0018 0018 0018 0030 0018 0030 0018 0030 0330 0060 001a 0030 0018 0018 0018 0030 0018 0018 0019 0030 0018 0018 0018 0018 0018 0018 0019 0018 0018 0030 0018 0018 0018 0018 0018 0030 0018 0030 0018 0030 0330 0060 001a 0030 0018 0018 0018 0030 0018 0018 0019 0030 0018 0018 0018 0018 0018 0018 0019 0018 0018 0030 0018 0018 0018 0018 0018 0030 0018 0030 0018 0030 032d
Mode Lock	0000 0067 0020 0010 0060 001a 0018 0018 0018 0018 0018 0018 0030 0019 0030 0018 0018 0018 0018 0018 0018 0019 0018 0018 0030 0018 0018 0018 0018 0018 0030 0018 0030 0018 0030 0348 0060 001a 0018 0018 0018 0018 0018 0018 0030 0019 0030 0018 0018 0018 0018 0018 0018 0019 0018 0018 0030 0018 0018 0018 0018 0018 0030 0018 0030 0018 0030 0348 0060 001a 0018 0018 0018 0018 0018 0018 0030 0019 0030 0018 0018 0018 0018 0018 0018 0019 0018 0018 0030 0018 0018 0018 0018 0018 0030 0018 0030 0018 0030 0345
Clear	0000 0067 0020 0010 0060 001a 0030 0018 0030 0018 0030 0018 0030 0019 0018 0018 0018 0018 0018 0018 0018 0019 0019 0018 0030 0018 0018 0018 0018 0018 0030 0018 0030 0018 0030 0318 0060 001a 0030 0018 0030 0018 0030 0018 0030 0019 0018 0018 0018 0018 0018 0018 0018 0019 0018 0018 0030 0018 0018 0018 0018 0018 0030 0018 0030 0018 0030 0318 0060 001a 0030 0018 0030 0018 0030 0018 0030 0019 0018 0018 0018 0018 0018 0018 0018 0019 0018 0018 0030 0018 0018 0018 0018 0018 0030 0018 0030 0018 0030 0315
Cancel	0000 0067 0020 0010 0060 001a 0018 0018 0018 0018 0018 0018 0018 0019 0030 0018 0018 0018 0018 0018 0018 0019 0018 0018 0030 0019 0018 0018 0018 0018 0030 0018 0030 0018 0030 0360 0060 001a 0018 0018 0018 0018 0018 0018 0018 0019 0030 0018 0018 0018 0018 0018 0018 0019 0018 0018 0030 0018 0018 0018 0018 0018 0030 0018 0030 0018 0030 0360 0060 001a 0018 0018 0018 0018 0018 0018 0018 0019 0030 0018 0018 0018 0018 0018 0018 0019 0018 0018 0030 0018 0018 0018 0018 0018 0030 0018 0030 0018 0030 035d
Matrix	0000 0067 0020 0010 0060 001a 0030 0018 0030 0018 0018 0018 0030 0019 0018 0018 0030 0018 0030 0018 0018 001a 0018 0018 0030 0018 0018 0018 0018 0018 0030 0018 0030 0018 0030 0302 0060 001a 0030 0018 0030 0018 0018 0018 0030 0019 0018 0018 0030 0018 0030 0018 0018 0019 0018 0018 0030 0018 0018 0018 0018 0018 0030 0018 0030 0018 0030 0302 0060 001a 0030 0018 0030 0018 0018 0018 0030 0019 0018 0018 0030 0018 0030 0018 0018 0019 0018 0018 0030 0018 0018 0018 0018 0018 0030 0018 0030 0018 0030 02ff
1	0000 0067 0020 0010 0060 001a 0018 0018 0018 0018 0018 0018 0018 0019 0018 0018 0018 0018 0018 0018 0018 0019 0018 0018 0030 001a 0018 0018 0018 0018 0030 0018 0030 0018 0030 0378 0060 001a 0018 0018 0018 0018 0018 0018 0018 0019 0018 0018 0018 0018 0018 0018 0018 0019 0018 0018 0030 0018 0018 0018 0018 0018 0030 0018 0030 0018 0030 0378 0060 001a 0018 0018 0018 0018 0018 0018 0018 0019 0018 0018 0018 0018 0018 0018 0018 0019 0018 0018 0030 0018 0018 0018 0018 0018 0030 0018 0030 0018 0030 0375
2	0000 0067 0020 0010 0060 001a 0030 0018 0018 0018 0018 0018 0018 0019 0018 0018 0018 0018 0018 0018 0018 0019 0018 0018 0031 0018 0018 0018 0018 0018 0030 0018 0030 0018 0030 0360 0060 001a 0030 0018 0018 0018 0018 0018 0018 0019 0018 0018 0018 0018 0018 0018 0018 0019 0018 0018 0030 0018 0018 0018 0018 0018 0030 0018 0030 0018 0030 0360 0060 001a 0030 0018 0018 0018 0018 0018 0018 0019 0018 0018 0018 0018 0018 0018 0018 0019 0018 0018 0030 0018 0018 0018 0018 0018 0030 0018 0030 0018 0030 035d
3	0000 0067 0020 0010 0060 001a 0018 0018 0030 0018 0018 0018 0018 0019 0018 0018 0018 0018 0018 0018 0018 0019 0018 0018 0031 0018 0018 0018 0018 0018 0030 0018 0030 0018 0030 0360 0060 001a 0018 0018 0030 0018 0018 0018 0018 0019 0018 0018 0018 0018 0018 0018 0018 0019 0018 0018 0030 0018 0018 0018 0018 0018 0030 0018 0030 0018 0030 0360 0060 001a 0018 0018 0030 0018 0018 0018 0018 0019 0018 0018 0018 0018 0018 0018 0018 0019 0018 0018 0030 0018 0018 0018 0018 0018 0030 0018 0030 0018 0030 035d
4	0000 0067 0020 0010 0060 001a 0030 0018 0030 0018 0018 0018 0018 0019 0018 0018 0018 0018 0018 0018 0018 0019 0018 0018 0031 0018 0018 0018 0018 0018 0030 0018 0030 0018 0030 0348 0060 001a 0030 0018 0030 0018 0018 0018 0018 0019 0018 0018 0018 0018 0018 0018 0018 0019 0018 0018 0030 0018 0018 0018 0018 0018 0030 0018 0030 0018 0030 0348 0060 001a 0030 0018 0030 0018 0018 0018 0018 0019 0018 0018 0018 0018 0018 0018 0018 0019 0018 0018 0030 0018 0018 0018 0018 0018 0030 0018 0030 0018 0030 0345
5	0000 0067 0020 0010 0060 001a 0018 0018 0018 0018 0030 0018 0018 0019 0018 0018 0018 0018 0018 0018 0018 0019 0018 0018 0030 0019 0018 0018 0018 0018 0030 0018 0030 0018 0030 0360 0060 001a 0018 0018 0018 0018 0030 0018 0018 0019 0018 0018 0018 0018 0018 0018 0018 0019 0018 0018 0030 0018 0018 0018 0018 0018 0030 0018 0030 0018 0030 0360 0060 001a 0018 0018 0018 0018 0030 0018 0018 0019 0018 0018 0018 0018 0018 0018 0018 0019 0018 0018 0030 0018 0018 0018 0018 0018 0030 0018 0030 0018 0030 035d
6	0000 0067 0020 0010 0060 001a 0030 0018 0018 0018 0030 0018 0018 0019 0018 0018 0018 0018 0018 0018 0018 0019 0018 0018 0030 0018 0018 0018 0018 0018 0030 0018 0030 0018 0030 0348 0060 001a 0030 0018 0018 0018 0030 0018 0018 0019 0018 0018 0018 0018 0018 0018 0018 0019 0018 0018 0030 0018 0018 0018 0018 0018 0030 0018 0030 0018 0030 0348 0060 001a 0030 0018 0018 0018 0030 0018 0018 0019 0018 0018 0018 0018 0018 0018 0018 0019 0018 0018 0030 0018 0018 0018 0018 0018 0030 0018 0030 0018 0030 0345
Front/Rear	0000 0067 0020 0010 0060 001a 0018 0018 0030 0018 0018 0018 0030 0019 0030 0018 0018 0018 0018 0018 0018 0019 0018 001a 0030 0018 0018 0018 0018 0018 0030 0018 0030 0018 0030 0330 0060 001a 0018 0018 0030 0018 0018 0018 0030 0019 0030 0018 0018 0018 0018 0018 0018 0019 0018 0018 0030 0018 0018 0018 0018 0018 0030 0018 0030 0018 0030 0330 0060 001a 0018 0018 0030 0018 0018 0018 0030 0019 0030 0018 0018 0018 0018 0018 0018 0019 0018 0018 0030 0018 0018 0018 0018 0018 0030 0018 0030 0018 0030 032d
Set	0000 0067 0020 0010 0060 001a 0030 0018 0030 0018 0018 0018 0030 0019 0030 0018 0018 0018 0018 0018 0018 0019 0018 001a 0030 0018 0018 0018 0018 0018 0030 0018 0030 0018 0030 0318 0060 001a 0030 0018 0030 0018 0018 0018 0030 0019 0030 0018 0018 0018 0018 0018 0018 0019 0018 0018 0030 0018 0018 0018 0018 0018 0030 0018 0030 0018 0030 0318 0060 001a 0030 0018 0030 0018 0018 0018 0030 0019 0030 0018 0018 0018 0018 0018 0018 0019 0018 0018 0030 0018 0018 0018 0018 0018 0030 0018 0030 0018 0030 0315
M1	0000 0067 0020 0010 0060 001a 0018 0018 0018 0018 0030 0018 0030 0019 0030 0018 0018 0018 0018 0018 0018 0019 0018 001a 0030 0018 0018 0018 0018 0018 0030 0018 0030 0018 0030 0330 0060 001a 0018 0018 0018 0018 0030 0018 0030 0019 0030 0018 0018 0018 0018 0018 0018 0019 0018 0018 0030 0018 0018 0018 0018 0018 0030 0018 0030 0018 0030 0330 0060 001a 0018 0018 0018 0018 0030 0018 0030 0019 0030 0018 0018 0018 0018 0018 0018 0019 0018 0018 0030 0018 0018 0018 0018 0018 0030 0018 0030 0018 0030 032d
M2	0000 0067 0020 0010 0060 001a 0030 0018 0018 0018 0030 0018 0030 0019 0030 0018 0018 0018 0018 0018 0018 0019 0018 001a 0030 0018 0018 0018 0018 0018 0030 0018 0030 0018 0030 0318 0060 001a 0030 0018 0018 0018 0030 0018 0030 0019 0030 0018 0018 0018 0018 0018 0018 0019 0018 0018 0030 0018 0018 0018 0018 0018 0030 0018 0030 0018 0030 0318 0060 001a 0030 0018 0018 0018 0030 0018 0030 0019 0030 0018 0018 0018 0018 0018 0018 0019 0018 0018 0030 0018 0018 0018 0018 0018 0030 0018 0030 0018 0030 0315
M3	0000 0067 0020 0010 0060 001a 0018 0018 0030 0018 0030 0018 0030 0019 0030 0018 0018 0018 0018 0018 0018 0019 0019 0018 0030 0018 0018 0018 0018 0018 0030 0018 0030 0018 0030 0318 0060 001a 0018 0018 0030 0018 0030 0018 0030 0019 0030 0018 0018 0018 0018 0018 0018 0019 0018 0018 0030 0018 0018 0018 0018 0018 0030 0018 0030 0018 0030 0318 0060 001a 0018 0018 0030 0018 0030 0018 0030 0019 0030 0018 0018 0018 0018 0018 0018 0019 0018 0018 0030 0018 0018 0018 0018 0018 0030 0018 0030 0018 0030 0315
M4	0000 0067 0020 0010 0060 001a 0030 0018 0030 0018 0030 0018 0030 0019 0030 0018 0018 0018 0018 0018 0018 001a 0018 0018 0030 0018 0018 0018 0018 0018 0030 0018 0030 0018 0030 0300 0060 001a 0030 0018 0030 0018 0030 0018 0030 0019 0030 0018 0018 0018 0018 0018 0018 0019 0018 0018 0030 0018 0018 0018 0018 0018 0030 0018 0030 0018 0030 0300 0060 001a 0030 0018 0030 0018 0030 0018 0030 0019 0030 0018 0018 0018 0018 0018 0018 0019 0018 0018 0030 0018 0018 0018 0018 0018 0030 0018 0030 0018 0030 02fd
V To S	0000 0067 0020 0010 0060 001a 0030 0018 0018 0018 0018 0018 0030 0019 0030 0018 0018 0018 0018 0018 0018 0019 0018 0018 0030 0018 0018 0018 0018 0018 0030 0018 0030 0018 0030 0330 0060 001a 0030 0018 0018 0018 0018 0018 0030 0019 0030 0018 0018 0018 0018 0018 0018 0019 0018 0018 0030 0018 0018 0018 0018 0018 0030 0018 0030 0018 0030 0330 0060 001a 0030 0018 0018 0018 0018 0018 0030 0019 0030 0018 0018 0018 0018 0018 0018 0019 0018 0018 0030 0018 0018 0018 0018 0018 0030 0018 0030 0018 0030 032d
Aux Audio	0000 0067 0020 0010 0060 001a 0030 0018 0030 0018 0018 0018 0018 0019 0018 0018 0030 0018 0030 0018 0018 0019 0018 0019 0030 0018 0018 0018 0018 0018 0030 0018 0030 0018 0030 031a 0060 001a 0030 0018 0030 0018 0018 0018 0018 0019 0018 0018 0030 0018 0030 0018 0018 0019 0018 0018 0030 0018 0018 0018 0018 0018 0030 0018 0030 0018 0030 031a 0060 001a 0030 0018 0030 0018 0018 0018 0018 0019 0018 0018 0030 0018 0030 0018 0018 0019 0018 0018 0030 0018 0018 0018 0018 0018 0030 0018 0030 0018 0030 0317
Processor	0000 0067 0020 0010 0060 001a 0030 0018 0030 0018 0030 0018 0018 0019 0018 0018 0030 0018 0030 0018 0018 0019 0018 0018 0030 0018 0018 0018 0018 0018 0030 0018 0030 0018 0030 0302 0060 001a 0030 0018 0030 0018 0030 0018 0018 0019 0018 0018 0030 0018 0030 0018 0018 0019 0018 0018 0030 0018 0018 0018 0018 0018 0030 0018 0030 0018 0030 0302 0060 001a 0030 0018 0030 0018 0030 0018 0018 0019 0018 0018 0030 0018 0030 0018 0018 0019 0018 0018 0030 0018 0018 0018 0018 0018 0030 0018 0030 0018 0030 02ff
Pass Video	0000 0067 0020 0010 0060 001a 0018 0018 0018 0018 0018 0018 0030 0019 0018 0018 0030 0018 0030 0018 0018 0019 0018 0019 0030 0018 0018 0018 0018 0018 0030 0018 0030 0018 0030 0332 0060 001a 0018 0018 0018 0018 0018 0018 0030 0019 0018 0018 0030 0018 0030 0018 0018 0019 0018 0018 0030 0018 0018 0018 0018 0018 0030 0018 0030 0018 0030 0332 0060 001a 0018 0018 0018 0018 0018 0018 0030 0019 0018 0018 0030 0018 0030 0018 0018 0019 0018 0018 0030 0018 0018 0018 0018 0018 0030 0018 0030 0018 0030 032f
Pass Audio	0000 0067 0020 0010 0060 001a 0030 0018 0018 0018 0018 0018 0030 0019 0018 0018 0030 0018 0030 0018 0018 0019 0019 0018 0030 0018 0018 0018 0018 0018 0030 0018 0030 0018 0030 031a 0060 001a 0030 0018 0018 0018 0018 0018 0030 0019 0018 0018 0030 0018 0030 0018 0018 0019 0018 0018 0030 0018 0018 0018 0018 0018 0030 0018 0030 0018 0030 031a 0060 001a 0030 0018 0018 0018 0018 0018 0030 0019 0018 0018 0030 0018 0030 0018 0018 0019 0018 0018 0030 0018 0018 0018 0018 0018 0030 0018 0030 0018 0030 0317
Mode C	0000 0067 0020 0010 0060 001a 0030 0018 0018 0018 0030 0018 0030 0019 0030 0018 0018 0018 0030 0018 0018 0019 0018 0018 0030 0018 0018 0018 0018 0018 0030 0018 0030 0018 0030 0300 0060 001a 0030 0018 0018 0018 0030 0018 0030 0019 0030 0018 0018 0018 0030 0018 0018 0019 0018 0018 0030 0018 0018 0018 0018 0018 0030 0018 0030 0018 0030 0300 0060 001a 0030 0018 0018 0018 0030 0018 0030 0019 0030 0018 0018 0018 0030 0018 0018 0019 0018 0018 0030 0018 0018 0018 0018 0018 0030 0018 0030 0018 0030 02fd
Monitor1 In1	0000 0067 0020 0010 0060 001a 0018 0018 0018 0018 0018 0018 0018 0019 0018 0018 0018 0018 0030 0018 0018 0019 0018 0018 0030 001a 0018 0018 0018 0018 0030 0018 0030 0018 0030 0360 0060 001a 0018 0018 0018 0018 0018 0018 0018 0019 0018 0018 0018 0018 0030 0018 0018 0019 0018 0018 0030 0018 0018 0018 0018 0018 0030 0018 0030 0018 0030 0360 0060 001a 0018 0018 0018 0018 0018 0018 0018 0019 0018 0018 0018 0018 0030 0018 0018 0019 0018 0018 0030 0018 0018 0018 0018 0018 0030 0018 0030 0018 0030 035d
Monitor1 In2	0000 0067 0020 0010 0060 001a 0030 0018 0018 0018 0018 0018 0018 0019 0018 0018 0018 0018 0030 0018 0018 0019 0018 0018 0030 0018 0018 0018 0018 0018 0030 0018 0030 0018 0030 0348 0060 001a 0030 0018 0018 0018 0018 0018 0018 0019 0018 0018 0018 0018 0030 0018 0018 0019 0018 0018 0030 0018 0018 0018 0018 0018 0030 0018 0030 0018 0030 0348 0060 001a 0030 0018 0018 0018 0018 0018 0018 0019 0018 0018 0018 0018 0030 0018 0018 0019 0018 0018 0030 0018 0018 0018 0018 0018 0030 0018 0030 0018 0030 0345
Monitor1 In3	0000 0067 0020 0010 0060 001a 0018 0018 0030 0018 0018 0018 0018 0019 0018 0018 0018 0018 0030 0018 0018 0019 0018 0018 0030 0018 0018 0018 0018 0018 0030 0018 0030 0018 0030 0348 0060 001a 0018 0018 0030 0018 0018 0018 0018 0019 0018 0018 0018 0018 0030 0018 0018 0019 0018 0018 0030 0018 0018 0018 0018 0018 0030 0018 0030 0018 0030 0348 0060 001a 0018 0018 0030 0018 0018 0018 0018 0019 0018 0018 0018 0018 0030 0018 0018 0019 0018 0018 0030 0018 0018 0018 0018 0018 0030 0018 0030 0018 0030 0345
Monitor1 In4	0000 0067 0020 0010 0060 001a 0030 0018 0030 0018 0018 0018 0018 0019 0018 0018 0018 0018 0030 0018 0018 0019 0018 0019 0030 0018 0018 0018 0018 0018 0030 0018 0030 0018 0030 0330 0060 001a 0030 0018 0030 0018 0018 0018 0018 0019 0018 0018 0018 0018 0030 0018 0018 0019 0018 0018 0030 0018 0018 0018 0018 0018 0030 0018 0030 0018 0030 0330 0060 001a 0030 0018 0030 0018 0018 0018 0018 0019 0018 0018 0018 0018 0030 0018 0018 0019 0018 0018 0030 0018 0018 0018 0018 0018 0030 0018 0030 0018 0030 032d
Monitor1 In5	0000 0067 0020 0010 0060 001a 0018 0018 0018 0018 0030 0018 0018 0019 0018 0018 0018 0018 0030 0018 0018 0019 0018 0018 0032 0018 0018 0018 0018 0018 0030 0018 0030 0018 0030 0348 0060 001a 0018 0018 0018 0018 0030 0018 0018 0019 0018 0018 0018 0018 0030 0018 0018 0019 0018 0018 0030 0018 0018 0018 0018 0018 0030 0018 0030 0018 0030 0348 0060 001a 0018 0018 0018 0018 0030 0018 0018 0019 0018 0018 0018 0018 0030 0018 0018 0019 0018 0018 0030 0018 0018 0018 0018 0018 0030 0018 0030 0018 0030 0345
Monitor1 In6	0000 0067 0020 0010 0060 001a 0030 0018 0018 0018 0030 0018 0018 0019 0018 0018 0018 0018 0030 0018 0018 0019 0018 0018 0030 0018 0018 0018 0018 0018 0030 0018 0030 0018 0030 0330 0060 001a 0030 0018 0018 0018 0030 0018 0018 0019 0018 0018 0018 0018 0030 0018 0018 0019 0018 0018 0030 0018 0018 0018 0018 0018 0030 0018 0030 0018 0030 0330 0060 001a 0030 0018 0018 0018 0030 0018 0018 0019 0018 0018 0018 0018 0030 0018 0018 0019 0018 0018 0030 0018 0018 0018 0018 0018 0030 0018 0030 0018 0030 032d
Monitor2 In1	0000 0067 0020 0010 0060 001a 0018 0018 0018 0018 0018 0018 0030 0019 0018 0018 0018 0018 0030 0018 0018 0019 0018 0018 0031 0018 0018 0018 0018 0018 0030 0018 0030 0018 0030 0348 0060 001a 0018 0018 0018 0018 0018 0018 0030 0019 0018 0018 0018 0018 0030 0018 0018 0019 0018 0018 0030 0018 0018 0018 0018 0018 0030 0018 0030 0018 0030 0348 0060 001a 0018 0018 0018 0018 0018 0018 0030 0019 0018 0018 0018 0018 0030 0018 0018 0019 0018 0018 0030 0018 0018 0018 0018 0018 0030 0018 0030 0018 0030 0345
Monitor2 In2	0000 0067 0020 0010 0060 001a 0030 0018 0018 0018 0018 0018 0030 0019 0018 0018 0018 0018 0030 0018 0018 0019 0018 0019 0030 0018 0018 0018 0018 0018 0030 0018 0030 0018 0030 0330 0060 001a 0030 0018 0018 0018 0018 0018 0030 0019 0018 0018 0018 0018 0030 0018 0018 0019 0018 0018 0030 0018 0018 0018 0018 0018 0030 0018 0030 0018 0030 0330 0060 001a 0030 0018 0018 0018 0018 0018 0030 0019 0018 0018 0018 0018 0030 0018 0018 0019 0018 0018 0030 0018 0018 0018 0018 0018 0030 0018 0030 0018 0030 032d
Monitor2 In3	0000 0067 0020 0010 0060 001a 0018 0018 0030 0018 0018 0018 0030 0019 0018 0018 0018 0018 0030 0018 0018 0019 0018 0019 0030 0018 0018 0018 0018 0018 0030 0018 0030 0018 0030 0330 0060 001a 0018 0018 0030 0018 0018 0018 0030 0019 0018 0018 0018 0018 0030 0018 0018 0019 0018 0018 0030 0018 0018 0018 0018 0018 0030 0018 0030 0018 0030 0330 0060 001a 0018 0018 0030 0018 0018 0018 0030 0019 0018 0018 0018 0018 0030 0018 0018 0019 0018 0018 0030 0018 0018 0018 0018 0018 0030 0018 0030 0018 0030 032d
Monitor2 In4	0000 0067 0020 0010 0060 001a 0030 0018 0030 0018 0018 0018 0030 0019 0018 0018 0018 0018 0030 0018 0018 0019 0019 0018 0030 0018 0018 0018 0018 0018 0030 0018 0030 0018 0030 0318 0060 001a 0030 0018 0030 0018 0018 0018 0030 0019 0018 0018 0018 0018 0030 0018 0018 0019 0018 0018 0030 0018 0018 0018 0018 0018 0030 0018 0030 0018 0030 0318 0060 001a 0030 0018 0030 0018 0018 0018 0030 0019 0018 0018 0018 0018 0030 0018 0018 0019 0018 0018 0030 0018 0018 0018 0018 0018 0030 0018 0030 0018 0030 0315
Monitor2 In5	0000 0067 0020 0010 0060 001a 0018 0018 0018 0018 0030 0018 0030 0019 0018 0018 0018 0018 0030 0018 0018 0019 0018 001a 0030 0018 0018 0018 0018 0018 0030 0018 0030 0018 0030 0330 0060 001a 0018 0018 0018 0018 0030 0018 0030 0019 0018 0018 0018 0018 0030 0018 0018 0019 0018 0018 0030 0018 0018 0018 0018 0018 0030 0018 0030 0018 0030 0330 0060 001a 0018 0018 0018 0018 0030 0018 0030 0019 0018 0018 0018 0018 0030 0018 0018 0019 0018 0018 0030 0018 0018 0018 0018 0018 0030 0018 0030 0018 0030 032d
Monitor2 In6	0000 0067 0020 0010 0060 001a 0030 0018 0018 0018 0030 0018 0030 0019 0018 0018 0018 0018 0030 0018 0018 0019 0018 0018 0030 0018 0018 0018 0018 0018 0030 0018 0030 0018 0030 0318 0060 001a 0030 0018 0018 0018 0030 0018 0030 0019 0018 0018 0018 0018 0030 0018 0018 0019 0018 0018 0030 0018 0018 0018 0018 0018 0030 0018 0030 0018 0030 0318 0060 001a 0030 0018 0018 0018 0030 0018 0030 0019 0018 0018 0018 0018 0030 0018 0018 0019 0018 0018 0030 0018 0018 0018 0018 0018 0030 0018 0030 0018 0030 0315
Monitor1 In/Out	0000 0067 0020 0010 0060 001a 0018 0018 0018 0018 0018 0018 0018 0019 0030 0018 0018 0018 0030 0018 0018 0019 0018 0018 0030 0018 0018 0018 0018 0018 0030 0018 0030 0018 0030 0348 0060 001a 0018 0018 0018 0018 0018 0018 0018 0019 0030 0018 0018 0018 0030 0018 0018 0019 0018 0018 0030 0018 0018 0018 0018 0018 0030 0018 0030 0018 0030 0348 0060 001a 0018 0018 0018 0018 0018 0018 0018 0019 0030 0018 0018 0018 0030 0018 0018 0019 0018 0018 0030 0018 0018 0018 0018 0018 0030 0018 0030 0018 0030 0345
Monitor2 In/Out	0000 0067 0020 0010 0060 001a 0018 0018 0018 0018 0030 0018 0018 0019 0030 0018 0018 0018 0030 0018 0018 0019 0018 001a 0030 0018 0018 0018 0018 0018 0030 0018 0030 0018 0030 0330 0060 001a 0018 0018 0018 0018 0030 0018 0018 0019 0030 0018 0018 0018 0030 0018 0018 0019 0018 0018 0030 0018 0018 0018 0018 0018 0030 0018 0030 0018 0030 0330 0060 001a 0018 0018 0018 0018 0030 0018 0018 0019 0030 0018 0018 0018 0030 0018 0018 0019 0018 0018 0030 0018 0018 0018 0018 0018 0030 0018 0030 0018 0030 032d
Mute	0000 0067 0020 0010 0060 001a 0018 0018 0018 0018 0030 0018 0018 0019 0030 0018 0018 0018 0018 0018 0018 0019 0018 0018 0030 0018 0018 0018 0018 0018 0030 0018 0030 0018 0030 0348 0060 001a 0018 0018 0018 0018 0030 0018 0018 0019 0030 0018 0018 0018 0018 0018 0018 0019 0018 0018 0030 0018 0018 0018 0018 0018 0030 0018 0030 0018 0030 0348 0060 001a 0018 0018 0018 0018 0030 0018 0018 0019 0030 0018 0018 0018 0018 0018 0018 0019 0018 0018 0030 0018 0018 0018 0018 0018 0030 0018 0030 0018 0030 0345
Video Mute	0000 0067 0020 0010 0060 001a 0018 0018 0030 0018 0030 0018 0018 0019 0030 0018 0018 0018 0018 0018 0018 0019 0018 001a 0030 0018 0018 0018 0018 0018 0030 0018 0030 0018 0030 0330 0060 001a 0018 0018 0030 0018 0030 0018 0018 0019 0030 0018 0018 0018 0018 0018 0018 0019 0018 0018 0030 0018 0018 0018 0018 0018 0030 0018 0030 0018 0030 0330 0060 001a 0018 0018 0030 0018 0030 0018 0018 0019 0030 0018 0018 0018 0018 0018 0018 0019 0018 0018 0030 0018 0018 0018 0018 0018 0030 0018 0030 0018 0030 032d
Audio Mode	0000 0067 0020 0010 0060 001a 0030 0018 0030 0018 0030 0018 0018 0019 0030 0018 0018 0018 0018 0018 0018 0019 0018 0018 0030 0018 0018 0018 0018 0018 0030 0018 0030 0018 0030 0318 0060 001a 0030 0018 0030 0018 0030 0018 0018 0019 0030 0018 0018 0018 0018 0018 0018 0019 0018 0018 0030 0018 0018 0018 0018 0018 0030 0018 0030 0018 0030 0318 0060 001a 0030 0018 0030 0018 0030 0018 0018 0019 0030 0018 0018 0018 0018 0018 0018 0019 0018 0018 0030 0018 0018 0018 0018 0018 0030 0018 0030 0018 0030 0315
Vol-	0000 0067 0020 0010 0060 001a 0018 0018 0030 0018 0018 0018 0018 0019 0030 0018 0018 0018 0018 0018 0018 0019 0018 0018 0032 0018 0018 0018 0018 0018 0030 0018 0030 0018 0030 0348 0060 001a 0018 0018 0030 0018 0018 0018 0018 0019 0030 0018 0018 0018 0018 0018 0018 0019 0018 0018 0030 0018 0018 0018 0018 0018 0030 0018 0030 0018 0030 0348 0060 001a 0018 0018 0030 0018 0018 0018 0018 0019 0030 0018 0018 0018 0018 0018 0018 0019 0018 0018 0030 0018 0018 0018 0018 0018 0030 0018 0030 0018 0030 0345
Vol+	0000 0067 0020 0010 0060 001a 0030 0018 0030 0018 0018 0018 0018 0019 0030 0018 0018 0018 0018 0018 0018 0019 0018 0019 0030 0018 0018 0018 0018 0018 0030 0018 0030 0018 0030 0330 0060 001a 0030 0018 0030 0018 0018 0018 0018 0019 0030 0018 0018 0018 0018 0018 0018 0019 0018 0018 0030 0018 0018 0018 0018 0018 0030 0018 0030 0018 0030 0330 0060 001a 0030 0018 0030 0018 0018 0018 0018 0019 0030 0018 0018 0018 0018 0018 0018 0019 0018 0018 0030 0018 0018 0018 0018 0018 0030 0018 0030 0018 0030 032d
