Power	0000 0067 0000 000d 0061 001a 0030 001a 001a 001a 0030 001a 001a 001a 0030 001a 001a 001a 001a 001a 001a 001a 0030 001a 001a 001a 001a 001a 001a 0408
TV/VCR	0000 0067 0000 000d 0061 0019 0019 0019 0030 0019 0019 0019 0030 0019 0019 0019 0030 0019 0019 0019 0019 0019 0030 0019 0019 0019 0019 0019 0019 0408
Timer Record	0000 0067 0000 000d 0061 0017 0031 0017 0017 0017 0031 0017 0017 0017 0017 0017 0031 0017 0031 0017 0017 0017 0031 0017 0017 0017 0017 0017 0017 03f0
Edit Monitor	0000 0067 0000 000d 0061 0017 0031 0017 0017 0017 0031 0017 0017 0017 0031 0017 0017 0017 0031 0017 0017 0017 0031 0017 0017 0017 0017 0017 0017 03f0
Timer On Screen	0000 0067 0000 000d 0061 0017 0017 0017 0017 0017 0030 0017 0030 0017 0030 0017 0017 0017 0030 0017 0017 0017 0030 0017 0017 0017 0017 0017 0017 03f0
Index	0000 0067 0000 000d 0060 0017 0030 0017 0030 0017 0017 0017 0017 0017 0030 0017 0017 0017 0030 0017 0017 0017 0030 0017 0017 0017 0017 0017 0017 03f0
Data Screen	0000 0067 0000 000d 0061 0017 0017 0017 0030 0017 0017 0017 0030 0017 0030 0017 0017 0017 0030 0017 0017 0017 0030 0017 0017 0017 0017 0017 0017 03f0
Audio Monitor	0000 0067 0000 000d 0061 0017 0031 0017 0031 0017 0031 0017 0017 0017 0031 0017 0017 0017 0017 0017 0017 0017 0031 0017 0017 0017 0017 0017 0017 03f0
Counter Reset	0000 0067 0000 000d 0061 0019 0019 0019 0030 0019 0030 0019 0019 0019 0019 0019 0019 0019 0030 0019 0019 0019 0030 0019 0019 0019 0019 0019 0019 0408
Shuttle Edit-	0000 0067 0000 000d 0061 0017 0031 0017 0031 0017 0017 0017 0031 0017 0017 0017 0017 0017 0031 0017 0017 0017 0031 0017 0017 0017 0017 0017 0017 03f0
Shuttle Edit+	0000 0067 0000 000d 0060 0017 0017 0017 0030 0017 0017 0017 0030 0017 0017 0017 0017 0017 0030 0017 0017 0017 0030 0017 0017 0017 0017 0017 0017 0408
Pause	0000 0067 0000 000d 0061 0019 0030 0019 0019 0019 0019 0019 0030 0019 0030 0019 0019 0019 0019 0019 0019 0019 0030 0019 0019 0019 0019 0019 0019 0408
Record	0000 0067 0000 000d 0061 0017 0031 0017 0017 0017 0031 0017 0031 0017 0031 0017 0017 0017 0017 0017 0017 0017 0031 0017 0017 0017 0017 0017 0017 03f0
Insert Audio	0000 0067 0000 000d 0061 0019 0019 0019 0019 0019 0019 0019 0030 0019 0019 0019 0030 0019 0030 0019 0019 0019 0030 0019 0019 0019 0019 0019 0019 0408
Insert Video	0000 0067 0000 000d 0061 0017 0031 0017 0017 0017 0017 0017 0031 0017 0017 0017 0031 0017 0031 0017 0017 0017 0031 0017 0017 0017 0017 0017 0017 03f0
Ch+	0000 0067 0000 000d 0061 0019 0019 0019 0019 0019 0019 0019 0019 0019 0030 0019 0019 0019 0019 0019 0019 0019 0030 0019 0019 0019 0019 0019 0019 0438
Ch-	0000 0067 0000 000d 0061 0019 0030 0019 0019 0019 0019 0019 0019 0019 0030 0019 0019 0019 0019 0019 0019 0019 0030 0019 0019 0019 0019 0019 0019 0420
Play	0000 0067 0000 000d 0060 0017 0017 0017 0030 0017 0017 0017 0030 0017 0030 0017 0017 0017 0017 0017 0017 0017 0030 0017 0017 0017 0017 0017 0017 0408
Stop	0000 0067 0000 000d 0061 001a 001a 001a 001a 001a 001a 001a 0030 001a 0030 001a 001a 001a 001a 001a 001a 001a 0030 001a 001a 001a 001a 001a 001a 0420
Rew	0000 0067 0000 000d 0060 0017 0030 0017 0030 0017 0017 0017 0030 0017 0030 0017 0017 0017 0017 0017 0017 0017 0030 0017 0017 0017 0017 0017 0017 03f0
Ffwd	0000 0067 0000 000d 0061 0019 0019 0019 0019 0019 0030 0019 0030 0019 0030 0019 0019 0019 0019 0019 0019 0019 0030 0019 0019 0019 0019 0019 0019 0408
R Srch	0000 0067 0000 000d 0061 0019 0019 0019 0019 0019 0019 0019 0030 0019 0019 0019 0030 0019 0019 0019 0019 0019 0030 0019 0019 0019 0019 0019 0019 0420
F Srch	0000 0067 0000 000d 0060 0017 0030 0017 0017 0017 0017 0017 0030 0017 0017 0017 0030 0017 0017 0017 0017 0017 0030 0017 0017 0017 0017 0017 0017 0408
High Speed Rew	0000 0067 0000 000d 0060 0017 0030 0017 0017 0017 0030 0017 0030 0017 0030 0017 0030 0017 0030 0017 0017 0017 0030 0017 0017 0017 0017 0017 0017 03c0
1	0000 0067 0000 000d 0061 0019 0019 0019 0019 0019 0019 0019 0019 0019 0019 0019 0019 0019 0019 0019 0019 0019 0030 0019 0019 0019 0019 0019 0019 0450
2	0000 0067 0000 000d 0061 001a 0030 001a 001a 001a 001a 001a 001a 001a 001a 001a 001a 001a 001a 001a 001a 001a 0030 001a 001a 001a 001a 001a 001a 0438
3	0000 0067 0000 000d 0061 0019 0019 0019 0030 0019 0019 0019 0019 0019 0019 0019 0019 0019 0019 0019 0019 0019 0030 0019 0019 0019 0019 0019 0019 0438
4	0000 0067 0000 000d 0061 0019 0030 0019 0030 0019 0019 0019 0019 0019 0019 0019 0019 0019 0019 0019 0019 0019 0030 0019 0019 0019 0019 0019 0019 0420
5	0000 0067 0000 000d 0061 0019 0019 0019 0019 0019 0030 0019 0019 0019 0019 0019 0019 0019 0019 0019 0019 0019 0030 0019 0019 0019 0019 0019 0019 0438
6	0000 0067 0000 000d 0060 0017 0030 0017 0017 0017 0030 0017 0017 0017 0017 0017 0017 0017 0017 0017 0017 0017 0030 0017 0017 0017 0017 0017 0017 0420
7	0000 0067 0000 000d 0061 0019 0019 0019 0030 0019 0030 0019 0019 0019 0019 0019 0019 0019 0019 0019 0019 0019 0030 0019 0019 0019 0019 0019 0019 0420
8	0000 0067 0000 000d 0061 0019 0030 0019 0030 0019 0030 0019 0019 0019 0019 0019 0019 0019 0019 0019 0019 0019 0030 0019 0019 0019 0019 0019 0019 0408
9	0000 0067 0000 000d 0061 0019 0019 0019 0019 0019 0019 0019 0030 0019 0019 0019 0019 0019 0019 0019 0019 0019 0030 0019 0019 0019 0019 0019 0019 0438
0	0000 0067 0000 000d 0061 0019 0030 0019 0019 0019 0019 0019 0030 0019 0019 0019 0019 0019 0019 0019 0019 0019 0030 0019 0019 0019 0019 0019 0019 0420
Enter	0000 0067 0000 000d 0061 0019 0030 0019 0030 0019 0019 0019 0030 0019 0019 0019 0019 0019 0019 0019 0019 0019 0030 0019 0019 0019 0019 0019 0019 0408
Menu	0000 0067 0000 000d 0061 0017 0031 0017 0017 0017 0031 0017 0031 0017 0017 0017 0017 0017 0031 0017 0017 0017 0031 0017 0017 0017 0017 0017 0017 03f0
Up	0000 0067 0000 000d 0061 001a 001a 001a 0030 001a 001a 001a 001a 001a 001a 001a 001a 001a 0030 001a 001a 001a 0030 001a 001a 001a 001a 001a 001a 0420
Down	0000 0067 0000 000d 0061 0019 0030 0019 0030 0019 0019 0019 0019 0019 0019 0019 0019 0019 0030 0019 0019 0019 0030 0019 0019 0019 0019 0019 0019 0408
Left	0000 0067 0000 000d 0060 0017 0017 0017 0030 0017 0017 0017 0017 0017 0017 0017 0030 0017 0030 0017 0017 0017 0030 0017 0017 0017 0017 0017 0017 0408
Right	0000 0067 0000 000d 0060 0017 0030 0017 0017 0017 0017 0017 0017 0017 0017 0017 0030 0017 0030 0017 0017 0017 0030 0017 0017 0017 0017 0017 0017 0408
Function Memory	0000 0067 0000 000d 0060 0017 0017 0017 0017 0017 0017 0017 0017 0017 0017 0017 0017 0017 0030 0017 0017 0017 0030 0017 0017 0017 0017 0017 0017 0438
Execute	0000 0067 0000 000d 0060 0017 0030 0017 0017 0017 0017 0017 0017 0017 0030 0017 0017 0017 0030 0017 0017 0017 0030 0017 0017 0017 0017 0017 0017 0408
TV Scan	0000 0067 000b 000d 0061 0018 0018 0018 0018 0018 0030 0018 0018 0018 0030 0018 0030 0018 0030 0018 0018 0018 0018 0002 0018 0018 0018 0018 0018 0018 0018 03f0 0061 0018 0018 0018 0018 0018 0030 0018 0018 0018 0030 0018 0030 0018 0030 0018 0018 0018 0030 0018
Pinp	0000 0067 0000 000d 0061 0019 0030 0019 0030 0019 0030 0019 0019 0019 0030 0019 0030 0019 0030 0019 0019 0019 0030 0019 0019 0019 0019 0019 0019 03c0
Shift	0000 0067 0000 000d 0061 001a 0030 001a 0030 001a 0030 001a 0030 001a 001a 001a 0030 001a 0030 001a 001a 001a 0030 001a 001a 001a 001a 001a 001a 03c0
Digital Off	0000 0067 0000 000d 0061 0017 0017 0017 0030 0017 0030 0017 0030 0017 0017 0017 0030 0017 0030 0017 0017 0017 0030 0017 0017 0017 0017 0017 0017 03d8
Frame-	0000 0067 0000 000d 0061 0019 0019 0019 0019 0019 0019 0019 0019 0019 0030 0019 0030 0019 0019 0019 0019 0019 0030 0019 0019 0019 0019 0019 0019 0420
Frame Pause	0000 0067 0000 000d 0061 0019 0019 0019 0019 0019 0019 0019 0019 0019 0019 0019 0030 0019 0019 0019 0019 0019 0030 0019 0019 0019 0019 0019 0019 0438
Frame+	0000 0067 0000 000d 0061 0019 0030 0019 0019 0019 0019 0019 0019 0019 0030 0019 0030 0019 0019 0019 0019 0019 0030 0019 0019 0019 0019 0019 0019 0408
Slow-	0000 0067 0000 000d 0061 0017 0017 0017 0030 0017 0030 0017 0030 0017 0030 0017 0030 0017 0017 0017 0017 0017 0030 0017 0017 0017 0017 0017 0017 03d8
Slow+	0000 0067 0000 000d 0061 0017 0031 0017 0017 0017 0031 0017 0031 0017 0031 0017 0031 0017 0017 0017 0017 0017 0031 0017 0017 0017 0017 0017 0017 03d8
X2	0000 0067 0000 000d 0060 0017 0017 0017 0017 0017 0030 0017 0017 0017 0030 0017 0017 0017 0017 0017 0017 0017 0030 0017 0017 0017 0017 0017 0017 0420
Timer Clear	0000 0067 0000 000d 0061 0017 0032 0017 0032 0017 0017 0017 0017 0017 0017 0017 0032 0017 0032 0017 0017 0017 0032 0017 0017 0017 0017 0017 0017 03f0
Rec Mode	0000 0067 0000 000d 0061 0019 0019 0019 0019 0019 0019 0019 0030 0019 0030 0019 0019 0019 0030 0019 0019 0019 0030 0019 0019 0019 0019 0019 0019 0408
Input Sel	0000 0067 0000 000d 0061 0017 0031 0017 0031 0017 0031 0017 0031 0017 0017 0017 0017 0017 0031 0017 0017 0017 0031 0017 0017 0017 0017 0017 0017 03d8
Timer Check	0000 0067 0000 000d 0061 001a 001a 001a 001a 001a 0030 001a 001a 001a 001a 001a 0030 001a 0030 001a 001a 001a 0030 001a 001a 001a 001a 001a 001a 0408
Index Mark	0000 0067 0000 000d 0060 0017 0017 0017 0017 0017 0017 0017 0030 0017 0017 0017 0017 0017 0030 0017 0017 0017 0030 0017 0017 0017 0017 0017 0017 0420
Index Erase	0000 0067 0000 000d 0061 0019 0030 0019 0019 0019 0019 0019 0030 0019 0019 0019 0019 0019 0030 0019 0019 0019 0030 0019 0019 0019 0019 0019 0019 0408
