Eject	0000 0066 0000 0015 0061 0018 0018 0018 0031 0018 0031 0018 0018 0018 0031 0018 0018 0018 0018 0018 0018 0018 0031 0018 0018 0018 0031 0018 0031 0018 0031 0018 0031 0018 0018 0018 0018 0018 0031 0018 0018 0018 0031 0018 0018 01ed
Power	0000 0066 0000 0015 0060 0018 0031 0018 0018 0018 0031 0018 0018 0018 0031 0018 0018 0018 0018 0018 0018 0018 0031 0018 0018 0018 0031 0018 0031 0018 0031 0018 0031 0018 0018 0018 0018 0018 0031 0018 0018 0018 0031 0018 0018 01ec
DVD	0000 0066 0000 0015 0060 0018 0018 0018 0031 0018 0018 0018 0031 0018 0018 0018 0031 0018 0031 0018 0018 0018 0031 0018 0018 0018 0031 0018 0031 0018 0031 0018 0031 0018 0018 0018 0018 0018 0031 0018 0018 0018 0031 0018 0018 01d4
Video	0000 0066 0000 0015 0060 0018 0031 0018 0018 0018 0018 0018 0031 0018 0018 0018 0031 0018 0031 0018 0018 0018 0031 0018 0018 0018 0031 0018 0031 0018 0031 0018 0031 0018 0018 0018 0018 0018 0031 0018 0018 0018 0031 0018 0018 01d5
Ch+	0000 0066 0000 0015 0061 0018 0018 0018 0018 0018 0018 0018 0018 0018 0031 0018 0018 0018 0018 0018 0018 0018 0031 0018 0018 0018 0031 0018 0031 0018 0031 0018 0031 0018 0018 0018 0018 0018 0031 0018 0018 0018 0031 0018 0018 021d
Ch-	0000 0066 0000 0015 0061 0018 0031 0018 0018 0018 0018 0018 0018 0018 0031 0018 0018 0018 0018 0018 0018 0018 0031 0018 0018 0018 0031 0018 0031 0018 0031 0018 0031 0018 0018 0018 0018 0018 0031 0018 0018 0018 0031 0018 0018 0205
Vol+	0000 0066 0000 000d 005f 0018 0018 0018 0031 0018 0018 0018 0018 0018 0031 0018 0018 0018 0018 0018 0031 0018 0018 0018 0018 0018 0018 0018 0018 0418
Vol-	0000 0066 0000 000d 005f 0018 0031 0018 0031 0018 0018 0018 0018 0018 0031 0018 0018 0018 0018 0018 0031 0018 0018 0018 0018 0018 0018 0018 0018 0403
1	0000 0066 0000 0015 0060 0018 0018 0018 0018 0018 0018 0018 0018 0018 0018 0018 0018 0018 0018 0018 0018 0018 0031 0018 0018 0018 0031 0018 0031 0018 0031 0018 0031 0018 0018 0018 0018 0018 0031 0018 0018 0018 0031 0018 0018 0233
2	0000 0066 0000 0015 0060 0018 0031 0018 0018 0018 0018 0018 0018 0018 0018 0018 0018 0018 0018 0018 0018 0018 0031 0018 0018 0018 0031 0018 0031 0018 0031 0018 0031 0018 0018 0018 0018 0018 0031 0018 0018 0018 0031 0018 0018 021d
3	0000 0066 0000 0015 0061 0018 0018 0018 0031 0018 0018 0018 0018 0018 0018 0018 0018 0018 0018 0018 0018 0018 0031 0018 0018 0018 0031 0018 0031 0018 0031 0018 0031 0018 0018 0018 0018 0018 0031 0018 0018 0018 0031 0018 0018 021d
4	0000 0066 0000 0015 0061 0018 0031 0018 0031 0018 0018 0018 0018 0018 0018 0018 0018 0018 0018 0018 0018 0018 0031 0018 0018 0018 0031 0018 0031 0018 0031 0018 0031 0018 0018 0018 0018 0018 0031 0018 0018 0018 0031 0018 0018 0205
5	0000 0066 0000 0015 0061 0018 0018 0018 0018 0018 0031 0018 0018 0018 0018 0018 0018 0018 0018 0018 0018 0018 0031 0018 0018 0018 0031 0018 0031 0018 0031 0018 0031 0018 0018 0018 0018 0018 0031 0018 0018 0018 0031 0018 0018 021d
6	0000 0066 0000 0015 0061 0018 0031 0018 0018 0018 0031 0018 0018 0018 0018 0018 0018 0018 0018 0018 0018 0018 0031 0018 0018 0018 0031 0018 0031 0018 0031 0018 0031 0018 0018 0018 0018 0018 0031 0018 0018 0018 0031 0018 0018 0205
7	0000 0066 0000 0015 0061 0018 0018 0018 0031 0018 0031 0018 0018 0018 0018 0018 0018 0018 0018 0018 0018 0018 0031 0018 0018 0018 0031 0018 0031 0018 0031 0018 0031 0018 0018 0018 0018 0018 0031 0018 0018 0018 0031 0018 0018 0205
8	0000 0066 0000 0015 0060 0018 0031 0018 0031 0018 0031 0018 0018 0018 0018 0018 0018 0018 0018 0018 0018 0018 0031 0018 0018 0018 0031 0018 0031 0018 0031 0018 0031 0018 0018 0018 0018 0018 0031 0018 0018 0018 0031 0018 0018 01ed
9	0000 0066 0000 0015 0061 0018 0018 0018 0018 0018 0018 0018 0031 0018 0018 0018 0018 0018 0018 0018 0018 0018 0031 0018 0018 0018 0031 0018 0031 0018 0031 0018 0031 0018 0018 0018 0018 0018 0031 0018 0018 0018 0031 0018 0018 021d
0	0000 0066 0000 0015 0061 0018 0031 0018 0018 0018 0018 0018 0031 0018 0018 0018 0018 0018 0018 0018 0018 0018 0031 0018 0018 0018 0031 0018 0031 0018 0031 0018 0031 0018 0018 0018 0018 0018 0031 0018 0018 0018 0031 0018 0018 0205
Clear	0000 0066 0000 0015 0060 0018 0031 0018 0031 0018 0018 0018 0018 0018 0018 0018 0031 0018 0031 0018 0018 0018 0031 0018 0018 0018 0031 0018 0031 0018 0031 0018 0031 0018 0018 0018 0018 0018 0031 0018 0018 0018 0031 0018 0018 01d4
Enter	0000 0066 0000 0015 0060 0018 0031 0018 0031 0018 0018 0018 0031 0018 0018 0018 0018 0018 0018 0018 0018 0018 0031 0018 0018 0018 0031 0018 0031 0018 0031 0018 0031 0018 0018 0018 0018 0018 0031 0018 0018 0018 0031 0018 0018 01ed
Mute	0000 0066 0000 0015 0060 0018 0031 0018 0018 0018 0018 0018 0031 0018 0031 0018 0031 0018 0031 0018 0018 0018 0031 0018 0018 0018 0031 0018 0031 0018 0031 0018 0031 0018 0018 0018 0018 0018 0031 0018 0018 0018 0031 0018 0018 01bd
Setup	0000 0066 0000 0015 0060 0018 0031 0018 0018 0018 0031 0018 0031 0018 0018 0018 0018 0018 0031 0018 0018 0018 0031 0018 0018 0018 0031 0018 0031 0018 0031 0018 0031 0018 0018 0018 0018 0018 0031 0018 0018 0018 0031 0018 0018 01d5
Surround	0000 0066 0000 0015 0061 0018 0018 0018 0031 0018 0031 0018 0031 0018 0031 0018 0018 0018 0018 0018 0018 0018 0031 0018 0018 0018 0031 0018 0031 0018 0031 0018 0031 0018 0018 0018 0018 0018 0031 0018 0018 0018 0031 0018 0018 01d5
SP/EP	0000 0066 0000 0015 0061 0018 0018 0018 0018 0018 0018 0018 0031 0018 0031 0018 0018 0018 0031 0018 0018 0018 0031 0018 0018 0018 0031 0018 0031 0018 0031 0018 0031 0018 0018 0018 0018 0018 0031 0018 0018 0018 0031 0018 0018 01ed
TV/Video	0000 0066 0000 0015 0060 0018 0018 0018 0031 0018 0018 0018 0031 0018 0018 0018 0031 0018 0018 0018 0018 0018 0031 0018 0018 0018 0031 0018 0031 0018 0031 0018 0031 0018 0018 0018 0018 0018 0031 0018 0018 0018 0031 0018 0018 01ec
Audio	0000 0066 0000 0015 0060 0018 0031 0018 0031 0018 0031 0018 0018 0018 0031 0018 0018 0018 0018 0018 0018 0018 0031 0018 0018 0018 0031 0018 0031 0018 0031 0018 0031 0018 0018 0018 0018 0018 0031 0018 0018 0018 0031 0018 0018 01d5
Subtitle	0000 0066 0000 0015 0061 0018 0018 0018 0018 0018 0018 0018 0018 0018 0018 0018 0031 0018 0031 0018 0018 0018 0031 0018 0018 0018 0031 0018 0031 0018 0031 0018 0031 0018 0018 0018 0018 0018 0031 0018 0018 0018 0031 0018 0018 0205
Angle	0000 0066 0000 0015 0060 0018 0031 0018 0018 0018 0031 0018 0018 0018 0018 0018 0031 0018 0031 0018 0018 0018 0031 0018 0018 0018 0031 0018 0031 0018 0031 0018 0031 0018 0018 0018 0018 0018 0031 0018 0018 0018 0031 0018 0018 01d5
Input Select	0000 0066 0000 0015 0060 0018 0031 0018 0031 0018 0031 0018 0031 0018 0018 0018 0018 0018 0031 0018 0018 0018 0031 0018 0018 0018 0031 0018 0031 0018 0031 0018 0031 0018 0018 0018 0018 0018 0031 0018 0018 0018 0031 0018 0018 01bd
Rpt	0000 0066 0000 0015 0060 0018 0031 0018 0031 0018 0018 0018 0031 0018 0031 0018 0018 0018 0031 0018 0018 0018 0031 0018 0018 0018 0031 0018 0031 0018 0031 0018 0031 0018 0018 0018 0018 0018 0031 0018 0018 0018 0031 0018 0018 01bd
Search	0000 0066 0000 0015 0060 0018 0018 0018 0018 0018 0018 0018 0018 0018 0030 0018 0030 0018 0018 0018 0018 0018 0030 0018 0018 0018 0030 0018 0030 0018 0030 0018 0030 0018 0018 0018 0018 0018 0030 0018 0018 0018 0030 0018 0018 0204
R Step	0000 0066 0000 0015 0060 0018 0031 0018 0031 0018 0018 0018 0031 0018 0031 0018 0018 0018 0018 0018 0018 0018 0031 0018 0018 0018 0031 0018 0031 0018 0031 0018 0031 0018 0018 0018 0018 0018 0031 0018 0018 0018 0031 0018 0018 01d5
F Step	0000 0066 0000 0015 0061 0018 0018 0018 0018 0018 0031 0018 0031 0018 0031 0018 0018 0018 0018 0018 0018 0018 0031 0018 0018 0018 0031 0018 0031 0018 0031 0018 0031 0018 0018 0018 0018 0018 0031 0018 0018 0018 0031 0018 0018 01ed
Record	0000 0066 0000 0015 0060 0018 0031 0018 0018 0018 0031 0018 0031 0018 0031 0018 0018 0018 0018 0018 0018 0018 0031 0018 0018 0018 0031 0018 0031 0018 0031 0018 0031 0018 0018 0018 0018 0018 0031 0018 0018 0018 0031 0018 0018 01d5
Picture Navi/Skip	0000 0066 0000 0015 0060 0018 0031 0018 0018 0018 0031 0018 0031 0018 0031 0018 0018 0018 0031 0018 0018 0018 0031 0018 0018 0018 0031 0018 0031 0018 0031 0018 0031 0018 0018 0018 0018 0018 0031 0018 0018 0018 0031 0018 0018 01bd
R Srch	0000 0066 0000 0015 0060 0018 0031 0018 0031 0018 0031 0018 0018 0018 0031 0018 0018 0018 0031 0018 0018 0018 0031 0018 0018 0018 0031 0018 0031 0018 0031 0018 0031 0018 0018 0018 0018 0018 0031 0018 0018 0018 0031 0018 0018 01bd
F Srch	0000 0066 0000 0015 0061 0018 0018 0018 0031 0018 0031 0018 0018 0018 0031 0018 0018 0018 0031 0018 0018 0018 0031 0018 0018 0018 0031 0018 0031 0018 0031 0018 0031 0018 0018 0018 0018 0018 0031 0018 0018 0018 0031 0018 0018 01d5
Play	0000 0066 0000 0015 0061 0018 0018 0018 0031 0018 0018 0018 0031 0018 0031 0018 0018 0018 0018 0018 0018 0018 0031 0018 0018 0018 0031 0018 0031 0018 0031 0018 0031 0018 0018 0018 0018 0018 0031 0018 0018 0018 0031 0018 0018 01ed
Pause	0000 0066 0000 0015 0061 0018 0031 0018 0018 0018 0018 0018 0031 0018 0031 0018 0018 0018 0018 0018 0018 0018 0031 0018 0018 0018 0031 0018 0031 0018 0031 0018 0031 0018 0018 0018 0018 0018 0031 0018 0018 0018 0031 0018 0018 01ed
Stop	0000 0066 0000 0015 0061 0018 0018 0018 0018 0018 0018 0018 0031 0018 0031 0018 0018 0018 0018 0018 0018 0018 0031 0018 0018 0018 0031 0018 0031 0018 0031 0018 0031 0018 0018 0018 0018 0018 0031 0018 0018 0018 0031 0018 0018 0205
Up	0000 0066 0000 0015 0061 0018 0018 0018 0031 0018 0018 0018 0018 0018 0018 0018 0018 0018 0031 0018 0018 0018 0031 0018 0018 0018 0031 0018 0031 0018 0031 0018 0031 0018 0018 0018 0018 0018 0031 0018 0018 0018 0031 0018 0018 0205
Left	0000 0066 0000 0015 0061 0018 0018 0018 0031 0018 0018 0018 0018 0018 0018 0018 0031 0018 0031 0018 0018 0018 0031 0018 0018 0018 0031 0018 0031 0018 0031 0018 0031 0018 0018 0018 0018 0018 0031 0018 0018 0018 0031 0018 0018 01ed
Key Enter	0000 0066 0000 0015 0060 0018 0031 0018 0031 0018 0018 0018 0031 0018 0018 0018 0018 0018 0018 0018 0018 0018 0031 0018 0018 0018 0031 0018 0031 0018 0031 0018 0031 0018 0018 0018 0018 0018 0031 0018 0018 0018 0031 0018 0018 01ed
Right	0000 0066 0000 0015 0061 0018 0031 0018 0018 0018 0018 0018 0018 0018 0018 0018 0031 0018 0031 0018 0018 0018 0031 0018 0018 0018 0031 0018 0031 0018 0031 0018 0031 0018 0018 0018 0018 0018 0031 0018 0018 0018 0031 0018 0018 01ed
Down	0000 0066 0000 0015 0061 0018 0031 0018 0031 0018 0018 0018 0018 0018 0018 0018 0018 0018 0031 0018 0018 0018 0031 0018 0018 0018 0031 0018 0031 0018 0031 0018 0031 0018 0018 0018 0018 0018 0031 0018 0018 0018 0031 0018 0018 01ed
Display	0000 0066 0000 0015 0061 0018 0018 0018 0031 0018 0018 0018 0031 0018 0031 0018 0018 0018 0031 0018 0018 0018 0031 0018 0018 0018 0031 0018 0031 0018 0031 0018 0031 0018 0018 0018 0018 0018 0031 0018 0018 0018 0031 0018 0018 01d5
Top Menu	0000 0066 0000 0015 0061 0018 0018 0018 0031 0018 0018 0018 0018 0018 0018 0018 0031 0018 0018 0018 0018 0018 0031 0018 0018 0018 0031 0018 0031 0018 0031 0018 0031 0018 0018 0018 0018 0018 0031 0018 0018 0018 0031 0018 0018 0205
Menu	0000 0066 0000 0015 0061 0018 0031 0018 0031 0018 0018 0018 0018 0018 0018 0018 0031 0018 0018 0018 0018 0018 0031 0018 0018 0018 0031 0018 0031 0018 0031 0018 0031 0018 0018 0018 0018 0018 0031 0018 0018 0018 0031 0018 0018 01ed
Return	0000 0066 0000 0015 0061 0018 0018 0018 0018 0018 0031 0018 0018 0018 0018 0018 0031 0018 0018 0018 0018 0018 0031 0018 0018 0018 0031 0018 0031 0018 0031 0018 0031 0018 0018 0018 0018 0018 0031 0018 0018 0018 0031 0018 0018 0205
