Eject	0000 0067 0000 000d 0061 0017 0019 0017 0031 0017 0031 0017 0019 0017 0031 0017 0019 0017 0019 0017 0031 0017 0031 0017 0019 0017 0031 0017 0019 03da
 Standby	0000 0067 0000 000d 0060 0018 0030 0018 0018 0018 0030 0018 0018 0018 0030 0018 0018 0018 0018 0018 0030 0018 0030 0018 0018 0018 0030 0018 0018 03d8
Trinitr TV	0000 0067 0000 000d 0060 0018 0018 0018 0018 0018 0018 0018 0030 0018 0030 0018 0030 0018 0018 0018 0030 0018 0018 0018 0018 0018 0018 0018 0018 0408
Display	0000 0067 0000 000d 0061 0017 0019 0017 0031 0017 0019 0017 0031 0017 0031 0017 0019 0017 0031 0017 0031 0017 0031 0017 0019 0017 0031 0017 0019 03c0
Count Reset	0000 0067 0000 000d 0060 0018 0018 0018 0030 0018 0030 0018 0018 0018 0018 0018 0018 0018 0030 0018 0030 0018 0030 0018 0018 0018 0030 0018 0018 03d8
Aud Monitor	0000 0067 0000 000d 0060 0018 0030 0018 0030 0018 0030 0018 0018 0018 0030 0018 0018 0018 0018 0018 0030 0018 0030 0018 0018 0018 0030 0018 0018 03c0
 Video	0000 0067 0000 000d 0061 0017 0019 0017 0031 0017 0019 0017 0031 0017 0019 0017 0031 0017 0019 0017 0031 0017 0031 0017 0019 0017 0031 0017 0019 03d8
Clear	0000 0067 0000 000d 0060 0018 0030 0018 0030 0018 0018 0018 0018 0018 0018 0018 0030 0018 0030 0018 0030 0018 0030 0018 0018 0018 0030 0018 0018 03c0
1	0000 0067 0000 000d 0060 0018 0018 0018 0018 0018 0018 0018 0018 0018 0018 0018 0018 0018 0018 0018 0030 0018 0030 0018 0018 0018 0030 0018 0018 0420
2	0000 0067 0000 000d 0061 0017 0031 0017 0019 0017 0019 0017 0019 0017 0019 0017 0019 0017 0019 0017 0031 0017 0031 0017 0019 0017 0031 0017 0019 040a
3	0000 0067 0000 000d 0060 0018 0018 0018 0030 0018 0018 0018 0018 0018 0018 0018 0018 0018 0018 0018 0030 0018 0030 0018 0018 0018 0030 0018 0018 0408
4	0000 0067 0000 000d 0060 0018 0030 0018 0030 0018 0018 0018 0018 0018 0018 0018 0018 0018 0018 0018 0030 0018 0030 0018 0018 0018 0030 0018 0018 03f0
5	0000 0067 0000 000d 0061 0017 0019 0017 0019 0017 0031 0017 0019 0017 0019 0017 0019 0017 0019 0017 0031 0017 0031 0017 0019 0017 0031 0017 0019 040a
6	0000 0067 0000 000d 0060 0018 0030 0018 0018 0018 0030 0018 0018 0018 0018 0018 0018 0018 0018 0018 0030 0018 0030 0018 0018 0018 0030 0018 0018 03f0
7	0000 0067 0000 000d 0060 0018 0018 0018 0030 0018 0030 0018 0018 0018 0018 0018 0018 0018 0018 0018 0030 0018 0030 0018 0018 0018 0030 0018 0018 03f0
8	0000 0067 0000 000d 0061 0017 0031 0017 0031 0017 0031 0017 0019 0017 0019 0017 0019 0017 0019 0017 0031 0017 0031 0017 0019 0017 0031 0017 0019 03d8
9	0000 0067 0000 000d 0060 0018 0018 0018 0018 0018 0018 0018 0030 0018 0018 0018 0018 0018 0018 0018 0030 0018 0030 0018 0018 0018 0030 0018 0018 0408
Blank	0000 0067 0000 000d 0060 0018 0018 0018 0030 0018 0018 0018 0030 0018 0018 0018 0018 0018 0018 0018 0030 0018 0030 0018 0018 0018 0030 0018 0018 03f0
0	0000 0067 0000 000d 0061 0017 0031 0017 0019 0017 0019 0017 0031 0017 0019 0017 0019 0017 0019 0017 0031 0017 0031 0017 0019 0017 0031 0017 0019 03f0
Record	0000 0067 0000 000d 0060 0018 0030 0018 0018 0018 0030 0018 0030 0018 0030 0018 0018 0018 0018 0018 0030 0018 0030 0018 0018 0018 0030 0018 0018 03c0
EA Timer	0000 0067 0000 000d 0060 0018 0018 0018 0018 0018 0018 0018 0018 0018 0018 0018 0030 0018 0030 0018 0030 0018 0030 0018 0018 0018 0030 0018 0018 03f0
Volume+	0000 0067 0000 000d 0061 0017 0019 0017 0031 0017 0019 0017 0019 0017 0031 0017 0019 0017 0019 0017 0031 0017 0019 0017 0019 0017 0019 0017 0019 0420
Prog+	0000 0067 0000 000d 0060 0018 0018 0018 0018 0018 0018 0018 0018 0018 0030 0018 0018 0018 0018 0018 0030 0018 0030 0018 0018 0018 0030 0018 0018 0408
SP/LP	0000 0067 0000 000d 0060 0018 0018 0018 0018 0018 0018 0018 0030 0018 0030 0018 0018 0018 0030 0018 0030 0018 0030 0018 0018 0018 0030 0018 0018 03d8
Qui Timer	0000 0067 0000 000d 0061 0017 0019 0017 0031 0017 0019 0017 0019 0017 0031 0017 0019 0017 0031 0017 0031 0017 0031 0017 0019 0017 0031 0017 0019 03d8
Volume-	0000 0067 0000 000d 0060 0018 0030 0018 0030 0018 0018 0018 0018 0018 0030 0018 0018 0018 0018 0018 0030 0018 0018 0018 0018 0018 0018 0018 0018 0408
Prog-	0000 0067 0000 000d 0060 0018 0030 0018 0018 0018 0018 0018 0018 0018 0030 0018 0018 0018 0018 0018 0030 0018 0030 0018 0018 0018 0030 0018 0018 03f0
Inp Select	0000 0067 0000 000d 0061 0017 0031 0017 0031 0017 0031 0017 0031 0017 0019 0017 0019 0017 0031 0017 0031 0017 0031 0017 0019 0017 0031 0017 0019 03a8
X2	0000 0067 0000 000d 0060 0018 0018 0018 0018 0018 0030 0018 0018 0018 0030 0018 0018 0018 0018 0018 0030 0018 0030 0018 0018 0018 0030 0018 0018 03f0
Menu	0000 0067 0000 000d 0060 0018 0030 0018 0018 0018 0030 0018 0030 0018 0018 0018 0018 0018 0030 0018 0030 0018 0030 0018 0018 0018 0030 0018 0018 03c0
Slow	0000 0067 0000 000d 0061 0017 0031 0017 0031 0017 0019 0017 0019 0017 0019 0017 0031 0017 0019 0017 0031 0017 0031 0017 0019 0017 0031 0017 0019 03d8
Pause	0000 0067 0000 0010 0060 0018 0018 0018 0030 0018 0030 0018 0030 0018 0018 0018 0018 0018 0018 0018 0018 0018 0030 0018 0018 0018 0030 0018 0030 0018 0030 0018 0018 0018 0030 0318
Rewind	0000 0067 0000 0010 0060 0018 0018 0018 0018 0018 0018 0018 0018 0018 0030 0018 0018 0018 0018 0018 0018 0018 0030 0018 0018 0018 0030 0018 0030 0018 0030 0018 0018 0018 0030 0348
Play	0000 0067 0000 0010 0061 0017 0019 0017 0019 0017 0019 0017 0031 0017 0031 0017 0019 0017 0019 0017 0019 0017 0031 0017 0019 0017 0031 0017 0031 0017 0031 0017 0019 0017 0031 032f
FA Forward	0000 0067 0000 0010 0060 0018 0030 0018 0018 0018 0018 0018 0018 0018 0030 0018 0018 0018 0018 0018 0018 0018 0030 0018 0018 0018 0030 0018 0030 0018 0030 0018 0018 0018 0030 0330
Stop	0000 0067 0000 0010 0060 0018 0030 0018 0030 0018 0030 0018 0030 0018 0018 0018 0018 0018 0018 0018 0018 0018 0030 0018 0018 0018 0030 0018 0030 0018 0030 0018 0018 0018 0030 0300
