Power	0000 0067 0000 000D 0000 0018 0000 0018 0000 0018 0000 0018 0000 0018 0000 0018 0000 0018 0000 0018 0000 0018 0000 0018 0000 0018 0000 0018 0000 0406
1	0000 0067 0000 000D 0000 0018 0000 0018 0000 0018 0000 0018 0000 0018 0000 0018 0000 0018 0000 0018 0000 0018 0000 0018 0000 0018 0000 0018 0000 044E
2	0000 0067 0000 000D 0000 0018 0000 0018 0000 0018 0000 0018 0000 0018 0000 0018 0000 0018 0000 0018 0000 0018 0000 0018 0000 0018 0000 0018 0000 0436
3	0000 0067 0000 000D 0000 0018 0000 0018 0000 0018 0000 0018 0000 0018 0000 0018 0000 0018 0000 0018 0000 0018 0000 0018 0000 0018 0000 0018 0000 0436
4	0000 0067 0000 000D 0000 0018 0000 0018 0000 0018 0000 0018 0000 0018 0000 0018 0000 0018 0000 0018 0000 0018 0000 0018 0000 0018 0000 0018 0000 041E
5	0000 0067 0000 000D 0000 0018 0000 0018 0000 0018 0000 0018 0000 0018 0000 0018 0000 0018 0000 0018 0000 0018 0000 0018 0000 0018 0000 0018 0000 0436
6	0000 0067 0000 000D 0000 0018 0000 0018 0000 0018 0000 0018 0000 0018 0000 0018 0000 0018 0000 0018 0000 0018 0000 0018 0000 0018 0000 0018 0000 041E
7	0000 0067 0000 000D 0000 0018 0000 0018 0000 0018 0000 0018 0000 0018 0000 0018 0000 0018 0000 0018 0000 0018 0000 0018 0000 0018 0000 0018 0000 041E
8	0000 0067 0000 000D 0000 0018 0000 0018 0000 0018 0000 0018 0000 0018 0000 0018 0000 0018 0000 0018 0000 0018 0000 0018 0000 0018 0000 0018 0000 0406
9	0000 0067 0000 000D 0000 0018 0000 0018 0000 0018 0000 0018 0000 0018 0000 0018 0000 0018 0000 0018 0000 0018 0000 0018 0000 0018 0000 0018 0000 0436
0	0000 0067 0000 000D 0000 0018 0000 0018 0000 0018 0000 0018 0000 0018 0000 0018 0000 0018 0000 0018 0000 0018 0000 0018 0000 0018 0000 0018 0000 041E
Enter	0000 0067 0000 000D 0000 0018 0000 0018 0000 0018 0000 0018 0000 0018 0000 0018 0000 0018 0000 0018 0000 0018 0000 0018 0000 0018 0000 0018 0000 0406
Ch+	0000 0067 0000 004E 0000 0018 0000 0018 0000 0018 0000 0018 0000 0018 0000 0018 0000 0018 0000 0018 0000 0018 0000 0018 0000 0018 0000 0018 0000 0436 0000 0018 0000 0018 0000 0018 0000 0018 0000 0018 0000 0018 0000 0018 0000 0018 0000 0018 0000 0018 0000 0018 0000 0018 0000 0436 0000 0018 0000 0018 0000 0018 0000 0018 0000 0018 0000 0018 0000 0018 0000 0018 0000 0018 0000 0018 0000 0018 0000 0018 0000 122A 0000 0018 0000 0018 0000 0018 0000 0018 0000 0018 0000 0018 0000 0018 0000 0018 0000 0018 0000 0018 0000 0018 0000 0018 0000 0436 0000 0018 0000 0018 0000 0018 0000 0018 0000 0018 0000 0018 0000 0018 0000 0018 0000 0018 0000 0018 0000 0018 0000 0018 0000 0436 0000 0018 0000 0018 0000 0018 0000 0018 0000 0018 0000 0018 0000 0018 0000 0018 0000 0018 0000 0018 0000 0018 0000 0018 0000 121E
Ch-	0000 0067 0000 004E 0000 0018 0000 0018 0000 0018 0000 0018 0000 0018 0000 0018 0000 0018 0000 0018 0000 0018 0000 0018 0000 0018 0000 0018 0000 041E 0000 0018 0000 0018 0000 0018 0000 0018 0000 0018 0000 0018 0000 0018 0000 0018 0000 0018 0000 0018 0000 0018 0000 0018 0000 041E 0000 0018 0000 0018 0000 0018 0000 0018 0000 0018 0000 0018 0000 0018 0000 0018 0000 0018 0000 0018 0000 0018 0000 0018 0000 1232 0000 0018 0000 0018 0000 0018 0000 0018 0000 0018 0000 0018 0000 0018 0000 0018 0000 0018 0000 0018 0000 0018 0000 0018 0000 041E 0000 0018 0000 0018 0000 0018 0000 0018 0000 0018 0000 0018 0000 0018 0000 0018 0000 0018 0000 0018 0000 0018 0000 0018 0000 041E 0000 0018 0000 0018 0000 0018 0000 0018 0000 0018 0000 0018 0000 0018 0000 0018 0000 0018 0000 0018 0000 0018 0000 0018 0000 1226
Vol+	0000 0067 0000 000D 0000 0018 0000 0018 0000 0018 0000 0018 0000 0018 0000 0018 0000 0018 0000 0018 0000 0018 0000 0018 0000 0018 0000 0018 0000 041E
Vol-	0000 0067 0000 000D 0000 0018 0000 0018 0000 0018 0000 0018 0000 0018 0000 0018 0000 0018 0000 0018 0000 0018 0000 0018 0000 0018 0000 0018 0000 0406
Play	0000 0067 0000 000D 0000 0018 0000 0018 0000 0018 0000 0018 0000 0018 0000 0018 0000 0018 0000 0018 0000 0018 0000 0018 0000 0018 0000 0018 0000 0406
Stop	0000 0067 0000 000D 0000 0018 0000 0018 0000 0018 0000 0018 0000 0018 0000 0018 0000 0018 0000 0018 0000 0018 0000 0018 0000 0018 0000 0018 0000 041E
Pause	0000 0067 0000 000D 0000 0018 0000 0018 0000 0018 0000 0018 0000 0018 0000 0018 0000 0018 0000 0018 0000 0018 0000 0018 0000 0018 0000 0018 0000 0406
Rew	0000 0067 0000 000D 0000 0018 0000 0018 0000 0018 0000 0018 0000 0018 0000 0018 0000 0018 0000 0018 0000 0018 0000 0018 0000 0018 0000 0018 0000 03EE
Ffwd	0000 0067 0000 000D 0000 0018 0000 0018 0000 0018 0000 0018 0000 0018 0000 0018 0000 0018 0000 0018 0000 0018 0000 0018 0000 0018 0000 0018 0000 0406
F Srch	0000 0067 0000 0060 0000 0018 0000 0018 0000 0018 0000 0018 0000 0018 0000 0018 0000 0018 0000 0018 0000 0018 0000 0018 0000 0018 0000 0018 0000 0018 0000 0018 0000 0018 0000 032E 0000 0018 0000 0018 0000 0018 0000 0018 0000 0018 0000 0018 0000 0018 0000 0018 0000 0018 0000 0018 0000 0018 0000 0018 0000 0018 0000 0018 0000 0018 0000 032E 0000 0018 0000 0018 0000 0018 0000 0018 0000 0018 0000 0018 0000 0018 0000 0018 0000 0018 0000 0018 0000 0018 0000 0018 0000 0018 0000 0018 0000 0018 0000 11D6 0000 0018 0000 0018 0000 0018 0000 0018 0000 0018 0000 0018 0000 0018 0000 0018 0000 0018 0000 0018 0000 0018 0000 0018 0000 0018 0000 0018 0000 0018 0000 032E 0000 0018 0000 0018 0000 0018 0000 0018 0000 0018 0000 0018 0000 0018 0000 0018 0000 0018 0000 0018 0000 0018 0000 0018 0000 0018 0000 0018 0000 0018 0000 032E 0000 0018 0000 0018 0000 0018 0000 0018 0000 0018 0000 0018 0000 0018 0000 0018 0000 0018 0000 0018 0000 0018 0000 0018 0000 0018 0000 0018 0000 0018 0000 11E4
R Srch	0000 0067 0000 0060 0000 0018 0000 0018 0000 0018 0000 0018 0000 0018 0000 0018 0000 0018 0000 0018 0000 0018 0000 0018 0000 0018 0000 0018 0000 0018 0000 0018 0000 0018 0000 0316 0000 0018 0000 0018 0000 0018 0000 0018 0000 0018 0000 0018 0000 0018 0000 0018 0000 0018 0000 0018 0000 0018 0000 0018 0000 0018 0000 0018 0000 0018 0000 0316 0000 0018 0000 0018 0000 0018 0000 0018 0000 0018 0000 0018 0000 0018 0000 0018 0000 0018 0000 0018 0000 0018 0000 0018 0000 0018 0000 0018 0000 0018 0000 11E1 0000 0018 0000 0018 0000 0018 0000 0018 0000 0018 0000 0018 0000 0018 0000 0018 0000 0018 0000 0018 0000 0018 0000 0018 0000 0018 0000 0018 0000 0018 0000 0316 0000 0018 0000 0018 0000 0018 0000 0018 0000 0018 0000 0018 0000 0018 0000 0018 0000 0018 0000 0018 0000 0018 0000 0018 0000 0018 0000 0018 0000 0018 0000 0316 0000 0018 0000 0018 0000 0018 0000 0018 0000 0018 0000 0018 0000 0018 0000 0018 0000 0018 0000 0018 0000 0018 0000 0018 0000 0018 0000 0018 0000 0018 0000 11E9
F Step	0000 0067 0000 0010 0000 0018 0000 0018 0000 0018 0000 0018 0000 0018 0000 0018 0000 0018 0000 0018 0000 0018 0000 0018 0000 0018 0000 0018 0000 0018 0000 0018 0000 0018 0000 032E
R Step	0000 0067 0000 0010 0000 0018 0000 0018 0000 0018 0000 0018 0000 0018 0000 0018 0000 0018 0000 0018 0000 0018 0000 0018 0000 0018 0000 0018 0000 0018 0000 0018 0000 0018 0000 0316
Jog	0000 0067 0000 0027 0000 0018 0000 0018 0000 0018 0000 0018 0000 0018 0000 0018 0000 0018 0000 0018 0000 0018 0000 0018 0000 0018 0000 0018 0000 0436 0000 0018 0000 0018 0000 0018 0000 0018 0000 0018 0000 0018 0000 0018 0000 0018 0000 0018 0000 0018 0000 0018 0000 0018 0000 0436 0000 0018 0000 0018 0000 0018 0000 0018 0000 0018 0000 0018 0000 0018 0000 0018 0000 0018 0000 0018 0000 0018 0000 0018 0000 1221
Jog+	0000 0067 0000 000D 0000 0018 0000 0018 0000 0018 0000 0018 0000 0018 0000 0018 0000 0018 0000 0018 0000 0018 0000 0018 0000 0018 0000 0018 0000 0406 0000 0018 0000 0018 0000 0018 0000 0018 0000 0018 0000 0018 0000 0018 0000 0018 0000 0018 0000 0018 0000 0018 0000 0018 0000 0406 0000 0018 0000 0018 0000 0018 0000 0018 0000 0018 0000 0018 0000 0018 0000 0018 0000 0018 0000 0018 0000 0018 0000 0018 0000 3ED2 0000 0018 0000 0018 0000 0018 0000 0018 0000 0018 0000 0018 0000 0018 0000 0018 0000 0018 0000 0018 0000 0018 0000 0018 0000 0406
Jog-	0000 0067 0000 000D 0000 0018 0000 0018 0000 0018 0000 0018 0000 0018 0000 0018 0000 0018 0000 0018 0000 0018 0000 0018 0000 0018 0000 0018 0000 041E 0000 0018 0000 0018 0000 0018 0000 0018 0000 0018 0000 0018 0000 0018 0000 0018 0000 0018 0000 0018 0000 0018 0000 0018 0000 041E 0000 0018 0000 0018 0000 0018 0000 0018 0000 0018 0000 0018 0000 0018 0000 0018 0000 0018 0000 0018 0000 0018 0000 0018 0000 3ED2 0000 0018 0000 0018 0000 0018 0000 0018 0000 0018 0000 0018 0000 0018 0000 0018 0000 0018 0000 0018 0000 0018 0000 0018 0000 041E
Record	0000 0067 0000 000D 0000 0018 0000 0018 0000 0018 0000 0018 0000 0018 0000 0018 0000 0018 0000 0018 0000 0018 0000 0018 0000 0018 0000 0018 0000 03EE
TV/VCR	0000 0067 0000 000D 0000 0018 0000 0018 0000 0018 0000 0018 0000 0018 0000 0018 0000 0018 0000 0018 0000 0018 0000 0018 0000 0018 0000 0018 0000 0406
Menu	0000 0067 0000 000D 0000 0018 0000 0018 0000 0018 0000 0018 0000 0018 0000 0018 0000 0018 0000 0018 0000 0018 0000 0018 0000 0018 0000 0018 0000 03EE
Up	0000 0067 0000 000D 0000 0018 0000 0018 0000 0018 0000 0018 0000 0018 0000 0018 0000 0018 0000 0018 0000 0018 0000 0018 0000 0018 0000 0018 0000 041E
Down	0000 0067 0000 000D 0000 0018 0000 0018 0000 0018 0000 0018 0000 0018 0000 0018 0000 0018 0000 0018 0000 0018 0000 0018 0000 0018 0000 0018 0000 0406
Left	0000 0067 0000 000D 0000 0018 0000 0018 0000 0018 0000 0018 0000 0018 0000 0018 0000 0018 0000 0018 0000 0018 0000 0018 0000 0018 0000 0018 0000 0406
Right	0000 0067 0000 000D 0000 0018 0000 0018 0000 0018 0000 0018 0000 0018 0000 0018 0000 0018 0000 0018 0000 0018 0000 0018 0000 0018 0000 0018 0000 0406
VCR+	0000 0067 0000 0010 0000 0018 0000 0018 0000 0018 0000 0018 0000 0018 0000 0018 0000 0018 0000 0018 0000 0018 0000 0018 0000 0018 0000 0018 0000 0018 0000 0018 0000 0018 0000 0346
Eject	0000 0067 0000 000D 0000 0018 0000 0018 0000 0018 0000 0018 0000 0018 0000 0018 0000 0018 0000 0018 0000 0018 0000 0018 0000 0018 0000 0018 0000 0406
Clear	0000 0067 0000 000D 0000 0018 0000 0018 0000 0018 0000 0018 0000 0018 0000 0018 0000 0018 0000 0018 0000 0018 0000 0018 0000 0018 0000 0018 0000 03EE
Set	0000 0067 0000 0010 0000 0018 0000 0018 0000 0018 0000 0018 0000 0018 0000 0018 0000 0018 0000 0018 0000 0018 0000 0018 0000 0018 0000 0018 0000 0018 0000 0018 0000 0018 0000 032E
Smart File	0000 0067 0000 0010 0000 0018 0000 0018 0000 0018 0000 0018 0000 0018 0000 0018 0000 0018 0000 0018 0000 0018 0000 0018 0000 0018 0000 0018 0000 0018 0000 0018 0000 0018 0000 032E
Audio Mon	0000 0067 0000 000D 0000 0018 0000 0018 0000 0018 0000 0018 0000 0018 0000 0018 0000 0018 0000 0018 0000 0018 0000 0018 0000 0018 0000 0018 0000 03EE
Info	0000 0067 0000 0010 0000 0018 0000 0018 0000 0018 0000 0018 0000 0018 0000 0018 0000 0018 0000 0018 0000 0018 0000 0018 0000 0018 0000 0018 0000 0018 0000 0018 0000 0018 0000 032E
SP/EP	0000 0067 0000 000D 0000 0018 0000 0018 0000 0018 0000 0018 0000 0018 0000 0018 0000 0018 0000 0018 0000 0018 0000 0018 0000 0018 0000 0018 0000 0406
Input	0000 0067 0000 000D 0000 0018 0000 0018 0000 0018 0000 0018 0000 0018 0000 0018 0000 0018 0000 0018 0000 0018 0000 0018 0000 0018 0000 0018 0000 03D6
Quick Timer	0000 0067 0000 000D 0000 0018 0000 0018 0000 0018 0000 0018 0000 0018 0000 0018 0000 0018 0000 0018 0000 0018 0000 0018 0000 0018 0000 0018 0000 0406
Counter Reset	0000 0067 0000 000D 0000 0018 0000 0018 0000 0018 0000 0018 0000 0018 0000 0018 0000 0018 0000 0018 0000 0018 0000 0018 0000 0018 0000 0018 0000 0406
Counter/Remain	0000 0067 0000 000D 0000 0018 0000 0018 0000 0018 0000 0018 0000 0018 0000 0018 0000 0018 0000 0018 0000 0018 0000 0018 0000 0018 0000 0018 0000 041E
Smart Cue	0000 0067 0000 000D 0000 0018 0000 0018 0000 0018 0000 0018 0000 0018 0000 0018 0000 0018 0000 0018 0000 0018 0000 0018 0000 0018 0000 0018 0000 03D6
Index Srch+	0000 0067 0000 000D 0000 0018 0000 0018 0000 0018 0000 0018 0000 0018 0000 0018 0000 0018 0000 0018 0000 0018 0000 0018 0000 0018 0000 0018 0000 03EE
Index Srch-	0000 0067 0000 000D 0000 0018 0000 0018 0000 0018 0000 0018 0000 0018 0000 0018 0000 0018 0000 0018 0000 0018 0000 0018 0000 0018 0000 0018 0000 03D6
Receiver Muting	0000 0067 0000 0010 0000 0018 0000 0018 0000 0018 0000 0018 0000 0018 0000 0018 0000 0018 0000 0018 0000 0018 0000 0018 0000 0018 0000 0018 0000 041E 0000 0018 0000 0018 0000 0018 0000 0018 0000 0018 0000 0018 0000 0018 0000 0018 0000 0018 0000 0018 0000 0018 0000 0018 0000 041E 0000 0018 0000 0018 0000 0018 0000 0018 0000 0018 0000 0018 0000 0018 0000 0018 0000 0018 0000 0018 0000 0018 0000 0018 0000 041E 0000 0018 0000 0018 0000 0018 0000 0018 0000 0018 0000 0018 0000 0018 0000 0018 0000 0018 0000 0018 0000 0018 0000 0018 0000 0018 0000 0018 0000 0018 0000 02E7
Receiver Vol+	0000 0067 0000 0057 0000 0018 0000 0018 0000 0018 0000 0018 0000 0018 0000 0018 0000 0018 0000 0018 0000 0018 0000 0018 0000 0018 0000 0018 0000 041E 0000 0018 0000 0018 0000 0018 0000 0018 0000 0018 0000 0018 0000 0018 0000 0018 0000 0018 0000 0018 0000 0018 0000 0018 0000 041E 0000 0018 0000 0018 0000 0018 0000 0018 0000 0018 0000 0018 0000 0018 0000 0018 0000 0018 0000 0018 0000 0018 0000 0018 0000 041E 0000 0018 0000 0018 0000 0018 0000 0018 0000 0018 0000 0018 0000 0018 0000 0018 0000 0018 0000 0018 0000 0018 0000 0018 0000 0018 0000 0018 0000 0018 0000 02E7 0000 0018 0000 0018 0000 0018 0000 0018 0000 0018 0000 0018 0000 0018 0000 0018 0000 0018 0000 0018 0000 0018 0000 0018 0000 0018 0000 0018 0000 0018 0000 02E7 0000 0018 0000 0018 0000 0018 0000 0018 0000 0018 0000 0018 0000 0018 0000 0018 0000 0018 0000 0018 0000 0018 0000 0018 0000 0018 0000 0018 0000 0018 0000 02E7
Receiver Vol-	0000 0067 0000 0057 0000 0018 0000 0018 0000 0018 0000 0018 0000 0018 0000 0018 0000 0018 0000 0018 0000 0018 0000 0018 0000 0018 0000 0018 0000 0406 0000 0018 0000 0018 0000 0018 0000 0018 0000 0018 0000 0018 0000 0018 0000 0018 0000 0018 0000 0018 0000 0018 0000 0018 0000 0406 0000 0018 0000 0018 0000 0018 0000 0018 0000 0018 0000 0018 0000 0018 0000 0018 0000 0018 0000 0018 0000 0018 0000 0018 0000 0406 0000 0018 0000 0018 0000 0018 0000 0018 0000 0018 0000 0018 0000 0018 0000 0018 0000 0018 0000 0018 0000 0018 0000 0018 0000 0018 0000 0018 0000 0018 0000 02CF 0000 0018 0000 0018 0000 0018 0000 0018 0000 0018 0000 0018 0000 0018 0000 0018 0000 0018 0000 0018 0000 0018 0000 0018 0000 0018 0000 0018 0000 0018 0000 02CF 0000 0018 0000 0018 0000 0018 0000 0018 0000 0018 0000 0018 0000 0018 0000 0018 0000 0018 0000 0018 0000 0018 0000 0018 0000 0018 0000 0018 0000 0018 0000 02CF
Display	0000 0067 0000 000D 0000 0018 0000 0018 0000 0018 0000 0018 0000 0018 0000 0018 0000 0018 0000 0018 0000 0018 0000 0018 0000 0018 0000 0018 0000 03EE
Guide	0000 0067 0000 0010 0000 0018 0000 0018 0000 0018 0000 0018 0000 0018 0000 0018 0000 0018 0000 0018 0000 0018 0000 0018 0000 0018 0000 0018 0000 0018 0000 0018 0000 0018 0000 0316
Cursor OK	0000 0067 0000 000D 0000 0018 0000 0018 0000 0018 0000 0018 0000 0018 0000 0018 0000 0018 0000 0018 0000 0018 0000 0018 0000 0018 0000 0018 0000 0406
Blue Button	0000 0067 0000 0010 0000 0018 0000 0018 0000 0018 0000 0018 0000 0018 0000 0018 0000 0018 0000 0018 0000 0018 0000 0018 0000 0018 0000 0018 0000 0018 0000 0018 0000 0018 0000 0316
Green Button	0000 0067 0000 0010 0000 0018 0000 0018 0000 0018 0000 0018 0000 0018 0000 0018 0000 0018 0000 0018 0000 0018 0000 0018 0000 0018 0000 0018 0000 0018 0000 0018 0000 0018 0000 02FE
