Mute	0000 0067 0000 000d 005f 0018 0018 0018 0018 0018 0030 0018 0018 0018 0030 0018 0018 0018 0018 0018 0030 0018 0018 0018 0018 0018 0018 0018 0018 041b
Sleep	0000 0066 0000 000d 0060 0018 0018 0018 0030 0018 0030 0018 0018 0018 0030 0018 0030 0018 0018 0018 0030 0018 0018 0018 0018 0018 0018 0018 0018 03f5
Power	0000 0066 0000 0010 0060 0018 0030 0018 0018 0018 0030 0018 0018 0018 0030 0018 0018 0018 0018 0018 0030 0018 0030 0018 0030 0018 0018 0018 0030 0018 0030 0018 0018 0018 0030 0304
Alt Audio	0000 0067 0000 0010 005f 0018 0030 0018 0030 0018 0030 0018 0018 0018 0030 0018 0018 0018 0018 0018 0030 0018 0030 0018 0030 0018 0018 0018 0030 0018 0030 0018 0018 0018 0030 02e4
Favorite	0000 0067 0000 0010 005f 0018 0030 0018 0030 0018 0030 0018 0030 0018 0018 0018 0030 0018 0030 0018 0030 0018 0030 0018 0030 0018 0018 0018 0030 0018 0030 0018 0018 0018 0030 02b5
Guide	0000 0066 0000 0010 0060 0018 0018 0018 0030 0018 0030 0018 0030 0018 0018 0018 0030 0018 0030 0018 0030 0018 0030 0018 0030 0018 0018 0018 0030 0018 0030 0018 0018 0018 0030 02d4
TV TV/Video	0000 0067 0000 000d 005f 0018 0030 0018 0018 0018 0030 0018 0018 0018 0018 0018 0030 0018 0018 0018 0030 0018 0018 0018 0018 0018 0018 0018 0018 0403
TV/DSS	0000 0066 0000 0010 0060 0018 0030 0018 0018 0018 0018 0018 0030 0018 0018 0018 0030 0018 0030 0018 0030 0018 0030 0018 0030 0018 0018 0018 0030 0018 0030 0018 0018 0018 0030 02ec
Jump	0000 0066 0000 0010 0060 0018 0018 0018 0018 0018 0030 0018 0030 0018 0018 0018 0030 0018 0030 0018 0030 0018 0030 0018 0030 0018 0018 0018 0030 0018 0030 0018 0018 0018 0030 02ec
1	0000 0066 0000 0010 0060 0018 0018 0018 0018 0018 0018 0018 0018 0018 0018 0018 0018 0018 0018 0018 0030 0018 0030 0018 0030 0018 0018 0018 0030 0018 0030 0018 0018 0018 0030 034c
2	0000 0066 0000 0010 0060 0018 0030 0018 0018 0018 0018 0018 0018 0018 0018 0018 0018 0018 0018 0018 0030 0018 0030 0018 0030 0018 0018 0018 0030 0018 0030 0018 0018 0018 0030 0334
3	0000 0066 0000 0010 0060 0018 0018 0018 0030 0018 0018 0018 0018 0018 0018 0018 0018 0018 0018 0018 0030 0018 0030 0018 0030 0018 0018 0018 0030 0018 0030 0018 0018 0018 0030 0334
4	0000 0066 0000 0010 0060 0018 0030 0018 0030 0018 0018 0018 0018 0018 0018 0018 0018 0018 0018 0018 0030 0018 0030 0018 0030 0018 0018 0018 0030 0018 0030 0018 0018 0018 0030 031c
5	0000 0066 0000 0010 0060 0018 0018 0018 0018 0018 0030 0018 0018 0018 0018 0018 0018 0018 0018 0018 0030 0018 0030 0018 0030 0018 0018 0018 0030 0018 0030 0018 0018 0018 0030 0334
6	0000 0066 0000 0010 0060 0018 0030 0018 0018 0018 0030 0018 0018 0018 0018 0018 0018 0018 0018 0018 0030 0018 0030 0018 0030 0018 0018 0018 0030 0018 0030 0018 0018 0018 0030 031c
7	0000 0066 0000 0010 0060 0018 0018 0018 0030 0018 0030 0018 0018 0018 0018 0018 0018 0018 0018 0018 0030 0018 0030 0018 0030 0018 0018 0018 0030 0018 0030 0018 0018 0018 0030 031c
8	0000 0066 0000 0010 0060 0018 0030 0018 0030 0018 0030 0018 0018 0018 0018 0018 0018 0018 0018 0018 0030 0018 0030 0018 0030 0018 0018 0018 0030 0018 0030 0018 0018 0018 0030 0304
9	0000 0067 0000 0010 005f 0018 0018 0018 0018 0018 0018 0018 0030 0018 0018 0018 0018 0018 0018 0018 0030 0018 0030 0018 0030 0018 0018 0018 0030 0018 0030 0018 0018 0018 0030 032c
0	0000 0066 0000 0010 0060 0018 0030 0018 0018 0018 0018 0018 0030 0018 0018 0018 0018 0018 0018 0018 0030 0018 0030 0018 0030 0018 0018 0018 0030 0018 0030 0018 0018 0018 0030 031c
Enter	0000 0066 0000 0010 0060 0018 0030 0018 0030 0018 0018 0018 0030 0018 0018 0018 0018 0018 0018 0018 0030 0018 0030 0018 0030 0018 0018 0018 0030 0018 0030 0018 0018 0018 0030 0304
Display	0000 0066 0000 0010 0060 0018 0018 0018 0030 0018 0018 0018 0030 0018 0030 0018 0030 0018 0018 0018 0030 0018 0030 0018 0030 0018 0018 0018 0030 0018 0030 0018 0018 0018 0030 02ec
Ch+	0000 0067 0000 0010 005f 0018 0018 0018 0018 0018 0018 0018 0018 0018 0030 0018 0018 0018 0018 0018 0030 0018 0030 0018 0030 0018 0018 0018 0030 0018 0030 0018 0018 0018 0030 032c
Ch-	0000 0066 0000 0010 0060 0018 0030 0018 0018 0018 0018 0018 0018 0018 0030 0018 0018 0018 0018 0018 0030 0018 0030 0018 0030 0018 0018 0018 0030 0018 0030 0018 0018 0018 0030 031c
Menu	0000 0066 0000 0010 0060 0018 0018 0018 0018 0018 0018 0018 0030 0018 0030 0018 0030 0018 0018 0018 0030 0018 0030 0018 0030 0018 0018 0018 0030 0018 0030 0018 0018 0018 0030 0304
Exit	0000 0066 0000 0010 0060 0018 0030 0018 0030 0018 0018 0018 0018 0018 0018 0018 0030 0018 0030 0018 0030 0018 0030 0018 0030 0018 0018 0018 0030 0018 0030 0018 0018 0018 0030 02ec
Left	0000 0066 0000 0010 0060 0018 0030 0018 0018 0018 0030 0018 0018 0018 0030 0018 0030 0018 0030 0018 0030 0018 0030 0018 0030 0018 0018 0018 0030 0018 0030 0018 0018 0018 0030 02d4
Right	0000 0066 0000 0010 0060 0018 0018 0018 0018 0018 0030 0018 0018 0018 0030 0018 0030 0018 0030 0018 0030 0018 0030 0018 0030 0018 0018 0018 0030 0018 0030 0018 0018 0018 0030 02ec
Up	0000 0066 0000 0010 0060 0018 0018 0018 0030 0018 0018 0018 0018 0018 0030 0018 0030 0018 0030 0018 0030 0018 0030 0018 0030 0018 0018 0018 0030 0018 0030 0018 0018 0018 0030 02ec
Down	0000 0067 0000 0010 005f 0018 0030 0018 0030 0018 0018 0018 0018 0018 0030 0018 0030 0018 0030 0018 0030 0018 0030 0018 0030 0018 0018 0018 0030 0018 0030 0018 0018 0018 0030 02cc
Joystick Press	0000 0066 0000 0010 0060 0018 0018 0018 0030 0018 0030 0018 0018 0018 0030 0018 0030 0018 0030 0018 0030 0018 0030 0018 0030 0018 0018 0018 0030 0018 0030 0018 0018 0018 0030 02d4
