1	0000 0022 0000 000d 0120 0048 0048 0048 0048 0048 0048 0048 0048 0048 0048 0048 0048 0048 0048 0048 0090 0048 0048 0048 0048 0048 0048 0048 0048 0cf0
2	0000 0022 0000 000d 0120 0048 0090 0048 0048 0048 0048 0048 0048 0048 0048 0048 0048 0048 0048 0048 0090 0048 0048 0048 0048 0048 0048 0048 0048 0ca8
3	0000 0022 0000 000d 0120 0048 0048 0048 0090 0048 0048 0048 0048 0048 0048 0048 0048 0048 0048 0048 0090 0048 0048 0048 0048 0048 0048 0048 0048 0ca8
4	0000 0022 0000 000d 0120 0048 0090 0048 0090 0048 0048 0048 0048 0048 0048 0048 0048 0048 0048 0048 0090 0048 0048 0048 0048 0048 0048 0048 0048 0c60
5	0000 0022 0000 000d 0120 0048 0048 0048 0048 0048 0090 0048 0048 0048 0048 0048 0048 0048 0048 0048 0090 0048 0048 0048 0048 0048 0048 0048 0048 0ca8
6	0000 0022 0000 000d 0120 0048 008d 0048 0048 0048 008d 0048 0048 0048 0048 0048 0048 0048 0048 0048 0090 0048 0048 0048 0048 0048 0048 0048 0048 0c60
7	0000 0022 0000 000d 0120 0048 0048 0048 0090 0048 0090 0048 0048 0048 0048 0048 0048 0048 0048 0048 0090 0048 0048 0048 0048 0048 0048 0048 0048 0c60
8	0000 0022 0000 000d 0120 0048 0090 0048 008d 0048 0090 0048 0048 0048 0048 0048 0048 0048 0048 0048 0090 0048 0048 0048 0048 0048 0048 0048 0048 0c18
9	0000 0022 0000 000d 0120 0048 0048 0048 0048 0048 0048 0048 008d 0048 0048 0048 0048 0048 0048 0048 0090 0048 0048 0048 0048 0048 0048 0048 0048 0ca8
0	0000 0022 0000 000d 0120 0048 0090 0048 0048 0048 0048 0048 0090 0048 0045 0048 0048 0048 0048 0048 0090 0048 0048 0048 0048 0048 0048 0048 0048 0c5d
Enter	0000 0022 0000 000d 0120 0048 0090 0048 0090 0048 0048 0048 0090 0048 0048 0048 0048 0048 0048 0048 008d 0048 0048 0048 0048 0048 0048 0048 0048 0c18
LI A	0000 0022 0000 000d 0120 0048 0048 0048 0048 0048 0048 0048 0048 0048 0048 0048 0048 0048 0090 0048 0090 0048 0048 0048 0048 0048 0048 0048 0048 0ca5
LI B	0000 0022 0000 000d 0120 0048 0090 0048 0048 0048 0048 0048 0048 0048 0048 0048 0048 0048 0090 0048 0090 0048 0048 0048 0048 0048 0045 0048 0048 0c60
VTR	0000 0022 0000 000d 0120 0048 0048 0048 008d 0048 0048 0048 0048 0048 0048 0048 0048 0048 0090 0048 0090 0048 0048 0048 0048 0048 0045 0048 0048 0c60
Cmptr	0000 0022 0000 000d 0120 0048 0090 0048 0090 0048 0048 0048 0048 0048 0048 0048 0048 0048 0090 0048 008d 0048 0048 0048 0048 0048 0048 0048 0048 0c18
Ant	0000 0022 0000 000d 0120 0048 0048 0048 008d 0048 0048 0048 008d 0048 0048 0048 0090 0048 0048 0048 0090 0048 0048 0048 0048 0048 0048 0048 0048 0c18
Mts	0000 0022 0000 000d 0120 0048 0090 0048 0090 0048 0090 0048 0048 0048 0090 0048 0048 0048 0048 0048 0090 0048 0048 0048 0048 0048 0048 0048 0048 0bd0
Mute	0000 0022 0000 000d 0120 0048 0048 0048 0048 0048 008d 0048 0048 0048 008d 0048 0048 0048 0048 0048 0090 0048 0048 0048 0048 0048 0048 0048 0045 0c60
Ch+	0000 0022 0000 000d 0120 0048 0048 0048 0048 0048 0048 0048 0048 0048 008d 0048 0048 0048 0048 0048 0090 0048 0048 0048 0048 0048 0048 0048 0048 0ca5
Ch-	0000 0022 0000 000d 0120 0048 0090 0048 0048 0048 0048 0048 0048 0048 008d 0048 0048 0048 0048 0048 0090 0048 0048 0048 0048 0048 0048 0048 0048 0c5d
Power	0000 0022 0000 000d 0120 0048 008d 0048 0048 0048 008d 0048 0048 0048 008d 0048 0048 0048 0048 0048 0090 0048 0048 0048 0048 0048 0048 0048 0048 0c18
Sharp+	0000 0022 0000 000d 0120 0048 0048 0048 0090 0048 0048 0048 0048 0048 0048 0048 008d 0048 0048 0048 008d 0048 0048 0048 0048 0048 0048 0048 0048 0c60
Sharp-	0000 0022 0000 000d 0120 0048 0090 0048 008d 0048 0048 0048 0048 0048 0048 0048 0090 0048 0048 0048 0090 0048 0048 0048 0048 0048 0048 0048 0048 0c18
Brt+	0000 0022 0000 000d 0120 0048 0048 0048 008d 0048 0090 0048 0090 0048 0090 0048 0048 0048 0048 0048 0090 0048 0048 0048 0048 0048 0048 0048 0048 0bcd
Brt-	0000 0022 0000 000d 0120 0048 008d 0048 0090 0048 0090 0048 0090 0048 0090 0048 0048 0048 0048 0048 0090 0048 0048 0048 0048 0048 0048 0048 0048 0b88
Color+	0000 0022 0000 000d 0120 0048 0048 0048 0090 0048 0048 0048 0090 0048 0090 0048 0048 0048 0048 0048 008d 0048 0048 0048 0045 0048 0048 0048 0048 0c18
Color-	0000 0022 0000 000d 0120 0048 0090 0048 0090 0048 0048 0048 0090 0048 0090 0048 0048 0048 0048 0048 0090 0048 0048 0048 0048 0048 0048 0048 0048 0bd0
Hue+	0000 0022 0000 000d 0120 0048 0090 0048 0048 0048 0048 0048 0048 0048 0048 0048 0090 0048 0045 0048 0090 0048 0045 0048 0048 0048 0048 0048 0048 0c60
Hue-	0000 0022 0000 000d 0120 0048 0048 0048 0048 0048 0048 0048 0048 0048 0048 0048 0090 0048 0048 0048 0090 0048 0048 0048 0048 0048 0048 0048 0048 0ca8
Bass+	0000 0022 0000 000d 0120 0048 0048 0048 0090 0048 0048 0048 0048 0048 0090 0048 0090 0048 0090 0048 008d 0048 0048 0048 0048 0048 0048 0048 0048 0bcd
Bass-	0000 0022 0000 000d 0120 0048 0090 0048 008d 0048 0048 0048 0048 0048 0090 0048 008d 0048 0090 0048 0090 0048 0048 0048 0048 0048 0048 0048 0048 0b85
Treble+	0000 0022 0000 000d 0120 0048 0048 0048 0048 0048 0048 0048 0048 0048 008d 0048 0090 0048 0090 0048 0090 0048 0048 0048 0048 0048 0045 0048 0048 0c18
Treble-	0000 0022 0000 000d 0120 0048 0090 0048 0048 0048 0048 0048 0048 0048 008d 0048 0090 0048 0090 0048 008d 0048 0048 0048 0048 0048 0048 0048 0048 0bcd
Balance L	0000 0022 0000 000d 0120 0048 0048 0048 0090 0048 0090 0048 0048 0048 0048 0048 008d 0048 0048 0048 008d 0048 0048 0048 0048 0048 0048 0048 0048 0c18
Balance R	0000 0022 0000 000d 0120 0048 008d 0048 0090 0048 008d 0048 0048 0048 0048 0048 0090 0048 0048 0048 0090 0048 0048 0048 0048 0048 0048 0048 0048 0bd0
Reset	0000 0022 0000 000d 0120 0048 0048 0048 008d 0048 0090 0048 0048 0048 0090 0048 0045 0048 0048 0048 008d 0048 0048 0048 0048 0048 0048 0048 0048 0c18
Picture+	0000 0022 0000 000d 0120 0048 0048 0048 0045 0048 0048 0048 0090 0048 0090 0048 0048 0048 0048 0048 0090 0048 0048 0048 0048 0048 0045 0048 0048 0c60
Picture-	0000 0022 0000 000d 0120 0048 0090 0048 0048 0048 0048 0048 0090 0048 0090 0048 0048 0048 0048 0048 0090 0048 0048 0048 0045 0048 0048 0048 0048 0c18
Vol+	0000 0022 0000 000d 0120 0048 0048 0048 0090 0048 0048 0048 0048 0048 0090 0048 0048 0048 0048 0048 0090 0048 0045 0048 0048 0048 0048 0048 0048 0c60
Vol-	0000 0022 0000 000d 0120 0048 0090 0048 0090 0048 0048 0048 0048 0048 0090 0048 0048 0048 0048 0048 0090 0048 0048 0048 0048 0048 0048 0048 0048 0c18
