Stby	0000 0066 0000 007E 0000 0017 0000 0017 0000 0017 0000 0018 0000 0017 0000 0017 0000 0017 0000 0017 0000 0018 0000 0017 0000 0017 0000 0017 0000 0018 0000 0017 0000 0017 0000 0367 0000 0017 0000 0017 0000 0018 0000 0018 0000 0017 0000 0017 0000 0018 0000 0017 0000 0018 0000 0017 0000 0018 0000 0017 0000 0018 0000 0017 0000 0017 0000 0367 0000 0018 0000 0018 0000 0018 0000 0018 0000 0018 0000 0018 0000 0018 0000 0017 0000 0017 0000 0018 0000 0018 0000 0018 0000 0017 0000 0018 0000 0017 0000 11E3 0000 0018 0000 0018 0000 0018 0000 0018 0000 0018 0000 0018 0000 0018 0000 0017 0000 0017 0000 0018 0000 0017 0000 0018 0000 03F5 0000 0018 0000 0018 0000 0018 0000 0018 0000 0018 0000 0018 0000 0018 0000 0017 0000 0017 0000 0018 0000 0017 0000 0018 0000 03F4 0000 0018 0000 0018 0000 0017 0000 0017 0000 0017 0000 0018 0000 0017 0000 0018 0000 0017 0000 0018 0000 0018 0000 0017 0000 123C 0000 0018 0000 0018 0000 0018 0000 0018 0000 0018 0000 0018 0000 0018 0000 0017 0000 0018 0000 0017 0000 0018 0000 0017 0000 03F5 0000 0018 0000 0018 0000 0018 0000 0018 0000 0018 0000 0018 0000 0018 0000 0017 0000 0018 0000 0017 0000 0018 0000 0017 0000 03F4 0000 0018 0000 0018 0000 0017 0000 0017 0000 0017 0000 0018 0000 0017 0000 0018 0000 0018 0000 0017 0000 0017 0000 0018 0000 122C
Up	0000 0066 0000 000D 0000 0018 0000 0017 0000 0018 0000 0017 0000 0018 0000 0018 0000 0018 0000 0018 0000 0018 0000 0017 0000 0017 0000 0017 0000 03F5
Down	0000 0066 0000 000D 0000 0018 0000 0018 0000 0017 0000 0018 0000 0017 0000 0017 0000 0017 0000 0017 0000 0017 0000 0018 0000 0018 0000 0018 0000 03DF
Left	0000 0066 0000 000D 0000 0018 0000 0017 0000 0017 0000 0018 0000 0017 0000 0017 0000 0017 0000 0017 0000 0017 0000 0018 0000 0018 0000 0018 0000 03DF
Right	0000 0066 0000 000D 0000 0018 0000 0018 0000 0018 0000 0017 0000 0018 0000 0018 0000 0018 0000 0018 0000 0018 0000 0017 0000 0017 0000 0017 0000 03C5
Execute	0000 0066 0000 0054 0000 0017 0000 0017 0000 0018 0000 0017 0000 0017 0000 0018 0000 0018 0000 0017 0000 0018 0000 0017 0000 0018 0000 0018 0000 0018 0000 0017 0000 0018 0000 0017 0000 0017 0000 0017 0000 0018 0000 0018 0000 0231 0000 0018 0000 0018 0000 0018 0000 0017 0000 0018 0000 0017 0000 0018 0000 0017 0000 0017 0000 0017 0000 0018 0000 0018 0000 0017 0000 0017 0000 0018 0000 0018 0000 0018 0000 0017 0000 0018 0000 0017 0000 0231 0000 0018 0000 0018 0000 0018 0000 0017 0000 0018 0000 0017 0000 0018 0000 0017 0000 0017 0000 0017 0000 0018 0000 0018 0000 0017 0000 0017 0000 0018 0000 0018 0000 0018 0000 0017 0000 0018 0000 0017 0000 0230 0000 0018 0000 0018 0000 0017 0000 0018 0000 0018 0000 0018 0000 0017 0000 0018 0000 0017 0000 0018 0000 0017 0000 0017 0000 0017 0000 0018 0000 0017 0000 0018 0000 0018 0000 0018 0000 0017 0000 0017 0000 116C
Sleep	0000 0066 0000 0034 0000 0018 0000 0017 0000 0018 0000 0018 0000 0017 0000 0018 0000 0018 0000 0017 0000 0018 0000 0017 0000 0017 0000 0018 0000 043B 0000 0018 0000 0017 0000 0018 0000 0017 0000 0017 0000 0018 0000 0018 0000 0018 0000 0018 0000 0017 0000 0018 0000 0018 0000 043D 0000 0018 0000 0017 0000 0018 0000 0018 0000 0017 0000 0018 0000 0018 0000 0017 0000 0018 0000 0017 0000 0018 0000 0018 0000 043C 0000 0018 0000 0018 0000 0017 0000 0018 0000 0018 0000 0017 0000 0017 0000 0017 0000 0017 0000 0018 0000 0017 0000 0018 0000 122C
Vol+	0000 0066 0000 000D 0000 0018 0000 0017 0000 0017 0000 0018 0000 0018 0000 0018 0000 0017 0000 0018 0000 0018 0000 0017 0000 0018 0000 0018 0000 043D
Vol-	0000 0066 0000 000D 0000 0018 0000 0018 0000 0018 0000 0017 0000 0017 0000 0017 0000 0018 0000 0017 0000 0017 0000 0018 0000 0017 0000 0018 0000 0425
Mute	0000 0066 0000 0034 0000 0018 0000 0017 0000 0018 0000 0017 0000 0018 0000 0018 0000 0017 0000 0017 0000 0018 0000 0017 0000 0017 0000 0018 0000 043B 0000 0018 0000 0017 0000 0018 0000 0018 0000 0018 0000 0018 0000 0017 0000 0018 0000 0018 0000 0017 0000 0018 0000 0018 0000 043D 0000 0018 0000 0017 0000 0018 0000 0017 0000 0018 0000 0018 0000 0017 0000 0017 0000 0018 0000 0017 0000 0018 0000 0018 0000 043C 0000 0018 0000 0018 0000 0017 0000 0017 0000 0018 0000 0017 0000 0018 0000 0017 0000 0017 0000 0018 0000 0017 0000 0018 0000 122C
Center+	0000 0066 0000 000D 0000 0018 0000 0017 0000 0018 0000 0018 0000 0018 0000 0018 0000 0017 0000 0017 0000 0017 0000 0017 0000 0018 0000 0017 0000 040D
Center-	0000 0066 0000 000D 0000 0018 0000 0018 0000 0017 0000 0017 0000 0017 0000 0017 0000 0018 0000 0018 0000 0018 0000 0018 0000 0017 0000 0018 0000 03F5
Rear+	0000 0066 0000 000D 0000 0018 0000 0017 0000 0017 0000 0017 0000 0018 0000 0017 0000 0018 0000 0018 0000 0018 0000 0018 0000 0017 0000 0018 0000 03F5
Rear-	0000 0066 0000 000D 0000 0018 0000 0018 0000 0018 0000 0018 0000 0018 0000 0018 0000 0017 0000 0017 0000 0017 0000 0017 0000 0018 0000 0017 0000 03DF
Video1	0000 0066 0000 006F 0000 0018 0000 0017 0000 0017 0000 0018 0000 0018 0000 0017 0000 0017 0000 0018 0000 0018 0000 0017 0000 0018 0000 0018 0000 043D 0000 0017 0000 0017 0000 0017 0000 0018 0000 0018 0000 0017 0000 0017 0000 0018 0000 0018 0000 0017 0000 0018 0000 0017 0000 043D 0000 0018 0000 0017 0000 0018 0000 0017 0000 0018 0000 0017 0000 0018 0000 0017 0000 0018 0000 0018 0000 0017 0000 0018 0000 122C 0000 0018 0000 0017 0000 0018 0000 0017 0000 0018 0000 0018 0000 0018 0000 0017 0000 0018 0000 0017 0000 0018 0000 0017 0000 0425 0000 0018 0000 0017 0000 0018 0000 0017 0000 0018 0000 0018 0000 0018 0000 0017 0000 0018 0000 0017 0000 0018 0000 0017 0000 0424 0000 0018 0000 0017 0000 0017 0000 0018 0000 0018 0000 0018 0000 0017 0000 0018 0000 0018 0000 0018 0000 0017 0000 0018 0000 122A 0000 0018 0000 0017 0000 0017 0000 0017 0000 0018 0000 0017 0000 0017 0000 0018 0000 0017 0000 0018 0000 0017 0000 0018 0000 040D 0000 0017 0000 0017 0000 0017 0000 0017 0000 0017 0000 0017 0000 0017 0000 0018 0000 0018 0000 0018 0000 0017 0000 0018 0000 040D 0000 0018 0000 0017 0000 0018 0000 0018 0000 0018 0000 0017 0000 12CC
Video2	0000 0066 0000 005B 0000 0018 0000 0017 0000 0017 0000 0017 0000 0018 0000 0018 0000 0017 0000 0018 0000 0018 0000 0017 0000 0018 0000 0017 0000 040D 0000 0017 0000 0017 0000 0017 0000 0017 0000 0017 0000 0018 0000 0017 0000 0018 0000 0018 0000 0017 0000 0018 0000 0017 0000 040D 0000 0018 0000 0017 0000 0018 0000 0018 0000 0018 0000 0018 0000 0018 0000 0017 0000 0018 0000 0017 0000 0017 0000 0018 0000 1225 0000 0018 0000 0017 0000 0018 0000 0017 0000 0018 0000 0018 0000 0018 0000 0017 0000 0018 0000 0017 0000 0018 0000 0017 0000 0425 0000 0018 0000 0017 0000 0018 0000 0017 0000 0018 0000 0018 0000 0018 0000 0017 0000 0018 0000 0017 0000 0018 0000 0017 0000 0424 0000 0018 0000 0017 0000 0017 0000 0018 0000 0018 0000 0018 0000 0017 0000 0018 0000 0018 0000 0018 0000 0017 0000 0018 0000 1224 0000 0018 0000 0017 0000 0017 0000 0017 0000 0018 0000 0017 0000 0017 0000 0018 0000 0017 0000 0018 0000 0017 0000 0018 0000 122C
Video3	0000 0066 0000 0075 0000 0018 0000 0017 0000 0017 0000 0018 0000 0018 0000 0017 0000 0018 0000 0018 0000 0018 0000 0017 0000 0018 0000 0018 0000 043D 0000 0017 0000 0017 0000 0017 0000 0018 0000 0018 0000 0017 0000 0018 0000 0018 0000 0018 0000 0017 0000 0018 0000 0017 0000 043D 0000 0018 0000 0017 0000 0018 0000 0017 0000 0018 0000 0017 0000 0017 0000 0017 0000 0018 0000 0018 0000 0017 0000 0018 0000 1233 0000 0018 0000 0017 0000 0018 0000 0017 0000 0018 0000 0018 0000 0018 0000 0017 0000 0018 0000 0017 0000 0018 0000 0017 0000 0425 0000 0018 0000 0017 0000 0018 0000 0017 0000 0018 0000 0018 0000 0018 0000 0017 0000 0018 0000 0017 0000 0018 0000 0017 0000 0424 0000 0018 0000 0017 0000 0017 0000 0018 0000 0018 0000 0018 0000 0017 0000 0018 0000 0018 0000 0018 0000 0017 0000 0018 0000 1225 0000 0018 0000 0017 0000 0017 0000 0017 0000 0018 0000 0017 0000 0017 0000 0018 0000 0017 0000 0018 0000 0017 0000 0018 0000 040D 0000 0017 0000 0017 0000 0017 0000 0017 0000 0017 0000 0017 0000 0017 0000 0018 0000 0018 0000 0018 0000 0017 0000 0018 0000 040D 0000 0018 0000 0017 0000 0018 0000 0018 0000 0018 0000 0017 0000 0018 0000 0017 0000 0017 0000 0018 0000 0018 0000 0017 0000 122C
TV	0000 0066 0000 0074 0000 0018 0000 0017 0000 0017 0000 0018 0000 0017 0000 0018 0000 0018 0000 0018 0000 0018 0000 0017 0000 0018 0000 0017 0000 040D 0000 0017 0000 0017 0000 0017 0000 0018 0000 0018 0000 0018 0000 0018 0000 0018 0000 0018 0000 0017 0000 0018 0000 0017 0000 040D 0000 0018 0000 0017 0000 0018 0000 0017 0000 0017 0000 0018 0000 0017 0000 0017 0000 0018 0000 0017 0000 0017 0000 0018 0000 1225 0000 0018 0000 0017 0000 0018 0000 0017 0000 0018 0000 0018 0000 0018 0000 0017 0000 0018 0000 0017 0000 0018 0000 0017 0000 0425 0000 0018 0000 0017 0000 0018 0000 0017 0000 0018 0000 0018 0000 0018 0000 0017 0000 0018 0000 0017 0000 0018 0000 0017 0000 0424 0000 0018 0000 0017 0000 0017 0000 0018 0000 0018 0000 0018 0000 0017 0000 0018 0000 0018 0000 0018 0000 0017 0000 0018 0000 1224 0000 0018 0000 0017 0000 0017 0000 0017 0000 0018 0000 0017 0000 0017 0000 0018 0000 0017 0000 0018 0000 0017 0000 0018 0000 040D 0000 0017 0000 0017 0000 0017 0000 0017 0000 0017 0000 0017 0000 0017 0000 0018 0000 0018 0000 0018 0000 0017 0000 0018 0000 040D 0000 0018 0000 0017 0000 0018 0000 0018 0000 0018 0000 0017 0000 0018 0000 0017 0000 0017 0000 0018 0000 0005 0000 124C
DVD	0000 0066 0000 004E 0000 0018 0000 0018 0000 0017 0000 0017 0000 0018 0000 0018 0000 0018 0000 0018 0000 0018 0000 0017 0000 0018 0000 0017 0000 03DF 0000 0018 0000 0018 0000 0017 0000 0017 0000 0018 0000 0018 0000 0018 0000 0018 0000 0018 0000 0017 0000 0018 0000 0017 0000 03DE 0000 0018 0000 0018 0000 0018 0000 0018 0000 0018 0000 0018 0000 0017 0000 0017 0000 0018 0000 0018 0000 0017 0000 0018 0000 1234 0000 0018 0000 0017 0000 0018 0000 0017 0000 0018 0000 0018 0000 0018 0000 0017 0000 0018 0000 0017 0000 0018 0000 0017 0000 0425 0000 0018 0000 0017 0000 0018 0000 0017 0000 0018 0000 0018 0000 0018 0000 0017 0000 0018 0000 0017 0000 0018 0000 0017 0000 0424 0000 0018 0000 0017 0000 0017 0000 0018 0000 0018 0000 0018 0000 0017 0000 0018 0000 0018 0000 0018 0000 0017 0000 0018 0000 122C
MD	0000 0066 0000 0060 0000 0018 0000 0018 0000 0017 0000 0018 0000 0017 0000 0018 0000 0018 0000 0018 0000 0018 0000 0017 0000 0018 0000 0017 0000 040D 0000 0017 0000 0018 0000 0017 0000 0018 0000 0018 0000 0018 0000 0018 0000 0018 0000 0018 0000 0017 0000 0018 0000 0017 0000 040D 0000 0018 0000 0018 0000 0018 0000 0017 0000 0017 0000 0018 0000 0017 0000 0017 0000 0018 0000 0017 0000 0017 0000 0018 0000 1221 0000 0018 0000 0017 0000 0017 0000 0017 0000 0018 0000 0017 0000 0017 0000 0018 0000 0017 0000 0017 0000 0017 0000 0017 0000 03C5 0000 0018 0000 0017 0000 0017 0000 0017 0000 0018 0000 0017 0000 0017 0000 0018 0000 0017 0000 0017 0000 0017 0000 0017 0000 03C4 0000 0018 0000 0017 0000 0018 0000 0018 0000 0018 0000 0017 0000 0018 0000 0017 0000 0017 0000 0017 0000 0018 0000 0018 0000 06E4 0000 0017 0000 0018 0000 0018 0000 0017 0000 0018 0000 0018 0000 0018 0000 0018 0000 0017 0000 0017 0000 0017 0000 0018 0000 0017 0000 0018 0000 0017 0000 0396 0000 0004 0000 134C
Tape	0000 0066 0000 0079 0000 0018 0000 0018 0000 0018 0000 0017 0000 0017 0000 0018 0000 0018 0000 0017 0000 0017 0000 0018 0000 0017 0000 0018 0000 0425 0000 0018 0000 0018 0000 0018 0000 0017 0000 0017 0000 0018 0000 0018 0000 0017 0000 0017 0000 0018 0000 0017 0000 0018 0000 0424 0000 0018 0000 0018 0000 0017 0000 0018 0000 0017 0000 0018 0000 0017 0000 0018 0000 0017 0000 0017 0000 0018 0000 0017 0000 0743 0000 0017 0000 0018 0000 0018 0000 0017 0000 0018 0000 0018 0000 0018 0000 0018 0000 0017 0000 0017 0000 0017 0000 0018 0000 0017 0000 0018 0000 0017 0000 0395 0000 0018 0000 0017 0000 0018 0000 0018 0000 0017 0000 0018 0000 0018 0000 0017 0000 0018 0000 0017 0000 0018 0000 0017 0000 0018 0000 0018 0000 0018 0000 0394 0000 0017 0000 0018 0000 0017 0000 0017 0000 0018 0000 0017 0000 0017 0000 0018 0000 0017 0000 0018 0000 0018 0000 0018 0000 0017 0000 0017 0000 0017 0000 0396 0000 0018 0000 0018 0000 0017 0000 0017 0000 0018 0000 0018 0000 0018 0000 0017 0000 0177 0000 0017 0000 0017 0000 0017 0000 0018 0000 0018 0000 0017 0000 0018 0000 0018 0000 015F 0000 0018 0000 0018 0000 0017 0000 0017 0000 0017 0000 0018 0000 0018 0000 0018 0000 0018 0000 0018 0000 0018 0000 0018 0000 0018 0000 0017 0000 0018 0000 0FCC
CD	0000 0066 0000 005E 0000 0018 0000 0018 0000 0017 0000 0017 0000 0017 0000 0018 0000 0018 0000 0017 0000 0017 0000 0018 0000 0017 0000 0018 0000 0425 0000 0018 0000 0018 0000 0017 0000 0017 0000 0017 0000 0018 0000 0018 0000 0017 0000 0017 0000 0018 0000 0017 0000 0018 0000 0424 0000 0018 0000 0018 0000 0018 0000 0018 0000 0017 0000 0018 0000 0017 0000 0018 0000 0017 0000 0017 0000 0018 0000 0017 0000 123C 0000 0018 0000 0017 0000 0017 0000 0017 0000 0018 0000 0017 0000 0017 0000 0018 0000 0017 0000 0018 0000 0017 0000 0018 0000 03F5 0000 0018 0000 0017 0000 0017 0000 0017 0000 0018 0000 0017 0000 0017 0000 0018 0000 0017 0000 0018 0000 0017 0000 0018 0000 03F4 0000 0018 0000 0017 0000 0018 0000 0018 0000 0018 0000 0017 0000 0018 0000 0017 0000 0017 0000 0018 0000 0018 0000 0017 0000 0712 0000 0017 0000 0018 0000 0018 0000 0017 0000 0018 0000 0018 0000 0018 0000 0018 0000 0017 0000 0017 0000 0017 0000 0018 0000 0017 0000 0018 0000 0017 0000 11EC
Tuner	0000 0066 0000 0079 0000 0018 0000 0018 0000 0017 0000 0018 0000 0018 0000 0017 0000 0017 0000 0018 0000 0018 0000 0017 0000 0018 0000 0018 0000 043D 0000 0017 0000 0018 0000 0017 0000 0018 0000 0018 0000 0017 0000 0017 0000 0018 0000 0018 0000 0017 0000 0018 0000 0017 0000 043D 0000 0018 0000 0018 0000 0018 0000 0017 0000 0018 0000 0017 0000 0018 0000 0017 0000 0018 0000 0018 0000 0017 0000 0018 0000 075A 0000 0017 0000 0018 0000 0018 0000 0017 0000 0018 0000 0018 0000 0018 0000 0018 0000 0017 0000 0017 0000 0017 0000 0018 0000 0017 0000 0018 0000 0017 0000 0395 0000 0018 0000 0017 0000 0018 0000 0018 0000 0017 0000 0018 0000 0018 0000 0017 0000 0018 0000 0017 0000 0018 0000 0017 0000 0018 0000 0018 0000 0018 0000 0394 0000 0017 0000 0018 0000 0017 0000 0017 0000 0018 0000 0017 0000 0017 0000 0018 0000 0017 0000 0018 0000 0018 0000 0018 0000 0017 0000 0017 0000 0017 0000 0396 0000 0018 0000 0018 0000 0018 0000 0017 0000 0018 0000 0018 0000 0017 0000 0017 0000 0177 0000 0017 0000 0017 0000 0017 0000 0018 0000 0018 0000 0017 0000 0018 0000 0018 0000 015F 0000 0018 0000 0017 0000 0018 0000 0017 0000 0017 0000 0018 0000 0017 0000 0018 0000 0018 0000 0018 0000 0018 0000 0018 0000 0018 0000 0018 0000 0018 0000 0FCC
Phono	0000 0066 0000 0027 0000 0018 0000 0017 0000 0018 0000 0017 0000 0017 0000 0018 0000 0018 0000 0017 0000 0017 0000 0018 0000 0017 0000 0017 0000 0453 0000 0017 0000 0017 0000 0018 0000 0017 0000 0018 0000 0018 0000 0018 0000 0017 0000 0017 0000 0018 0000 0017 0000 0018 0000 0453 0000 0018 0000 0017 0000 0017 0000 0018 0000 0017 0000 0018 0000 0017 0000 0018 0000 0017 0000 0018 0000 0018 0000 0017 0000 122C
Bass Boost	0000 0066 0000 0034 0000 0018 0000 0018 0000 0017 0000 0017 0000 0018 0000 0018 0000 0018 0000 0018 0000 0017 0000 0018 0000 0018 0000 0017 0000 040D 0000 0018 0000 0018 0000 0017 0000 0017 0000 0018 0000 0018 0000 0018 0000 0018 0000 0017 0000 0018 0000 0018 0000 0017 0000 040D 0000 0018 0000 0018 0000 0017 0000 0017 0000 0018 0000 0018 0000 0018 0000 0018 0000 0017 0000 0018 0000 0018 0000 0017 0000 040C 0000 0018 0000 0017 0000 0018 0000 0017 0000 0018 0000 0017 0000 0017 0000 0018 0000 0018 0000 0017 0000 0017 0000 0017 0000 122C
Cursor Mode	0000 0066 0000 0034 0000 0018 0000 0018 0000 0018 0000 0017 0000 0018 0000 0018 0000 0018 0000 0017 0000 0018 0000 0017 0000 0017 0000 0018 0000 03C5 0000 0018 0000 0018 0000 0018 0000 0017 0000 0018 0000 0018 0000 0018 0000 0017 0000 0018 0000 0017 0000 0017 0000 0018 0000 03C5 0000 0018 0000 0018 0000 0018 0000 0017 0000 0018 0000 0018 0000 0018 0000 0017 0000 0018 0000 0017 0000 0017 0000 0018 0000 03C4 0000 0018 0000 0017 0000 0017 0000 0017 0000 0018 0000 0017 0000 0017 0000 0017 0000 0018 0000 0018 0000 0018 0000 0018 0000 122C
Return	0000 0066 0000 0054 0000 0017 0000 0018 0000 0017 0000 0017 0000 0017 0000 0018 0000 0018 0000 0017 0000 0018 0000 0017 0000 0018 0000 0018 0000 0018 0000 0017 0000 0018 0000 0017 0000 0017 0000 0017 0000 0018 0000 0018 0000 0231 0000 0018 0000 0017 0000 0017 0000 0017 0000 0018 0000 0017 0000 0018 0000 0017 0000 0017 0000 0017 0000 0018 0000 0018 0000 0017 0000 0017 0000 0018 0000 0018 0000 0018 0000 0017 0000 0018 0000 0017 0000 0231 0000 0018 0000 0017 0000 0017 0000 0017 0000 0018 0000 0017 0000 0018 0000 0017 0000 0017 0000 0017 0000 0018 0000 0018 0000 0017 0000 0017 0000 0018 0000 0018 0000 0018 0000 0017 0000 0018 0000 0017 0000 0230 0000 0018 0000 0018 0000 0018 0000 0018 0000 0018 0000 0018 0000 0017 0000 0018 0000 0017 0000 0018 0000 0017 0000 0017 0000 0017 0000 0018 0000 0017 0000 0018 0000 0018 0000 0018 0000 0017 0000 0017 0000 116C
Tone	0000 0066 0000 0034 0000 0018 0000 0017 0000 0017 0000 0017 0000 0017 0000 0018 0000 0017 0000 0018 0000 0017 0000 0017 0000 0018 0000 0018 0000 040D 0000 0018 0000 0017 0000 0017 0000 0017 0000 0017 0000 0018 0000 0017 0000 0018 0000 0017 0000 0017 0000 0018 0000 0018 0000 040D 0000 0018 0000 0017 0000 0017 0000 0017 0000 0017 0000 0018 0000 0017 0000 0018 0000 0017 0000 0017 0000 0018 0000 0018 0000 040C 0000 0018 0000 0018 0000 0018 0000 0017 0000 0017 0000 0017 0000 0018 0000 0018 0000 0018 0000 0018 0000 0017 0000 0018 0000 122C
Field On/Off	0000 0066 0000 0034 0000 0018 0000 0018 0000 0018 0000 0017 0000 0017 0000 0017 0000 0017 0000 0017 0000 0018 0000 0017 0000 0017 0000 0018 0000 03C5 0000 0018 0000 0018 0000 0018 0000 0017 0000 0017 0000 0017 0000 0017 0000 0017 0000 0018 0000 0017 0000 0017 0000 0018 0000 03C5 0000 0018 0000 0018 0000 0018 0000 0017 0000 0017 0000 0017 0000 0017 0000 0017 0000 0018 0000 0017 0000 0017 0000 0018 0000 03C4 0000 0018 0000 0017 0000 0017 0000 0017 0000 0017 0000 0018 0000 0018 0000 0017 0000 0018 0000 0018 0000 0018 0000 0018 0000 122C
EQ On/Off	0000 0066 0000 0034 0000 0018 0000 0017 0000 0018 0000 0017 0000 0017 0000 0018 0000 0018 0000 0018 0000 0017 0000 0017 0000 0018 0000 0018 0000 040D 0000 0018 0000 0017 0000 0018 0000 0017 0000 0017 0000 0018 0000 0018 0000 0018 0000 0017 0000 0017 0000 0018 0000 0018 0000 040D 0000 0018 0000 0017 0000 0018 0000 0017 0000 0017 0000 0018 0000 0018 0000 0018 0000 0017 0000 0017 0000 0018 0000 0018 0000 040C 0000 0018 0000 0018 0000 0017 0000 0017 0000 0017 0000 0017 0000 0017 0000 0018 0000 0018 0000 0018 0000 0017 0000 0018 0000 122C
