Power	0000 0067 0000 0010 0060 0018 0030 0018 0018 0018 0030 0018 0018 0018 0030 0018 0018 0018 0018 0018 0018 0018 0018 0018 0018 0018 0018 0018 0030 0018 0030 0018 0018 0018 0018 03bc
Vid 1	0000 0067 0000 0010 0060 0018 0018 0018 0030 0018 0018 0018 0018 0018 0018 0018 0030 0018 0018 0018 0018 0018 0018 0018 0018 0018 0018 0018 0030 0018 0030 0018 0018 0018 0018 03bf
Vid 2	0000 0067 0000 0010 0060 0018 0018 0018 0030 0018 0030 0018 0030 0018 0030 0018 0018 0018 0018 0018 0018 0018 0018 0018 0018 0018 0018 0018 0030 0018 0030 0018 0018 0018 0018 0394
Vid 3	0000 0067 0000 0010 0060 0018 0018 0018 0030 0018 0018 0018 0018 0018 0018 0018 0018 0018 0030 0018 0018 0018 0018 0018 0018 0018 0018 0018 0030 0018 0030 0018 0018 0018 0018 0388
DVD/LD	0000 0067 0000 0010 0060 0017 0030 0017 0017 0017 0030 0017 0030 0017 0030 0017 0030 0017 0030 0017 0017 0017 0017 0017 0017 0017 0017 0017 0030 0017 0030 0017 0017 0017 0017 0324
TV/Sat	0000 0067 0000 0010 0060 0018 0018 0018 0030 0018 0018 0018 0030 0018 0018 0018 0030 0018 0030 0018 0018 0018 0018 0018 0018 0018 0018 0018 0030 0018 0030 0018 0018 0018 0018 035d
Tape	0000 0067 0000 0010 0060 0018 0030 0018 0030 0018 0018 0018 0018 0018 0018 0018 0030 0018 0018 0018 0018 0018 0018 0018 0018 0018 0018 0018 0030 0018 0030 0018 0018 0018 0018 036c
MD/DAT	0000 0067 0000 0010 0060 0018 0030 0018 0018 0018 0018 0018 0030 0018 0018 0018 0030 0018 0030 0018 0018 0018 0018 0018 0018 0018 0018 0018 0030 0018 0030 0018 0018 0018 0018 035d
CD/Sacd	0000 0067 0000 0010 0060 0018 0030 0018 0018 0018 0030 0018 0018 0018 0018 0018 0030 0018 0018 0018 0018 0018 0018 0018 0018 0018 0018 0018 0030 0018 0030 0018 0018 0018 0018 036c
Tuner	0000 0067 0000 0010 0060 0018 0030 0018 0018 0018 0018 0018 0018 0018 0018 0018 0030 0018 0018 0018 0018 0018 0018 0018 0018 0018 0018 0018 0030 0018 0030 0018 0018 0018 0018 0388
LD	0000 0067 0000 0010 0060 0018 0030 0018 0030 0018 0018 0018 0030 0018 0018 0018 0030 0018 0030 0018 0018 0018 0018 0018 0018 0018 0018 0018 0030 0018 0030 0018 0018 0018 0018 0341
Aux	0000 0067 0000 0010 0060 0018 0030 0018 0018 0018 0030 0018 0030 0018 0030 0018 0018 0018 0018 0018 0018 0018 0018 0018 0018 0018 0018 0018 0030 0018 0030 0018 0018 0018 0018 035d
A F D	0000 0067 0000 0010 0060 0017 0030 0017 0030 0017 0030 0017 0017 0017 0017 0017 0017 0017 0030 0017 0017 0017 0017 0017 0017 0017 0017 0017 0030 0017 0030 0017 0017 0017 0030 0341
2ch	0000 0067 0000 0010 0060 0018 0030 0018 0018 0018 0018 0018 0018 0018 0018 0018 0018 0018 0030 0018 0018 0018 0018 0018 0018 0018 0018 0018 0030 0018 0030 0018 0018 0018 0030 036c
Muting	0000 0067 0000 0010 0060 0018 0018 0018 0018 0018 0030 0018 0018 0018 0030 0018 0018 0018 0018 0018 0018 0018 0018 0018 0018 0018 0018 0018 0030 0018 0030 0018 0018 0018 0018 0388
Mode+	0000 0067 0000 0010 0060 0017 0017 0017 0030 0017 0030 0017 0030 0017 0017 0017 0030 0017 0030 0017 0017 0017 0017 0017 0017 0017 0017 0017 0030 0017 0030 0017 0017 0017 0030 0325
Mode-	0000 0067 0000 0010 0060 0017 0030 0017 0030 0017 0030 0017 0030 0017 0017 0017 0030 0017 0030 0017 0017 0017 0017 0017 0017 0017 0017 0017 0030 0017 0030 0017 0017 0017 0030 0316
Preset	0000 0067 0000 0010 0060 0018 0018 0018 0030 0018 0030 0018 0018 0018 0018 0018 0030 0018 0018 0018 0018 0018 0018 0018 0018 0018 0018 0018 0030 0018 0030 0018 0018 0018 0030 035e
Multi/2ch	0000 0067 0000 0010 0060 0018 0030 0018 0018 0018 0018 0018 0030 0018 0018 0018 0018 0018 0030 0018 0018 0018 0018 0018 0018 0018 0018 0018 0030 0018 0030 0018 0018 0018 0018 036c
Master Vol+	0000 0067 0000 0010 0060 0018 0018 0018 0030 0018 0018 0018 0018 0018 0030 0018 0018 0018 0018 0018 0018 0018 0018 0018 0018 0018 0018 0018 0030 0018 0030 0018 0018 0018 0018 0388
Master Vol-	0000 0067 0000 0010 0060 0018 0030 0018 0030 0018 0018 0018 0018 0018 0030 0018 0018 0018 0018 0018 0018 0018 0018 0018 0018 0018 0018 0018 0030 0018 0030 0018 0018 0018 0018 036c
