Power Off	0000 006d 0000 0023 0005 0006 0005 0005 0005 0006 0005 000d 0005 0005 0005 000d 0005 0006 0005 0005 0005 000d 0005 000d 0005 0005 0005 0005 0005 0006 0005 0005 0005 0005 0005 0005 0005 0005 0005 0005 0005 0009 0005 000d 0005 0009 0005 0006 0005 0005 0005 0006 0005 0005 0005 0005 0005 0005 0005 0005 0005 0005 0005 0005 0005 0009 0005 0006 0005 0005 0005 0006 0005 0eda
VCR1	0000 006d 0000 0023 0005 0006 0005 0005 0005 0006 0005 000d 0005 0005 0005 000d 0005 0006 0005 0005 0005 000d 0005 000d 0005 0005 0005 0005 0005 0006 0005 0005 0005 0005 0005 0005 0005 0005 0005 0005 0005 0005 0005 0006 0005 0005 0005 0006 0005 0005 0005 0005 0005 0006 0005 0005 0005 0005 0005 0005 0005 0005 0005 0005 0005 0005 0005 0009 0005 000d 0005 0006 0005 0ee7
VCR2	0000 006d 0000 0023 0005 0006 0005 0005 0005 0006 0005 000d 0005 0005 0005 000d 0005 0006 0005 0005 0005 000d 0005 000d 0005 0005 0005 0005 0005 0006 0005 0005 0005 0005 0005 0005 0005 0005 0005 0005 0005 0005 0005 000d 0005 000d 0005 0005 0005 0005 0005 0005 0005 0006 0005 0005 0005 0005 0005 0005 0005 0005 0005 0005 0005 0005 0005 0005 0005 0005 0005 0005 0005 0eed
VCR3	0000 006d 0000 0023 0005 0006 0005 0005 0005 0006 0005 000d 0005 0005 0005 000d 0005 0006 0005 0005 0005 000d 0005 000d 0005 0005 0005 0005 0005 0006 0005 0005 0005 0005 0005 0005 0005 0005 0005 0005 0005 0005 0005 0006 0005 0005 0005 0009 0005 0005 0005 0005 0005 0006 0005 0005 0005 0005 0005 0005 0005 0005 0005 0005 0005 0005 0005 0009 0005 000d 0005 0009 0005 0ee1
Phono	0000 006d 0000 0023 0005 0006 0005 0005 0005 0006 0005 000d 0005 0005 0005 000d 0005 0006 0005 0005 0005 000d 0005 000d 0005 0005 0005 0005 0005 0006 0005 0005 0005 0005 0005 0005 0005 0005 0005 0005 0005 0005 0005 0005 0005 0005 0005 0006 0005 0005 0005 0005 0005 0006 0005 0005 0005 0005 0005 0005 0005 0005 0005 0005 0005 0005 0005 000d 0005 000d 0005 0006 0005 0ee7
LD	0000 006d 0000 0023 0005 0006 0005 0005 0005 0006 0005 000d 0005 0005 0005 000d 0005 0006 0005 0005 0005 000d 0005 000d 0005 0005 0005 0005 0005 0006 0005 0005 0005 0005 0005 0005 0005 0005 0005 0005 0005 0009 0005 0006 0005 0006 0005 000d 0005 0005 0005 0005 0005 0006 0005 0005 0005 0005 0005 0005 0005 0005 0005 0005 0005 0009 0005 0009 0005 0009 0005 000d 0005 0ecd
DAT	0000 006d 0000 0023 0005 0006 0005 0005 0005 0006 0005 000d 0005 0005 0005 000d 0005 0006 0005 0005 0005 000d 0005 000d 0005 0005 0005 0005 0005 0006 0005 0005 0005 0005 0005 0005 0005 0005 0005 0005 0005 0005 0005 000d 0005 0005 0005 0009 0005 0005 0005 0005 0005 0006 0005 0005 0005 0005 0005 0005 0005 0005 0005 0005 0005 0005 0005 0005 0005 000d 0005 0009 0005 0ee1
CD	0000 006d 0000 0023 0005 0006 0005 0005 0005 0006 0005 000d 0005 0005 0005 000d 0005 0006 0005 0005 0005 000d 0005 000d 0005 0005 0005 0005 0005 0006 0005 0005 0005 0005 0005 0005 0005 0005 0005 0005 0005 0009 0005 0009 0005 0005 0005 0006 0005 0005 0005 0005 0005 0006 0005 0005 0005 0005 0005 0005 0005 0005 0005 0005 0005 0009 0005 0006 0005 000d 0005 0006 0005 0eda
Acr1	0000 006d 0000 0023 0005 0006 0005 0005 0005 0006 0005 000d 0005 0005 0005 000d 0005 0006 0005 0005 0005 000d 0005 000d 0005 0005 0005 0005 0005 0006 0005 0005 0005 0005 0005 0005 0005 0005 0005 0005 0005 0009 0005 0006 0005 0005 0005 0006 0005 0005 0005 0005 0005 0006 0005 0005 0005 0005 0005 0005 0005 0005 0005 0005 0005 0009 0005 0009 0005 000d 0005 0006 0005 0eda
Acr2	0000 006d 0000 0023 0005 0006 0005 0005 0005 0006 0005 000d 0005 0005 0005 000d 0005 0006 0005 0005 0005 000d 0005 000d 0005 0005 0005 0005 0005 0006 0005 0005 0005 0005 0005 0005 0005 0005 0005 0005 0005 0005 0005 0006 0005 0006 0005 000d 0005 0005 0005 0005 0005 0006 0005 0005 0005 0005 0005 0005 0005 0005 0005 0005 0005 0005 0005 0009 0005 0009 0005 000d 0005 0eda
Tuner	0000 006d 0000 0023 0005 0006 0005 0005 0005 0006 0005 000d 0005 0005 0005 000d 0005 0006 0005 0005 0005 000d 0005 000d 0005 0005 0005 0005 0005 0006 0005 0005 0005 0005 0005 0005 0005 0005 0005 0005 0005 0009 0005 0005 0005 0005 0005 0006 0005 0005 0005 0005 0005 0006 0005 0005 0005 0005 0005 0005 0005 0005 0005 0005 0005 0009 0005 000d 0005 000d 0005 0006 0005 0eda
Input Cycle	0000 006d 0000 0023 0005 0006 0005 0005 0005 0006 0005 000d 0005 0005 0005 000d 0005 0006 0005 0005 0005 000d 0005 000d 0005 0005 0005 0005 0005 0006 0005 0005 0005 0005 0005 0005 0005 0005 0005 0005 0005 0005 0005 0006 0005 0009 0005 000d 0005 0005 0005 0005 0005 0006 0005 0005 0005 0005 0005 0005 0005 0005 0005 0005 0005 0005 0005 0009 0005 0006 0005 000d 0005 0eda
1	0000 006d 0000 0023 0005 0006 0005 0005 0005 0006 0005 000d 0005 0005 0005 000d 0005 0006 0005 0005 0005 000d 0005 000d 0005 0005 0005 0005 0005 0006 0005 0005 0005 0005 0005 0005 0005 0005 0005 0005 0005 0005 0005 0005 0005 0005 0005 0005 0005 0006 0005 000d 0005 0005 0005 0005 0005 0005 0005 0005 0005 0005 0005 0005 0005 0006 0005 0005 0005 0009 0005 0005 0005 0eee
2	0000 006d 0000 0023 0005 0006 0005 0005 0005 0006 0005 000d 0005 0005 0005 000d 0005 0006 0005 0005 0005 000d 0005 000d 0005 0005 0005 0005 0005 0006 0005 0005 0005 0005 0005 0005 0005 0005 0005 0005 0005 0009 0005 0005 0005 0005 0005 0005 0005 0006 0005 000d 0005 0005 0005 0005 0005 0005 0005 0005 0005 0005 0005 0005 0005 000d 0005 0005 0005 0009 0005 0005 0005 0ee1
3	0000 006d 0047 0023 0005 0006 0005 0005 0005 0006 0005 000d 0005 0005 0005 000d 0005 0006 0005 0005 0005 000d 0005 000d 0005 0005 0005 0005 0005 0006 0005 0005 0005 0005 0005 0005 0005 0005 0005 0005 0005 0005 0005 0006 0005 0005 0005 0005 0005 0006 0005 000d 0005 0005 0005 0005 0005 0005 0005 0005 0005 0005 0005 0005 0005 0006 0005 0006 0005 0009 0005 0005 0005 0ee7 0005 0006 0005 0005 0005 0006 0005 000d 0005 0005 0005 000d 0005 0006 0005 0005 0005 000d 0005 000d 0005 0005 0005 0005 0005 0006 0005 0005 0005 0005 0005 0005 0005 0005 0005 0005 0005 0005 0005 0006 0005 0005 0005 0005 0005 0006 0005 000d 0005 0005 0005 0005 0005 0005 0005 0005 0005 0005 0005 0005 0005 0006 0005 0006 0005 0009 0005 0005 0005 0ee8 0005 0005 0005 0005 0005 0005 0005 0006 0005 000d 0005 0005 0005 000d 0005 0006 0005 0005 0005 000d 0005 000d 0005 0005 0005 0005 0005 0006 0005 0005 0005 0005 0005 0005 0005 0005 0005 0005 0005 0005 0005 0006 0005 0005 0005 0005 0005 0006 0005 000d 0005 0005 0005 0005 0005 0005 0005 0005 0005 0005 0005 0005 0005 0006 0005 0006 0005 0009 0005 0005 0005 0ee8
4	0000 006d 0000 0023 0005 0006 0005 0005 0005 0006 0005 000d 0005 0005 0005 000d 0005 0006 0005 0005 0005 000d 0005 000d 0005 0005 0005 0005 0005 0006 0005 0005 0005 0005 0005 0005 0005 0005 0005 0005 0005 0009 0005 0006 0005 0005 0005 0005 0005 0006 0005 000d 0005 0005 0005 0005 0005 0005 0005 0005 0005 0005 0005 0005 0005 000d 0005 0006 0005 0009 0005 0005 0005 0eda
5	0000 006d 0000 0023 0005 0006 0005 0005 0005 0006 0005 000d 0005 0005 0005 000d 0005 0006 0005 0005 0005 000d 0005 000d 0005 0005 0005 0005 0005 0006 0005 0005 0005 0005 0005 0005 0005 0005 0005 0005 0005 0005 0005 0009 0005 0005 0005 0005 0005 0006 0005 000d 0005 0005 0005 0005 0005 0005 0005 0005 0005 0005 0005 0005 0005 0006 0005 0009 0005 0009 0005 0005 0005 0ee1
6	0000 006d 0000 0023 0005 0006 0005 0005 0005 0006 0005 000d 0005 0005 0005 000d 0005 0006 0005 0005 0005 000d 0005 000d 0005 0005 0005 0005 0005 0006 0005 0005 0005 0005 0005 0005 0005 0005 0005 0005 0005 0009 0005 0009 0005 0005 0005 0005 0005 0006 0005 000d 0005 0005 0005 0005 0005 0005 0005 0005 0005 0005 0005 0005 0005 000d 0005 0009 0005 0009 0005 0005 0005 0ed4
7	0000 006d 0000 0023 0005 0006 0005 0005 0005 0006 0005 000d 0005 0005 0005 000d 0005 0006 0005 0005 0005 000d 0005 000d 0005 0005 0005 0005 0005 0006 0005 0005 0005 0005 0005 0005 0005 0005 0005 0005 0005 0005 0005 000d 0005 0005 0005 0005 0005 0006 0005 000d 0005 0005 0005 0005 0005 0005 0005 0005 0005 0005 0005 0005 0005 0006 0005 000d 0005 0009 0005 0005 0005 0eda
8	0000 006d 0000 0023 0005 0006 0005 0005 0005 0006 0005 000d 0005 0005 0005 000d 0005 0006 0005 0005 0005 000d 0005 000d 0005 0005 0005 0005 0005 0006 0005 0005 0005 0005 0005 0005 0005 0005 0005 0005 0005 0009 0005 000d 0005 0005 0005 0005 0005 0006 0005 000d 0005 0005 0005 0005 0005 0005 0005 0005 0005 0005 0005 0005 0005 000d 0005 000d 0005 0009 0005 0005 0005 0ecd
9	0000 006d 0000 0023 0005 0006 0005 0005 0005 0006 0005 000d 0005 0005 0005 000d 0005 0006 0005 0005 0005 000d 0005 000d 0005 0005 0005 0005 0005 0006 0005 0005 0005 0005 0005 0005 0005 0005 0005 0005 0005 0005 0005 0005 0005 0006 0005 0005 0005 0006 0005 000d 0005 0005 0005 0005 0005 0005 0005 0005 0005 0005 0005 0005 0005 0006 0005 0005 0005 000d 0005 0005 0005 0ee7
0	0000 006d 0000 0023 0005 0006 0005 0005 0005 0006 0005 000d 0005 0005 0005 000d 0005 0006 0005 0005 0005 000d 0005 000d 0005 0005 0005 0005 0005 0006 0005 0005 0005 0005 0005 0005 0005 0005 0005 0005 0005 0009 0005 0005 0005 0006 0005 0005 0005 0006 0005 000d 0005 0005 0005 0005 0005 0005 0005 0005 0005 0005 0005 0005 0005 000d 0005 0005 0005 000d 0005 0005 0005 0eda
Enter	0000 006d 0000 0023 0005 0006 0005 0005 0005 0006 0005 000d 0005 0005 0005 000d 0005 0006 0005 0005 0005 000d 0005 000d 0005 0005 0005 0005 0005 0006 0005 0005 0005 0005 0005 0005 0005 0005 0005 0005 0005 0005 0005 0009 0005 0006 0005 0005 0005 0006 0005 000d 0005 0005 0005 0005 0005 0005 0005 0005 0005 0005 0005 0005 0005 0006 0005 0009 0005 000d 0005 0005 0005 0eda
Return	0000 006d 0000 0023 0005 0006 0005 0005 0005 0006 0005 000d 0005 0005 0005 000d 0005 0006 0005 0005 0005 000d 0005 000d 0005 0005 0005 0005 0005 0006 0005 0005 0005 0005 0005 0005 0005 0005 0005 0005 0005 0009 0005 0005 0005 000d 0005 0006 0005 0005 0005 000d 0005 0005 0005 0005 0005 0005 0005 0005 0005 0005 0005 0005 0005 0009 0005 0005 0005 0006 0005 0006 0005 0eda
VCR Menu	0000 006d 0000 0023 0005 0006 0005 0005 0005 0006 0005 000d 0005 0005 0005 000d 0005 0006 0005 0005 0005 000d 0005 000d 0005 0005 0005 0005 0005 0006 0005 0005 0005 0005 0005 0005 0005 0005 0005 0005 0005 0009 0005 0009 0005 0006 0005 0009 0005 000d 0005 0009 0005 0005 0005 0005 0005 0005 0005 0005 0005 0005 0005 0005 0005 0006 0005 000d 0005 000d 0005 0009 0005 0ec0
Up	0000 006d 0000 0023 0005 0006 0005 0005 0005 0006 0005 000d 0005 0005 0005 000d 0005 0006 0005 0005 0005 000d 0005 000d 0005 0005 0005 0005 0005 0006 0005 0005 0005 0005 0005 0005 0005 0005 0005 0005 0005 0005 0005 0005 0005 000d 0005 000d 0005 0005 0005 000d 0005 0005 0005 0005 0005 0005 0005 0005 0005 0005 0005 0005 0005 0005 0005 0005 0005 0006 0005 000d 0005 0eda
Down	0000 006d 0000 0023 0005 0006 0005 0005 0005 0006 0005 000d 0005 0005 0005 000d 0005 0006 0005 0005 0005 000d 0005 000d 0005 0005 0005 0005 0005 0006 0005 0005 0005 0005 0005 0005 0005 0005 0005 0005 0005 0009 0005 0005 0005 000d 0005 000d 0005 0005 0005 000d 0005 0005 0005 0005 0005 0005 0005 0005 0005 0005 0005 0005 0005 0009 0005 0005 0005 0006 0005 000d 0005 0ecd
Left	0000 006d 0000 0023 0005 0006 0005 0005 0005 0006 0005 000d 0005 0005 0005 000d 0005 0006 0005 0005 0005 000d 0005 000d 0005 0005 0005 0005 0005 0006 0005 0005 0005 0005 0005 0005 0005 0005 0005 0005 0005 0005 0005 0006 0005 000d 0005 000d 0005 0005 0005 000d 0005 0005 0005 0005 0005 0005 0005 0005 0005 0005 0005 0005 0005 0005 0005 0006 0005 0006 0005 000d 0005 0ed3
Right	0000 006d 0000 0023 0005 0006 0005 0005 0005 0006 0005 000d 0005 0005 0005 000d 0005 0006 0005 0005 0005 000d 0005 000d 0005 0005 0005 0005 0005 0006 0005 0005 0005 0005 0005 0005 0005 0005 0005 0005 0005 0009 0005 0006 0005 000d 0005 000d 0005 0005 0005 000d 0005 0005 0005 0005 0005 0005 0005 0005 0005 0005 0005 0005 0005 0009 0005 0006 0005 0006 0005 000d 0005 0ec6
Sleep	0000 006d 0000 0023 0005 0006 0005 0005 0005 0006 0005 000d 0005 0005 0005 000d 0005 0006 0005 0005 0005 000d 0005 000d 0005 0005 0005 0005 0005 0006 0005 0005 0005 0005 0005 0005 0005 0005 0005 0005 0005 0009 0005 0006 0005 000d 0005 0006 0005 0005 0005 000d 0005 0005 0005 0005 0005 0005 0005 0005 0005 0005 0005 0005 0005 0009 0005 0006 0005 0006 0005 0006 0005 0ed3
Vol+	0000 006d 0000 0023 0005 0006 0005 0005 0005 0006 0005 000d 0005 0005 0005 000d 0005 0006 0005 0005 0005 000d 0005 000d 0005 0005 0005 0005 0005 0006 0005 0005 0005 0005 0005 0005 0005 0005 0005 0005 0005 0005 0005 0006 0005 0009 0005 0005 0005 0005 0005 0005 0005 0006 0005 0005 0005 0005 0005 0005 0005 0005 0005 0005 0005 0005 0005 0009 0005 0006 0005 0005 0005 0eed
Vol-	0000 006d 0000 0023 0005 0006 0005 0005 0005 0006 0005 000d 0005 0005 0005 000d 0005 0006 0005 0005 0005 000d 0005 000d 0005 0005 0005 0005 0005 0006 0005 0005 0005 0005 0005 0005 0005 0005 0005 0005 0005 0009 0005 0006 0005 0009 0005 0005 0005 0005 0005 0005 0005 0006 0005 0005 0005 0005 0005 0005 0005 0005 0005 0005 0005 0009 0005 0009 0005 0006 0005 0005 0005 0ee1
Mute	0000 006d 0000 0023 0005 0006 0005 0005 0005 0006 0005 000d 0005 0005 0005 000d 0005 0006 0005 0005 0005 000d 0005 000d 0005 0005 0005 0005 0005 0006 0005 0005 0005 0005 0005 0005 0005 0005 0005 0005 0005 0005 0005 0009 0005 0009 0005 0005 0005 0005 0005 0005 0005 0006 0005 0005 0005 0005 0005 0005 0005 0005 0005 0005 0005 0005 0005 0006 0005 0006 0005 0005 0005 0eed
Mode+	0000 006d 0000 0023 0005 0006 0005 0005 0005 0006 0005 000d 0005 0005 0005 000d 0005 0006 0005 0005 0005 000d 0005 000d 0005 0005 0005 0005 0005 0006 0005 0005 0005 0005 0005 0005 0005 0005 0005 0005 0005 0005 0005 0006 0005 000d 0005 0006 0005 0005 0005 000d 0005 0005 0005 0005 0005 0005 0005 0005 0005 0005 0005 0005 0005 0005 0005 0006 0005 0006 0005 0006 0005 0ee0
Gui	0000 006d 0000 0023 0005 0006 0005 0005 0005 0006 0005 000d 0005 0005 0005 000d 0005 0006 0005 0005 0005 000d 0005 000d 0005 0005 0005 0005 0005 0006 0005 0005 0005 0005 0005 0005 0005 0005 0005 0005 0005 0009 0005 0006 0005 0009 0005 0009 0005 0005 0005 0005 0005 0006 0005 0005 0005 0005 0005 0005 0005 0005 0005 0005 0005 0009 0005 0009 0005 0006 0005 0009 0005 0ed4
Dbs Menu	0000 006d 0000 0023 0005 0006 0005 0005 0005 0006 0005 000d 0005 0005 0005 000d 0005 0006 0005 0005 0005 000d 0005 000d 0005 0005 0005 0005 0005 0006 0005 0005 0005 0005 0005 0005 0005 0005 0005 0005 0005 0005 0005 0005 0005 000d 0005 0006 0005 000d 0005 0006 0005 000d 0005 0009 0005 0005 0005 0005 0005 0005 0005 0005 0005 000d 0005 0009 0005 0009 0005 000d 0005 0eba
Dbs Guide	0000 006d 0000 0023 0005 0006 0005 0005 0005 0006 0005 000d 0005 0005 0005 000d 0005 0006 0005 0005 0005 000d 0005 000d 0005 0005 0005 0005 0005 0006 0005 0005 0005 0005 0005 0005 0005 0005 0005 0005 0005 0005 0005 000d 0005 0006 0005 000d 0005 000d 0005 0006 0005 000d 0005 0009 0005 0005 0005 0005 0005 0005 0005 0005 0005 000d 0005 0006 0005 0005 0005 0006 0005 0ec0
&gt;10	0000 006d 0000 0023 0005 0006 0005 0005 0005 0006 0005 000d 0005 0005 0005 000d 0005 0006 0005 0005 0005 000d 0005 000d 0005 0005 0005 0005 0005 0006 0005 0005 0005 0005 0005 0005 0005 0005 0005 0005 0005 0009 0005 0006 0005 0009 0005 0006 0005 0006 0005 000d 0005 0005 0005 0005 0005 0005 0005 0005 0005 0005 0005 0005 0005 000d 0005 0006 0005 0005 0005 0006 0005 0ed3
Select	0000 006d 0000 0023 0005 0006 0005 0005 0005 0006 0005 000d 0005 0005 0005 000d 0005 0006 0005 0005 0005 000d 0005 000d 0005 0005 0005 0005 0005 0006 0005 0005 0005 0005 0005 0005 0005 0005 0005 0005 0005 0005 0005 0009 0005 0006 0005 0005 0005 0005 0005 000d 0005 0005 0005 0005 0005 0005 0005 0005 0005 0005 0005 0005 0005 0005 0005 0009 0005 000d 0005 0005 0005 0ee1
