 Power	0000 0068 0000 000D 0000 001A 0000 001A 0000 001A 0000 001A 0000 001A 0000 001A 0000 001A 0000 001A 0000 001A 0000 001A 0000 001A 0000 001A 0000 040C
Power	0000 0068 0000 0079 0000 0018 0000 0018 0000 0018 0000 0018 0000 0018 0000 0018 0000 0018 0000 0018 0000 0018 0000 0018 0000 0018 0000 0018 0000 040C 0000 0018 0000 0018 0000 0018 0000 0018 0000 0018 0000 0018 0000 0018 0000 0018 0000 0018 0000 0018 0000 0018 0000 0018 0000 040C 0000 0018 0000 0018 0000 0018 0000 0018 0000 0018 0000 0018 0000 0018 0000 0018 0000 0018 0000 0018 0000 0018 0000 0018 0000 040C 0000 0018 0000 0018 0000 0018 0000 0018 0000 0018 0000 0018 0000 0018 0000 0018 0000 0018 0000 0018 0000 0018 0000 0018 0000 0018 0000 0018 0000 0018 0000 040C 0000 0018 0000 0018 0000 0018 0000 0018 0000 0018 0000 0018 0000 0018 0000 0018 0000 0018 0000 0018 0000 0018 0000 0018 0000 0018 0000 0018 0000 0018 0000 040C 0000 0018 0000 0018 0000 0018 0000 0018 0000 0018 0000 0018 0000 0018 0000 0018 0000 0018 0000 0018 0000 0018 0000 0018 0000 0018 0000 0018 0000 0018 0000 040C 0000 0018 0000 0018 0000 0018 0000 0018 0000 0018 0000 0018 0000 0018 0000 0018 0000 0176 0000 0018 0000 0018 0000 0018 0000 0018 0000 0018 0000 0018 0000 0018 0000 0018 0000 0145 0000 0018 0000 0018 0000 0018 0000 0018 0000 0018 0000 0018 0000 0018 0000 0018 0000 0018 0000 0018 0000 0018 0000 0018 0000 0018 0000 0018 0000 0018 0000 0D99
Vid 1	0000 0067 0000 000D 0000 0018 0000 0018 0000 0018 0000 0018 0000 0018 0000 0018 0000 0018 0000 0018 0000 0018 0000 0018 0000 0018 0000 0018 0000 0423
Vid 2	0000 0067 0000 000D 0000 0018 0000 0018 0000 0018 0000 0018 0000 0018 0000 0018 0000 0018 0000 0018 0000 0018 0000 0018 0000 0018 0000 0018 0000 03F2
Vid 3	0000 0067 0000 000D 0000 0018 0000 0018 0000 0018 0000 0018 0000 0018 0000 0018 0000 0018 0000 0018 0000 0018 0000 0018 0000 0018 0000 0018 0000 0420
DVD/LD	0000 0067 0000 000D 0000 0018 0000 0018 0000 0018 0000 0018 0000 0018 0000 0018 0000 0018 0000 0018 0000 0018 0000 0018 0000 0018 0000 0018 0000 03C2
TV/Sat	0000 0067 0000 000D 0000 0018 0000 0018 0000 0018 0000 0018 0000 0018 0000 0018 0000 0018 0000 0018 0000 0018 0000 0018 0000 0018 0000 0018 0000 03F2
Tape	0000 0067 0000 0079 0000 0018 0000 0018 0000 0018 0000 0018 0000 0018 0000 0018 0000 0018 0000 0018 0000 0018 0000 0018 0000 0018 0000 0018 0000 040B 0000 0018 0000 0018 0000 0018 0000 0018 0000 0018 0000 0018 0000 0018 0000 0018 0000 0018 0000 0018 0000 0018 0000 0018 0000 040B 0000 0018 0000 0018 0000 0018 0000 0018 0000 0018 0000 0018 0000 0018 0000 0018 0000 0018 0000 0018 0000 0018 0000 0018 0000 040B 0000 0018 0000 0018 0000 0018 0000 0018 0000 0018 0000 0018 0000 0018 0000 0018 0000 0018 0000 0018 0000 0018 0000 0018 0000 0018 0000 0018 0000 0018 0000 040B 0000 0018 0000 0018 0000 0018 0000 0018 0000 0018 0000 0018 0000 0018 0000 0018 0000 0018 0000 0018 0000 0018 0000 0018 0000 0018 0000 0018 0000 0018 0000 040B 0000 0018 0000 0018 0000 0018 0000 0018 0000 0018 0000 0018 0000 0018 0000 0018 0000 0018 0000 0018 0000 0018 0000 0018 0000 0018 0000 0018 0000 0018 0000 040B 0000 0018 0000 0018 0000 0018 0000 0018 0000 0018 0000 0018 0000 0018 0000 0018 0000 0145 0000 0018 0000 0018 0000 0018 0000 0018 0000 0018 0000 0018 0000 0018 0000 0018 0000 0145 0000 0018 0000 0018 0000 0018 0000 0018 0000 0018 0000 0018 0000 0018 0000 0018 0000 0018 0000 0018 0000 0018 0000 0018 0000 0018 0000 0018 0000 0018 0000 0DD0
MD/Sat	0000 0067 0000 0079 0000 001A 0000 001A 0000 001A 0000 001A 0000 001A 0000 001A 0000 001A 0000 001A 0000 001A 0000 001A 0000 001A 0000 001A 0000 040B 0000 001A 0000 001A 0000 001A 0000 001A 0000 001A 0000 001A 0000 001A 0000 001A 0000 001A 0000 001A 0000 001A 0000 001A 0000 040B 0000 001A 0000 001A 0000 001A 0000 001A 0000 001A 0000 001A 0000 001A 0000 001A 0000 001A 0000 001A 0000 001A 0000 001A 0000 040B 0000 001A 0000 001A 0000 001A 0000 001A 0000 001A 0000 001A 0000 001A 0000 001A 0000 001A 0000 001A 0000 001A 0000 001A 0000 001A 0000 001A 0000 001A 0000 040B 0000 001A 0000 001A 0000 001A 0000 001A 0000 001A 0000 001A 0000 001A 0000 001A 0000 001A 0000 001A 0000 001A 0000 001A 0000 001A 0000 001A 0000 001A 0000 040B 0000 001A 0000 001A 0000 001A 0000 001A 0000 001A 0000 001A 0000 001A 0000 001A 0000 001A 0000 001A 0000 001A 0000 001A 0000 001A 0000 001A 0000 001A 0000 040B 0000 001A 0000 001A 0000 001A 0000 001A 0000 001A 0000 001A 0000 001A 0000 001A 0000 0145 0000 001A 0000 001A 0000 001A 0000 001A 0000 001A 0000 001A 0000 001A 0000 001A 0000 0145 0000 001A 0000 001A 0000 001A 0000 001A 0000 001A 0000 001A 0000 001A 0000 001A 0000 001A 0000 001A 0000 001A 0000 001A 0000 001A 0000 001A 0000 001A 0000 0D65
CD	0000 0067 0000 0079 0000 0018 0000 0018 0000 0018 0000 0018 0000 0018 0000 0018 0000 0018 0000 0018 0000 0018 0000 0018 0000 0018 0000 0018 0000 040A 0000 0018 0000 0018 0000 0018 0000 0018 0000 0018 0000 0018 0000 0018 0000 0018 0000 0018 0000 0018 0000 0018 0000 0018 0000 040A 0000 0018 0000 0018 0000 0018 0000 0018 0000 0018 0000 0018 0000 0018 0000 0018 0000 0018 0000 0018 0000 0018 0000 0018 0000 040A 0000 0018 0000 0018 0000 0018 0000 0018 0000 0018 0000 0018 0000 0018 0000 0018 0000 0018 0000 0018 0000 0018 0000 0018 0000 0018 0000 0018 0000 0018 0000 040A 0000 0018 0000 0018 0000 0018 0000 0018 0000 0018 0000 0018 0000 0018 0000 0018 0000 0018 0000 0018 0000 0018 0000 0018 0000 0018 0000 0018 0000 0018 0000 040A 0000 0018 0000 0018 0000 0018 0000 0018 0000 0018 0000 0018 0000 0018 0000 0018 0000 0018 0000 0018 0000 0018 0000 0018 0000 0018 0000 0018 0000 0018 0000 040A 0000 0018 0000 0018 0000 0018 0000 0018 0000 0018 0000 0018 0000 0018 0000 0018 0000 0175 0000 0018 0000 0018 0000 0018 0000 0018 0000 0018 0000 0018 0000 0018 0000 0018 0000 0145 0000 0018 0000 0018 0000 0018 0000 0018 0000 0018 0000 0018 0000 0018 0000 0018 0000 0018 0000 0018 0000 0018 0000 0018 0000 0018 0000 0018 0000 0018 0000 0DA2
Tuner	0000 0067 0000 0079 0000 0018 0000 0018 0000 0018 0000 0018 0000 0018 0000 0018 0000 0018 0000 0018 0000 0018 0000 0018 0000 0018 0000 0018 0000 0422 0000 0018 0000 0018 0000 0018 0000 0018 0000 0018 0000 0018 0000 0018 0000 0018 0000 0018 0000 0018 0000 0018 0000 0018 0000 0422 0000 0018 0000 0018 0000 0018 0000 0018 0000 0018 0000 0018 0000 0018 0000 0018 0000 0018 0000 0018 0000 0018 0000 0018 0000 0422 0000 0018 0000 0018 0000 0018 0000 0018 0000 0018 0000 0018 0000 0018 0000 0018 0000 0018 0000 0018 0000 0018 0000 0018 0000 0018 0000 0018 0000 0018 0000 0422 0000 0018 0000 0018 0000 0018 0000 0018 0000 0018 0000 0018 0000 0018 0000 0018 0000 0018 0000 0018 0000 0018 0000 0018 0000 0018 0000 0018 0000 0018 0000 0422 0000 0018 0000 0018 0000 0018 0000 0018 0000 0018 0000 0018 0000 0018 0000 0018 0000 0018 0000 0018 0000 0018 0000 0018 0000 0018 0000 0018 0000 0018 0000 0422 0000 0018 0000 0018 0000 0018 0000 0018 0000 0018 0000 0018 0000 0018 0000 0018 0000 0145 0000 0018 0000 0018 0000 0018 0000 0018 0000 0018 0000 0018 0000 0018 0000 0018 0000 0145 0000 0018 0000 0018 0000 0018 0000 0018 0000 0018 0000 0018 0000 0018 0000 0018 0000 0018 0000 0018 0000 0018 0000 0018 0000 0018 0000 0018 0000 0018 0000 0DD2
Phono	0000 0067 0000 000D 0000 0018 0000 0018 0000 0018 0000 0018 0000 0018 0000 0018 0000 0018 0000 0018 0000 0018 0000 0018 0000 0018 0000 0018 0000 043B
5 1ch	0000 0067 0000 0079 0000 0018 0000 0018 0000 0018 0000 0018 0000 0018 0000 0018 0000 0018 0000 0018 0000 0018 0000 0018 0000 0018 0000 0018 0000 0409 0000 0018 0000 0018 0000 0018 0000 0018 0000 0018 0000 0018 0000 0018 0000 0018 0000 0018 0000 0018 0000 0018 0000 0018 0000 0409 0000 0018 0000 0018 0000 0018 0000 0018 0000 0018 0000 0018 0000 0018 0000 0018 0000 0018 0000 0018 0000 0018 0000 0018 0000 0409 0000 0018 0000 0018 0000 0018 0000 0018 0000 0018 0000 0018 0000 0018 0000 0018 0000 0018 0000 0018 0000 0018 0000 0018 0000 0018 0000 0018 0000 0018 0000 0409 0000 0018 0000 0018 0000 0018 0000 0018 0000 0018 0000 0018 0000 0018 0000 0018 0000 0018 0000 0018 0000 0018 0000 0018 0000 0018 0000 0018 0000 0018 0000 0409 0000 0018 0000 0018 0000 0018 0000 0018 0000 0018 0000 0018 0000 0018 0000 0018 0000 0018 0000 0018 0000 0018 0000 0018 0000 0018 0000 0018 0000 0018 0000 0409 0000 0018 0000 0018 0000 0018 0000 0018 0000 0018 0000 0018 0000 0018 0000 0018 0000 0174 0000 0018 0000 0018 0000 0018 0000 0018 0000 0018 0000 0018 0000 0018 0000 0018 0000 0144 0000 0018 0000 0018 0000 0018 0000 0018 0000 0018 0000 0018 0000 0018 0000 0018 0000 0018 0000 0018 0000 0018 0000 0018 0000 0018 0000 0018 0000 0018 0000 0DA5
User2	0000 0067 0000 000D 0000 0018 0000 0018 0000 0018 0000 0018 0000 0018 0000 0018 0000 0018 0000 0018 0000 0018 0000 0018 0000 0018 0000 0018 0000 03C2
Tape2	0000 0067 0000 0082 0000 001A 0000 001A 0000 001A 0000 001A 0000 001A 0000 001A 0000 001A 0000 001A 0000 001A 0000 001A 0000 001A 0000 001A 0000 001A 0000 001A 0000 001A 0000 0319 0000 001A 0000 001A 0000 001A 0000 001A 0000 001A 0000 001A 0000 001A 0000 001A 0000 001A 0000 001A 0000 001A 0000 001A 0000 001A 0000 001A 0000 001A 0000 0319 0000 001A 0000 001A 0000 001A 0000 001A 0000 001A 0000 001A 0000 001A 0000 001A 0000 001A 0000 001A 0000 001A 0000 001A 0000 001A 0000 001A 0000 001A 0000 0B33 0000 001A 0000 001A 0000 001A 0000 001A 0000 001A 0000 001A 0000 001A 0000 001A 0000 001A 0000 001A 0000 001A 0000 001A 0000 001A 0000 001A 0000 001A 0000 040B 0000 001A 0000 001A 0000 001A 0000 001A 0000 001A 0000 001A 0000 001A 0000 001A 0000 001A 0000 001A 0000 001A 0000 001A 0000 001A 0000 001A 0000 001A 0000 040B 0000 001A 0000 001A 0000 001A 0000 001A 0000 001A 0000 001A 0000 001A 0000 001A 0000 001A 0000 001A 0000 001A 0000 001A 0000 001A 0000 001A 0000 001A 0000 040B 0000 001A 0000 001A 0000 001A 0000 001A 0000 001A 0000 001A 0000 001A 0000 001A 0000 0145 0000 001A 0000 001A 0000 001A 0000 001A 0000 001A 0000 001A 0000 001A 0000 001A 0000 0145 0000 001A 0000 001A 0000 001A 0000 001A 0000 001A 0000 001A 0000 001A 0000 001A 0000 001A 0000 001A 0000 001A 0000 001A 0000 001A 0000 001A 0000 001A 0000 0D63
MD/Dat2	0000 0067 0000 0082 0000 0018 0000 0018 0000 0018 0000 0018 0000 0018 0000 0018 0000 0018 0000 0018 0000 0018 0000 0018 0000 0018 0000 0018 0000 0018 0000 0018 0000 0018 0000 0302 0000 0018 0000 0018 0000 0018 0000 0018 0000 0018 0000 0018 0000 0018 0000 0018 0000 0018 0000 0018 0000 0018 0000 0018 0000 0018 0000 0018 0000 0018 0000 0302 0000 0018 0000 0018 0000 0018 0000 0018 0000 0018 0000 0018 0000 0018 0000 0018 0000 0018 0000 0018 0000 0018 0000 0018 0000 0018 0000 0018 0000 0018 0000 0B34 0000 0018 0000 0018 0000 0018 0000 0018 0000 0018 0000 0018 0000 0018 0000 0018 0000 0018 0000 0018 0000 0018 0000 0018 0000 0018 0000 0018 0000 0018 0000 040B 0000 0018 0000 0018 0000 0018 0000 0018 0000 0018 0000 0018 0000 0018 0000 0018 0000 0018 0000 0018 0000 0018 0000 0018 0000 0018 0000 0018 0000 0018 0000 040B 0000 0018 0000 0018 0000 0018 0000 0018 0000 0018 0000 0018 0000 0018 0000 0018 0000 0018 0000 0018 0000 0018 0000 0018 0000 0018 0000 0018 0000 0018 0000 040B 0000 0018 0000 0018 0000 0018 0000 0018 0000 0018 0000 0018 0000 0018 0000 0018 0000 0145 0000 0018 0000 0018 0000 0018 0000 0018 0000 0018 0000 0018 0000 0018 0000 0018 0000 0145 0000 0018 0000 0018 0000 0018 0000 0018 0000 0018 0000 0018 0000 0018 0000 0018 0000 0018 0000 0018 0000 0018 0000 0018 0000 0018 0000 0018 0000 0018 0000 0DC6
Cd2	0000 0067 0000 0082 0000 0018 0000 0018 0000 0018 0000 0018 0000 0018 0000 0018 0000 0018 0000 0018 0000 0018 0000 0018 0000 0018 0000 0018 0000 0018 0000 0018 0000 0018 0000 031A 0000 0018 0000 0018 0000 0018 0000 0018 0000 0018 0000 0018 0000 0018 0000 0018 0000 0018 0000 0018 0000 0018 0000 0018 0000 0018 0000 0018 0000 0018 0000 031A 0000 0018 0000 0018 0000 0018 0000 0018 0000 0018 0000 0018 0000 0018 0000 0018 0000 0018 0000 0018 0000 0018 0000 0018 0000 0018 0000 0018 0000 0018 0000 0B33 0000 0018 0000 0018 0000 0018 0000 0018 0000 0018 0000 0018 0000 0018 0000 0018 0000 0018 0000 0018 0000 0018 0000 0018 0000 0018 0000 0018 0000 0018 0000 040B 0000 0018 0000 0018 0000 0018 0000 0018 0000 0018 0000 0018 0000 0018 0000 0018 0000 0018 0000 0018 0000 0018 0000 0018 0000 0018 0000 0018 0000 0018 0000 040B 0000 0018 0000 0018 0000 0018 0000 0018 0000 0018 0000 0018 0000 0018 0000 0018 0000 0018 0000 0018 0000 0018 0000 0018 0000 0018 0000 0018 0000 0018 0000 040B 0000 0018 0000 0018 0000 0018 0000 0018 0000 0018 0000 0018 0000 0018 0000 0018 0000 0145 0000 0018 0000 0018 0000 0018 0000 0018 0000 0018 0000 0018 0000 0018 0000 0018 0000 0145 0000 0018 0000 0018 0000 0018 0000 0018 0000 0018 0000 0018 0000 0018 0000 0018 0000 0018 0000 0018 0000 0018 0000 0018 0000 0018 0000 0018 0000 0018 0000 0DDF
Tuner2	0000 0067 0000 0082 0000 0018 0000 0018 0000 0018 0000 0018 0000 0018 0000 0018 0000 0018 0000 0018 0000 0018 0000 0018 0000 0018 0000 0018 0000 0018 0000 0018 0000 0018 0000 0332 0000 0018 0000 0018 0000 0018 0000 0018 0000 0018 0000 0018 0000 0018 0000 0018 0000 0018 0000 0018 0000 0018 0000 0018 0000 0018 0000 0018 0000 0018 0000 0332 0000 0018 0000 0018 0000 0018 0000 0018 0000 0018 0000 0018 0000 0018 0000 0018 0000 0018 0000 0018 0000 0018 0000 0018 0000 0018 0000 0018 0000 0018 0000 0B34 0000 0018 0000 0018 0000 0018 0000 0018 0000 0018 0000 0018 0000 0018 0000 0018 0000 0018 0000 0018 0000 0018 0000 0018 0000 0018 0000 0018 0000 0018 0000 040B 0000 0018 0000 0018 0000 0018 0000 0018 0000 0018 0000 0018 0000 0018 0000 0018 0000 0018 0000 0018 0000 0018 0000 0018 0000 0018 0000 0018 0000 0018 0000 040B 0000 0018 0000 0018 0000 0018 0000 0018 0000 0018 0000 0018 0000 0018 0000 0018 0000 0018 0000 0018 0000 0018 0000 0018 0000 0018 0000 0018 0000 0018 0000 040B 0000 0018 0000 0018 0000 0018 0000 0018 0000 0018 0000 0018 0000 0018 0000 0018 0000 0145 0000 0018 0000 0018 0000 0018 0000 0018 0000 0018 0000 0018 0000 0018 0000 0018 0000 0145 0000 0018 0000 0018 0000 0018 0000 0018 0000 0018 0000 0018 0000 0018 0000 0018 0000 0018 0000 0018 0000 0018 0000 0018 0000 0018 0000 0018 0000 0018 0000 0DD7
Source2	0000 0067 0000 0082 0000 0018 0000 0018 0000 0018 0000 0018 0000 0018 0000 0018 0000 0018 0000 0018 0000 0018 0000 0018 0000 0018 0000 0018 0000 0018 0000 0018 0000 0018 0000 02CF 0000 0018 0000 0018 0000 0018 0000 0018 0000 0018 0000 0018 0000 0018 0000 0018 0000 0018 0000 0018 0000 0018 0000 0018 0000 0018 0000 0018 0000 0018 0000 02CF 0000 0018 0000 0018 0000 0018 0000 0018 0000 0018 0000 0018 0000 0018 0000 0018 0000 0018 0000 0018 0000 0018 0000 0018 0000 0018 0000 0018 0000 0018 0000 0B2E 0000 0018 0000 0018 0000 0018 0000 0018 0000 0018 0000 0018 0000 0018 0000 0018 0000 0018 0000 0018 0000 0018 0000 0018 0000 0018 0000 0018 0000 0018 0000 0409 0000 0018 0000 0018 0000 0018 0000 0018 0000 0018 0000 0018 0000 0018 0000 0018 0000 0018 0000 0018 0000 0018 0000 0018 0000 0018 0000 0018 0000 0018 0000 0409 0000 0018 0000 0018 0000 0018 0000 0018 0000 0018 0000 0018 0000 0018 0000 0018 0000 0018 0000 0018 0000 0018 0000 0018 0000 0018 0000 0018 0000 0018 0000 0409 0000 0018 0000 0018 0000 0018 0000 0018 0000 0018 0000 0018 0000 0018 0000 0018 0000 0144 0000 0018 0000 0018 0000 0018 0000 0018 0000 0018 0000 0018 0000 0018 0000 0018 0000 0144 0000 0018 0000 0018 0000 0018 0000 0018 0000 0018 0000 0018 0000 0018 0000 0018 0000 0018 0000 0018 0000 0018 0000 0018 0000 0018 0000 0018 0000 0018 0000 0DE6
2ch Stereo	0000 0068 0000 0052 0000 0018 0000 0018 0000 0018 0000 0018 0000 0018 0000 0018 0000 0018 0000 0018 0000 0018 0000 0018 0000 0018 0000 0018 0000 0018 0000 0018 0000 0018 0000 0408 0000 0018 0000 0018 0000 0018 0000 0018 0000 0018 0000 0018 0000 0018 0000 0018 0000 0018 0000 0018 0000 0018 0000 0018 0000 0018 0000 0018 0000 0018 0000 0408 0000 0018 0000 0018 0000 0018 0000 0018 0000 0018 0000 0018 0000 0018 0000 0018 0000 0018 0000 0018 0000 0018 0000 0018 0000 0018 0000 0018 0000 0018 0000 0408 0000 0018 0000 0018 0000 0018 0000 0018 0000 0018 0000 0018 0000 0018 0000 0018 0000 0145 0000 0018 0000 0018 0000 0018 0000 0018 0000 0018 0000 0018 0000 0018 0000 0018 0000 0175 0000 0018 0000 0018 0000 0018 0000 0018 0000 0018 0000 0018 0000 0018 0000 0018 0000 0018 0000 0018 0000 0018 0000 0018 0000 0018 0000 0018 0000 0018 0000 0DA7
Afd	0000 0068 0000 005B 0000 0018 0000 0018 0000 0018 0000 0018 0000 0018 0000 0018 0000 0018 0000 0018 0000 0018 0000 0018 0000 0018 0000 0018 0000 0018 0000 0018 0000 0018 0000 040C 0000 0018 0000 0018 0000 0018 0000 0018 0000 0018 0000 0018 0000 0018 0000 0018 0000 0018 0000 0018 0000 0018 0000 0018 0000 0018 0000 0018 0000 0018 0000 040C 0000 0018 0000 0018 0000 0018 0000 0018 0000 0018 0000 0018 0000 0018 0000 0018 0000 0018 0000 0018 0000 0018 0000 0018 0000 0018 0000 0018 0000 0018 0000 040C 0000 0018 0000 0018 0000 0018 0000 0018 0000 0018 0000 0018 0000 0018 0000 0018 0000 0145 0000 0018 0000 0018 0000 0018 0000 0018 0000 0018 0000 0018 0000 0018 0000 0018 0000 0145 0000 0018 0000 0018 0000 0018 0000 0018 0000 0018 0000 0018 0000 0018 0000 0018 0000 018E 0000 0018 0000 0018 0000 0018 0000 0018 0000 0018 0000 0018 0000 0018 0000 0018 0000 0018 0000 0018 0000 0018 0000 0018 0000 0018 0000 0018 0000 0018 0000 11E1
Normal Surround	0000 0068 0000 005B 0000 0018 0000 0018 0000 0018 0000 0018 0000 0018 0000 0018 0000 0018 0000 0018 0000 0018 0000 0018 0000 0018 0000 0018 0000 0018 0000 0018 0000 0018 0000 040A 0000 0018 0000 0018 0000 0018 0000 0018 0000 0018 0000 0018 0000 0018 0000 0018 0000 0018 0000 0018 0000 0018 0000 0018 0000 0018 0000 0018 0000 0018 0000 040A 0000 0018 0000 0018 0000 0018 0000 0018 0000 0018 0000 0018 0000 0018 0000 0018 0000 0018 0000 0018 0000 0018 0000 0018 0000 0018 0000 0018 0000 0018 0000 040A 0000 0018 0000 0018 0000 0018 0000 0018 0000 0018 0000 0018 0000 0018 0000 0018 0000 0145 0000 0018 0000 0018 0000 0018 0000 0018 0000 0018 0000 0018 0000 0018 0000 0018 0000 0145 0000 0018 0000 0018 0000 0018 0000 0018 0000 0018 0000 0018 0000 0018 0000 0018 0000 0145 0000 0018 0000 0018 0000 0018 0000 0018 0000 0018 0000 0018 0000 0018 0000 0018 0000 0018 0000 0018 0000 0018 0000 0018 0000 0018 0000 0018 0000 0018 0000 0BC1
Cinema ST EX A	0000 0068 0000 005B 0000 001A 0000 001A 0000 001A 0000 001A 0000 001A 0000 001A 0000 001A 0000 001A 0000 001A 0000 001A 0000 001A 0000 001A 0000 001A 0000 001A 0000 001A 0000 040A 0000 001A 0000 001A 0000 001A 0000 001A 0000 001A 0000 001A 0000 001A 0000 001A 0000 001A 0000 001A 0000 001A 0000 001A 0000 001A 0000 001A 0000 001A 0000 040A 0000 001A 0000 001A 0000 001A 0000 001A 0000 001A 0000 001A 0000 001A 0000 001A 0000 001A 0000 001A 0000 001A 0000 001A 0000 001A 0000 001A 0000 001A 0000 040A 0000 001A 0000 001A 0000 001A 0000 001A 0000 001A 0000 001A 0000 001A 0000 001A 0000 0145 0000 001A 0000 001A 0000 001A 0000 001A 0000 001A 0000 001A 0000 001A 0000 001A 0000 0145 0000 001A 0000 001A 0000 001A 0000 001A 0000 001A 0000 001A 0000 001A 0000 001A 0000 018E 0000 001A 0000 001A 0000 001A 0000 001A 0000 001A 0000 001A 0000 001A 0000 001A 0000 001A 0000 001A 0000 001A 0000 001A 0000 001A 0000 001A 0000 001A 0000 0AE1
Cinema ST EX B	0000 0067 0000 005B 0000 0018 0000 0018 0000 0018 0000 0018 0000 0018 0000 0018 0000 0018 0000 0018 0000 0018 0000 0018 0000 0018 0000 0018 0000 0018 0000 0018 0000 0018 0000 040A 0000 0018 0000 0018 0000 0018 0000 0018 0000 0018 0000 0018 0000 0018 0000 0018 0000 0018 0000 0018 0000 0018 0000 0018 0000 0018 0000 0018 0000 0018 0000 040A 0000 0018 0000 0018 0000 0018 0000 0018 0000 0018 0000 0018 0000 0018 0000 0018 0000 0018 0000 0018 0000 0018 0000 0018 0000 0018 0000 0018 0000 0018 0000 040A 0000 0018 0000 0018 0000 0018 0000 0018 0000 0018 0000 0018 0000 0018 0000 0018 0000 0145 0000 0018 0000 0018 0000 0018 0000 0018 0000 0018 0000 0018 0000 0018 0000 0018 0000 0145 0000 0018 0000 0018 0000 0018 0000 0018 0000 0018 0000 0018 0000 0018 0000 0018 0000 0145 0000 0018 0000 0018 0000 0018 0000 0018 0000 0018 0000 0018 0000 0018 0000 0018 0000 0018 0000 0018 0000 0018 0000 0018 0000 0018 0000 0018 0000 0018 0000 0BC1
Cinema ST EX C	0000 0067 0000 005B 0000 0018 0000 0018 0000 0018 0000 0018 0000 0018 0000 0018 0000 0018 0000 0018 0000 0018 0000 0018 0000 0018 0000 0018 0000 0018 0000 0018 0000 0018 0000 040A 0000 0018 0000 0018 0000 0018 0000 0018 0000 0018 0000 0018 0000 0018 0000 0018 0000 0018 0000 0018 0000 0018 0000 0018 0000 0018 0000 0018 0000 0018 0000 040A 0000 0018 0000 0018 0000 0018 0000 0018 0000 0018 0000 0018 0000 0018 0000 0018 0000 0018 0000 0018 0000 0018 0000 0018 0000 0018 0000 0018 0000 0018 0000 040A 0000 0018 0000 0018 0000 0018 0000 0018 0000 0018 0000 0018 0000 0018 0000 0018 0000 0145 0000 0018 0000 0018 0000 0018 0000 0018 0000 0018 0000 0018 0000 0018 0000 0018 0000 0145 0000 0018 0000 0018 0000 0018 0000 0018 0000 0018 0000 0018 0000 0018 0000 0018 0000 0145 0000 0018 0000 0018 0000 0018 0000 0018 0000 0018 0000 0018 0000 0018 0000 0018 0000 0018 0000 0018 0000 0018 0000 0018 0000 0018 0000 0018 0000 0018 0000 0BC1
Semi C ST EX A	0000 0067 0000 005B 0000 0018 0000 0018 0000 0018 0000 0018 0000 0018 0000 0018 0000 0018 0000 0018 0000 0018 0000 0018 0000 0018 0000 0018 0000 0018 0000 0018 0000 0018 0000 040A 0000 0018 0000 0018 0000 0018 0000 0018 0000 0018 0000 0018 0000 0018 0000 0018 0000 0018 0000 0018 0000 0018 0000 0018 0000 0018 0000 0018 0000 0018 0000 040A 0000 0018 0000 0018 0000 0018 0000 0018 0000 0018 0000 0018 0000 0018 0000 0018 0000 0018 0000 0018 0000 0018 0000 0018 0000 0018 0000 0018 0000 0018 0000 040A 0000 0018 0000 0018 0000 0018 0000 0018 0000 0018 0000 0018 0000 0018 0000 0018 0000 015D 0000 0018 0000 0018 0000 0018 0000 0018 0000 0018 0000 0018 0000 0018 0000 0018 0000 015D 0000 0018 0000 0018 0000 0018 0000 0018 0000 0018 0000 0018 0000 0018 0000 0018 0000 015D 0000 0018 0000 0018 0000 0018 0000 0018 0000 0018 0000 0018 0000 0018 0000 0018 0000 0018 0000 0018 0000 0018 0000 0018 0000 0018 0000 0018 0000 0018 0000 0B81
Semi C ST EX B	0000 0067 0000 005B 0000 001A 0000 001A 0000 001A 0000 001A 0000 001A 0000 001A 0000 001A 0000 001A 0000 001A 0000 001A 0000 001A 0000 001A 0000 001A 0000 001A 0000 001A 0000 040A 0000 001A 0000 001A 0000 001A 0000 001A 0000 001A 0000 001A 0000 001A 0000 001A 0000 001A 0000 001A 0000 001A 0000 001A 0000 001A 0000 001A 0000 001A 0000 040A 0000 001A 0000 001A 0000 001A 0000 001A 0000 001A 0000 001A 0000 001A 0000 001A 0000 001A 0000 001A 0000 001A 0000 001A 0000 001A 0000 001A 0000 001A 0000 040A 0000 001A 0000 001A 0000 001A 0000 001A 0000 001A 0000 001A 0000 001A 0000 001A 0000 0145 0000 001A 0000 001A 0000 001A 0000 001A 0000 001A 0000 001A 0000 001A 0000 001A 0000 0145 0000 001A 0000 001A 0000 001A 0000 001A 0000 001A 0000 001A 0000 001A 0000 001A 0000 018E 0000 001A 0000 001A 0000 001A 0000 001A 0000 001A 0000 001A 0000 001A 0000 001A 0000 001A 0000 001A 0000 001A 0000 001A 0000 001A 0000 001A 0000 001A 0000 0ADB
Semi C ST EX C	0000 0067 0000 005B 0000 0018 0000 0018 0000 0018 0000 0018 0000 0018 0000 0018 0000 0018 0000 0018 0000 0018 0000 0018 0000 0018 0000 0018 0000 0018 0000 0018 0000 0018 0000 0409 0000 0018 0000 0018 0000 0018 0000 0018 0000 0018 0000 0018 0000 0018 0000 0018 0000 0018 0000 0018 0000 0018 0000 0018 0000 0018 0000 0018 0000 0018 0000 0409 0000 0018 0000 0018 0000 0018 0000 0018 0000 0018 0000 0018 0000 0018 0000 0018 0000 0018 0000 0018 0000 0018 0000 0018 0000 0018 0000 0018 0000 0018 0000 0409 0000 0018 0000 0018 0000 0018 0000 0018 0000 0018 0000 0018 0000 0018 0000 0018 0000 0145 0000 0018 0000 0018 0000 0018 0000 0018 0000 0018 0000 0018 0000 0018 0000 0018 0000 0145 0000 0018 0000 0018 0000 0018 0000 0018 0000 0018 0000 0018 0000 0018 0000 0018 0000 0145 0000 0018 0000 0018 0000 0018 0000 0018 0000 0018 0000 0018 0000 0018 0000 0018 0000 0018 0000 0018 0000 0018 0000 0018 0000 0018 0000 0018 0000 0018 0000 0BC1
Night Theater	0000 0067 0000 005B 0000 0018 0000 0018 0000 0018 0000 0018 0000 0018 0000 0018 0000 0018 0000 0018 0000 0018 0000 0018 0000 0018 0000 0018 0000 0018 0000 0018 0000 0018 0000 0409 0000 0018 0000 0018 0000 0018 0000 0018 0000 0018 0000 0018 0000 0018 0000 0018 0000 0018 0000 0018 0000 0018 0000 0018 0000 0018 0000 0018 0000 0018 0000 0409 0000 0018 0000 0018 0000 0018 0000 0018 0000 0018 0000 0018 0000 0018 0000 0018 0000 0018 0000 0018 0000 0018 0000 0018 0000 0018 0000 0018 0000 0018 0000 0409 0000 0018 0000 0018 0000 0018 0000 0018 0000 0018 0000 0018 0000 0018 0000 0018 0000 0145 0000 0018 0000 0018 0000 0018 0000 0018 0000 0018 0000 0018 0000 0018 0000 0018 0000 0145 0000 0018 0000 0018 0000 0018 0000 0018 0000 0018 0000 0018 0000 0018 0000 0018 0000 0145 0000 0018 0000 0018 0000 0018 0000 0018 0000 0018 0000 0018 0000 0018 0000 0018 0000 0018 0000 0018 0000 0018 0000 0018 0000 0018 0000 0018 0000 0018 0000 0BC1
Mono Movie	0000 0067 0000 005B 0000 0018 0000 0018 0000 0018 0000 0018 0000 0018 0000 0018 0000 0018 0000 0018 0000 0018 0000 0018 0000 0018 0000 0018 0000 0018 0000 0018 0000 0018 0000 040C 0000 0018 0000 0018 0000 0018 0000 0018 0000 0018 0000 0018 0000 0018 0000 0018 0000 0018 0000 0018 0000 0018 0000 0018 0000 0018 0000 0018 0000 0018 0000 040C 0000 0018 0000 0018 0000 0018 0000 0018 0000 0018 0000 0018 0000 0018 0000 0018 0000 0018 0000 0018 0000 0018 0000 0018 0000 0018 0000 0018 0000 0018 0000 040C 0000 0018 0000 0018 0000 0018 0000 0018 0000 0018 0000 0018 0000 0018 0000 0018 0000 015E 0000 0018 0000 0018 0000 0018 0000 0018 0000 0018 0000 0018 0000 0018 0000 0018 0000 015E 0000 0018 0000 0018 0000 0018 0000 0018 0000 0018 0000 0018 0000 0018 0000 0018 0000 015E 0000 0018 0000 0018 0000 0018 0000 0018 0000 0018 0000 0018 0000 0018 0000 0018 0000 0018 0000 0018 0000 0018 0000 0018 0000 0018 0000 0018 0000 0018 0000 0B7B
Stereo Movie	0000 0068 0000 005B 0000 0018 0000 0018 0000 0018 0000 0018 0000 0018 0000 0018 0000 0018 0000 0018 0000 0018 0000 0018 0000 0018 0000 0018 0000 0018 0000 0018 0000 0018 0000 0409 0000 0018 0000 0018 0000 0018 0000 0018 0000 0018 0000 0018 0000 0018 0000 0018 0000 0018 0000 0018 0000 0018 0000 0018 0000 0018 0000 0018 0000 0018 0000 0409 0000 0018 0000 0018 0000 0018 0000 0018 0000 0018 0000 0018 0000 0018 0000 0018 0000 0018 0000 0018 0000 0018 0000 0018 0000 0018 0000 0018 0000 0018 0000 0409 0000 0018 0000 0018 0000 0018 0000 0018 0000 0018 0000 0018 0000 0018 0000 0018 0000 0145 0000 0018 0000 0018 0000 0018 0000 0018 0000 0018 0000 0018 0000 0018 0000 0018 0000 0145 0000 0018 0000 0018 0000 0018 0000 0018 0000 0018 0000 0018 0000 0018 0000 0018 0000 0145 0000 0018 0000 0018 0000 0018 0000 0018 0000 0018 0000 0018 0000 0018 0000 0018 0000 0018 0000 0018 0000 0018 0000 0018 0000 0018 0000 0018 0000 0018 0000 0BC1
Headphone	0000 0068 0000 005B 0000 0018 0000 0018 0000 0018 0000 0018 0000 0018 0000 0018 0000 0018 0000 0018 0000 0018 0000 0018 0000 0018 0000 0018 0000 0018 0000 0018 0000 0018 0000 040A 0000 0018 0000 0018 0000 0018 0000 0018 0000 0018 0000 0018 0000 0018 0000 0018 0000 0018 0000 0018 0000 0018 0000 0018 0000 0018 0000 0018 0000 0018 0000 040A 0000 0018 0000 0018 0000 0018 0000 0018 0000 0018 0000 0018 0000 0018 0000 0018 0000 0018 0000 0018 0000 0018 0000 0018 0000 0018 0000 0018 0000 0018 0000 040A 0000 0018 0000 0018 0000 0018 0000 0018 0000 0018 0000 0018 0000 0018 0000 0018 0000 015D 0000 0018 0000 0018 0000 0018 0000 0018 0000 0018 0000 0018 0000 0018 0000 0018 0000 015D 0000 0018 0000 0018 0000 0018 0000 0018 0000 0018 0000 0018 0000 0018 0000 0018 0000 015D 0000 0018 0000 0018 0000 0018 0000 0018 0000 0018 0000 0018 0000 0018 0000 0018 0000 0018 0000 0018 0000 0018 0000 0018 0000 0018 0000 0018 0000 0018 0000 0B81
V Multi Dimens	0000 0067 0000 005B 0000 001A 0000 001A 0000 001A 0000 001A 0000 001A 0000 001A 0000 001A 0000 001A 0000 001A 0000 001A 0000 001A 0000 001A 0000 001A 0000 001A 0000 001A 0000 040D 0000 001A 0000 001A 0000 001A 0000 001A 0000 001A 0000 001A 0000 001A 0000 001A 0000 001A 0000 001A 0000 001A 0000 001A 0000 001A 0000 001A 0000 001A 0000 040D 0000 001A 0000 001A 0000 001A 0000 001A 0000 001A 0000 001A 0000 001A 0000 001A 0000 001A 0000 001A 0000 001A 0000 001A 0000 001A 0000 001A 0000 001A 0000 040D 0000 001A 0000 001A 0000 001A 0000 001A 0000 001A 0000 001A 0000 001A 0000 001A 0000 015E 0000 001A 0000 001A 0000 001A 0000 001A 0000 001A 0000 001A 0000 001A 0000 001A 0000 015E 0000 001A 0000 001A 0000 001A 0000 001A 0000 001A 0000 001A 0000 001A 0000 001A 0000 015E 0000 001A 0000 001A 0000 001A 0000 001A 0000 001A 0000 001A 0000 001A 0000 001A 0000 001A 0000 001A 0000 001A 0000 001A 0000 001A 0000 001A 0000 001A 0000 0ADB
V Multi Rear	0000 0067 0000 005B 0000 0018 0000 0018 0000 0018 0000 0018 0000 0018 0000 0018 0000 0018 0000 0018 0000 0018 0000 0018 0000 0018 0000 0018 0000 0018 0000 0018 0000 0018 0000 040A 0000 0018 0000 0018 0000 0018 0000 0018 0000 0018 0000 0018 0000 0018 0000 0018 0000 0018 0000 0018 0000 0018 0000 0018 0000 0018 0000 0018 0000 0018 0000 040A 0000 0018 0000 0018 0000 0018 0000 0018 0000 0018 0000 0018 0000 0018 0000 0018 0000 0018 0000 0018 0000 0018 0000 0018 0000 0018 0000 0018 0000 0018 0000 040A 0000 0018 0000 0018 0000 0018 0000 0018 0000 0018 0000 0018 0000 0018 0000 0018 0000 0145 0000 0018 0000 0018 0000 0018 0000 0018 0000 0018 0000 0018 0000 0018 0000 0018 0000 0145 0000 0018 0000 0018 0000 0018 0000 0018 0000 0018 0000 0018 0000 0018 0000 0018 0000 0145 0000 0018 0000 0018 0000 0018 0000 0018 0000 0018 0000 0018 0000 0018 0000 0018 0000 0018 0000 0018 0000 0018 0000 0018 0000 0018 0000 0018 0000 0018 0000 0BC1
V Semi M Dimens	0000 0067 0000 005B 0000 0018 0000 0018 0000 0018 0000 0018 0000 0018 0000 0018 0000 0018 0000 0018 0000 0018 0000 0018 0000 0018 0000 0018 0000 0018 0000 0018 0000 0018 0000 040A 0000 0018 0000 0018 0000 0018 0000 0018 0000 0018 0000 0018 0000 0018 0000 0018 0000 0018 0000 0018 0000 0018 0000 0018 0000 0018 0000 0018 0000 0018 0000 040A 0000 0018 0000 0018 0000 0018 0000 0018 0000 0018 0000 0018 0000 0018 0000 0018 0000 0018 0000 0018 0000 0018 0000 0018 0000 0018 0000 0018 0000 0018 0000 040A 0000 0018 0000 0018 0000 0018 0000 0018 0000 0018 0000 0018 0000 0018 0000 0018 0000 0145 0000 0018 0000 0018 0000 0018 0000 0018 0000 0018 0000 0018 0000 0018 0000 0018 0000 0145 0000 0018 0000 0018 0000 0018 0000 0018 0000 0018 0000 0018 0000 0018 0000 0018 0000 018D 0000 0018 0000 0018 0000 0018 0000 0018 0000 0018 0000 0018 0000 0018 0000 0018 0000 0018 0000 0018 0000 0018 0000 0018 0000 0018 0000 0018 0000 0018 0000 11E1
V Enhanced A	0000 0067 0000 005B 0000 001A 0000 001A 0000 001A 0000 001A 0000 001A 0000 001A 0000 001A 0000 001A 0000 001A 0000 001A 0000 001A 0000 001A 0000 001A 0000 001A 0000 001A 0000 040A 0000 001A 0000 001A 0000 001A 0000 001A 0000 001A 0000 001A 0000 001A 0000 001A 0000 001A 0000 001A 0000 001A 0000 001A 0000 001A 0000 001A 0000 001A 0000 040A 0000 001A 0000 001A 0000 001A 0000 001A 0000 001A 0000 001A 0000 001A 0000 001A 0000 001A 0000 001A 0000 001A 0000 001A 0000 001A 0000 001A 0000 001A 0000 040A 0000 001A 0000 001A 0000 001A 0000 001A 0000 001A 0000 001A 0000 001A 0000 001A 0000 0145 0000 001A 0000 001A 0000 001A 0000 001A 0000 001A 0000 001A 0000 001A 0000 001A 0000 0145 0000 001A 0000 001A 0000 001A 0000 001A 0000 001A 0000 001A 0000 001A 0000 001A 0000 0145 0000 001A 0000 001A 0000 001A 0000 001A 0000 001A 0000 001A 0000 001A 0000 001A 0000 001A 0000 001A 0000 001A 0000 001A 0000 001A 0000 001A 0000 001A 0000 0B21
V Enhanced B	0000 0067 0000 005B 0000 0018 0000 0018 0000 0018 0000 0018 0000 0018 0000 0018 0000 0018 0000 0018 0000 0018 0000 0018 0000 0018 0000 0018 0000 0018 0000 0018 0000 0018 0000 040A 0000 0018 0000 0018 0000 0018 0000 0018 0000 0018 0000 0018 0000 0018 0000 0018 0000 0018 0000 0018 0000 0018 0000 0018 0000 0018 0000 0018 0000 0018 0000 040A 0000 0018 0000 0018 0000 0018 0000 0018 0000 0018 0000 0018 0000 0018 0000 0018 0000 0018 0000 0018 0000 0018 0000 0018 0000 0018 0000 0018 0000 0018 0000 040A 0000 0018 0000 0018 0000 0018 0000 0018 0000 0018 0000 0018 0000 0018 0000 0018 0000 0145 0000 0018 0000 0018 0000 0018 0000 0018 0000 0018 0000 0018 0000 0018 0000 0018 0000 0145 0000 0018 0000 0018 0000 0018 0000 0018 0000 0018 0000 0018 0000 0018 0000 0018 0000 0145 0000 0018 0000 0018 0000 0018 0000 0018 0000 0018 0000 0018 0000 0018 0000 0018 0000 0018 0000 0018 0000 0018 0000 0018 0000 0018 0000 0018 0000 0018 0000 0BC1
Small Hall	0000 0067 0000 005B 0000 0018 0000 0018 0000 0018 0000 0018 0000 0018 0000 0018 0000 0018 0000 0018 0000 0018 0000 0018 0000 0018 0000 0018 0000 0018 0000 0018 0000 0018 0000 040A 0000 0018 0000 0018 0000 0018 0000 0018 0000 0018 0000 0018 0000 0018 0000 0018 0000 0018 0000 0018 0000 0018 0000 0018 0000 0018 0000 0018 0000 0018 0000 040A 0000 0018 0000 0018 0000 0018 0000 0018 0000 0018 0000 0018 0000 0018 0000 0018 0000 0018 0000 0018 0000 0018 0000 0018 0000 0018 0000 0018 0000 0018 0000 040A 0000 0018 0000 0018 0000 0018 0000 0018 0000 0018 0000 0018 0000 0018 0000 0018 0000 015D 0000 0018 0000 0018 0000 0018 0000 0018 0000 0018 0000 0018 0000 0018 0000 0018 0000 015D 0000 0018 0000 0018 0000 0018 0000 0018 0000 0018 0000 0018 0000 0018 0000 0018 0000 015D 0000 0018 0000 0018 0000 0018 0000 0018 0000 0018 0000 0018 0000 0018 0000 0018 0000 0018 0000 0018 0000 0018 0000 0018 0000 0018 0000 0018 0000 0018 0000 0B81
Large Hall	0000 0067 0000 005B 0000 0018 0000 0018 0000 0018 0000 0018 0000 0018 0000 0018 0000 0018 0000 0018 0000 0018 0000 0018 0000 0018 0000 0018 0000 0018 0000 0018 0000 0018 0000 040A 0000 0018 0000 0018 0000 0018 0000 0018 0000 0018 0000 0018 0000 0018 0000 0018 0000 0018 0000 0018 0000 0018 0000 0018 0000 0018 0000 0018 0000 0018 0000 040A 0000 0018 0000 0018 0000 0018 0000 0018 0000 0018 0000 0018 0000 0018 0000 0018 0000 0018 0000 0018 0000 0018 0000 0018 0000 0018 0000 0018 0000 0018 0000 040A 0000 0018 0000 0018 0000 0018 0000 0018 0000 0018 0000 0018 0000 0018 0000 0018 0000 0145 0000 0018 0000 0018 0000 0018 0000 0018 0000 0018 0000 0018 0000 0018 0000 0018 0000 0145 0000 0018 0000 0018 0000 0018 0000 0018 0000 0018 0000 0018 0000 0018 0000 0018 0000 0145 0000 0018 0000 0018 0000 0018 0000 0018 0000 0018 0000 0018 0000 0018 0000 0018 0000 0018 0000 0018 0000 0018 0000 0018 0000 0018 0000 0018 0000 0018 0000 0BC1
Opera House	0000 0067 0000 005B 0000 0018 0000 0018 0000 0018 0000 0018 0000 0018 0000 0018 0000 0018 0000 0018 0000 0018 0000 0018 0000 0018 0000 0018 0000 0018 0000 0018 0000 0018 0000 040A 0000 0018 0000 0018 0000 0018 0000 0018 0000 0018 0000 0018 0000 0018 0000 0018 0000 0018 0000 0018 0000 0018 0000 0018 0000 0018 0000 0018 0000 0018 0000 040A 0000 0018 0000 0018 0000 0018 0000 0018 0000 0018 0000 0018 0000 0018 0000 0018 0000 0018 0000 0018 0000 0018 0000 0018 0000 0018 0000 0018 0000 0018 0000 040A 0000 0018 0000 0018 0000 0018 0000 0018 0000 0018 0000 0018 0000 0018 0000 0018 0000 015D 0000 0018 0000 0018 0000 0018 0000 0018 0000 0018 0000 0018 0000 0018 0000 0018 0000 015D 0000 0018 0000 0018 0000 0018 0000 0018 0000 0018 0000 0018 0000 0018 0000 0018 0000 015D 0000 0018 0000 0018 0000 0018 0000 0018 0000 0018 0000 0018 0000 0018 0000 0018 0000 0018 0000 0018 0000 0018 0000 0018 0000 0018 0000 0018 0000 0018 0000 0B81
Jazz Club	0000 0067 0000 005B 0000 0018 0000 0018 0000 0018 0000 0018 0000 0018 0000 0018 0000 0018 0000 0018 0000 0018 0000 0018 0000 0018 0000 0018 0000 0018 0000 0018 0000 0018 0000 040B 0000 0018 0000 0018 0000 0018 0000 0018 0000 0018 0000 0018 0000 0018 0000 0018 0000 0018 0000 0018 0000 0018 0000 0018 0000 0018 0000 0018 0000 0018 0000 040B 0000 0018 0000 0018 0000 0018 0000 0018 0000 0018 0000 0018 0000 0018 0000 0018 0000 0018 0000 0018 0000 0018 0000 0018 0000 0018 0000 0018 0000 0018 0000 040B 0000 0018 0000 0018 0000 0018 0000 0018 0000 0018 0000 0018 0000 0018 0000 0018 0000 015D 0000 0018 0000 0018 0000 0018 0000 0018 0000 0018 0000 0018 0000 0018 0000 0018 0000 015D 0000 0018 0000 0018 0000 0018 0000 0018 0000 0018 0000 0018 0000 0018 0000 0018 0000 015D 0000 0018 0000 0018 0000 0018 0000 0018 0000 0018 0000 0018 0000 0018 0000 0018 0000 0018 0000 0018 0000 0018 0000 0018 0000 0018 0000 0018 0000 0018 0000 0B81
Disco/Club	0000 0067 0000 005B 0000 0018 0000 0018 0000 0018 0000 0018 0000 0018 0000 0018 0000 0018 0000 0018 0000 0018 0000 0018 0000 0018 0000 0018 0000 0018 0000 0018 0000 0018 0000 040B 0000 0018 0000 0018 0000 0018 0000 0018 0000 0018 0000 0018 0000 0018 0000 0018 0000 0018 0000 0018 0000 0018 0000 0018 0000 0018 0000 0018 0000 0018 0000 040B 0000 0018 0000 0018 0000 0018 0000 0018 0000 0018 0000 0018 0000 0018 0000 0018 0000 0018 0000 0018 0000 0018 0000 0018 0000 0018 0000 0018 0000 0018 0000 040B 0000 0018 0000 0018 0000 0018 0000 0018 0000 0018 0000 0018 0000 0018 0000 0018 0000 0145 0000 0018 0000 0018 0000 0018 0000 0018 0000 0018 0000 0018 0000 0018 0000 0018 0000 0145 0000 0018 0000 0018 0000 0018 0000 0018 0000 0018 0000 0018 0000 0018 0000 0018 0000 0145 0000 0018 0000 0018 0000 0018 0000 0018 0000 0018 0000 0018 0000 0018 0000 0018 0000 0018 0000 0018 0000 0018 0000 0018 0000 0018 0000 0018 0000 0018 0000 0BDB
Church	0000 0067 0000 005B 0000 0018 0000 0018 0000 0018 0000 0018 0000 0018 0000 0018 0000 0018 0000 0018 0000 0018 0000 0018 0000 0018 0000 0018 0000 0018 0000 0018 0000 0018 0000 040A 0000 0018 0000 0018 0000 0018 0000 0018 0000 0018 0000 0018 0000 0018 0000 0018 0000 0018 0000 0018 0000 0018 0000 0018 0000 0018 0000 0018 0000 0018 0000 040A 0000 0018 0000 0018 0000 0018 0000 0018 0000 0018 0000 0018 0000 0018 0000 0018 0000 0018 0000 0018 0000 0018 0000 0018 0000 0018 0000 0018 0000 0018 0000 040A 0000 0018 0000 0018 0000 0018 0000 0018 0000 0018 0000 0018 0000 0018 0000 0018 0000 0145 0000 0018 0000 0018 0000 0018 0000 0018 0000 0018 0000 0018 0000 0018 0000 0018 0000 0145 0000 0018 0000 0018 0000 0018 0000 0018 0000 0018 0000 0018 0000 0018 0000 0018 0000 0145 0000 0018 0000 0018 0000 0018 0000 0018 0000 0018 0000 0018 0000 0018 0000 0018 0000 0018 0000 0018 0000 0018 0000 0018 0000 0018 0000 0018 0000 0018 0000 0BC1
Live House	0000 0067 0000 005B 0000 0018 0000 0018 0000 0018 0000 0018 0000 0018 0000 0018 0000 0018 0000 0018 0000 0018 0000 0018 0000 0018 0000 0018 0000 0018 0000 0018 0000 0018 0000 0409 0000 0018 0000 0018 0000 0018 0000 0018 0000 0018 0000 0018 0000 0018 0000 0018 0000 0018 0000 0018 0000 0018 0000 0018 0000 0018 0000 0018 0000 0018 0000 0409 0000 0018 0000 0018 0000 0018 0000 0018 0000 0018 0000 0018 0000 0018 0000 0018 0000 0018 0000 0018 0000 0018 0000 0018 0000 0018 0000 0018 0000 0018 0000 0409 0000 0018 0000 0018 0000 0018 0000 0018 0000 0018 0000 0018 0000 0018 0000 0018 0000 015D 0000 0018 0000 0018 0000 0018 0000 0018 0000 0018 0000 0018 0000 0018 0000 0018 0000 015D 0000 0018 0000 0018 0000 0018 0000 0018 0000 0018 0000 0018 0000 0018 0000 0018 0000 015D 0000 0018 0000 0018 0000 0018 0000 0018 0000 0018 0000 0018 0000 0018 0000 0018 0000 0018 0000 0018 0000 0018 0000 0018 0000 0018 0000 0018 0000 0018 0000 0B81
Arena	0000 0068 0000 005B 0000 0018 0000 0018 0000 0018 0000 0018 0000 0018 0000 0018 0000 0018 0000 0018 0000 0018 0000 0018 0000 0018 0000 0018 0000 0018 0000 0018 0000 0018 0000 040A 0000 0018 0000 0018 0000 0018 0000 0018 0000 0018 0000 0018 0000 0018 0000 0018 0000 0018 0000 0018 0000 0018 0000 0018 0000 0018 0000 0018 0000 0018 0000 040A 0000 0018 0000 0018 0000 0018 0000 0018 0000 0018 0000 0018 0000 0018 0000 0018 0000 0018 0000 0018 0000 0018 0000 0018 0000 0018 0000 0018 0000 0018 0000 040A 0000 0018 0000 0018 0000 0018 0000 0018 0000 0018 0000 0018 0000 0018 0000 0018 0000 015D 0000 0018 0000 0018 0000 0018 0000 0018 0000 0018 0000 0018 0000 0018 0000 0018 0000 015D 0000 0018 0000 0018 0000 0018 0000 0018 0000 0018 0000 0018 0000 0018 0000 0018 0000 015D 0000 0018 0000 0018 0000 0018 0000 0018 0000 0018 0000 0018 0000 0018 0000 0018 0000 0018 0000 0018 0000 0018 0000 0018 0000 0018 0000 0018 0000 0018 0000 0B81
Stadium	0000 0067 0000 005B 0000 0018 0000 0018 0000 0018 0000 0018 0000 0018 0000 0018 0000 0018 0000 0018 0000 0018 0000 0018 0000 0018 0000 0018 0000 0018 0000 0018 0000 0018 0000 040A 0000 0018 0000 0018 0000 0018 0000 0018 0000 0018 0000 0018 0000 0018 0000 0018 0000 0018 0000 0018 0000 0018 0000 0018 0000 0018 0000 0018 0000 0018 0000 040A 0000 0018 0000 0018 0000 0018 0000 0018 0000 0018 0000 0018 0000 0018 0000 0018 0000 0018 0000 0018 0000 0018 0000 0018 0000 0018 0000 0018 0000 0018 0000 040A 0000 0018 0000 0018 0000 0018 0000 0018 0000 0018 0000 0018 0000 0018 0000 0018 0000 0145 0000 0018 0000 0018 0000 0018 0000 0018 0000 0018 0000 0018 0000 0018 0000 0018 0000 0145 0000 0018 0000 0018 0000 0018 0000 0018 0000 0018 0000 0018 0000 0018 0000 0018 0000 0145 0000 0018 0000 0018 0000 0018 0000 0018 0000 0018 0000 0018 0000 0018 0000 0018 0000 0018 0000 0018 0000 0018 0000 0018 0000 0018 0000 0018 0000 0018 0000 0BC1
Game	0000 0067 0000 005B 0000 0018 0000 0018 0000 0018 0000 0018 0000 0018 0000 0018 0000 0018 0000 0018 0000 0018 0000 0018 0000 0018 0000 0018 0000 0018 0000 0018 0000 0018 0000 040A 0000 0018 0000 0018 0000 0018 0000 0018 0000 0018 0000 0018 0000 0018 0000 0018 0000 0018 0000 0018 0000 0018 0000 0018 0000 0018 0000 0018 0000 0018 0000 040A 0000 0018 0000 0018 0000 0018 0000 0018 0000 0018 0000 0018 0000 0018 0000 0018 0000 0018 0000 0018 0000 0018 0000 0018 0000 0018 0000 0018 0000 0018 0000 040A 0000 0018 0000 0018 0000 0018 0000 0018 0000 0018 0000 0018 0000 0018 0000 0018 0000 015D 0000 0018 0000 0018 0000 0018 0000 0018 0000 0018 0000 0018 0000 0018 0000 0018 0000 015D 0000 0018 0000 0018 0000 0018 0000 0018 0000 0018 0000 0018 0000 0018 0000 0018 0000 015D 0000 0018 0000 0018 0000 0018 0000 0018 0000 0018 0000 0018 0000 0018 0000 0018 0000 0018 0000 0018 0000 0018 0000 0018 0000 0018 0000 0018 0000 0018 0000 0B81
Left T	0000 0068 0000 0052 0000 0018 0000 0018 0000 0018 0000 0018 0000 0018 0000 0018 0000 0018 0000 0018 0000 0018 0000 0018 0000 0018 0000 0018 0000 0018 0000 0018 0000 0018 0000 040C 0000 0018 0000 0018 0000 0018 0000 0018 0000 0018 0000 0018 0000 0018 0000 0018 0000 0018 0000 0018 0000 0018 0000 0018 0000 0018 0000 0018 0000 0018 0000 040C 0000 0018 0000 0018 0000 0018 0000 0018 0000 0018 0000 0018 0000 0018 0000 0018 0000 0018 0000 0018 0000 0018 0000 0018 0000 0018 0000 0018 0000 0018 0000 040C 0000 0018 0000 0018 0000 0018 0000 0018 0000 0018 0000 0018 0000 0018 0000 0018 0000 0176 0000 0018 0000 0018 0000 0018 0000 0018 0000 0018 0000 0018 0000 0018 0000 0018 0000 0145 0000 0018 0000 0018 0000 0018 0000 0018 0000 0018 0000 0018 0000 0018 0000 0018 0000 0018 0000 0018 0000 0018 0000 0018 0000 0018 0000 0018 0000 0018 0000 0DA7
Right T	0000 0068 0000 000D 0000 0018 0000 0018 0000 0018 0000 0018 0000 0018 0000 0018 0000 0018 0000 0018 0000 0018 0000 0018 0000 0018 0000 0018 0000 03DB
Pause	0000 0068 0000 000D 0000 0018 0000 0018 0000 0018 0000 0018 0000 0018 0000 0018 0000 0018 0000 0018 0000 0018 0000 0018 0000 0018 0000 0018 0000 03DC
Stop	0000 0068 0000 000D 0000 0018 0000 0018 0000 0018 0000 0018 0000 0018 0000 0018 0000 0018 0000 0018 0000 0018 0000 0018 0000 0018 0000 0018 0000 03F4
R Trk	0000 0068 0000 000D 0000 0018 0000 0018 0000 0018 0000 0018 0000 0018 0000 0018 0000 0018 0000 0018 0000 0018 0000 0018 0000 0018 0000 0018 0000 03AC
F Trk	0000 0068 0000 000D 0000 0018 0000 0018 0000 0018 0000 0018 0000 0018 0000 0018 0000 0018 0000 0018 0000 0018 0000 0018 0000 0018 0000 0018 0000 03C5
Rew	0000 0068 0000 000D 0000 0018 0000 0018 0000 0018 0000 0018 0000 0018 0000 0018 0000 0018 0000 0018 0000 0018 0000 0018 0000 0018 0000 0018 0000 03C5
Ffwd	0000 0068 0000 000D 0000 0018 0000 0018 0000 0018 0000 0018 0000 0018 0000 0018 0000 0018 0000 0018 0000 0018 0000 0018 0000 0018 0000 0018 0000 03DB
Ch-	0000 0068 0000 000D 0000 0018 0000 0018 0000 0018 0000 0018 0000 0018 0000 0018 0000 0018 0000 0018 0000 0018 0000 0018 0000 0018 0000 0018 0000 03F6 0000 0018 0000 0018 0000 0018 0000 0018 0000 0018 0000 0018 0000 0018 0000 0018 0000 0018 0000 0018 0000 0018 0000 0018 0000 03F6 0000 0018 0000 0018 0000 0018 0000 0018 0000 0018 0000 0018 0000 0018 0000 0018 0000 0018 0000 0018 0000 0018 0000 0018 0000 119A 0000 0018 0000 0018 0000 0018 0000 0018 0000 0018 0000 0018 0000 0018 0000 0018 0000 0018 0000 0018 0000 0018 0000 0018 0000 03F6
Ch+	0000 0068 0000 000D 0000 0018 0000 0018 0000 0018 0000 0018 0000 0018 0000 0018 0000 0018 0000 0018 0000 0018 0000 0018 0000 0018 0000 0018 0000 040C
Bass Boost	0000 0068 0000 0010 0000 0018 0000 0018 0000 0018 0000 0018 0000 0018 0000 0018 0000 0018 0000 0018 0000 0018 0000 0018 0000 0018 0000 0018 0000 0018 0000 0018 0000 0018 0000 034B
Muting	0000 0067 0000 000D 0000 0018 0000 0018 0000 0018 0000 0018 0000 0018 0000 0018 0000 0018 0000 0018 0000 0018 0000 0018 0000 0018 0000 0018 0000 041C
Master Vol+	0000 0068 0000 000D 0000 0018 0000 0018 0000 0018 0000 0018 0000 0018 0000 0018 0000 0018 0000 0018 0000 0018 0000 0018 0000 0018 0000 0018 0000 0423
Master Vol-	0000 0068 0000 000D 0000 0018 0000 0018 0000 0018 0000 0018 0000 0018 0000 0018 0000 0018 0000 0018 0000 0018 0000 0018 0000 0018 0000 0018 0000 040C
Menu	0000 0068 0000 000D 0000 0018 0000 0018 0000 0018 0000 0018 0000 0018 0000 0018 0000 0018 0000 0018 0000 0018 0000 0018 0000 0018 0000 0018 0000 03C3
On Screen	0000 0068 0000 000D 0000 0018 0000 0018 0000 0018 0000 0018 0000 0018 0000 0018 0000 0018 0000 0018 0000 0018 0000 0018 0000 0018 0000 0018 0000 03C2
1	0000 0068 0000 000D 0000 0018 0000 0018 0000 0018 0000 0018 0000 0018 0000 0018 0000 0018 0000 0018 0000 0018 0000 0018 0000 0018 0000 0018 0000 0424
2	0000 0068 0000 000D 0000 0018 0000 0018 0000 0018 0000 0018 0000 0018 0000 0018 0000 0018 0000 0018 0000 0018 0000 0018 0000 0018 0000 0018 0000 040B
3	0000 0068 0000 000D 0000 0018 0000 0018 0000 0018 0000 0018 0000 0018 0000 0018 0000 0018 0000 0018 0000 0018 0000 0018 0000 0018 0000 0018 0000 040B
4	0000 0068 0000 000D 0000 0018 0000 0018 0000 0018 0000 0018 0000 0018 0000 0018 0000 0018 0000 0018 0000 0018 0000 0018 0000 0018 0000 0018 0000 03F3
5	0000 0067 0000 000D 0000 0018 0000 0018 0000 0018 0000 0018 0000 0018 0000 0018 0000 0018 0000 0018 0000 0018 0000 0018 0000 0018 0000 0018 0000 040D
6	0000 0068 0000 000D 0000 0018 0000 0018 0000 0018 0000 0018 0000 0018 0000 0018 0000 0018 0000 0018 0000 0018 0000 0018 0000 0018 0000 0018 0000 03F3
7	0000 0068 0000 000D 0000 0018 0000 0018 0000 0018 0000 0018 0000 0018 0000 0018 0000 0018 0000 0018 0000 0018 0000 0018 0000 0018 0000 0018 0000 03F3
8	0000 0068 0000 000D 0000 0018 0000 0018 0000 0018 0000 0018 0000 0018 0000 0018 0000 0018 0000 0018 0000 0018 0000 0018 0000 0018 0000 0018 0000 03DB
9	0000 0068 0000 0027 0000 0018 0000 0018 0000 0018 0000 0018 0000 0018 0000 0018 0000 0018 0000 0018 0000 0018 0000 0018 0000 0018 0000 0018 0000 040D 0000 0018 0000 0018 0000 0018 0000 0018 0000 0018 0000 0018 0000 0018 0000 0018 0000 0018 0000 0018 0000 0018 0000 0018 0000 040D 0000 0018 0000 0018 0000 0018 0000 0018 0000 0018 0000 0018 0000 0018 0000 0018 0000 0014 0000 0018 0000 0018 0000 0018 0000 1221
0	0000 0068 0000 000D 0000 0018 0000 0018 0000 0018 0000 0018 0000 0018 0000 0018 0000 0018 0000 0018 0000 0018 0000 0018 0000 0018 0000 0018 0000 03F2
Great 10	0000 0068 0000 000D 0000 0018 0000 0018 0000 0018 0000 0018 0000 0018 0000 0018 0000 0018 0000 0018 0000 0018 0000 0018 0000 0018 0000 0018 0000 03F5
Enter	0000 0068 0000 000D 0000 0018 0000 0018 0000 0018 0000 0018 0000 0018 0000 0018 0000 0018 0000 0018 0000 0018 0000 0018 0000 0018 0000 0018 0000 03DC
Rear+	0000 0068 0000 0010 0000 0018 0000 0018 0000 0018 0000 0018 0000 0018 0000 0018 0000 0018 0000 0018 0000 0018 0000 0018 0000 0018 0000 0018 0000 0018 0000 0018 0000 0018 0000 034A
Rear-	0000 0068 0000 0010 0000 0018 0000 0018 0000 0018 0000 0018 0000 0018 0000 0018 0000 0018 0000 0018 0000 0018 0000 0018 0000 0018 0000 0018 0000 0018 0000 0018 0000 0018 0000 0334
Center+	0000 0068 0000 0010 0000 0018 0000 0018 0000 0018 0000 0018 0000 0018 0000 0018 0000 0018 0000 0018 0000 0018 0000 0018 0000 0018 0000 0018 0000 0018 0000 0018 0000 0018 0000 0363
Center-	0000 0068 0000 0010 0000 0018 0000 0018 0000 0018 0000 0018 0000 0018 0000 0018 0000 0018 0000 0018 0000 0018 0000 0018 0000 0018 0000 0018 0000 0018 0000 0018 0000 0018 0000 034C
Test Tone	0000 0068 0000 0010 0000 0018 0000 0018 0000 0018 0000 0018 0000 0018 0000 0018 0000 0018 0000 0018 0000 0018 0000 0018 0000 0018 0000 0018 0000 0018 0000 0018 0000 0018 0000 0362
EQ/Tone	0000 0068 0000 0010 0000 0018 0000 0018 0000 0018 0000 0018 0000 0018 0000 0018 0000 0018 0000 0018 0000 0018 0000 0018 0000 0018 0000 0018 0000 0018 0000 0018 0000 0018 0000 0362
Cursor Mode	0000 0068 0000 0010 0000 0018 0000 0018 0000 0018 0000 0018 0000 0018 0000 0018 0000 0018 0000 0018 0000 0018 0000 0018 0000 0018 0000 0018 0000 0018 0000 0018 0000 0018 0000 031A
Sleep	0000 0068 0000 000D 0000 0018 0000 0018 0000 0018 0000 0018 0000 0018 0000 0018 0000 0018 0000 0018 0000 0018 0000 0018 0000 0018 0000 0018 0000 0420
Up	0000 0068 0000 0010 0000 0018 0000 0018 0000 0018 0000 0018 0000 0018 0000 0018 0000 0018 0000 0018 0000 0018 0000 0018 0000 0018 0000 0018 0000 0018 0000 0018 0000 0018 0000 034C
Left	0000 0068 0000 0010 0000 0018 0000 0018 0000 0018 0000 0018 0000 0018 0000 0018 0000 0018 0000 0018 0000 0018 0000 0018 0000 0018 0000 0018 0000 0018 0000 0018 0000 0018 0000 0332
Right	0000 0068 0000 0010 0000 0018 0000 0018 0000 0018 0000 0018 0000 0018 0000 0018 0000 0018 0000 0018 0000 0018 0000 0018 0000 0018 0000 0018 0000 0018 0000 0018 0000 0018 0000 031B
D0wn	0000 0068 0000 0010 0000 001A 0000 001A 0000 001A 0000 001A 0000 001A 0000 001A 0000 001A 0000 001A 0000 001A 0000 001A 0000 001A 0000 001A 0000 001A 0000 001A 0000 001A 0000 0333
Execute	0000 0068 0000 000D 0000 0018 0000 0018 0000 0018 0000 0018 0000 0018 0000 0018 0000 0018 0000 0018 0000 0018 0000 0018 0000 0018 0000 0018 0000 03DA
Reco V1	0000 0068 0000 000D 0000 0018 0000 0018 0000 0018 0000 0018 0000 0018 0000 0018 0000 0018 0000 0018 0000 0018 0000 0018 0000 0018 0000 0018 0000 03C6
Displ V1	0000 0068 0000 000D 0000 0018 0000 0018 0000 0018 0000 0018 0000 0018 0000 0018 0000 0018 0000 0018 0000 0018 0000 0018 0000 0018 0000 0018 0000 03C4
Input Sele V1	0000 0068 0000 000D 0000 0018 0000 0018 0000 0018 0000 0018 0000 0018 0000 0018 0000 0018 0000 0018 0000 0018 0000 0018 0000 0018 0000 0018 0000 03AC
Ant TV/V V1	0000 0068 0000 000D 0000 0018 0000 0018 0000 0018 0000 0018 0000 0018 0000 0018 0000 0018 0000 0018 0000 0018 0000 0018 0000 0018 0000 0018 0000 03DC
SP/ V1	0000 0068 0000 000D 0000 0018 0000 0018 0000 0018 0000 0018 0000 0018 0000 0018 0000 0018 0000 0018 0000 0018 0000 0018 0000 0018 0000 0018 0000 03DC
Reco V2	0000 0068 0000 000D 0000 0018 0000 0018 0000 0018 0000 0018 0000 0018 0000 0018 0000 0018 0000 0018 0000 0018 0000 0018 0000 0018 0000 0018 0000 03F5
Displ V2	0000 0068 0000 000D 0000 0018 0000 0018 0000 0018 0000 0018 0000 0018 0000 0018 0000 0018 0000 0018 0000 0018 0000 0018 0000 0018 0000 0018 0000 03F4
Input Sele V2	0000 0068 0000 000D 0000 0018 0000 0018 0000 0018 0000 0018 0000 0018 0000 0018 0000 0018 0000 0018 0000 0018 0000 0018 0000 0018 0000 0018 0000 03DA
Ant TV/V V2	0000 0068 0000 000D 0000 0018 0000 0018 0000 0018 0000 0018 0000 0018 0000 0018 0000 0018 0000 0018 0000 0018 0000 0018 0000 0018 0000 0018 0000 040C
SP/ V2	0000 0068 0000 000D 0000 0018 0000 0018 0000 0018 0000 0018 0000 0018 0000 0018 0000 0018 0000 0018 0000 0018 0000 0018 0000 0018 0000 0018 0000 040D
Reco V3	0000 0068 0000 000D 0000 0018 0000 0018 0000 0018 0000 0018 0000 0018 0000 0018 0000 0018 0000 0018 0000 0018 0000 0018 0000 0018 0000 0018 0000 03C4
Displ V3	0000 0068 0000 000D 0000 0018 0000 0018 0000 0018 0000 0018 0000 0018 0000 0018 0000 0018 0000 0018 0000 0018 0000 0018 0000 0018 0000 0018 0000 03C3
Inp Select-V3	0000 0068 0000 000D 0000 0018 0000 0018 0000 0018 0000 0018 0000 0018 0000 0018 0000 0018 0000 0018 0000 0018 0000 0018 0000 0018 0000 0018 0000 03AD
Ant TV/V V3	0000 0068 0000 000D 0000 001A 0000 001A 0000 001A 0000 001A 0000 001A 0000 001A 0000 001A 0000 001A 0000 001A 0000 001A 0000 001A 0000 001A 0000 03DD
SP/ V3	0000 0068 0000 000D 0000 0018 0000 0018 0000 0018 0000 0018 0000 0018 0000 0018 0000 0018 0000 0018 0000 0018 0000 0018 0000 0018 0000 0018 0000 03DA
Displ DVD	0000 0068 0000 0015 0000 0018 0000 0018 0000 0018 0000 0018 0000 0018 0000 0018 0000 0018 0000 0018 0000 0018 0000 0018 0000 0018 0000 0018 0000 0018 0000 0018 0000 0018 0000 0018 0000 0018 0000 0018 0000 0018 0000 0018 0000 0213
Tit DVD	0000 0067 0000 0015 0000 0018 0000 0018 0000 0018 0000 0018 0000 0018 0000 0018 0000 0018 0000 0018 0000 0018 0000 0018 0000 0018 0000 0018 0000 0018 0000 0018 0000 0018 0000 0018 0000 0018 0000 0018 0000 0018 0000 0018 0000 0212
Set  DVD	0000 0068 0000 0015 0000 0018 0000 0018 0000 0018 0000 0018 0000 0018 0000 0018 0000 0018 0000 0018 0000 0018 0000 0018 0000 0018 0000 0018 0000 0018 0000 0018 0000 0018 0000 0018 0000 0018 0000 0018 0000 0018 0000 0018 0000 01FB
Subtit Change-DVD	0000 0068 0000 0015 0000 001A 0000 001A 0000 001A 0000 001A 0000 001A 0000 001A 0000 001A 0000 001A 0000 001A 0000 001A 0000 001A 0000 001A 0000 001A 0000 001A 0000 001A 0000 001A 0000 001A 0000 001A 0000 001A 0000 001A 0000 01FA
Subtit DVD	0000 0068 0000 0015 0000 001A 0000 001A 0000 001A 0000 001A 0000 001A 0000 001A 0000 001A 0000 001A 0000 001A 0000 001A 0000 001A 0000 001A 0000 001A 0000 001A 0000 001A 0000 001A 0000 001A 0000 001A 0000 001A 0000 001A 0000 0212
Audio Chan DVD	0000 0068 0000 0015 0000 0018 0000 0018 0000 0018 0000 0018 0000 0018 0000 0018 0000 0018 0000 0018 0000 0018 0000 0018 0000 0018 0000 0018 0000 0018 0000 0018 0000 0018 0000 0018 0000 0018 0000 0018 0000 0018 0000 0018 0000 0212
Search MO DVD	0000 0068 0000 0015 0000 0018 0000 0018 0000 0018 0000 0018 0000 0018 0000 0018 0000 0018 0000 0018 0000 0018 0000 0018 0000 0018 0000 0018 0000 0018 0000 0018 0000 0018 0000 0018 0000 0018 0000 0018 0000 0018 0000 0018 0000 01FA
Cle DVD	0000 0068 0000 0015 0000 0018 0000 0018 0000 0018 0000 0018 0000 0018 0000 0018 0000 0018 0000 0018 0000 0018 0000 0018 0000 0018 0000 0018 0000 0018 0000 0018 0000 0018 0000 0018 0000 0018 0000 0018 0000 0018 0000 0018 0000 01FA
Index+ DVD	0000 0068 0000 0015 0000 0018 0000 0018 0000 0018 0000 0018 0000 0018 0000 0018 0000 0018 0000 0018 0000 0018 0000 0018 0000 0018 0000 0018 0000 0018 0000 0018 0000 0018 0000 0018 0000 0018 0000 0018 0000 0018 0000 0018 0000 01FA
Ind  DVD	0000 0068 0000 0015 0000 0018 0000 0018 0000 0018 0000 0018 0000 0018 0000 0018 0000 0018 0000 0018 0000 0018 0000 0018 0000 0018 0000 0018 0000 0018 0000 0018 0000 0018 0000 0018 0000 0018 0000 0018 0000 0018 0000 0018 0000 0212
Muti TV/Sat	0000 0068 0000 000D 0000 0018 0000 0018 0000 0018 0000 0018 0000 0018 0000 0018 0000 0018 0000 0018 0000 0018 0000 0018 0000 0018 0000 0018 0000 0423
Vol+ TV/Sat	0000 0068 0000 000D 0000 0018 0000 0018 0000 0018 0000 0018 0000 0018 0000 0018 0000 0018 0000 0018 0000 0018 0000 0018 0000 0018 0000 0018 0000 0425
V  TV/Sat	0000 0068 0000 000D 0000 0018 0000 0018 0000 0018 0000 0018 0000 0018 0000 0018 0000 0018 0000 0018 0000 0018 0000 0018 0000 0018 0000 0018 0000 040D
JU TV/Sat	0000 0068 0000 000D 0000 0018 0000 0018 0000 0018 0000 0018 0000 0018 0000 0018 0000 0018 0000 0018 0000 0018 0000 0018 0000 0018 0000 0018 0000 03DB
Displ TV/Sat	0000 0068 0000 000D 0000 0018 0000 0018 0000 0018 0000 0018 0000 0018 0000 0018 0000 0018 0000 0018 0000 0018 0000 0018 0000 0018 0000 0018 0000 03F5
TV/V TV/Sat	0000 0068 0000 000D 0000 0018 0000 0018 0000 0018 0000 0018 0000 0018 0000 0018 0000 0018 0000 0018 0000 0018 0000 0018 0000 0018 0000 0018 0000 040D
P In TV/Sat	0000 0068 0000 000D 0000 0018 0000 0018 0000 0018 0000 0018 0000 0018 0000 0018 0000 0018 0000 0018 0000 0018 0000 0018 0000 0018 0000 0018 0000 03DB
Positi TV/Sat	0000 0068 0000 000D 0000 0018 0000 0018 0000 0018 0000 0018 0000 0018 0000 0018 0000 0018 0000 0018 0000 0018 0000 0018 0000 0018 0000 0018 0000 03DB
SW TV/Sat	0000 0068 0000 000D 0000 0018 0000 0018 0000 0018 0000 0018 0000 0018 0000 0018 0000 0018 0000 0018 0000 0018 0000 0018 0000 0018 0000 0018 0000 03C3
WI TV/Sat	0000 0068 0000 0010 0000 0018 0000 0018 0000 0018 0000 0018 0000 0018 0000 0018 0000 0018 0000 0018 0000 0018 0000 0018 0000 0018 0000 0018 0000 0018 0000 0018 0000 0018 0000 031D
S Ch+ TV/Sat	0000 0068 0000 000D 0000 0018 0000 0018 0000 0018 0000 0018 0000 0018 0000 0018 0000 0018 0000 0018 0000 0018 0000 0018 0000 0018 0000 0018 0000 0409
S Ch- TV/Sat	0000 0068 0000 000D 0000 0018 0000 0018 0000 0018 0000 0018 0000 0018 0000 0018 0000 0018 0000 0018 0000 0018 0000 0018 0000 0018 0000 0018 0000 03F5
A R Tape	0000 0068 0000 000D 0000 0018 0000 0018 0000 0018 0000 0018 0000 0018 0000 0018 0000 0018 0000 0018 0000 0018 0000 0018 0000 0018 0000 0018 0000 03F6
B R Tape	0000 0068 0000 000D 0000 0018 0000 0018 0000 0018 0000 0018 0000 0018 0000 0018 0000 0018 0000 0018 0000 0018 0000 0018 0000 0018 0000 0018 0000 03C4
D-Tune	0000 0067 0000 000D 0000 0018 0000 0018 0000 0018 0000 0018 0000 0018 0000 0018 0000 0018 0000 0018 0000 0018 0000 0018 0000 0018 0000 0018 0000 03BD
Shift	0000 0067 0000 000D 0000 0018 0000 0018 0000 0018 0000 0018 0000 0018 0000 0018 0000 0018 0000 0018 0000 0018 0000 0018 0000 0018 0000 0018 0000 03BD
