Power	0000 0066 0000 000d 005f 0018 0030 0018 0018 0018 0030 0018 0018 0018 0030 0018 0018 0018 0018 0018 0018 0018 0018 0018 0018 0018 0018 0018 0030 0421
Power Off	0000 0066 0000 0010 005f 0018 0030 0018 0030 0018 0030 0018 0018 0018 0030 0018 0030 0018 0018 0018 0018 0018 0018 0018 0030 0018 0018 0018 0018 0018 0018 0018 0018 0018 0018 0365
Video1	0000 0066 0000 000d 005f 0018 0018 0018 002f 0018 0018 0018 0018 0018 0018 0018 002f 0018 0018 0018 0018 0018 0018 0018 0018 0018 0018 0018 002f 043a
Video2	0000 0066 0000 000d 005f 0018 0018 0018 002f 0018 002f 0018 002f 0018 002f 0018 0018 0018 0018 0018 0018 0018 0018 0018 0018 0018 0018 0018 002f 040a
Video3	0000 0066 0000 000d 005f 0018 0018 0018 002f 0018 0018 0018 0018 0018 0018 0018 0018 0018 002f 0018 0018 0018 0018 0018 0018 0018 0018 0018 002f 043a
DVD	0000 0066 0000 000d 005f 0018 002f 0018 0018 0018 002f 0018 002f 0018 002f 0018 002f 0018 002f 0018 0018 0018 0018 0018 0018 0018 0018 0018 002f 03db
TV	0000 0066 0000 000d 005f 0018 0018 0018 002f 0018 0018 0018 002f 0018 0018 0018 002f 0018 002f 0018 0018 0018 0018 0018 0018 0018 0018 0018 002f 040a
Acr1	0000 0066 0000 000d 0060 0017 002f 0017 002f 0017 0017 0017 0017 0017 0017 0017 002f 0017 0017 0017 0017 0017 0017 0017 0017 0017 0017 0017 002f 0421
MD	0000 0066 0000 000d 005f 0018 0030 0018 0018 0018 0018 0018 0030 0018 0018 0018 0030 0018 0030 0018 0018 0018 0018 0018 0018 0018 0018 0018 0030 040a
CD	0000 0066 0000 000d 005f 0018 0030 0018 0018 0018 0030 0018 0018 0018 0018 0018 0030 0018 0018 0018 0018 0018 0018 0018 0018 0018 0018 0018 0030 0421
Tuner	0000 0066 0000 000d 0060 0017 002f 0017 0017 0017 0017 0017 0017 0017 0017 0017 002f 0017 0017 0017 0017 0017 0017 0017 0017 0017 0017 0017 002f 043a
Phono	0000 0066 0000 000d 005f 0018 0018 0018 0018 0018 0018 0018 0018 0018 0018 0018 002f 0018 0018 0018 0018 0018 0018 0018 0018 0018 0018 0018 002f 0450
Vol+	0000 0066 0000 000d 005f 0018 0018 0017 0030 0017 0018 0018 0017 0018 002f 0018 0018 0017 0018 0018 0017 0018 0018 0017 0018 0018 0017 0018 002f 043d
Vol-	0000 0066 0000 000d 005f 0018 002f 0018 002f 0018 0018 0017 0018 0017 0030 0017 0018 0018 0018 0017 0018 0017 0018 0018 0018 0017 0018 0018 002f 0425
Mute	0000 0066 0000 000d 005f 0018 0018 0018 0018 0018 002f 0018 0018 0018 002f 0018 0018 0018 0018 0018 0018 0018 0018 0018 0018 0018 0018 0018 002f 0438
Up	0000 0066 0000 000d 005f 0018 0018 0017 0018 0018 0018 0017 002f 0018 002f 0018 002f 0018 002f 0018 0017 0018 0018 0017 0030 0017 0030 0017 0018 03f5
Down	0000 0066 0000 000d 005f 0018 002f 0018 0018 0017 0018 0018 002f 0017 0030 0017 0030 0017 0030 0017 0018 0017 0018 0018 002f 0018 002f 0018 0017 03df
Left	0000 0066 0000 000d 005f 0018 0018 0017 0030 0017 0018 0018 002f 0017 0030 0017 0030 0017 0030 0017 0018 0017 0018 0018 002f 0018 002f 0018 0017 03df
Right	0000 0066 0000 000d 005f 0018 002f 0018 002f 0018 0018 0017 002f 0018 002f 0018 002f 0018 002f 0018 0017 0018 0018 0017 0030 0017 0030 0017 0018 03c5
Sleep	0000 0066 0000 000d 005f 0018 0018 0018 0018 0018 0018 0018 0018 0018 0018 0018 002f 0018 002f 0018 0018 0018 0018 0018 0018 0018 0018 0018 002f 043a
Execute	0000 0066 0000 0015 005f 0018 0030 0018 0030 0018 0018 0018 0030 0018 0018 0018 0018 0018 0018 0018 0018 0018 0030 0018 0018 0018 0030 0018 0030 0018 0030 0018 0018 0018 0018 0018 0030 0018 0018 0018 0018 0018 0030 0018 0018 022f
Return	0000 0066 0000 0015 005f 0018 0018 0018 002f 0018 002f 0018 002f 0018 0018 0018 0018 0018 0018 0018 0018 0018 002f 0018 0018 0018 002f 0018 002f 0018 002f 0018 0018 0018 0018 0018 002f 0018 0018 0018 0018 0018 002f 0018 0018 022f
Center+	0000 0066 0000 000d 005f 0018 0018 0017 0018 0018 002f 0018 0017 0018 002f 0018 0018 0017 0030 0017 0018 0017 0030 0017 0018 0018 0018 0017 002f 040d
Center-	0000 0066 0000 000d 005f 0018 002f 0018 0018 0017 0030 0017 0018 0017 0030 0017 0018 0018 002f 0018 0017 0018 002f 0018 0018 0017 0018 0018 002f 03f5
Rear+	0000 0066 0000 000d 005f 0018 0018 0017 0030 0017 0030 0017 002f 0018 0018 0017 0018 0018 002f 0018 0017 0018 002f 0018 0018 0017 0018 0018 002f 03f5
Rear-	0000 0066 0000 000d 005f 0018 002f 0018 002f 0018 002f 0018 002f 0018 0017 0018 0018 0017 0030 0017 0018 0017 0030 0017 0018 0018 0018 0017 002f 03df
Bass Boost	0000 0066 0000 000d 005f 0018 0030 0018 0018 0018 0018 0018 0018 0018 0030 0018 0030 0018 0018 0018 0018 0018 0018 0018 0030 0018 0030 0018 0018 040a
Cursor Mode	0000 0066 0000 000d 005f 0018 002f 0018 002f 0018 002f 0017 0018 0018 002f 0018 002f 0018 002f 0017 0018 0018 0018 0017 0030 0017 002f 0018 0018 03c5
Tone	0000 0066 0000 000d 005f 0018 0018 0017 0030 0017 0018 0017 0030 0017 0018 0018 0018 0017 002f 0018 0018 0017 0030 0017 0018 0018 0017 0018 002f 040d
Menu	0000 0066 0000 0015 005f 0018 0030 0018 0030 0018 0018 0018 0030 0018 0030 0018 0018 0018 0018 0018 0018 0018 0030 0018 0018 0018 0030 0018 0030 0018 0030 0018 0018 0018 0018 0018 0030 0018 0018 0018 0018 0018 0030 0018 0018 0217
Field On/Off	0000 0066 0000 000d 005f 0018 002f 0018 002f 0018 002f 0017 0030 0017 0030 0017 0030 0017 0018 0017 0018 0018 0018 0017 0030 0017 002f 0018 0018 03c5
EQ On/Off	0000 0066 0000 000d 005f 0018 0018 0018 0018 0018 002f 0018 002f 0018 0018 0018 002f 0018 0018 0018 0018 0018 002f 0018 0018 0018 0018 0018 002f 0409
Tune+	0000 0066 0000 000d 005f 0018 0018 0018 0018 0018 0018 0018 0018 0018 0032 0018 0018 0018 0018 0018 0032 0018 0018 0018 0032 0018 0032 0018 0018 0426
Tune-	0000 0066 0000 000d 005f 0018 0030 0018 0018 0018 0018 0018 0018 0018 0030 0018 0018 0018 0018 0018 0030 0018 0018 0018 0030 0018 0030 0018 0018 040d
AM/FM	0000 0066 0000 000d 005f 0018 002f 0018 002f 0018 002f 0018 002f 0018 0018 0018 0018 0018 0018 0018 002f 0018 0018 0018 002f 0018 002f 0018 0018 03de
1	0000 0066 0000 000d 005f 0018 0018 0018 0018 0018 0018 0018 0018 0018 0018 0018 0018 0018 0018 0018 002f 0018 0018 0018 002f 0018 002f 0018 0018 0438
2	0000 0066 0000 000d 005f 0018 0030 0018 0018 0018 0018 0018 0018 0018 0018 0018 0018 0018 0018 0018 0030 0018 0018 0018 0030 0018 0030 0018 0018 041f
3	0000 0066 0000 000d 005f 0018 0018 0018 002f 0018 0018 0018 0018 0018 0018 0018 0018 0018 0018 0018 002f 0018 0018 0018 002f 0018 002f 0018 0018 041f
4	0000 0066 0000 000d 005f 0018 0030 0018 0030 0018 0018 0018 0018 0018 0018 0018 0018 0018 0018 0018 0030 0018 0018 0018 0030 0018 0030 0018 0018 0409
5	0000 0066 0000 000d 0060 0018 0018 0018 0018 0018 002f 0018 0018 0018 0018 0018 0018 0018 0018 0018 002f 0018 0018 0018 002f 0018 002f 0018 0018 041f
6	0000 0066 0000 000d 005f 0018 0030 0018 0018 0018 0030 0018 0018 0018 0018 0018 0018 0018 0018 0018 0030 0018 0018 0018 0030 0018 0030 0018 0018 0409
7	0000 0066 0000 000d 005f 0018 0018 0018 002f 0018 002f 0018 0018 0018 0018 0018 0018 0018 0018 0018 002f 0018 0018 0018 002f 0018 002f 0018 0018 0409
8	0000 0066 0000 000d 005f 0018 0030 0018 0030 0018 0030 0018 0018 0018 0018 0018 0018 0018 0018 0018 0030 0018 0018 0018 0030 0018 0030 0018 0018 03f1
9	0000 0066 0000 000d 005f 0018 0018 0018 0018 0018 0018 0018 002f 0018 0018 0018 0018 0018 0018 0018 002f 0018 0018 0018 002f 0018 002f 0018 0018 041f
0	0000 0066 0000 000d 005f 0018 0030 0018 0018 0018 0018 0018 0030 0018 0018 0018 0018 0018 0018 0018 0030 0018 0018 0018 0030 0018 0030 0018 0018 0409
+10	0000 0066 0000 000d 005f 0018 0030 0018 0030 0018 0018 0018 0018 0018 0030 0018 0030 0018 0018 0018 0030 0018 0018 0018 0030 0018 0030 0018 0018 03d9
Enter	0000 0066 0000 000d 005f 0018 0030 0018 0030 0018 0018 0018 0018 0018 0030 0018 0018 0018 0030 0018 0030 0018 0018 0018 0030 0018 0030 0018 0018 03d9
Surround	0000 0066 0000 005b 005f 0018 0018 0018 0018 0018 0018 0018 0018 0018 0018 0018 002f 0018 002f 0018 0018 0018 0018 0018 002f 0018 0018 0018 0018 0018 002f 0018 0018 0018 0018 0391 005f 0018 0018 0018 0018 0018 0018 0018 0018 0018 0018 0018 002f 0018 002f 0018 0018 0018 0018 0018 002f 0018 0018 0018 0018 0018 002f 0018 0018 0018 0018 0391 005f 0018 0018 0018 0018 0018 0018 0018 0018 0018 0018 0018 002f 0018 002f 0018 0018 0018 0018 0018 002f 0018 0018 0018 0018 0018 002f 0018 0018 0018 0018 0391 005f 0018 002f 0018 002f 0018 0018 0018 0018 0018 0018 0018 0018 0018 002f 0018 002f 0176 005f 0018 002f 0018 0018 0018 0018 0018 0018 0018 002f 0018 0018 0018 002f 0018 0018 0176 005f 0018 002f 0018 0018 0018 0018 0018 0018 0018 0018 0018 0018 0018 0018 0018 0018 0176 005f 0018 0018 0018 0018 0018 0018 0018 0018 0018 002f 0018 0018 0018 0018 0018 002f 0018 002f 0018 002f 0018 0018 0018 002f 0018 0018 0018 0018 0018 0017 05a4
C-Stud A	0000 0066 0000 005b 005f 0018 0018 0018 0018 0018 0018 0018 0018 0018 0018 0018 002f 0018 002f 0018 0018 0018 0018 0018 002f 0018 0018 0018 0018 0018 002f 0018 0018 0018 0018 0391 005f 0018 0018 0018 0018 0018 0018 0018 0018 0018 0018 0018 002f 0018 002f 0018 0018 0018 0018 0018 002f 0018 0018 0018 0018 0018 002f 0018 0018 0018 0018 0391 005f 0018 0018 0018 0018 0018 0018 0018 0018 0018 0018 0018 002f 0018 002f 0018 0018 0018 0018 0018 002f 0018 0018 0018 0018 0018 002f 0018 0018 0018 0018 0391 005f 0018 002f 0018 002f 0018 0018 0018 0018 0018 0018 0018 0018 0018 002f 0018 002f 0176 005f 0018 002f 0018 0018 0018 0018 0018 0018 0018 002f 0018 0018 0018 002f 0018 0018 0176 005f 0018 0018 0018 002f 0018 0018 0018 0018 0018 0018 0018 0018 0018 0018 0018 0018 0176 005f 0018 002f 0018 002f 0018 0018 0018 0018 0018 002f 0018 0018 0018 0018 0018 002f 0018 002f 0018 002f 0018 0018 0018 002f 0018 0018 0018 0018 0018 0018 0574
C-Stud B	0000 0066 0000 005b 005f 0018 0018 0018 0018 0018 0018 0018 0018 0018 0018 0018 002f 0018 002f 0018 0018 0018 0018 0018 002f 0018 0018 0018 0018 0018 002f 0018 0018 0018 0018 0391 005f 0018 0018 0018 0018 0018 0018 0018 0018 0018 0018 0018 002f 0018 002f 0018 0018 0018 0018 0018 002f 0018 0018 0018 0018 0018 002f 0018 0018 0018 0018 0391 005f 0018 0018 0018 0018 0018 0018 0018 0018 0018 0018 0018 002f 0018 002f 0018 0018 0018 0018 0018 002f 0018 0018 0018 0018 0018 002f 0018 0018 0018 0018 0391 005f 0018 002f 0018 002f 0018 0018 0018 0018 0018 0018 0018 0018 0018 002f 0018 002f 0176 005f 0018 002f 0018 0018 0018 0018 0018 0018 0018 002f 0018 0018 0018 002f 0018 0018 0176 005f 0018 002f 0018 002f 0018 0018 0018 0018 0018 0018 0018 0018 0018 0018 0018 0018 0176 005f 0018 0018 0018 002f 0018 0018 0018 0018 0018 002f 0018 0018 0018 0018 0018 002f 0018 002f 0018 002f 0018 0018 0018 002f 0018 0018 0018 0018 0018 0018 058c
C-Stud C	0000 0066 0000 005b 005f 0018 0018 0018 0018 0018 0018 0018 0018 0018 0018 0018 002f 0018 002f 0018 0018 0018 0018 0018 002f 0018 0018 0018 0018 0018 002f 0018 0018 0018 0018 0391 005f 0018 0018 0018 0018 0018 0018 0018 0018 0018 0018 0018 002f 0018 002f 0018 0018 0018 0018 0018 002f 0018 0018 0018 0018 0018 002f 0018 0018 0018 0018 0391 005f 0018 0018 0018 0018 0018 0018 0018 0018 0018 0018 0018 002f 0018 002f 0018 0018 0018 0018 0018 002f 0018 0018 0018 0018 0018 002f 0018 0018 0018 0018 0391 005f 0018 002f 0018 002f 0018 0018 0018 0018 0018 0018 0018 0018 0018 002f 0018 002f 0176 005f 0018 002f 0018 0018 0018 0018 0018 0018 0018 002f 0018 0018 0018 002f 0018 0018 0176 005f 0018 0018 0018 0018 0018 002f 0018 0018 0018 0018 0018 0018 0018 0018 0018 0018 0176 005f 0018 002f 0018 0018 0018 002f 0018 0018 0018 002f 0018 0018 0018 0018 0018 002f 0018 002f 0018 002f 0018 0018 0018 002f 0018 0018 0018 0018 0018 0018 0574
Nig Theater	0000 0066 0000 005b 005f 0018 0018 0018 0018 0018 0018 0018 0018 0018 0018 0018 002f 0018 002f 0018 0018 0018 0018 0018 002f 0018 0018 0018 0018 0018 002f 0018 0018 0018 0018 0391 005f 0018 0018 0018 0018 0018 0018 0018 0018 0018 0018 0018 002f 0018 002f 0018 0018 0018 0018 0018 002f 0018 0018 0018 0018 0018 002f 0018 0018 0018 0018 0391 005f 0018 0018 0018 0018 0018 0018 0018 0018 0018 0018 0018 002f 0018 002f 0018 0018 0018 0018 0018 002f 0018 0018 0018 0018 0018 002f 0018 0018 0018 0018 0391 005f 0018 002f 0018 002f 0018 0018 0018 0018 0018 0018 0018 0018 0018 002f 0018 002f 0176 005f 0018 002f 0018 0018 0018 0018 0018 0018 0018 002f 0018 0018 0018 002f 0018 0018 0176 005f 0018 002f 0018 0018 0018 002f 0018 0018 0018 0018 0018 0018 0018 0018 0018 0018 0176 005f 0018 0018 0018 0018 0018 002f 0018 0018 0018 002f 0018 0018 0018 0018 0018 002f 0018 002f 0018 002f 0018 0018 0018 002f 0018 0018 0018 0018 0018 0018 058c
MO Movie	0000 0066 0000 005b 005f 0018 0018 0018 0018 0018 0018 0018 0018 0018 0018 0018 002f 0018 002f 0018 0018 0018 0018 0018 002f 0018 0018 0018 0018 0018 002f 0018 0018 0018 0018 0391 005f 0018 0018 0018 0018 0018 0018 0018 0018 0018 0018 0018 002f 0018 002f 0018 0018 0018 0018 0018 002f 0018 0018 0018 0018 0018 002f 0018 0018 0018 0018 0391 005f 0018 0018 0018 0018 0018 0018 0018 0018 0018 0018 0018 002f 0018 002f 0018 0018 0018 0018 0018 002f 0018 0018 0018 0018 0018 002f 0018 0018 0018 0018 0391 005f 0018 002f 0018 002f 0018 0018 0018 0018 0018 0018 0018 0018 0018 002f 0018 002f 0176 005f 0018 002f 0018 0018 0018 0018 0018 0018 0018 002f 0018 0018 0018 002f 0018 0018 0176 005f 0018 0018 0018 002f 0018 002f 0018 0018 0018 0018 0018 0018 0018 0018 0018 0018 0176 005f 0018 002f 0018 002f 0018 002f 0018 0018 0018 002f 0018 0018 0018 0018 0018 002f 0018 002f 0018 002f 0018 0018 0018 002f 0018 0018 0018 0018 0018 0018 055d
Ster Movie	0000 0066 0000 005b 005f 0018 0018 0018 0018 0018 0018 0018 0018 0018 0018 0018 002f 0018 002f 0018 0018 0018 0018 0018 002f 0018 0018 0018 0018 0018 002f 0018 0018 0018 0018 0393 005f 0018 0018 0018 0018 0018 0018 0018 0018 0018 0018 0018 002f 0018 002f 0018 0018 0018 0018 0018 002f 0018 0018 0018 0018 0018 002f 0018 0018 0018 0018 0393 005f 0018 0018 0018 0018 0018 0018 0018 0018 0018 0018 0018 002f 0018 002f 0018 0018 0018 0018 0018 002f 0018 0018 0018 0018 0018 002f 0018 0018 0018 0018 0393 005f 0018 002f 0018 002f 0018 0018 0018 0018 0018 0018 0018 0018 0018 002f 0018 002f 0176 005f 0018 002f 0018 0018 0018 0018 0018 0018 0018 002f 0018 0018 0018 002f 0018 0018 0176 005f 0018 002f 0018 002f 0018 002f 0018 0018 0018 0018 0018 0018 0018 0018 0018 0018 0176 005f 0018 0018 0018 002f 0018 002f 0018 0018 0018 002f 0018 0018 0018 0018 0018 002f 0018 002f 0018 002f 0018 0018 0018 002f 0018 0018 0018 0018 0018 0017 0574
Mul Rear	0000 0066 0000 005b 005f 0018 0018 0018 0018 0018 0018 0018 0018 0018 0018 0018 002f 0018 002f 0018 0018 0018 0018 0018 002f 0018 0018 0018 0018 0018 002f 0018 0018 0018 0018 0391 005f 0018 0018 0018 0018 0018 0018 0018 0018 0018 0018 0018 002f 0018 002f 0018 0018 0018 0018 0018 002f 0018 0018 0018 0018 0018 002f 0018 0018 0018 0018 0391 005f 0018 0018 0018 0018 0018 0018 0018 0018 0018 0018 0018 002f 0018 002f 0018 0018 0018 0018 0018 002f 0018 0018 0018 0018 0018 002f 0018 0018 0018 0018 0391 005f 0018 002f 0018 002f 0018 0018 0018 0018 0018 0018 0018 0018 0018 002f 0018 002f 0176 005f 0018 002f 0018 0018 0018 0018 0018 0018 0018 002f 0018 0018 0018 002f 0018 0018 0176 005f 0018 0018 0018 0018 0018 0018 0018 002f 0018 0018 0018 0018 0018 0018 0018 0018 0176 005f 0018 002f 0018 0018 0018 0018 0018 002f 0018 002f 0018 0018 0018 0018 0018 002f 0018 002f 0018 002f 0018 0018 0018 002f 0018 0018 0018 0018 0018 0018 0574
Mul Dimension	0000 0066 0000 005b 005f 0018 0018 0018 0018 0018 0018 0018 0018 0018 0018 0018 002f 0018 002f 0018 0018 0018 0018 0018 002f 0018 0018 0018 0018 0018 002f 0018 0018 0018 0018 0391 005f 0018 0018 0018 0018 0018 0018 0018 0018 0018 0018 0018 002f 0018 002f 0018 0018 0018 0018 0018 002f 0018 0018 0018 0018 0018 002f 0018 0018 0018 0018 0391 005f 0018 0018 0018 0018 0018 0018 0018 0018 0018 0018 0018 002f 0018 002f 0018 0018 0018 0018 0018 002f 0018 0018 0018 0018 0018 002f 0018 0018 0018 0018 0391 005f 0018 002f 0018 002f 0018 0018 0018 0018 0018 0018 0018 0018 0018 002f 0018 002f 0176 005f 0018 002f 0018 0018 0018 0018 0018 0018 0018 002f 0018 0018 0018 002f 0018 0018 0176 005f 0018 002f 0018 0018 0018 0018 0018 002f 0018 0018 0018 0018 0018 0018 0018 0018 0176 005f 0018 0018 0018 0018 0018 0018 0018 002f 0018 002f 0018 0018 0018 0018 0018 002f 0018 002f 0018 002f 0018 0018 0018 002f 0018 0018 0018 0018 0018 0018 058c
Theat A	0000 0066 0000 005b 005f 0018 0018 0018 0018 0018 0018 0018 0018 0018 0018 0018 002f 0018 002f 0018 0018 0018 0018 0018 002f 0018 0018 0018 0018 0018 002f 0018 0018 0018 0018 0391 005f 0018 0018 0018 0018 0018 0018 0018 0018 0018 0018 0018 002f 0018 002f 0018 0018 0018 0018 0018 002f 0018 0018 0018 0018 0018 002f 0018 0018 0018 0018 0391 005f 0018 0018 0018 0018 0018 0018 0018 0018 0018 0018 0018 002f 0018 002f 0018 0018 0018 0018 0018 002f 0018 0018 0018 0018 0018 002f 0018 0018 0018 0018 0391 005f 0018 002f 0018 002f 0018 0018 0018 0018 0018 0018 0018 0018 0018 002f 0018 002f 0176 005f 0018 002f 0018 0018 0018 0018 0018 0018 0018 002f 0018 0018 0018 002f 0018 0018 0176 005f 0018 0018 0018 002f 0018 0018 0018 002f 0018 0018 0018 0018 0018 0018 0018 0018 0176 005f 0018 002f 0018 002f 0018 0018 0018 002f 0018 002f 0018 0018 0018 0018 0018 002f 0018 002f 0018 002f 0018 0018 0018 002f 0018 0018 0018 0018 0018 0018 055d
Theat B	0000 0066 0000 005b 005f 0018 0018 0018 0018 0018 0018 0018 0018 0018 0018 0018 002f 0018 002f 0018 0018 0018 0018 0018 002f 0018 0018 0018 0018 0018 002f 0018 0018 0018 0018 0393 005f 0018 0018 0018 0018 0018 0018 0018 0018 0018 0018 0018 002f 0018 002f 0018 0018 0018 0018 0018 002f 0018 0018 0018 0018 0018 002f 0018 0018 0018 0018 0393 005f 0018 0018 0018 0018 0018 0018 0018 0018 0018 0018 0018 002f 0018 002f 0018 0018 0018 0018 0018 002f 0018 0018 0018 0018 0018 002f 0018 0018 0018 0018 0393 005f 0018 002f 0018 002f 0018 0018 0018 0018 0018 0018 0018 0018 0018 002f 0018 002f 0176 005f 0018 002f 0018 0018 0018 0018 0018 0018 0018 002f 0018 0018 0018 002f 0018 0018 0176 005f 0018 002f 0018 002f 0018 0018 0018 002f 0018 0018 0018 0018 0018 0018 0018 0018 0176 005f 0018 0018 0018 002f 0018 0018 0018 002f 0018 002f 0018 0018 0018 0018 0018 002f 0018 002f 0018 002f 0018 0018 0018 002f 0018 0018 0018 0018 0018 0017 0574
Theat C	0000 0066 0000 005b 005f 0018 0018 0018 0018 0018 0018 0018 0018 0018 0018 0018 002f 0018 002f 0018 0018 0018 0018 0018 002f 0018 0018 0018 0018 0018 002f 0018 0018 0018 0018 0391 005f 0018 0018 0018 0018 0018 0018 0018 0018 0018 0018 0018 002f 0018 002f 0018 0018 0018 0018 0018 002f 0018 0018 0018 0018 0018 002f 0018 0018 0018 0018 0391 005f 0018 0018 0018 0018 0018 0018 0018 0018 0018 0018 0018 002f 0018 002f 0018 0018 0018 0018 0018 002f 0018 0018 0018 0018 0018 002f 0018 0018 0018 0018 0391 005f 0018 002f 0018 002f 0018 0018 0018 0018 0018 0018 0018 0018 0018 002f 0018 002f 0176 005f 0018 002f 0018 0018 0018 0018 0018 0018 0018 002f 0018 0018 0018 002f 0018 0018 0176 005f 0018 0018 0018 0018 0018 002f 0018 002f 0018 0018 0018 0018 0018 0018 0018 0018 0176 005f 0018 002f 0018 0018 0018 002f 0018 002f 0018 002f 0018 0018 0018 0018 0018 002f 0018 002f 0018 002f 0018 0018 0018 002f 0018 0018 0018 0018 0018 0018 055d
Enhanc A	0000 0066 0000 005b 005f 0018 0018 0018 0018 0018 0018 0018 0018 0018 0018 0018 002f 0018 002f 0018 0018 0018 0018 0018 002f 0018 0018 0018 0018 0018 002f 0018 0018 0018 0018 0393 005f 0018 0018 0018 0018 0018 0018 0018 0018 0018 0018 0018 002f 0018 002f 0018 0018 0018 0018 0018 002f 0018 0018 0018 0018 0018 002f 0018 0018 0018 0018 0393 005f 0018 0018 0018 0018 0018 0018 0018 0018 0018 0018 0018 002f 0018 002f 0018 0018 0018 0018 0018 002f 0018 0018 0018 0018 0018 002f 0018 0018 0018 0018 0393 005f 0018 002f 0018 002f 0018 0018 0018 0018 0018 0018 0018 0018 0018 002f 0018 002f 0176 005f 0018 002f 0018 0018 0018 0018 0018 0018 0018 002f 0018 0018 0018 002f 0018 0018 0176 005f 0018 002f 0018 0018 0018 002f 0018 002f 0018 0018 0018 0018 0018 0018 0018 0018 0176 005f 0018 0018 0018 0018 0018 002f 0018 002f 0018 002f 0018 0018 0018 0018 0018 002f 0018 002f 0018 002f 0018 0018 0018 002f 0018 0018 0018 0018 0018 0017 0574
Enhanc B	0000 0066 0000 005b 005f 0018 0018 0018 0018 0018 0018 0018 0018 0018 0018 0018 002f 0018 002f 0018 0018 0018 0018 0018 002f 0018 0018 0018 0018 0018 002f 0018 0018 0018 0018 0393 005f 0018 0018 0018 0018 0018 0018 0018 0018 0018 0018 0018 002f 0018 002f 0018 0018 0018 0018 0018 002f 0018 0018 0018 0018 0018 002f 0018 0018 0018 0018 0393 005f 0018 0018 0018 0018 0018 0018 0018 0018 0018 0018 0018 002f 0018 002f 0018 0018 0018 0018 0018 002f 0018 0018 0018 0018 0018 002f 0018 0018 0018 0018 0393 005f 0018 002f 0018 002f 0018 0018 0018 0018 0018 0018 0018 0018 0018 002f 0018 002f 0176 005f 0018 002f 0018 0018 0018 0018 0018 0018 0018 002f 0018 0018 0018 002f 0018 0018 0176 005f 0018 0018 0018 002f 0018 002f 0018 002f 0018 0018 0018 0018 0018 0018 0018 0018 0176 005f 0018 002f 0018 002f 0018 002f 0018 002f 0018 002f 0018 0018 0018 0018 0018 002f 0018 002f 0018 002f 0018 0018 0018 002f 0018 0018 0018 0018 0018 0017 0545
SE Dimension	0000 0066 0000 005b 005f 0018 0018 0018 0018 0018 0018 0018 0018 0018 0018 0018 002f 0018 002f 0018 0018 0018 0018 0018 002f 0018 0018 0018 0018 0018 002f 0018 0018 0018 0018 0391 005f 0018 0018 0018 0018 0018 0018 0018 0018 0018 0018 0018 002f 0018 002f 0018 0018 0018 0018 0018 002f 0018 0018 0018 0018 0018 002f 0018 0018 0018 0018 0391 005f 0018 0018 0018 0018 0018 0018 0018 0018 0018 0018 0018 002f 0018 002f 0018 0018 0018 0018 0018 002f 0018 0018 0018 0018 0018 002f 0018 0018 0018 0018 0391 005f 0018 002f 0018 002f 0018 0018 0018 0018 0018 0018 0018 0018 0018 002f 0018 002f 015e 005f 0018 002f 0018 0018 0018 0018 0018 0018 0018 002f 0018 0018 0018 002f 0018 0018 015e 005f 0018 002f 0018 002f 0018 002f 0018 002f 0018 0018 0018 0018 0018 0018 0018 0018 015e 005f 0018 0018 0018 002f 0018 002f 0018 002f 0018 002f 0018 0018 0018 0018 0018 002f 0018 002f 0018 002f 0018 0018 0018 002f 0018 0018 0018 0018 0018 0018 055c
SE Theater-A	0000 0066 0000 005b 005f 0018 0018 0018 0018 0018 0018 0018 0018 0018 0018 0018 002f 0018 002f 0018 0018 0018 0018 0018 002f 0018 0018 0018 0018 0018 002f 0018 0018 0018 0018 0391 005f 0018 0018 0018 0018 0018 0018 0018 0018 0018 0018 0018 002f 0018 002f 0018 0018 0018 0018 0018 002f 0018 0018 0018 0018 0018 002f 0018 0018 0018 0018 0391 005f 0018 0018 0018 0018 0018 0018 0018 0018 0018 0018 0018 002f 0018 002f 0018 0018 0018 0018 0018 002f 0018 0018 0018 0018 0018 002f 0018 0018 0018 0018 0391 005f 0018 002f 0018 002f 0018 0018 0018 0018 0018 0018 0018 0018 0018 002f 0018 002f 0176 005f 0018 002f 0018 0018 0018 0018 0018 0018 0018 002f 0018 0018 0018 002f 0018 0018 0176 005f 0018 0018 0018 0018 0018 0018 0018 0018 0018 002f 0018 0018 0018 0018 0018 0018 0176 005f 0018 002f 0018 0018 0018 0018 0018 0018 0018 0018 0018 0018 0018 0018 0018 002f 0018 002f 0018 002f 0018 0018 0018 002f 0018 0018 0018 0018 0018 0017 05a4
SE Theater-B	0000 0066 0000 005b 005f 0018 0018 0018 0018 0018 0018 0018 0018 0018 0018 0018 002f 0018 002f 0018 0018 0018 0018 0018 002f 0018 0018 0018 0018 0018 002f 0018 0018 0018 0018 0391 005f 0018 0018 0018 0018 0018 0018 0018 0018 0018 0018 0018 002f 0018 002f 0018 0018 0018 0018 0018 002f 0018 0018 0018 0018 0018 002f 0018 0018 0018 0018 0391 005f 0018 0018 0018 0018 0018 0018 0018 0018 0018 0018 0018 002f 0018 002f 0018 0018 0018 0018 0018 002f 0018 0018 0018 0018 0018 002f 0018 0018 0018 0018 0391 005f 0018 002f 0018 002f 0018 0018 0018 0018 0018 0018 0018 0018 0018 002f 0018 002f 0176 005f 0018 002f 0018 0018 0018 0018 0018 0018 0018 002f 0018 0018 0018 002f 0018 0018 0176 005f 0018 002f 0018 0018 0018 0018 0018 0018 0018 002f 0018 0018 0018 0018 0018 0018 0176 005f 0018 0018 0018 0018 0018 0018 0018 0018 0018 0018 0018 0018 0018 0018 0018 002f 0018 002f 0018 002f 0018 0018 0018 002f 0018 0018 0018 0018 0018 0018 05bb
SE Theater-C	0000 0066 0000 005b 005f 0018 0018 0018 0018 0018 0018 0018 0018 0018 0018 0018 002f 0018 002f 0018 0018 0018 0018 0018 002f 0018 0018 0018 0018 0018 002f 0018 0018 0018 0018 0391 005f 0018 0018 0018 0018 0018 0018 0018 0018 0018 0018 0018 002f 0018 002f 0018 0018 0018 0018 0018 002f 0018 0018 0018 0018 0018 002f 0018 0018 0018 0018 0391 005f 0018 0018 0018 0018 0018 0018 0018 0018 0018 0018 0018 002f 0018 002f 0018 0018 0018 0018 0018 002f 0018 0018 0018 0018 0018 002f 0018 0018 0018 0018 0391 005f 0018 002f 0018 002f 0018 0018 0018 0018 0018 0018 0018 0018 0018 002f 0018 002f 0176 005f 0018 002f 0018 0018 0018 0018 0018 0018 0018 002f 0018 0018 0018 002f 0018 0018 0176 005f 0018 0018 0018 002f 0018 0018 0018 0018 0018 002f 0018 0018 0018 0018 0018 0018 0176 005f 0018 002f 0018 002f 0018 0018 0018 0018 0018 0018 0018 0018 0018 0018 0018 002f 0018 002f 0018 002f 0018 0018 0018 002f 0018 0018 0018 0018 0018 0018 058c
Sma Hall	0000 0066 0000 005b 005f 0018 0018 0018 0018 0018 0018 0018 0018 0018 0018 0018 002f 0018 002f 0018 0018 0018 0018 0018 002f 0018 0018 0018 0018 0018 002f 0018 0018 0018 0018 0393 005f 0018 0018 0018 0018 0018 0018 0018 0018 0018 0018 0018 002f 0018 002f 0018 0018 0018 0018 0018 002f 0018 0018 0018 0018 0018 002f 0018 0018 0018 0018 0393 005f 0018 0018 0018 0018 0018 0018 0018 0018 0018 0018 0018 002f 0018 002f 0018 0018 0018 0018 0018 002f 0018 0018 0018 0018 0018 002f 0018 0018 0018 0018 0393 005f 0018 002f 0018 002f 0018 0018 0018 0018 0018 0018 0018 0018 0018 002f 0018 002f 0176 005f 0018 002f 0018 0018 0018 0018 0018 0018 0018 002f 0018 0018 0018 002f 0018 0018 0176 005f 0018 002f 0018 002f 0018 0018 0018 0018 0018 002f 0018 0018 0018 0018 0018 0018 0176 005f 0018 0018 0018 002f 0018 0018 0018 0018 0018 0018 0018 0018 0018 0018 0018 002f 0018 002f 0018 002f 0018 0018 0018 002f 0018 0018 0018 0018 0018 0017 05a3
Lar Hall	0000 0066 0000 005b 005f 0018 0018 0018 0018 0018 0018 0018 0018 0018 0018 0018 002f 0018 002f 0018 0018 0018 0018 0018 002f 0018 0018 0018 0018 0018 002f 0018 0018 0018 0018 0391 005f 0018 0018 0018 0018 0018 0018 0018 0018 0018 0018 0018 002f 0018 002f 0018 0018 0018 0018 0018 002f 0018 0018 0018 0018 0018 002f 0018 0018 0018 0018 0391 005f 0018 0018 0018 0018 0018 0018 0018 0018 0018 0018 0018 002f 0018 002f 0018 0018 0018 0018 0018 002f 0018 0018 0018 0018 0018 002f 0018 0018 0018 0018 0391 005f 0018 002f 0018 002f 0018 0018 0018 0018 0018 0018 0018 0018 0018 002f 0018 002f 0176 005f 0018 002f 0018 0018 0018 0018 0018 0018 0018 002f 0018 0018 0018 002f 0018 0018 0176 005f 0018 0018 0018 0018 0018 002f 0018 0018 0018 002f 0018 0018 0018 0018 0018 0018 0176 005f 0018 002f 0018 0018 0018 002f 0018 0018 0018 0018 0018 0018 0018 0018 0018 002f 0018 002f 0018 002f 0018 0018 0018 002f 0018 0018 0018 0018 0018 0018 058c
Ope House	0000 0066 0000 005b 005f 0018 0018 0018 0018 0018 0018 0018 0018 0018 0018 0018 002f 0018 002f 0018 0018 0018 0018 0018 002f 0018 0018 0018 0018 0018 002f 0018 0018 0018 0018 0393 005f 0018 0018 0018 0018 0018 0018 0018 0018 0018 0018 0018 002f 0018 002f 0018 0018 0018 0018 0018 002f 0018 0018 0018 0018 0018 002f 0018 0018 0018 0018 0393 005f 0018 0018 0018 0018 0018 0018 0018 0018 0018 0018 0018 002f 0018 002f 0018 0018 0018 0018 0018 002f 0018 0018 0018 0018 0018 002f 0018 0018 0018 0018 0393 005f 0018 002f 0018 002f 0018 0018 0018 0018 0018 0018 0018 0018 0018 002f 0018 002f 0176 005f 0018 002f 0018 0018 0018 0018 0018 0018 0018 002f 0018 0018 0018 002f 0018 0018 0176 005f 0018 002f 0018 0018 0018 002f 0018 0018 0018 002f 0018 0018 0018 0018 0018 0018 0176 005f 0018 0018 0018 0018 0018 002f 0018 0018 0018 0018 0018 0018 0018 0018 0018 002f 0018 002f 0018 002f 0018 0018 0018 002f 0018 0018 0018 0018 0018 0017 05a3
JA Club	0000 0066 0000 005b 005f 0018 0018 0018 0018 0018 0018 0018 0018 0018 0018 0018 002f 0018 002f 0018 0018 0018 0018 0018 002f 0018 0018 0018 0018 0018 002f 0018 0018 0018 0018 0393 005f 0018 0018 0018 0018 0018 0018 0018 0018 0018 0018 0018 002f 0018 002f 0018 0018 0018 0018 0018 002f 0018 0018 0018 0018 0018 002f 0018 0018 0018 0018 0393 005f 0018 0018 0018 0018 0018 0018 0018 0018 0018 0018 0018 002f 0018 002f 0018 0018 0018 0018 0018 002f 0018 0018 0018 0018 0018 002f 0018 0018 0018 0018 0393 005f 0018 002f 0018 002f 0018 0018 0018 0018 0018 0018 0018 0018 0018 002f 0018 002f 0176 005f 0018 002f 0018 0018 0018 0018 0018 0018 0018 002f 0018 0018 0018 002f 0018 0018 0176 005f 0018 0018 0018 002f 0018 002f 0018 0018 0018 002f 0018 0018 0018 0018 0018 0018 0176 005f 0018 002f 0018 002f 0018 002f 0018 0018 0018 0018 0018 0018 0018 0018 0018 002f 0018 002f 0018 002f 0018 0018 0018 002f 0018 0018 0018 0018 0018 0017 0574
Disco/Club	0000 0066 0000 005b 005f 0018 0018 0018 0018 0018 0018 0018 0018 0018 0018 0018 002f 0018 002f 0018 0018 0018 0018 0018 002f 0018 0018 0018 0018 0018 002f 0018 0018 0018 0018 0391 005f 0018 0018 0018 0018 0018 0018 0018 0018 0018 0018 0018 002f 0018 002f 0018 0018 0018 0018 0018 002f 0018 0018 0018 0018 0018 002f 0018 0018 0018 0018 0391 005f 0018 0018 0018 0018 0018 0018 0018 0018 0018 0018 0018 002f 0018 002f 0018 0018 0018 0018 0018 002f 0018 0018 0018 0018 0018 002f 0018 0018 0018 0018 0391 005f 0018 002f 0018 002f 0018 0018 0018 0018 0018 0018 0018 0018 0018 002f 0018 002f 015e 005f 0018 002f 0018 0018 0018 0018 0018 0018 0018 002f 0018 0018 0018 002f 0018 0018 015e 005f 0018 002f 0018 002f 0018 002f 0018 0018 0018 002f 0018 0018 0018 0018 0018 0018 015e 005f 0018 0018 0018 002f 0018 002f 0018 0018 0018 0018 0018 0018 0018 0018 0018 002f 0018 002f 0018 002f 0018 0018 0018 002f 0018 0018 0018 0018 0018 0018 058b
Church	0000 0066 0000 005b 005f 0018 0018 0018 0018 0018 0018 0018 0018 0018 0018 0018 002f 0018 002f 0018 0018 0018 0018 0018 002f 0018 0018 0018 0018 0018 002f 0018 0018 0018 0018 0391 005f 0018 0018 0018 0018 0018 0018 0018 0018 0018 0018 0018 002f 0018 002f 0018 0018 0018 0018 0018 002f 0018 0018 0018 0018 0018 002f 0018 0018 0018 0018 0391 005f 0018 0018 0018 0018 0018 0018 0018 0018 0018 0018 0018 002f 0018 002f 0018 0018 0018 0018 0018 002f 0018 0018 0018 0018 0018 002f 0018 0018 0018 0018 0391 005f 0018 002f 0018 002f 0018 0018 0018 0018 0018 0018 0018 0018 0018 002f 0018 002f 0176 005f 0018 002f 0018 0018 0018 0018 0018 0018 0018 002f 0018 0018 0018 002f 0018 0018 0176 005f 0018 0018 0018 0018 0018 0018 0018 002f 0018 002f 0018 0018 0018 0018 0018 0018 0176 005f 0018 002f 0018 0018 0018 0018 0018 002f 0018 0018 0018 0018 0018 0018 0018 002f 0018 002f 0018 002f 0018 0018 0018 002f 0018 0018 0018 0018 0018 0018 058c
LI House	0000 0066 0000 005b 005f 0018 0018 0018 0018 0018 0018 0018 0018 0018 0018 0018 002f 0018 002f 0018 0018 0018 0018 0018 002f 0018 0018 0018 0018 0018 002f 0018 0018 0018 0018 0393 005f 0018 0018 0018 0018 0018 0018 0018 0018 0018 0018 0018 002f 0018 002f 0018 0018 0018 0018 0018 002f 0018 0018 0018 0018 0018 002f 0018 0018 0018 0018 0393 005f 0018 0018 0018 0018 0018 0018 0018 0018 0018 0018 0018 002f 0018 002f 0018 0018 0018 0018 0018 002f 0018 0018 0018 0018 0018 002f 0018 0018 0018 0018 0393 005f 0018 002f 0018 002f 0018 0018 0018 0018 0018 0018 0018 0018 0018 002f 0018 002f 0176 005f 0018 002f 0018 0018 0018 0018 0018 0018 0018 002f 0018 0018 0018 002f 0018 0018 0176 005f 0018 002f 0018 0018 0018 0018 0018 002f 0018 002f 0018 0018 0018 0018 0018 0018 0176 005f 0018 0018 0018 0018 0018 0018 0018 002f 0018 0018 0018 0018 0018 0018 0018 002f 0018 002f 0018 002f 0018 0018 0018 002f 0018 0018 0018 0018 0018 0017 05a3
Arena	0000 0066 0000 005b 005f 0018 0018 0018 0018 0018 0018 0018 0018 0018 0018 0018 002f 0018 002f 0018 0018 0018 0018 0018 002f 0018 0018 0018 0018 0018 002f 0018 0018 0018 0018 0393 005f 0018 0018 0018 0018 0018 0018 0018 0018 0018 0018 0018 002f 0018 002f 0018 0018 0018 0018 0018 002f 0018 0018 0018 0018 0018 002f 0018 0018 0018 0018 0393 005f 0018 0018 0018 0018 0018 0018 0018 0018 0018 0018 0018 002f 0018 002f 0018 0018 0018 0018 0018 002f 0018 0018 0018 0018 0018 002f 0018 0018 0018 0018 0393 005f 0018 002f 0018 002f 0018 0018 0018 0018 0018 0018 0018 0018 0018 002f 0018 002f 0176 005f 0018 002f 0018 0018 0018 0018 0018 0018 0018 002f 0018 0018 0018 002f 0018 0018 0176 005f 0018 0018 0018 002f 0018 0018 0018 002f 0018 002f 0018 0018 0018 0018 0018 0018 0176 005f 0018 002f 0018 002f 0018 0018 0018 002f 0018 0018 0018 0018 0018 0018 0018 002f 0018 002f 0018 002f 0018 0018 0018 002f 0018 0018 0018 0018 0018 0017 0574
Stadium	0000 0066 0000 005b 005f 0018 0018 0018 0018 0018 0018 0018 0018 0018 0018 0018 002f 0018 002f 0018 0018 0018 0018 0018 002f 0018 0018 0018 0018 0018 002f 0018 0018 0018 0018 0391 005f 0018 0018 0018 0018 0018 0018 0018 0018 0018 0018 0018 002f 0018 002f 0018 0018 0018 0018 0018 002f 0018 0018 0018 0018 0018 002f 0018 0018 0018 0018 0391 005f 0018 0018 0018 0018 0018 0018 0018 0018 0018 0018 0018 002f 0018 002f 0018 0018 0018 0018 0018 002f 0018 0018 0018 0018 0018 002f 0018 0018 0018 0018 0391 005f 0018 002f 0018 002f 0018 0018 0018 0018 0018 0018 0018 0018 0018 002f 0018 002f 015e 005f 0018 002f 0018 0018 0018 0018 0018 0018 0018 002f 0018 0018 0018 002f 0018 0018 015e 005f 0018 002f 0018 002f 0018 0018 0018 002f 0018 002f 0018 0018 0018 0018 0018 0018 015e 005f 0018 0018 0018 002f 0018 0018 0018 002f 0018 0018 0018 0018 0018 0018 0018 002f 0018 002f 0018 002f 0018 0018 0018 002f 0018 0018 0018 0018 0018 0018 058b
Game	0000 0066 0000 005b 005f 0018 0018 0018 0018 0018 0018 0018 0018 0018 0018 0018 002f 0018 002f 0018 0018 0018 0018 0018 002f 0018 0018 0018 0018 0018 002f 0018 0018 0018 0018 0393 005f 0018 0018 0018 0018 0018 0018 0018 0018 0018 0018 0018 002f 0018 002f 0018 0018 0018 0018 0018 002f 0018 0018 0018 0018 0018 002f 0018 0018 0018 0018 0393 005f 0018 0018 0018 0018 0018 0018 0018 0018 0018 0018 0018 002f 0018 002f 0018 0018 0018 0018 0018 002f 0018 0018 0018 0018 0018 002f 0018 0018 0018 0018 0393 005f 0018 002f 0018 002f 0018 0018 0018 0018 0018 0018 0018 0018 0018 002f 0018 002f 0176 005f 0018 002f 0018 0018 0018 0018 0018 0018 0018 002f 0018 0018 0018 002f 0018 0018 0176 005f 0018 0018 0018 0018 0018 002f 0018 002f 0018 002f 0018 0018 0018 0018 0018 0018 0176 005f 0018 002f 0018 0018 0018 002f 0018 002f 0018 0018 0018 0018 0018 0018 0018 002f 0018 002f 0018 002f 0018 0018 0018 002f 0018 0018 0018 0018 0018 0017 0574
AU Format	0000 0066 0000 005b 005f 0018 0018 0018 0018 0018 0018 0018 0018 0018 0018 0018 002f 0018 002f 0018 0018 0018 0018 0018 002f 0018 0018 0018 0018 0018 002f 0018 0018 0018 0018 0391 005f 0018 0018 0018 0018 0018 0018 0018 0018 0018 0018 0018 002f 0018 002f 0018 0018 0018 0018 0018 002f 0018 0018 0018 0018 0018 002f 0018 0018 0018 0018 0391 005f 0018 0018 0018 0018 0018 0018 0018 0018 0018 0018 0018 002f 0018 002f 0018 0018 0018 0018 0018 002f 0018 0018 0018 0018 0018 002f 0018 0018 0018 0018 0391 005f 0018 002f 0018 002f 0018 0018 0018 0018 0018 0018 0018 0018 0018 002f 0018 002f 015e 005f 0018 002f 0018 0018 0018 0018 0018 0018 0018 002f 0018 0018 0018 002f 0018 0018 015e 005f 0018 002f 0018 0018 0018 002f 0018 002f 0018 002f 0018 0018 0018 0018 0018 0018 015e 005f 0018 0018 0018 0018 0018 002f 0018 002f 0018 0018 0018 0018 0018 0018 0018 002f 0018 002f 0018 002f 0018 0018 0018 002f 0018 0018 0018 0018 0018 0018 058b
Fie Off	0000 0066 0000 005b 005f 0018 0018 0018 0018 0018 0018 0018 0018 0018 0018 0018 002f 0018 002f 0018 0018 0018 0018 0018 002f 0018 0018 0018 0018 0018 002f 0018 0018 0018 0018 0391 005f 0018 0018 0018 0018 0018 0018 0018 0018 0018 0018 0018 002f 0018 002f 0018 0018 0018 0018 0018 002f 0018 0018 0018 0018 0018 002f 0018 0018 0018 0018 0391 005f 0018 0018 0018 0018 0018 0018 0018 0018 0018 0018 0018 002f 0018 002f 0018 0018 0018 0018 0018 002f 0018 0018 0018 0018 0018 002f 0018 0018 0018 0018 0391 005f 0018 002f 0018 002f 0018 0018 0018 0018 0018 0018 0018 0018 0018 002f 0018 002f 0176 005f 0018 002f 0018 0018 0018 0018 0018 0018 0018 002f 0018 0018 0018 002f 0018 0018 0176 005f 0018 0018 0018 0018 0018 0018 0018 0018 0018 0018 0018 0018 0018 0018 0018 0018 01bc 005f 0018 002f 0018 0018 0018 0018 0018 0018 0018 002f 0018 0018 0018 0018 0018 002f 0018 002f 0018 002f 0018 0018 0018 002f 0018 0018 0018 0018 0018 0018 058b
