Power	0000 0067 0000 000D 0000 0018 0000 0018 0000 0017 0000 0018 0000 0017 0000 0018 0000 0017 0000 0017 0000 0017 0000 0017 0000 0017 0000 0017 0000 0405
Pwr TV	0000 0067 0000 000D 0000 0018 0000 0018 0000 0017 0000 0018 0000 0017 0000 0018 0000 0017 0000 0017 0000 0018 0000 0017 0000 0017 0000 0017 0000 0405
Vol+	0000 0067 0000 000D 0000 0018 0000 0017 0000 0018 0000 0017 0000 0017 0000 0018 0000 0017 0000 0017 0000 0017 0000 0017 0000 0017 0000 0017 0000 041D
Master Vol+ TV	0000 0067 0000 000D 0000 0018 0000 0017 0000 0018 0000 0017 0000 0017 0000 0018 0000 0017 0000 0017 0000 0018 0000 0017 0000 0017 0000 0017 0000 041D
Vol-	0000 0067 0000 000D 0000 0018 0000 0018 0000 0018 0000 0017 0000 0017 0000 0018 0000 0017 0000 0017 0000 0017 0000 0017 0000 0017 0000 0017 0000 0405
Master V  TV	0000 0067 0000 000D 0000 0018 0000 0018 0000 0018 0000 0017 0000 0017 0000 0018 0000 0017 0000 0017 0000 0018 0000 0017 0000 0017 0000 0017 0000 0405
DAT	0000 0067 0000 000D 0000 0018 0000 0017 0000 0018 0000 0018 0000 0017 0000 0017 0000 0017 0000 0018 0000 0017 0000 0017 0000 0017 0000 0017 0000 0405
CD	0000 0067 0000 000D 0000 0018 0000 0018 0000 0017 0000 0018 0000 0017 0000 0017 0000 0018 0000 0017 0000 0017 0000 0017 0000 0017 0000 0017 0000 0405
Tuner	0000 0067 0000 000D 0000 0018 0000 0018 0000 0017 0000 0017 0000 0017 0000 0017 0000 0018 0000 0017 0000 0017 0000 0017 0000 0017 0000 0017 0000 041D
Phono	0000 0067 0000 000D 0000 0018 0000 0017 0000 0017 0000 0017 0000 0017 0000 0017 0000 0018 0000 0017 0000 0017 0000 0017 0000 0017 0000 0017 0000 0436
Video1	0000 0067 0000 0075 0000 0018 0000 0017 0000 0018 0000 0017 0000 0017 0000 0017 0000 0018 0000 0017 0000 0017 0000 0017 0000 0017 0000 0017 0000 041D 0000 0018 0000 0017 0000 0018 0000 0017 0000 0017 0000 0017 0000 0018 0000 0017 0000 0017 0000 0017 0000 0017 0000 0017 0000 041E 0000 0018 0000 0017 0000 0018 0000 0017 0000 0017 0000 0017 0000 0018 0000 0017 0000 0017 0000 0017 0000 0017 0000 0017 0000 1111 0000 0018 0000 0017 0000 0018 0000 0018 0000 0018 0000 0017 0000 0018 0000 0017 0000 0017 0000 0018 0000 0017 0000 0017 0000 03ED 0000 0018 0000 0017 0000 0018 0000 0018 0000 0018 0000 0017 0000 0018 0000 0017 0000 0017 0000 0018 0000 0017 0000 0017 0000 03ED 0000 0018 0000 0017 0000 0018 0000 0018 0000 0018 0000 0017 0000 0018 0000 0017 0000 0017 0000 0018 0000 0017 0000 0017 0000 10DF 0000 0018 0000 0017 0000 0018 0000 0018 0000 0018 0000 0017 0000 0018 0000 0017 0000 0018 0000 0017 0000 0017 0000 0017 0000 03ED 0000 0018 0000 0017 0000 0018 0000 0018 0000 0018 0000 0017 0000 0018 0000 0017 0000 0018 0000 0017 0000 0017 0000 0017 0000 03ED 0000 0018 0000 0017 0000 0018 0000 0018 0000 0018 0000 0017 0000 0018 0000 0017 0000 0018 0000 0017 0000 0017 0000 0017 0000 122C
Video2	0000 0067 0000 0075 0000 0018 0000 0017 0000 0018 0000 0018 0000 0018 0000 0018 0000 0017 0000 0017 0000 0017 0000 0017 0000 0017 0000 0017 0000 03ED 0000 0018 0000 0017 0000 0018 0000 0018 0000 0018 0000 0018 0000 0017 0000 0017 0000 0017 0000 0017 0000 0017 0000 0017 0000 03ED 0000 0018 0000 0017 0000 0018 0000 0018 0000 0018 0000 0018 0000 0017 0000 0017 0000 0017 0000 0017 0000 0017 0000 0017 0000 10DD 0000 0018 0000 0017 0000 0018 0000 0018 0000 0018 0000 0017 0000 0018 0000 0017 0000 0017 0000 0018 0000 0018 0000 0017 0000 03D5 0000 0018 0000 0017 0000 0018 0000 0018 0000 0018 0000 0017 0000 0018 0000 0017 0000 0017 0000 0018 0000 0018 0000 0017 0000 03D5 0000 0018 0000 0017 0000 0018 0000 0018 0000 0018 0000 0017 0000 0018 0000 0017 0000 0017 0000 0018 0000 0018 0000 0017 0000 116A 0000 0018 0000 0017 0000 0018 0000 0018 0000 0018 0000 0017 0000 0018 0000 0017 0000 0018 0000 0017 0000 0017 0000 0017 0000 03ED 0000 0018 0000 0017 0000 0018 0000 0018 0000 0018 0000 0017 0000 0018 0000 0017 0000 0018 0000 0017 0000 0017 0000 0017 0000 03ED 0000 0018 0000 0017 0000 0018 0000 0018 0000 0018 0000 0017 0000 0018 0000 0017 0000 0018 0000 0017 0000 0017 0000 0017 0000 122D
Video3	0000 0067 0000 0075 0000 0018 0000 0017 0000 0018 0000 0017 0000 0017 0000 0017 0000 0017 0000 0018 0000 0017 0000 0017 0000 0017 0000 0017 0000 041D 0000 0018 0000 0017 0000 0018 0000 0017 0000 0017 0000 0017 0000 0017 0000 0018 0000 0017 0000 0017 0000 0017 0000 0017 0000 041D 0000 0018 0000 0017 0000 0018 0000 0017 0000 0017 0000 0017 0000 0017 0000 0018 0000 0017 0000 0017 0000 0017 0000 0017 0000 110D 0000 0018 0000 0017 0000 0018 0000 0018 0000 0018 0000 0017 0000 0018 0000 0017 0000 0018 0000 0018 0000 0017 0000 0018 0000 03BC 0000 0018 0000 0017 0000 0018 0000 0018 0000 0018 0000 0017 0000 0018 0000 0017 0000 0018 0000 0018 0000 0017 0000 0018 0000 03BC 0000 0018 0000 0017 0000 0018 0000 0018 0000 0018 0000 0017 0000 0018 0000 0017 0000 0018 0000 0018 0000 0017 0000 0018 0000 1152 0000 0018 0000 0017 0000 0018 0000 0018 0000 0018 0000 0017 0000 0018 0000 0017 0000 0018 0000 0017 0000 0017 0000 0017 0000 03ED 0000 0018 0000 0017 0000 0018 0000 0018 0000 0018 0000 0017 0000 0018 0000 0017 0000 0018 0000 0017 0000 0017 0000 0017 0000 03ED 0000 0018 0000 0017 0000 0018 0000 0018 0000 0018 0000 0017 0000 0018 0000 0017 0000 0018 0000 0017 0000 0017 0000 0017 0000 122D
Acr	0000 0067 0000 000D 0000 0018 0000 0018 0000 0018 0000 0017 0000 0017 0000 0017 0000 0018 0000 0017 0000 0017 0000 0017 0000 0017 0000 0017 0000 0405
Digital1	0000 0067 0000 000D 0000 0018 0000 0017 0000 0017 0000 0018 0000 0017 0000 0017 0000 0017 0000 0018 0000 0017 0000 0017 0000 0017 0000 0017 0000 041D
Digital2	0000 0067 0000 000D 0000 0018 0000 0018 0000 0017 0000 0018 0000 0017 0000 0017 0000 0017 0000 0018 0000 0017 0000 0017 0000 0017 0000 0017 0000 0405
Cursor Up	0000 0067 0000 000D 0000 0018 0000 0017 0000 0017 0000 0017 0000 0018 0000 0018 0000 0018 0000 0018 0000 0017 0000 0017 0000 0018 0000 0018 0000 03D5
Cursor Down	0000 0067 0000 000D 0000 0018 0000 0018 0000 0017 0000 0017 0000 0018 0000 0018 0000 0018 0000 0018 0000 0017 0000 0017 0000 0018 0000 0018 0000 03BC
Cursor Left	0000 0067 0000 000D 0000 0018 0000 0017 0000 0018 0000 0017 0000 0018 0000 0018 0000 0018 0000 0018 0000 0017 0000 0017 0000 0018 0000 0018 0000 03BC
Cursor Right	0000 0067 0000 000D 0000 0018 0000 0018 0000 0018 0000 0017 0000 0018 0000 0018 0000 0018 0000 0018 0000 0017 0000 0017 0000 0018 0000 0018 0000 03A4
Sound Fld U/P	0000 0067 0000 000D 0000 0018 0000 0017 0000 0018 0000 0018 0000 0018 0000 0018 0000 0018 0000 0018 0000 0017 0000 0018 0000 0017 0000 0017 0000 03A4
Sound Fld Mode	0000 0067 0000 000D 0000 0018 0000 0017 0000 0018 0000 0018 0000 0017 0000 0018 0000 0018 0000 0017 0000 0017 0000 0018 0000 0017 0000 0017 0000 03D5
Sound Fld On/Off	0000 0067 0000 000D 0000 0018 0000 0018 0000 0018 0000 0018 0000 0018 0000 0018 0000 0018 0000 0017 0000 0017 0000 0017 0000 0018 0000 0018 0000 03A4
Band	0000 0067 0000 000D 0000 0018 0000 0017 0000 0017 0000 0017 0000 0017 0000 0017 0000 0018 0000 0017 0000 0017 0000 0018 0000 0017 0000 0017 0000 041D
EQ	0000 0067 0000 000D 0000 0018 0000 0017 0000 0017 0000 0018 0000 0018 0000 0017 0000 0018 0000 0017 0000 0017 0000 0018 0000 0017 0000 0017 0000 03ED
T Tone	0000 0067 0000 000D 0000 0018 0000 0017 0000 0018 0000 0017 0000 0018 0000 0017 0000 0017 0000 0018 0000 0017 0000 0018 0000 0017 0000 0017 0000 03ED
Cursor Mode	0000 0067 0000 000D 0000 0018 0000 0018 0000 0018 0000 0018 0000 0017 0000 0018 0000 0018 0000 0018 0000 0017 0000 0017 0000 0018 0000 0018 0000 03A4
Rear Level+	0000 0067 0000 000D 0000 0018 0000 0017 0000 0018 0000 0017 0000 0017 0000 0017 0000 0017 0000 0018 0000 0017 0000 0017 0000 0018 0000 0018 0000 0405
Rear Level-	0000 0067 0000 000D 0000 0018 0000 0018 0000 0018 0000 0017 0000 0017 0000 0017 0000 0017 0000 0018 0000 0017 0000 0017 0000 0018 0000 0018 0000 03ED
Center Level+	0000 0067 0000 000D 0000 0018 0000 0017 0000 0017 0000 0018 0000 0017 0000 0018 0000 0017 0000 0018 0000 0017 0000 0018 0000 0017 0000 0017 0000 03ED
Center Level-	0000 0067 0000 000D 0000 0018 0000 0018 0000 0017 0000 0018 0000 0017 0000 0018 0000 0017 0000 0018 0000 0017 0000 0018 0000 0017 0000 0017 0000 03D5
On Screen	0000 0067 0000 000D 0000 0018 0000 0018 0000 0018 0000 0017 0000 0017 0000 0018 0000 0017 0000 0018 0000 0017 0000 0017 0000 0017 0000 0017 0000 03ED
Dbfb	0000 0066 0000 000D 0000 0018 0000 0018 0000 0018 0000 0018 0000 0018 0000 0018 0000 0018 0000 0018 0000 0018 0000 0018 0000 0018 0000 0018 0000 03F7
Mute	0000 0067 0000 000D 0000 0018 0000 0017 0000 0017 0000 0018 0000 0017 0000 0018 0000 0017 0000 0017 0000 0017 0000 0017 0000 0017 0000 0017 0000 041D
Index	0000 0067 0000 000D 0000 0018 0000 0017 0000 0018 0000 0017 0000 0017 0000 0018 0000 0017 0000 0018 0000 0018 0000 0017 0000 0018 0000 0018 0000 03D5
Tune+	0000 0067 0000 000D 0000 0018 0000 0017 0000 0017 0000 0017 0000 0017 0000 0018 0000 0017 0000 0017 0000 0018 0000 0017 0000 0018 0000 0018 0000 0405
Tune-	0000 0067 0000 000D 0000 0018 0000 0018 0000 0017 0000 0017 0000 0017 0000 0018 0000 0017 0000 0017 0000 0018 0000 0017 0000 0018 0000 0018 0000 03ED
