Eject	0000 0067 0000 000d 0061 0018 0019 0018 0031 0018 0031 0018 0019 0018 0031 0018 0019 0018 0019 0018 0031 0018 0031 0018 0019 0018 0031 0018 0019 03d8
Power	0000 0067 0000 000d 0060 0018 0030 0018 0018 0018 0030 0018 0018 0018 0030 0018 0018 0018 0018 0018 0030 0018 0030 0018 0018 0018 0030 0018 0018 03d8
Timer On/Off	0000 0067 0000 000d 0060 0018 0030 0018 0018 0018 0030 0018 0018 0018 0018 0018 0030 0018 0030 0018 0030 0018 0030 0018 0018 0018 0030 0018 0018 03c0
Timer Clear	0000 0067 0000 000d 0060 0018 0030 0018 0030 0018 0018 0018 0018 0018 0018 0018 0030 0018 0030 0018 0030 0018 0030 0018 0018 0018 0030 0018 0018 03c0
Menu	0000 0067 0000 000d 0060 0018 0030 0018 0018 0018 0030 0018 0030 0018 0018 0018 0018 0018 0030 0018 0030 0018 0030 0018 0018 0018 0030 0018 0018 03c0
Cursor Right	0000 0067 0000 000d 0060 0018 0030 0018 0018 0018 0018 0018 0018 0018 0018 0018 0030 0018 0030 0018 0030 0018 0030 0018 0018 0018 0030 0018 0018 03d8
Cursor Up	0000 0067 0000 000d 0060 0018 0018 0018 0030 0018 0018 0018 0018 0018 0018 0018 0018 0018 0030 0018 0030 0018 0030 0018 0018 0018 0030 0018 0018 03f0
Cursor Down	0000 0067 0000 000d 0060 0018 0030 0018 0030 0018 0018 0018 0018 0018 0018 0018 0018 0018 0030 0018 0030 0018 0030 0018 0018 0018 0030 0018 0018 03d8
Cursor Left	0000 0067 0000 000d 0060 0018 0018 0018 0030 0018 0018 0018 0018 0018 0018 0018 0030 0018 0030 0018 0030 0018 0030 0018 0018 0018 0030 0018 0018 03d8
Execute	0000 0067 0000 000d 0060 0018 0030 0018 0018 0018 0018 0018 0018 0018 0030 0018 0018 0018 0030 0018 0030 0018 0030 0018 0018 0018 0030 0018 0018 03d8
1	0000 0067 0000 000d 0060 0018 0018 0018 0018 0018 0018 0018 0018 0018 0018 0018 0018 0018 0018 0018 0030 0018 0030 0018 0018 0018 0030 0018 0018 0420
2	0000 0067 0000 000d 0061 0018 0031 0018 0019 0018 0019 0018 0019 0018 0019 0018 0019 0018 0019 0018 0031 0018 0031 0018 0019 0018 0031 0018 0019 0408
3	0000 0067 0000 000d 0060 0018 0018 0018 0030 0018 0018 0018 0018 0018 0018 0018 0018 0018 0018 0018 0030 0018 0030 0018 0018 0018 0030 0018 0018 0408
4	0000 0067 0000 000d 0060 0018 0030 0018 0030 0018 0018 0018 0018 0018 0018 0018 0018 0018 0018 0018 0030 0018 0030 0018 0018 0018 0030 0018 0018 03f0
5	0000 0067 0000 000d 0061 0018 0019 0018 0019 0018 0031 0018 0019 0018 0019 0018 0019 0018 0019 0018 0031 0018 0031 0018 0019 0018 0031 0018 0019 0408
6	0000 0067 0000 000d 0060 0018 0030 0018 0018 0018 0030 0018 0018 0018 0018 0018 0018 0018 0018 0018 0030 0018 0030 0018 0018 0018 0030 0018 0018 03f0
7	0000 0067 0000 000d 0060 0018 0018 0018 0030 0018 0030 0018 0018 0018 0018 0018 0018 0018 0018 0018 0030 0018 0030 0018 0018 0018 0030 0018 0018 03f0
8	0000 0067 0000 000d 0061 0018 0031 0018 0031 0018 0031 0018 0019 0018 0019 0018 0019 0018 0019 0018 0031 0018 0031 0018 0019 0018 0031 0018 0019 03d8
9	0000 0067 0000 000d 0060 0018 0018 0018 0018 0018 0018 0018 0030 0018 0018 0018 0018 0018 0018 0018 0030 0018 0030 0018 0018 0018 0030 0018 0018 0408
0	0000 0067 0000 000d 0060 0018 0030 0018 0018 0018 0018 0018 0030 0018 0018 0018 0018 0018 0018 0018 0030 0018 0030 0018 0018 0018 0030 0018 0018 03f0
Enter	0000 0067 0000 000d 0061 0018 0031 0018 0031 0018 0019 0018 0031 0018 0019 0018 0019 0018 0019 0018 0031 0018 0031 0018 0019 0018 0031 0018 0019 03d8
TV/VTR	0000 0067 0000 000d 0060 0018 0018 0018 0030 0018 0018 0018 0030 0018 0018 0018 0030 0018 0018 0018 0030 0018 0030 0018 0018 0018 0030 0018 0018 03d8
Aud Mon	0000 0067 0000 000d 0060 0018 0030 0018 0030 0018 0030 0018 0018 0018 0030 0018 0018 0018 0018 0018 0030 0018 0030 0018 0018 0018 0030 0018 0018 03c0
Display	0000 0067 0000 000d 0060 0018 0018 0018 0030 0018 0018 0018 0030 0018 0030 0018 0018 0018 0030 0018 0030 0018 0030 0018 0018 0018 0030 0018 0018 03c0
Counter Reset	0000 0067 0000 000d 0060 0018 0018 0018 0030 0018 0030 0018 0018 0018 0018 0018 0018 0018 0030 0018 0030 0018 0030 0018 0018 0018 0030 0018 0018 03d8
Input Sel	0000 0067 0000 000d 0061 0018 0031 0018 0031 0018 0031 0018 0031 0018 0019 0018 0019 0018 0031 0018 0031 0018 0031 0018 0019 0018 0031 0018 0019 03a8
Auto Tracking	0000 0067 0000 000d 0060 0018 0030 0018 0030 0018 0030 0018 0018 0018 0018 0018 0030 0018 0018 0018 0030 0018 0030 0018 0018 0018 0030 0018 0018 03c0
Tape Spd	0000 0067 0000 000d 0060 0018 0018 0018 0018 0018 0018 0018 0030 0018 0030 0018 0018 0018 0030 0018 0030 0018 0030 0018 0018 0018 0030 0018 0018 03d8
Slow-	0000 0067 0000 000d 0061 0018 0019 0018 0031 0018 0031 0018 0031 0018 0031 0018 0031 0018 0019 0018 0031 0018 0031 0018 0019 0018 0031 0018 0019 03a8
Slow+	0000 0067 0000 000d 0060 0018 0030 0018 0018 0018 0030 0018 0030 0018 0030 0018 0030 0018 0018 0018 0030 0018 0030 0018 0018 0018 0030 0018 0018 03a8
Frame Fwd	0000 0067 0000 000d 0060 0018 0030 0018 0018 0018 0018 0018 0018 0018 0030 0018 0030 0018 0018 0018 0030 0018 0030 0018 0018 0018 0030 0018 0018 03d8
Vol+	0000 0067 0000 000d 0061 0018 0019 0018 0031 0018 0019 0018 0019 0018 0031 0018 0019 0018 0019 0018 0031 0018 0019 0018 0019 0018 0019 0018 0019 0420
Vol-	0000 0067 0000 000d 0060 0018 0030 0018 0030 0018 0018 0018 0018 0018 0030 0018 0018 0018 0018 0018 0030 0018 0018 0018 0018 0018 0018 0018 0018 0408
Ch+	0000 0067 0000 000d 0060 0018 0018 0018 0018 0018 0018 0018 0018 0018 0030 0018 0018 0018 0018 0018 0030 0018 0030 0018 0018 0018 0030 0018 0018 0408
Ch-	0000 0067 0000 000d 0061 0018 0031 0018 0019 0018 0019 0018 0019 0018 0031 0018 0019 0018 0019 0018 0031 0018 0031 0018 0019 0018 0031 0018 0019 03f0
Blank Search	0000 0067 0000 000d 0060 0018 0030 0018 0018 0018 0018 0018 0018 0018 0018 0018 0030 0018 0018 0018 0030 0018 0030 0018 0018 0018 0030 0018 0018 03f0
Index	0000 0067 0000 000d 0060 0018 0030 0018 0030 0018 0018 0018 0018 0018 0030 0018 0018 0018 0030 0018 0030 0018 0030 0018 0018 0018 0030 0018 0018 03c0
Rec	0000 0067 0000 000d 0061 0018 0031 0018 0019 0018 0031 0018 0031 0018 0031 0018 0019 0018 0019 0018 0031 0018 0031 0018 0019 0018 0031 0018 0019 03c0
Search Rew	0000 0067 0000 000d 0060 0018 0018 0018 0018 0018 0018 0018 0030 0018 0018 0018 0030 0018 0018 0018 0030 0018 0030 0018 0018 0018 0030 0018 0018 03f0
Search Fwd	0000 0067 0000 000d 0060 0018 0030 0018 0018 0018 0018 0018 0030 0018 0018 0018 0030 0018 0018 0018 0030 0018 0030 0018 0018 0018 0030 0018 0018 03d8
Play	0000 0067 0000 000d 0061 0018 0019 0018 0031 0018 0019 0018 0031 0018 0031 0018 0019 0018 0019 0018 0031 0018 0031 0018 0019 0018 0031 0018 0019 03d8
Stop	0000 0067 0000 000d 0060 0018 0018 0018 0018 0018 0018 0018 0030 0018 0030 0018 0018 0018 0018 0018 0030 0018 0030 0018 0018 0018 0030 0018 0018 03f0
Pause	0000 0067 0000 000d 0061 0018 0031 0018 0019 0018 0019 0018 0031 0018 0031 0018 0019 0018 0019 0018 0031 0018 0031 0018 0019 0018 0031 0018 0019 03d8
FF	0000 0067 0000 000d 0060 0018 0018 0018 0018 0018 0030 0018 0030 0018 0030 0018 0018 0018 0018 0018 0030 0018 0030 0018 0018 0018 0030 0018 0018 03d8
Rew	0000 0067 0000 000d 0060 0018 0030 0018 0030 0018 0018 0018 0030 0018 0030 0018 0018 0018 0018 0018 0030 0018 0030 0018 0018 0018 0030 0018 0018 03c0
