Eject	0000 0022 0000 000d 0120 0048 0048 0048 0090 0048 0090 0048 0048 0048 0090 0048 0048 0048 0048 0048 0090 0048 0090 0048 0048 0048 0090 0048 0048 0b88
Bla Search	0000 0022 0000 000d 0120 0048 0090 0048 0048 0048 0048 0048 0048 0048 0048 0048 0090 0048 0048 0048 0090 0048 0090 0048 0048 0048 0090 0048 0048 0bd0
Index	0000 0022 0000 000d 0120 0048 0090 0045 0090 0045 004b 0045 004b 0045 0090 0048 0048 0048 0090 0045 0090 0045 0090 0048 0048 0048 0090 0045 004b 0b3d
Qui Timer	0000 0022 0000 000d 0120 0048 0048 0048 0090 0048 0048 0048 0048 0048 0090 0048 0048 0048 0090 0048 0090 0048 0090 0048 0048 0048 0090 0048 0048 0b88
Power	0000 0022 0000 000d 0120 0048 0090 0048 0048 0048 0090 0048 0048 0048 0090 0048 0048 0048 0048 0048 0090 0048 0090 0048 0048 0048 0090 0048 0048 0b70
TV/VTR	0000 0022 0000 000d 0120 0048 0048 0048 0090 0048 0048 0048 0090 0048 0048 0048 0090 0048 0048 0048 0090 0048 0090 0048 0048 0048 0090 0048 0048 0b70
Menu	0000 0022 0000 000d 0120 0048 0090 0048 0048 0048 0090 0048 0090 0048 0048 0048 0048 0048 0090 0048 0090 0048 0090 0048 0048 0048 0090 0048 0048 0b28
Curs Up	0000 0022 0000 000d 0120 0048 0048 0048 0090 0048 0048 0048 0048 0048 0048 0048 0048 0048 0090 0048 0090 0048 0090 0048 0048 0048 0090 0048 0048 0bd6
Curs Down	0000 0022 0000 000d 0120 004b 0090 0048 0090 0048 0048 0048 0048 0048 0048 0048 0048 0048 0090 0048 0090 0048 0090 0048 0048 0048 0090 0048 0048 0b70
Curs Left	0000 0022 0000 000d 0120 0048 0048 0048 0090 0048 0048 0048 0048 0048 0048 0048 0090 0048 0090 0048 0090 0048 0090 0048 0048 0048 0090 0048 0048 0b70
Curs Right	0000 0022 0000 000d 0120 0048 0090 0048 0048 0048 0048 0048 0048 0048 0048 0048 0090 0048 0090 0048 0090 0048 0090 0048 0048 0048 0090 0048 0048 0b70
Excute	0000 0022 0000 000d 0120 0048 0090 0048 0048 0048 0048 0048 0048 0048 0090 0048 0048 0048 0090 0048 0090 0048 0090 0048 0048 0048 0090 0048 0048 0b91
Audio Monitor	0000 0022 0000 000d 0120 004b 0090 0048 0090 0048 0090 0048 0048 0048 0090 0048 0048 0048 0048 0048 0090 0048 0090 0048 0048 0048 0090 0048 0048 0b28
1	0000 0022 0000 000d 0120 0048 0048 0048 0048 0048 0048 0048 0048 0048 0048 0048 0048 0048 0048 0048 0090 0048 0090 0048 0048 0048 0090 0048 0048 0c48
2	0000 0022 0000 000d 0120 004b 0090 0048 0048 0048 0048 0048 0048 0048 0048 0048 0048 0048 0048 0048 0090 0048 0090 0048 0048 0048 0090 0048 0048 0c00
3	0000 0022 0000 000d 0120 0048 0048 0048 0090 0048 0048 0048 0048 0048 0048 0048 0048 0048 0048 0048 0090 0048 0090 0048 0048 0048 0090 0048 0048 0c00
4	0000 0022 0000 000d 0120 004b 0090 0048 0090 0048 0048 0048 0048 0048 0048 0048 0048 0048 0048 0048 0090 0048 0090 0048 0048 0048 0090 0048 0048 0bd6
5	0000 0022 0000 000d 0120 0048 0048 0048 0048 0048 0090 0048 0048 0048 0048 0048 0048 0048 0048 0048 0090 0048 0090 0048 0048 0048 0090 0048 0048 0c00
6	0000 0022 0000 000d 0120 004b 0090 0048 0048 0048 0090 0048 0048 0048 0048 0048 0048 0048 0048 0048 0090 0048 0090 0048 0048 0048 0090 0048 0048 0bd6
7	0000 0022 0000 000d 0120 004b 0048 0048 0090 0048 0090 0048 0048 0048 0048 0048 0048 0048 0048 0048 0090 0048 0090 0048 0048 0048 0090 0048 0048 0bd6
8	0000 0022 0000 000d 0120 004b 0090 0048 0090 0048 0090 0048 0048 0048 0048 0048 0048 0048 0048 0048 0090 0048 0090 0048 0048 0048 0090 0048 0048 0b70
9	0000 0022 0000 000d 0120 0048 0048 0048 0048 0048 0048 0048 0090 0048 0048 0048 0048 0048 0048 0048 0090 0048 0090 0048 0048 0048 0090 0048 0048 0c00
0	0000 0022 0000 000d 0120 0048 0090 0048 0048 0048 0048 0048 0090 0048 0048 0048 0048 0048 0048 0048 0090 0048 0090 0048 0048 0048 0090 0048 0048 0bd6
Input Select	0000 0022 0000 000d 0120 0048 0090 0048 0090 0048 0090 0048 0090 0048 0048 0048 0048 0048 0090 0048 0090 0048 0090 0048 0048 0048 0090 0048 0048 0ae0
Enter	0000 0022 0000 000d 0120 0048 0090 0048 0090 0048 0048 0048 0090 0048 0048 0048 0048 0048 0048 0048 0090 0048 0090 0048 0048 0048 0090 0048 0048 0b70
R Clear	0000 0022 0000 000d 0120 0048 0090 0048 0090 0048 0048 0048 0048 0048 0048 0048 0090 0048 0090 0048 0090 0048 0090 0048 0048 0048 0090 0048 0048 0b46
R On/Off	0000 0022 0000 000d 0120 004b 0090 0048 0048 0048 0090 0048 0048 0048 0048 0048 0090 0048 0090 0048 0090 0048 0090 0048 0048 0048 0090 0048 0048 0b28
VCR+	0000 0022 0000 0010 0120 0048 0048 0048 0048 0048 0048 0048 0048 0048 0048 0048 0090 0048 0090 0048 0048 0048 0090 0048 0048 0048 0090 0048 0090 0048 0090 0048 0048 0048 0090 0978
Once	0000 0022 0000 0010 0120 004b 0090 0048 0048 0048 0048 0048 0048 0048 0048 0048 0090 0048 0090 0048 0048 0048 0090 0048 0048 0048 0090 0048 0090 0048 0090 0048 0048 0048 0090 0930
Daily	0000 0022 0000 0010 0120 004b 0048 0048 0090 0048 0048 0048 0048 0048 0048 0048 0090 0048 0090 0048 0048 0048 0090 0048 0048 0048 0090 0048 0090 0048 0090 0048 0048 0048 0090 0930
Weekly	0000 0022 0000 0010 0120 0048 0090 0048 0090 0048 0048 0048 0048 0048 0048 0048 0090 0048 0090 0048 0048 0048 0090 0048 0048 0048 0090 0048 0090 0048 0090 0048 0048 0048 0090 08e8
Ind Mark	0000 0022 0000 000d 0120 0048 0048 0048 0048 0048 0048 0048 0090 0048 0048 0048 0048 0048 0090 0048 0090 0048 0090 0048 0048 0048 0090 0048 0048 0bd6
Ind Erase	0000 0022 0000 000d 0120 004b 0090 0048 0048 0048 0048 0048 0090 0048 0048 0048 0048 0048 0090 0048 0090 0048 0090 0048 0048 0048 0090 0048 0048 0b70
Slow-	0000 0022 0000 000d 0120 004b 0048 0048 0090 0048 0090 0048 0090 0048 0090 0048 0090 0048 0048 0048 0090 0048 0090 0048 0048 0048 0090 0048 0048 0ae0
Slow+	0000 0022 0000 000d 0120 0048 0090 0048 0048 0048 0090 0048 0090 0048 0090 0048 0090 0048 0048 0048 0090 0048 0090 0048 0048 0048 0090 0048 0048 0ae0
TA Speed	0000 0022 0000 000d 0120 0048 0048 0048 0048 0048 0048 0048 0090 0048 0090 0048 0048 0048 0090 0048 0090 0048 0090 0048 0048 0048 0090 0048 0048 0b70
PR Index	0000 0022 0000 000d 0120 0048 0090 0048 0090 0048 0090 0048 0048 0048 0090 0048 0048 0048 0090 0048 0090 0048 0090 0048 0048 0048 0090 0048 0048 0ae0
NE Index	0000 0022 0000 000d 0120 0048 0048 0048 0090 0048 0090 0048 0048 0048 0090 0048 0048 0048 0090 0048 0090 0048 0090 0048 0048 0048 0090 0048 0048 0b28
PR Frame	0000 0022 0000 000d 0120 0048 0048 0048 0048 0048 0048 0048 0048 0048 0090 0048 0090 0048 0048 0048 0090 0048 0090 0048 0048 0048 0090 0048 0048 0bf7
NE Frame	0000 0022 0000 000d 0120 0048 0090 0048 0048 0048 0048 0048 0048 0048 0090 0048 0090 0048 0048 0048 0090 0048 0090 0048 0048 0048 0090 0048 0048 0b70
Tracki Down	0000 0022 0000 000d 0120 004b 0090 0048 0048 0048 0090 0048 0048 0048 0048 0048 0048 0048 0090 0048 0090 0048 0090 0048 0048 0048 0090 0048 0048 0b70
Tracki Up	0000 0022 0000 000d 0120 004b 0048 0048 0048 0048 0090 0048 0048 0048 0048 0048 0048 0048 0090 0048 0090 0048 0090 0048 0048 0048 0090 0048 0048 0bd6
Tracki Auto/M	0000 0022 0000 000d 0120 004b 0090 0048 0090 0048 0090 0048 0048 0048 0048 0048 0090 0048 0048 0048 0090 0048 0090 0048 0048 0048 0090 0048 0048 0b28
R-Srch	0000 0022 0000 000d 0120 004b 0048 0048 0048 0048 0048 0048 0090 0048 0048 0048 0090 0048 0048 0048 0090 0048 0090 0048 0048 0048 0090 0048 0048 0bd6
F-Srch	0000 0022 0000 000d 0120 004b 0090 0048 0048 0048 0048 0048 0090 0048 0048 0048 0090 0048 0048 0048 0090 0048 0090 0048 0048 0048 0090 0048 0048 0b70
Count Reset	0000 0022 0000 000d 0120 0048 0048 0048 0090 0048 0090 0048 0048 0048 0048 0048 0048 0048 0090 0048 0090 0048 0090 0048 0048 0048 0090 0048 0048 0b70
Hispe Rew	0000 0022 0000 000d 0120 0048 0090 0048 0048 0048 0090 0048 0090 0048 0090 0048 0090 0048 0090 0048 0090 0048 0090 0048 0048 0048 0090 0048 0048 0a98
Record	0000 0022 0000 000d 0120 0048 0090 0048 0048 0048 0090 0048 0090 0048 0090 0048 0048 0048 0048 0048 0090 0048 0090 0048 0048 0048 0090 0048 0048 0b28
Skip	0000 0022 0000 000d 0120 0048 0090 0048 0048 0048 0090 0048 0090 0048 0090 0048 0048 0048 0090 0048 0090 0048 0090 0048 0048 0048 0090 0048 0048 0ae0
Display	0000 0022 0000 000d 0120 0048 0048 0048 0090 0048 0048 0048 0090 0048 0090 0048 0048 0048 0090 0048 0090 0048 0090 0048 0048 0048 0090 0048 0048 0b28
Ch+	0000 0022 0000 000d 0120 0048 0048 0048 0048 0048 0048 0048 0048 0048 0090 0048 0048 0048 0048 0048 0090 0048 0090 0048 0048 0048 0090 0048 0048 0c00
Ch-	0000 0022 0000 000d 0120 0048 0090 0048 0048 0048 0048 0048 0048 0048 0090 0048 0048 0048 0048 0048 0090 0048 0090 0048 0048 0048 0090 0048 0048 0bd6
Vol+	0000 0022 0000 000d 0120 0048 0048 0048 0090 0048 0048 0048 0048 0048 0090 0048 0048 0048 0048 0048 0090 0048 0048 0048 0048 0048 0048 0048 0048 0c69
Vol-	0000 0022 0000 000d 0120 0048 0090 0048 0090 0048 0048 0048 0048 0048 0090 0048 0048 0048 0048 0048 0090 0048 0048 0048 0048 0048 0048 0048 0048 0c00
Pause	0000 0022 0000 000d 0120 0048 0090 0048 0048 0048 0048 0048 0090 0048 0090 0048 0048 0048 0048 0048 0090 0048 0090 0048 0048 0048 0090 0048 0048 0b70
Play	0000 0022 0000 000d 0120 0048 0048 0048 0090 0048 0048 0048 0090 0048 0090 0048 0048 0048 0048 0048 0090 0048 0090 0048 0048 0048 0090 0048 0048 0b70
Stop	0000 0022 0000 000d 0120 0048 0048 0048 0048 0048 0048 0048 0090 0048 0090 0048 0048 0048 0048 0048 0090 0048 0090 0048 0048 0048 0090 0048 0048 0bd6
Ffwd	0000 0022 0000 000d 0120 0048 0048 0048 0048 0048 0090 0048 0090 0048 0090 0048 0048 0048 0048 0048 0090 0048 0090 0048 0048 0048 0090 0048 0048 0b70
Rew	0000 0022 0000 000d 0120 0048 0090 0048 0090 0048 0048 0048 0090 0048 0090 0048 0048 0048 0048 0048 0090 0048 0090 0048 0048 0048 0090 0048 0048 0b28
