Power	0000 0022 0000 000d 0120 0048 0090 0048 0048 0048 0090 0048 0048 0048 0090 0048 0048 0048 0048 0048 0048 0048 0048 0048 0048 0048 0048 0048 0090 0c0f
Display Mode	0000 0022 0000 000d 0120 0048 0090 0048 0090 0048 0048 0048 0090 0048 0048 0048 0048 0048 0090 0048 0048 0048 0048 0048 0048 0048 0048 0048 0090 0bc7
Dimmer	0000 0022 0000 000d 0120 0048 0090 0048 0048 0048 0090 0048 0090 0048 0048 0048 0048 0048 0090 0048 0048 0048 0048 0048 0048 0048 0048 0048 0090 0bc7
Ldp Pwr	0000 0022 0000 000d 0120 0048 0090 0048 0048 0048 0090 0048 0048 0048 0090 0048 0048 0048 0048 0048 0048 0048 0090 0048 0090 0048 0048 0048 0048 0bc7
TV Pwr	0000 0022 0000 000d 0120 0048 0090 0048 0048 0048 0090 0048 0048 0048 0090 0048 0048 0048 0048 0048 0090 0048 0048 0048 0048 0048 0048 0048 0048 0c0f
R Trk CD	0000 0022 0000 000d 0120 0048 0048 0048 0048 0048 0048 0048 0048 0048 0090 0048 0090 0048 0048 0048 0090 0048 0048 0048 0048 0048 0048 0048 0090 0c0f
F Trk CD	0000 0022 0000 000d 0120 0048 0090 0048 0048 0048 0048 0048 0048 0048 0090 0048 0090 0048 0048 0048 0090 0048 0048 0048 0048 0048 0048 0048 0090 0bc7
R Srch CD	0000 0022 0000 000d 0120 0048 0090 0048 0090 0048 0048 0048 0048 0048 0090 0048 0090 0048 0048 0048 0090 0048 0048 0048 0048 0048 0048 0048 0090 0b7f
F Srch CD	0000 0022 0000 000d 0120 0048 0048 0048 0048 0048 0090 0048 0048 0048 0090 0048 0090 0048 0048 0048 0090 0048 0048 0048 0048 0048 0048 0048 0090 0bc7
Play CD	0000 0022 0000 000d 0120 0048 0048 0048 0090 0048 0048 0048 0048 0048 0090 0048 0090 0048 0048 0048 0090 0048 0048 0048 0048 0048 0048 0048 0090 0bc7
Pause CD	0000 0022 0000 000d 0120 0048 0090 0048 0048 0048 0048 0048 0090 0048 0090 0048 0090 0048 0048 0048 0090 0048 0048 0048 0048 0048 0048 0048 0090 0b7f
Stop CD	0000 0022 0000 000d 0120 0048 0048 0048 0048 0048 0048 0048 0090 0048 0090 0048 0090 0048 0048 0048 0090 0048 0048 0048 0048 0048 0048 0048 0090 0bc7
R Trk Ldp	0000 0022 0000 000d 0120 0048 0090 0048 0048 0048 0090 0048 0048 0048 0090 0048 0090 0048 0048 0048 0048 0048 0090 0048 0090 0048 0048 0048 0048 0b7f
F Trk Ldp	0000 0022 0000 000d 0120 0048 0048 0048 0048 0048 0090 0048 0048 0048 0090 0048 0090 0048 0048 0048 0048 0048 0090 0048 0090 0048 0048 0048 0048 0bc7
R Srch Ldp	0000 0022 0000 000d 0120 0048 0090 0048 0090 0048 0048 0048 0090 0048 0090 0048 0048 0048 0048 0048 0048 0048 0090 0048 0090 0048 0048 0048 0048 0b7f
F Srch Ldp	0000 0022 0000 000d 0120 0048 0048 0048 0048 0048 0090 0048 0090 0048 0090 0048 0048 0048 0048 0048 0048 0048 0090 0048 0090 0048 0048 0048 0048 0bc7
Play Ldp	0000 0022 0000 000d 0120 0048 0048 0048 0090 0048 0048 0048 0090 0048 0090 0048 0048 0048 0048 0048 0048 0048 0090 0048 0090 0048 0048 0048 0048 0bc7
Pause Ldp	0000 0022 0000 000d 0120 0048 0090 0048 0048 0048 0048 0048 0090 0048 0090 0048 0048 0048 0048 0048 0048 0048 0090 0048 0090 0048 0048 0048 0048 0bc7
Stop Ldp	0000 0022 0000 000d 0120 0048 0048 0048 0048 0048 0048 0048 0090 0048 0090 0048 0048 0048 0048 0048 0048 0048 0090 0048 0090 0048 0048 0048 0048 0c0f
Tuner Band	0000 0022 0000 000d 0120 0048 0090 0048 0090 0048 0090 0048 0090 0048 0048 0048 0048 0048 0048 0048 0090 0048 0048 0048 0090 0048 0090 0048 0048 0b37
Tune+	0000 0022 0000 000d 0120 0048 0048 0048 0048 0048 0048 0048 0048 0048 0090 0048 0048 0048 0048 0048 0090 0048 0048 0048 0090 0048 0090 0048 0048 0c0f
Tune-	0000 0022 0000 000d 0120 0048 0090 0048 0048 0048 0048 0048 0048 0048 0090 0048 0048 0048 0048 0048 0090 0048 0048 0048 0090 0048 0090 0048 0048 0bc7
TV TV/Video	0000 0022 0000 000d 0120 0048 0090 0048 0048 0048 0090 0048 0048 0048 0048 0048 0090 0048 0048 0048 0090 0048 0048 0048 0048 0048 0048 0048 0048 0c0f
TV Ch+	0000 0022 0000 000d 0120 0048 0048 0048 0048 0048 0048 0048 0048 0048 0090 0048 0048 0048 0048 0048 0090 0048 0048 0048 0048 0048 0048 0048 0048 0c9c
TV Ch-	0000 0022 0000 000d 0120 0048 0090 0048 0048 0048 0048 0048 0048 0048 0090 0048 0048 0048 0048 0048 0090 0048 0048 0048 0048 0048 0048 0048 0048 0c54
TV Vol+	0000 0022 0000 000d 0120 0048 0048 0048 0090 0048 0048 0048 0048 0048 0090 0048 0048 0048 0048 0048 0090 0048 0048 0048 0048 0048 0048 0048 0048 0c54
TV Vol-	0000 0022 0000 000d 0120 0048 0090 0048 0090 0048 0048 0048 0048 0048 0090 0048 0048 0048 0048 0048 0090 0048 0048 0048 0048 0048 0048 0048 0048 0c0f
Rew Acr	0000 0022 0000 000d 0120 0048 0090 0048 0090 0048 0048 0048 0090 0048 0090 0048 0048 0048 0048 0048 0048 0048 0090 0048 0090 0048 0090 0048 0048 0b37
Play Arc	0000 0022 0000 000d 0120 0048 0048 0048 0090 0048 0048 0048 0090 0048 0090 0048 0048 0048 0048 0048 0048 0048 0090 0048 0090 0048 0090 0048 0048 0b7f
FF Acr	0000 0022 0000 000d 0120 0048 0048 0048 0048 0048 0090 0048 0090 0048 0090 0048 0048 0048 0048 0048 0048 0048 0090 0048 0090 0048 0090 0048 0048 0b7f
Stop Acr	0000 0022 0000 000d 0120 0048 0048 0048 0048 0048 0048 0048 0090 0048 0090 0048 0048 0048 0048 0048 0048 0048 0090 0048 0090 0048 0090 0048 0048 0bc7
Pause Acr	0000 0022 0000 000d 0120 0048 0090 0048 0048 0048 0048 0048 0090 0048 0090 0048 0048 0048 0048 0048 0048 0048 0090 0048 0090 0048 0090 0048 0048 0b7f
Record Acr	0000 0022 0000 000d 0120 0048 0090 0048 0048 0048 0090 0048 0090 0048 0090 0048 0048 0048 0048 0048 0048 0048 0090 0048 0090 0048 0090 0048 0048 0b37
Rewind VTR	0000 0022 0000 000d 0120 0048 0090 0048 0090 0048 0048 0048 0090 0048 0090 0048 0048 0048 0048 0048 0090 0048 0090 0048 0048 0048 0090 0048 0048 0b37
Play VTR	0000 0022 0000 000d 0120 0048 0048 0048 0090 0048 0048 0048 0090 0048 0090 0048 0048 0048 0048 0048 0090 0048 0090 0048 0048 0048 0090 0048 0048 0b7f
FF VTR	0000 0022 0000 000d 0120 0048 0048 0048 0048 0048 0090 0048 0090 0048 0090 0048 0048 0048 0048 0048 0090 0048 0090 0048 0048 0048 0090 0048 0048 0b7f
Stop VTR	0000 0022 0000 000d 0120 0048 0048 0048 0048 0048 0048 0048 0090 0048 0090 0048 0048 0048 0048 0048 0090 0048 0090 0048 0048 0048 0090 0048 0048 0bc7
Pause VTR	0000 0022 0000 000d 0120 0048 0090 0048 0048 0048 0048 0048 0090 0048 0090 0048 0048 0048 0048 0048 0090 0048 0090 0048 0048 0048 0090 0048 0048 0b7f
Record VTR	0000 0022 0000 000d 0120 0048 0090 0048 0048 0048 0090 0048 0090 0048 0090 0048 0048 0048 0048 0048 0090 0048 0090 0048 0048 0048 0090 0048 0048 0b37
Dual VTR	0000 0022 0000 000d 0120 0048 0090 0048 0090 0048 0090 0048 0048 0048 0090 0048 0048 0048 0048 0048 0090 0048 0090 0048 0048 0048 0090 0048 0048 0b37
Ant TV/VTR VTR	0000 0022 0000 000d 0120 0048 0048 0048 0090 0048 0048 0048 0090 0048 0048 0048 0090 0048 0048 0048 0090 0048 0090 0048 0048 0048 0090 0048 0048 0b7f
Ch+ VTR	0000 0022 0000 000d 0120 0048 0048 0048 0048 0048 0048 0048 0048 0048 0090 0048 0048 0048 0048 0048 0090 0048 0090 0048 0048 0048 0090 0048 0048 0c0f
  VTR	0000 0022 0000 000d 0120 0048 0090 0048 0048 0048 0048 0048 0048 0048 0090 0048 0048 0048 0048 0048 0090 0048 0090 0048 0048 0048 0090 0048 0048 0bc7
Video 1	0000 0022 0000 000d 0120 0048 0048 0048 0090 0048 0048 0048 0048 0048 0048 0048 0090 0048 0048 0048 0048 0048 0048 0048 0048 0048 0048 0048 0090 0c54
Video 2	0000 0022 0000 000d 0120 0048 0048 0048 0090 0048 0090 0048 0090 0048 0090 0048 0048 0048 0048 0048 0048 0048 0048 0048 0048 0048 0048 0048 0090 0bc7
Video 3	0000 0022 0000 000d 0120 0048 0048 0048 0090 0048 0048 0048 0048 0048 0048 0048 0048 0048 0090 0048 0048 0048 0048 0048 0048 0048 0048 0048 0090 0c54
Video 4	0000 0022 0000 000d 0120 0048 0090 0048 0090 0048 0048 0048 0048 0048 0048 0048 0048 0048 0090 0048 0048 0048 0048 0048 0048 0048 0048 0048 0090 0c0f
Video 5	0000 0022 0000 000d 0120 0048 0090 0048 0048 0048 0048 0048 0048 0048 0048 0048 0048 0048 0090 0048 0048 0048 0048 0048 0048 0048 0048 0048 0090 0c54
LD	0000 0022 0000 000d 0120 0048 0090 0048 0048 0048 0048 0048 0090 0048 0090 0048 0048 0048 0048 0048 0048 0048 0048 0048 0090 0048 0090 0048 0048 0bc7
TV	0000 0022 0000 000d 0120 0048 0048 0048 0048 0048 0048 0048 0090 0048 0090 0048 0048 0048 0048 0048 0048 0048 0048 0048 0090 0048 0090 0048 0048 0c0f
Acr1	0000 0022 0000 000d 0120 0048 0090 0048 0090 0048 0048 0048 0048 0048 0048 0048 0090 0048 0048 0048 0048 0048 0048 0048 0048 0048 0048 0048 0090 0c0f
Acr2	0000 0022 0000 000d 0120 0048 0048 0048 0048 0048 0090 0048 0048 0048 0048 0048 0090 0048 0048 0048 0048 0048 0048 0048 0048 0048 0048 0048 0090 0c54
CD	0000 0022 0000 000d 0120 0048 0090 0048 0048 0048 0090 0048 0048 0048 0048 0048 0090 0048 0048 0048 0048 0048 0048 0048 0048 0048 0048 0048 0090 0c0f
Tuner	0000 0022 0000 000d 0120 0048 0090 0048 0048 0048 0048 0048 0048 0048 0048 0048 0090 0048 0048 0048 0048 0048 0048 0048 0048 0048 0048 0048 0090 0c54
Phono	0000 0022 0000 000d 0120 0048 0048 0048 0048 0048 0048 0048 0048 0048 0048 0048 0090 0048 0048 0048 0048 0048 0048 0048 0048 0048 0048 0048 0090 0c9c
Digital	0000 0022 0000 000d 0120 0048 0048 0048 0048 0048 0048 0048 0048 0048 0048 0048 0048 0048 0090 0048 0048 0048 0048 0048 0048 0048 0048 0048 0090 0c9c
Mix	0000 0022 0000 000d 0120 0048 0090 0048 0090 0048 0048 0048 0090 0048 0048 0048 0090 0048 0048 0048 0048 0048 0048 0048 0048 0048 0048 0048 0090 0bc7
Preset/User	0000 0022 0000 000d 0120 0048 0048 0048 0090 0048 0090 0048 0090 0048 0090 0048 0090 0048 0090 0048 0048 0048 0090 0048 0048 0048 0048 0048 0090 0aef
Memory	0000 0022 0000 000d 0120 0048 0048 0048 0090 0048 0090 0048 0090 0048 0048 0048 0048 0048 0048 0048 0048 0048 0048 0048 0048 0048 0048 0048 0090 0c0f
1/Hall 1	0000 0022 0000 000d 0120 0048 0048 0048 0048 0048 0048 0048 0048 0048 0048 0048 0048 0048 0048 0048 0048 0048 0048 0048 0048 0048 0048 0048 0090 0ce4
2/Hall 2	0000 0022 0000 000d 0120 0048 0090 0048 0048 0048 0048 0048 0048 0048 0048 0048 0048 0048 0048 0048 0048 0048 0048 0048 0048 0048 0048 0048 0090 0c9c
3/Opera	0000 0022 0000 000d 0120 0048 0048 0048 0090 0048 0048 0048 0048 0048 0048 0048 0048 0048 0048 0048 0048 0048 0048 0048 0048 0048 0048 0048 0090 0c9c
4/Church	0000 0022 0000 000d 0120 0048 0090 0048 0090 0048 0048 0048 0048 0048 0048 0048 0048 0048 0048 0048 0048 0048 0048 0048 0048 0048 0048 0048 0090 0c54
5/Jazz Club	0000 0022 0000 000d 0120 0048 0048 0048 0048 0048 0090 0048 0048 0048 0048 0048 0048 0048 0048 0048 0048 0048 0048 0048 0048 0048 0048 0048 0090 0c9c
6/Disco	0000 0022 0000 000d 0120 0048 0090 0048 0048 0048 0090 0048 0048 0048 0048 0048 0048 0048 0048 0048 0048 0048 0048 0048 0048 0048 0048 0048 0090 0c57
7/Stadium	0000 0022 0000 000d 0120 0048 0048 0048 0090 0048 0090 0048 0048 0048 0048 0048 0048 0048 0048 0048 0048 0048 0048 0048 0048 0048 0048 0048 0090 0c54
8/Theater 1	0000 0022 0000 000d 0120 0048 0090 0048 0090 0048 0090 0048 0048 0048 0048 0048 0048 0048 0048 0048 0048 0048 0048 0048 0048 0048 0048 0048 0090 0c0f
9/Theater 2	0000 0022 0000 000d 0120 0048 0048 0048 0048 0048 0048 0048 0090 0048 0048 0048 0048 0048 0048 0048 0048 0048 0048 0048 0048 0048 0048 0048 0090 0c9c
10/Dolby Surr	0000 0022 0000 000d 0120 0048 0090 0048 0048 0048 0048 0048 0090 0048 0048 0048 0048 0048 0048 0048 0048 0048 0048 0048 0048 0048 0048 0048 0090 0c54
Dpc Left 1	0000 0022 0000 000d 0120 0048 0090 0048 0048 0048 0048 0048 0090 0048 0090 0048 0090 0048 0090 0048 0048 0048 0048 0048 0090 0048 0090 0048 0048 0b37
Dpc Right 1	0000 0022 0000 000d 0120 0048 0048 0048 0048 0048 0048 0048 0090 0048 0090 0048 0090 0048 0090 0048 0048 0048 0048 0048 0090 0048 0090 0048 0048 0b7f
Dpc Left 2	0000 0022 0000 000d 0120 0048 0048 0048 0090 0048 0048 0048 0090 0048 0090 0048 0090 0048 0090 0048 0048 0048 0048 0048 0090 0048 0090 0048 0048 0b37
Dpc Right 2	0000 0022 0000 000d 0120 0048 0090 0048 0090 0048 0048 0048 0090 0048 0090 0048 0090 0048 0090 0048 0048 0048 0048 0048 0090 0048 0090 0048 0048 0aef
Equ Ch	0000 0022 0000 000d 0120 0048 0090 0048 0090 0048 0090 0048 0090 0048 0048 0048 0048 0048 0048 0048 0048 0048 0090 0048 0048 0048 0048 0048 0090 0b7f
Equ Band	0000 0022 0000 000d 0120 0048 0048 0048 0048 0048 0048 0048 0048 0048 0048 0048 0090 0048 0048 0048 0048 0048 0090 0048 0048 0048 0048 0048 0090 0c57
Equ Slope	0000 0022 0000 000d 0120 0048 0090 0048 0048 0048 0090 0048 0090 0048 0048 0048 0048 0048 0048 0048 0048 0048 0090 0048 0048 0048 0048 0048 0090 0bc7
Equ Flat	0000 0022 0000 000d 0120 0048 0090 0048 0090 0048 0090 0048 0090 0048 0090 0048 0090 0048 0048 0048 0048 0048 0090 0048 0048 0048 0048 0048 0090 0aef
Parameter Main	0000 0022 0000 000d 0120 0048 0048 0048 0090 0048 0090 0048 0048 0048 0090 0048 0090 0048 0090 0048 0048 0048 0048 0048 0090 0048 0090 0048 0048 0b37
Parameter Sub	0000 0022 0000 000d 0120 0048 0048 0048 0048 0048 0090 0048 0048 0048 0090 0048 0090 0048 0090 0048 0048 0048 0048 0048 0090 0048 0090 0048 0048 0b7f
Parametric EQ	0000 0022 0000 000d 0120 0048 0048 0048 0048 0048 0090 0048 0090 0048 0048 0048 0090 0048 0048 0048 0048 0048 0090 0048 0048 0048 0048 0048 0090 0bc7
Dynamics	0000 0022 0000 000d 0120 0048 0090 0048 0090 0048 0048 0048 0048 0048 0090 0048 0090 0048 0048 0048 0048 0048 0048 0048 0090 0048 0090 0048 0048 0b7f
Surround	0000 0022 0000 000d 0120 0048 0090 0048 0090 0048 0090 0048 0090 0048 0090 0048 0090 0048 0048 0048 0048 0048 0048 0048 0090 0048 0090 0048 0048 0aef
Test Tone	0000 0022 0000 000d 0120 0048 0048 0048 0090 0048 0048 0048 0090 0048 0048 0048 0048 0048 0090 0048 0048 0048 0090 0048 0048 0048 0048 0048 0090 0bc7
Sub Woofer	0000 0022 0000 000d 0120 0048 0048 0048 0090 0048 0048 0048 0090 0048 0090 0048 0048 0048 0090 0048 0048 0048 0048 0048 0090 0048 0090 0048 0048 0b7f
Source Direct	0000 0022 0000 000d 0120 0048 0090 0048 0048 0048 0048 0048 0090 0048 0048 0048 0048 0048 0090 0048 0048 0048 0048 0048 0048 0048 0048 0048 0090 0c0f
Mute	0000 0022 0000 000d 0120 0048 0048 0048 0048 0048 0090 0048 0048 0048 0090 0048 0048 0048 0048 0048 0048 0048 0048 0048 0048 0048 0048 0048 0090 0c54
Center Vol+	0000 0022 0000 000d 0120 0048 0048 0048 0048 0048 0090 0048 0048 0048 0090 0048 0048 0048 0090 0048 0048 0048 0090 0048 0048 0048 0048 0048 0090 0bc7
Center Vol-	0000 0022 0000 000d 0120 0048 0090 0048 0048 0048 0090 0048 0048 0048 0090 0048 0048 0048 0090 0048 0048 0048 0090 0048 0048 0048 0048 0048 0090 0b7f
Rear Vol+	0000 0022 0000 000d 0120 0048 0048 0048 0090 0048 0090 0048 0090 0048 0048 0048 0048 0048 0090 0048 0048 0048 0090 0048 0048 0048 0048 0048 0090 0b7f
Rear Vol-	0000 0022 0000 000d 0120 0048 0090 0048 0090 0048 0090 0048 0090 0048 0048 0048 0048 0048 0090 0048 0048 0048 0090 0048 0048 0048 0048 0048 0090 0b37
Vol+	0000 0022 0000 000d 0120 0048 0048 0048 0090 0048 0048 0048 0048 0048 0090 0048 0048 0048 0048 0048 0048 0048 0048 0048 0048 0048 0048 0048 0090 0c54
Vol-	0000 0022 0000 000d 0120 0048 0090 0048 0090 0048 0048 0048 0048 0048 0090 0048 0048 0048 0048 0048 0048 0048 0048 0048 0048 0048 0048 0048 0090 0c0f
VTR Pwr	0000 0022 0000 000d 0120 0048 0090 0048 0048 0048 0090 0048 0048 0048 0090 0048 0048 0048 0048 0048 0090 0048 0090 0048 0048 0048 0090 0048 0048 0b7f
