Muting	0000 0067 0000 000d 0060 0018 0018 0018 0018 0018 0030 0018 0018 0018 0030 0018 0018 0018 0018 0018 0030 0018 0018 0018 0018 0018 0018 0018 0018 0407
Sleep	0000 0067 0000 000d 0060 0018 0018 0018 0030 0018 0030 0018 0018 0018 0030 0018 0030 0018 0018 0018 0030 0018 0018 0018 0018 0018 0018 0018 0018 03d7
Power	0000 0067 0000 000d 0060 0017 0030 0017 0018 0017 0030 0017 0018 0017 0030 0017 0018 0017 0018 0017 0030 0017 0018 0017 0018 0017 0018 0017 0018 03ef
TV/Video	0000 0067 0000 000d 0060 0018 0030 0018 0018 0018 0030 0018 0018 0018 0018 0018 0030 0018 0018 0018 0030 0018 0018 0018 0018 0018 0018 0018 0018 03f0
1	0000 0067 0000 000d 0060 0018 0018 0018 0018 0018 0018 0018 0018 0018 0018 0018 0018 0018 0018 0018 0030 0018 0018 0018 0018 0018 0018 0018 0018 0437
2	0000 0067 0000 000d 0060 0018 0030 0018 0018 0018 0018 0018 0018 0018 0018 0018 0018 0018 0018 0018 0030 0018 0018 0018 0018 0018 0018 0018 0018 041f
3	0000 0067 0000 000d 0060 0017 0018 0017 0030 0017 0018 0017 0018 0017 0018 0017 0018 0017 0018 0017 0030 0017 0018 0017 0018 0017 0018 0017 0018 041f
4	0000 0067 0000 000d 0060 0018 0030 0018 0030 0018 0018 0018 0018 0018 0018 0018 0018 0018 0018 0018 0030 0018 0018 0018 0018 0018 0018 0018 0018 0408
5	0000 0067 0000 000d 0060 0018 0018 0018 0018 0018 0030 0018 0018 0018 0018 0018 0018 0018 0018 0018 0030 0018 0018 0018 0018 0018 0018 0018 0018 041f
6	0000 0067 0000 000d 0060 0017 0030 0017 0018 0017 0030 0017 0018 0017 0018 0017 0018 0017 0018 0017 0030 0017 0018 0017 0018 0017 0018 0017 0018 0407
7	0000 0067 0000 000d 0060 0017 0018 0017 0030 0017 0030 0017 0018 0017 0018 0017 0018 0017 0018 0017 0030 0017 0018 0017 0018 0017 0018 0017 0018 0407
8	0000 0067 0000 000d 0060 0018 0030 0018 0030 0018 0030 0018 0018 0018 0018 0018 0018 0018 0018 0018 0030 0018 0018 0018 0018 0018 0018 0018 0018 03ef
9	0000 0067 0000 000d 0060 0017 0018 0017 0018 0017 0018 0017 0030 0017 0018 0017 0018 0017 0018 0017 0030 0017 0018 0017 0018 0017 0018 0017 0018 041f
0	0000 0067 0000 000d 0060 0018 0030 0018 0018 0018 0018 0018 0030 0018 0018 0018 0018 0018 0018 0018 0030 0018 0018 0018 0018 0018 0018 0018 0018 0408
Display	0000 0067 0000 000d 0060 0018 0018 0018 0030 0018 0018 0018 0030 0018 0030 0018 0030 0018 0018 0018 0030 0018 0018 0018 0018 0018 0018 0018 0018 03d8
Enter	0000 0067 0000 000d 0060 0018 0030 0018 0030 0018 0018 0018 0030 0018 0018 0018 0018 0018 0018 0018 0030 0018 0018 0018 0018 0018 0018 0018 0018 03ef
Channel Guide	0000 0067 0000 000d 0060 0017 0018 0017 0030 0017 0030 0017 0030 0017 0018 0017 0018 0017 0018 0017 0030 0017 0018 0017 0018 0017 0018 0017 0018 03ef
Jump	0000 0067 0000 000d 0060 0018 0030 0018 0030 0018 0018 0018 0030 0018 0030 0018 0030 0018 0018 0018 0030 0018 0018 0018 0018 0018 0018 0018 0018 03c0
Vol+	0000 0067 0000 000d 0060 0017 0018 0017 0030 0017 0018 0017 0018 0017 0030 0017 0018 0017 0018 0017 0030 0017 0018 0017 0018 0017 0018 0017 0018 0407
Vol-	0000 0067 0000 000d 0060 0018 0030 0018 0030 0018 0018 0018 0018 0018 0030 0018 0018 0018 0018 0018 0030 0018 0018 0018 0018 0018 0018 0018 0018 03f0
Ch+	0000 0067 0000 000d 0060 0018 0018 0018 0018 0018 0018 0018 0018 0018 0030 0018 0018 0018 0018 0018 0030 0018 0018 0018 0018 0018 0018 0018 0018 0420
Ch-	0000 0067 0000 000d 0060 0018 0030 0018 0018 0018 0018 0018 0018 0018 0030 0018 0018 0018 0018 0018 0030 0018 0018 0018 0018 0018 0018 0018 0018 0407
Menu	0000 0067 0000 000d 0060 0017 0018 0017 0018 0017 0018 0017 0018 0017 0018 0017 0030 0017 0030 0017 0030 0017 0018 0017 0018 0017 0018 0017 0018 0407
Menu Enter	0000 0067 0000 000d 0060 0018 0030 0018 0018 0018 0030 0018 0018 0018 0018 0018 0030 0018 0030 0018 0030 0018 0018 0018 0018 0018 0018 0018 0018 03d7
Menu Up	0000 0067 0000 000d 0060 0017 0018 0017 0018 0017 0030 0017 0018 0017 0030 0017 0030 0017 0030 0017 0030 0017 0018 0017 0018 0017 0018 0017 0018 03d7
Menu Down	0000 0067 0000 000d 0060 0018 0030 0018 0018 0018 0030 0018 0018 0018 0030 0018 0030 0018 0030 0018 0030 0018 0018 0018 0018 0018 0018 0018 0018 03c0
Ant/Aux	0000 0067 0000 000d 0061 0018 0018 0018 0030 0018 0018 0018 0030 0018 0018 0018 0030 0018 0018 0018 0030 0018 0018 0018 0018 0018 0018 0018 0018 0402
Off	0000 0067 0000 0010 0061 0018 0018 0018 0030 0018 0030 0018 0030 0018 0018 0018 0030 0018 0030 0018 0018 0018 0018 0018 0030 0018 0018 0018 0018 0018 0030 0018 0018 0018 0030 0313
PIP Ch-	0000 0067 0000 000d 0061 0018 0030 0018 0018 0018 0018 0018 0030 0018 0030 0018 0018 0018 0030 0018 0030 0018 0018 0018 0018 0018 0018 0018 0018 03eb
PIP Ch+	0000 0067 0000 000d 0061 0018 0018 0018 0018 0018 0018 0018 0030 0018 0030 0018 0018 0018 0030 0018 0030 0018 0018 0018 0018 0018 0018 0018 0018 0402
PIP	0000 0067 0000 000d 0061 0018 0030 0018 0030 0018 0018 0018 0030 0018 0030 0018 0018 0018 0030 0018 0030 0018 0018 0018 0018 0018 0018 0018 0018 03d3
Memo Display	0000 0067 0000 0010 0061 0018 0018 0018 0030 0018 0018 0018 0018 0018 0030 0018 0030 0018 0030 0018 0018 0018 0018 0018 0030 0018 0018 0018 0018 0018 0030 0018 0018 0018 0030 032b
Digital Memo	0000 0067 0000 000d 0061 0018 0018 0018 0018 0018 0030 0018 0030 0018 0030 0018 0018 0018 0030 0018 0030 0018 0018 0018 0018 0018 0018 0018 0018 03eb
Ch Index 8	0000 0067 0000 0010 0061 0018 0018 0018 0018 0018 0030 0018 0018 0018 0030 0018 0030 0018 0030 0018 0018 0018 0018 0018 0030 0018 0018 0018 0018 0018 0030 0018 0018 0018 0030 032b
Ch Index 16	0000 0067 0000 0010 0061 0018 0018 0018 0030 0018 0030 0018 0018 0018 0030 0018 0030 0018 0030 0018 0018 0018 0018 0018 0030 0018 0018 0018 0018 0018 0030 0018 0018 0018 0030 0313
Position	0000 0067 0000 000d 0061 0018 0018 0018 0030 0018 0030 0018 0030 0018 0030 0018 0018 0018 0030 0018 0030 0018 0018 0018 0018 0018 0018 0018 0018 03d3
Split	0000 0067 0000 0010 0061 0018 0030 0018 0030 0018 0030 0018 0018 0018 0030 0018 0030 0018 0030 0018 0018 0018 0018 0018 0030 0018 0018 0018 0018 0018 0030 0018 0018 0018 0030 02fc
Audio	0000 0067 0000 0010 0061 0018 0018 0018 0018 0018 0030 0018 0030 0018 0030 0018 0030 0018 0030 0018 0018 0018 0018 0018 0030 0018 0018 0018 0018 0018 0030 0018 0018 0018 0030 0313
Swap	0000 0067 0000 000d 0061 0018 0030 0018 0030 0018 0030 0018 0030 0018 0030 0018 0018 0018 0030 0018 0030 0018 0018 0018 0018 0018 0018 0018 0018 03bc
Replay	0000 0067 0000 0010 0061 0018 0030 0018 0030 0018 0018 0018 0018 0018 0030 0018 0030 0018 0030 0018 0018 0018 0018 0018 0030 0018 0018 0018 0018 0018 0030 0018 0018 0018 0030 0313
Standard	0000 0067 0000 000d 0061 0018 0018 0018 0030 0018 0030 0018 0018 0018 0030 0018 0018 0018 0018 0018 0030 0018 0018 0018 0018 0018 0018 0018 0018 0402
C Caption	0000 0067 0000 0010 0061 0018 0018 0018 0018 0018 0018 0018 0018 0018 0030 0018 0018 0018 0018 0018 0018 0018 0018 0018 0030 0018 0018 0018 0018 0018 0030 0018 0018 0018 0030 0372
Picture-	0000 0067 0000 000d 0061 0018 0030 0018 0018 0018 0018 0018 0030 0018 0030 0018 0018 0018 0018 0018 0030 0018 0018 0018 0018 0018 0018 0018 0018 0402
Picture+	0000 0067 0000 000d 0061 0018 0018 0018 0018 0018 0018 0018 0030 0018 0030 0018 0018 0018 0018 0018 0030 0018 0018 0018 0018 0018 0018 0018 0018 041a
