Power On	0000 0066 0000 0010 0061 0018 0018 0018 0031 0018 0031 0018 0031 0018 0018 0018 0031 0018 0018 0018 0018 0018 0018 0018 0031 0018 0018 0018 0031 0018 0018 0018 0031 0018 0018 0329
Standby	0000 0066 0000 0010 0060 0018 0031 0018 0031 0018 0031 0018 0031 0018 0018 0018 0031 0018 0018 0018 0018 0018 0018 0018 0031 0018 0018 0018 0031 0018 0018 0018 0031 0018 0018 0311
Status On	0000 0066 0000 0010 0061 0018 0031 0018 0018 0018 0031 0018 0018 0018 0018 0018 0031 0018 0018 0018 0018 0018 0018 0018 0031 0018 0018 0018 0031 0018 0018 0018 0031 0018 0018 0341
Status Off	0000 0066 0000 0010 0061 0018 0018 0018 0031 0018 0031 0018 0018 0018 0018 0018 0031 0018 0018 0018 0018 0018 0018 0018 0031 0018 0018 0018 0031 0018 0018 0018 0031 0018 0018 0341
Muting Picture	0000 0066 0000 0010 0060 0018 0018 0018 0018 0018 0031 0018 0018 0018 0018 0018 0031 0018 0018 0018 0018 0018 0018 0018 0031 0018 0018 0018 0031 0018 0018 0018 0031 0018 0018 035a
Muting Audio	0000 0066 0000 0010 0061 0018 0018 0018 0018 0018 0031 0018 0018 0018 0031 0018 0018 0018 0018 0018 0018 0018 0018 0018 0031 0018 0018 0018 0031 0018 0018 0018 0031 0018 0018 0359
Menu	0000 0066 0000 0010 0061 0018 0031 0018 0018 0018 0018 0018 0031 0018 0018 0018 0031 0018 0018 0018 0018 0018 0018 0018 0031 0018 0018 0018 0031 0018 0018 0018 0031 0018 0018 0342
Up	0000 0066 0000 0010 0061 0018 0031 0018 0018 0018 0031 0018 0018 0018 0031 0018 0031 0018 0018 0018 0018 0018 0018 0018 0031 0018 0018 0018 0031 0018 0018 0018 0031 0018 0018 0328
Down	0000 0066 0000 0010 0060 0018 0018 0018 0031 0018 0031 0018 0018 0018 0031 0018 0031 0018 0018 0018 0018 0018 0018 0018 0031 0018 0018 0018 0031 0018 0018 0018 0031 0018 0018 0329
Left	0000 0066 0000 0010 0061 0018 0018 0018 0018 0018 0031 0018 0018 0018 0031 0018 0031 0018 0018 0018 0018 0018 0018 0018 0031 0018 0018 0018 0031 0018 0018 0018 0031 0018 0018 0342
Right	0000 0066 0000 0010 0060 0018 0031 0018 0031 0018 0018 0018 0018 0018 0031 0018 0031 0018 0018 0018 0018 0018 0018 0018 0031 0018 0018 0018 0031 0018 0018 0018 0031 0018 0018 0329
Enter	0000 0066 0000 0010 0061 0018 0018 0018 0031 0018 0018 0018 0031 0018 0031 0018 0018 0018 0031 0018 0018 0018 0018 0018 0031 0018 0018 0018 0031 0018 0018 0018 0031 0018 0018 0328
Function	0000 0066 0000 0015 0061 0018 0031 0018 0018 0018 0031 0018 0018 0018 0018 0018 0031 0018 0031 0018 0018 0018 0031 0018 0018 0018 0031 0018 0031 0018 0018 0018 0031 0018 0018 0018 0031 0018 0018 0018 0031 0018 0018 0018 0018 01e5
Memory	0000 0066 0000 0010 0060 0018 0018 0018 0031 0018 0031 0018 0031 0018 0031 0018 0018 0018 0031 0018 0018 0018 0018 0018 0031 0018 0018 0018 0031 0018 0018 0018 0031 0018 0018 0311
CE R	0000 0066 0000 0010 0061 0018 0031 0018 0018 0018 0018 0018 0031 0018 0018 0018 0018 0018 0031 0018 0018 0018 0018 0018 0031 0018 0018 0018 0031 0018 0018 0018 0031 0018 0018 0342
CE B	0000 0066 0000 0010 0061 0018 0031 0018 0031 0018 0018 0018 0031 0018 0018 0018 0018 0018 0031 0018 0018 0018 0018 0018 0031 0018 0018 0018 0031 0018 0018 0018 0031 0018 0018 0329
Shift	0000 0066 0000 0010 0061 0018 0018 0018 0018 0018 0018 0018 0031 0018 0018 0018 0018 0018 0031 0018 0018 0018 0018 0018 0031 0018 0018 0018 0031 0018 0018 0018 0031 0018 0018 0359
RGB D Phase	0000 0066 0000 0015 0061 0018 0031 0018 0018 0018 0018 0018 0018 0018 0018 0018 0031 0018 0031 0018 0018 0018 0031 0018 0018 0018 0031 0018 0031 0018 0018 0018 0031 0018 0018 0018 0031 0018 0018 0018 0031 0018 0018 0018 0018 01fd
RGB Size	0000 0066 0000 0010 0061 0018 0031 0018 0031 0018 0031 0018 0018 0018 0018 0018 0018 0018 0031 0018 0018 0018 0018 0018 0031 0018 0018 0018 0031 0018 0018 0018 0031 0018 0018 0329
RGB Apa	0000 0066 0000 0015 0060 0018 0018 0018 0018 0018 0018 0018 0018 0018 0018 0018 0031 0018 0031 0018 0018 0018 0031 0018 0018 0018 0031 0018 0031 0018 0018 0018 0031 0018 0018 0018 0031 0018 0018 0018 0031 0018 0018 0018 0018 0215
Normal	0000 0066 0000 0010 0060 0018 0031 0018 0018 0018 0031 0018 0031 0018 0031 0018 0031 0018 0031 0018 0018 0018 0018 0018 0031 0018 0018 0018 0031 0018 0018 0018 0031 0018 0018 02f8
Pattern	0000 0066 0000 0010 0060 0018 0018 0018 0031 0018 0031 0018 0031 0018 0031 0018 0031 0018 0031 0018 0018 0018 0018 0018 0031 0018 0018 0018 0031 0018 0018 0018 0031 0018 0018 02f8
Lens Focus	0000 0066 0000 0015 0060 0018 0018 0018 0018 0018 0031 0018 0018 0018 0018 0018 0031 0018 0031 0018 0018 0018 0031 0018 0018 0018 0031 0018 0031 0018 0018 0018 0031 0018 0018 0018 0031 0018 0018 0018 0031 0018 0018 0018 0018 01fd
Lens Shift	0000 0066 0000 0015 0061 0018 0031 0018 0031 0018 0018 0018 0018 0018 0018 0018 0031 0018 0031 0018 0018 0018 0031 0018 0018 0018 0031 0018 0031 0018 0018 0018 0031 0018 0018 0018 0031 0018 0018 0018 0031 0018 0018 0018 0018 01e5
Lens Zoom	0000 0066 0000 0015 0061 0018 0018 0018 0031 0018 0018 0018 0018 0018 0018 0018 0031 0018 0031 0018 0018 0018 0031 0018 0018 0018 0031 0018 0031 0018 0018 0018 0031 0018 0018 0018 0031 0018 0018 0018 0031 0018 0018 0018 0018 01fd
Input Video	0000 0066 0000 0010 0060 0018 0018 0018 0031 0018 0018 0018 0031 0018 0018 0018 0031 0018 0018 0018 0018 0018 0018 0018 0031 0018 0018 0018 0031 0018 0018 0018 0031 0018 0018 0341
Sys Set	0000 0066 0000 0010 0060 0018 0018 0018 0018 0018 0018 0018 0018 0018 0031 0018 0031 0018 0018 0018 0018 0018 0018 0018 0031 0018 0018 0018 0031 0018 0018 0018 0031 0018 0018 0359
Blkg	0000 0066 0000 0010 0060 0018 0018 0018 0018 0018 0018 0018 0031 0018 0031 0018 0018 0018 0031 0018 0018 0018 0018 0018 0031 0018 0018 0018 0031 0018 0018 0018 0031 0018 0018 0342
Reset!	0000 0066 0000 0010 0061 0018 0031 0018 0031 0018 0018 0018 0031 0018 0031 0018 0031 0018 0031 0018 0018 0018 0018 0018 0031 0018 0018 0018 0031 0018 0018 0018 0031 0018 0018 02f8
Input Select(V Svid)	0000 0066 0000 0010 0060 0018 0031 0018 0031 0018 0031 0018 0031 0018 0031 0018 0018 0018 0031 0018 0018 0018 0018 0018 0031 0018 0018 0018 0031 0018 0018 0018 0031 0018 0018 02f8
Input A	0000 0066 0000 0010 0061 0018 0031 0018 0031 0018 0018 0018 0031 0018 0018 0018 0031 0018 0018 0018 0018 0018 0018 0018 0031 0018 0018 0018 0031 0018 0018 0018 0031 0018 0018 0328
Input B	0000 0066 0000 0010 0061 0018 0018 0018 0018 0018 0031 0018 0031 0018 0018 0018 0031 0018 0018 0018 0018 0018 0018 0018 0031 0018 0018 0018 0031 0018 0018 0018 0031 0018 0018 0342
Input C	0000 0066 0000 0010 0061 0018 0031 0018 0031 0018 0031 0018 0031 0018 0018 0018 0031 0018 0031 0018 0018 0018 0018 0018 0031 0018 0018 0018 0031 0018 0018 0018 0031 0018 0018 02f8
Input D	0000 0066 0000 0010 0061 0018 0018 0018 0018 0018 0018 0018 0018 0018 0031 0018 0031 0018 0031 0018 0018 0018 0018 0018 0031 0018 0018 0018 0031 0018 0018 0018 0031 0018 0018 0341
Switcher 1	0000 0066 0000 0010 0061 0018 0018 0018 0031 0018 0018 0018 0031 0018 0018 0018 0018 0018 0018 0018 0018 0018 0018 0018 0031 0018 0018 0018 0031 0018 0018 0018 0031 0018 0018 0359
Switcher 2	0000 0066 0000 0010 0060 0018 0031 0018 0031 0018 0018 0018 0031 0018 0018 0018 0018 0018 0018 0018 0018 0018 0018 0018 0031 0018 0018 0018 0031 0018 0018 0018 0031 0018 0018 0341
Switcher 3	0000 0066 0000 0010 0061 0018 0018 0018 0018 0018 0031 0018 0031 0018 0018 0018 0018 0018 0018 0018 0018 0018 0018 0018 0031 0018 0018 0018 0031 0018 0018 0018 0031 0018 0018 035a
Switcher 4	0000 0066 0000 0010 0060 0018 0031 0018 0018 0018 0031 0018 0031 0018 0018 0018 0018 0018 0018 0018 0018 0018 0018 0018 0031 0018 0018 0018 0031 0018 0018 0018 0031 0018 0018 0341
Switcher 5	0000 0066 0000 0010 0060 0018 0018 0018 0031 0018 0031 0018 0031 0018 0018 0018 0018 0018 0018 0018 0018 0018 0018 0018 0031 0018 0018 0018 0031 0018 0018 0018 0031 0018 0018 0342
Switcher 6	0000 0066 0000 0010 0060 0018 0031 0018 0031 0018 0031 0018 0031 0018 0018 0018 0018 0018 0018 0018 0018 0018 0018 0018 0031 0018 0018 0018 0031 0018 0018 0018 0031 0018 0018 0329
Switcher 7	0000 0066 0000 0010 0060 0018 0018 0018 0018 0018 0018 0018 0018 0018 0031 0018 0018 0018 0018 0018 0018 0018 0018 0018 0031 0018 0018 0018 0031 0018 0018 0018 0031 0018 0018 0373
Switcher 8	0000 0066 0000 0010 0061 0018 0031 0018 0018 0018 0018 0018 0018 0018 0031 0018 0018 0018 0018 0018 0018 0018 0018 0018 0031 0018 0018 0018 0031 0018 0018 0018 0031 0018 0018 0359
Video Mem 1	0000 0066 0000 0015 0061 0018 0031 0018 0018 0018 0018 0018 0018 0018 0031 0018 0018 0018 0031 0018 0018 0018 0031 0018 0018 0018 0031 0018 0031 0018 0018 0018 0031 0018 0018 0018 0031 0018 0018 0018 0031 0018 0018 0018 0018 01fd
Video Mem 2	0000 0066 0000 0015 0060 0018 0018 0018 0031 0018 0018 0018 0018 0018 0031 0018 0018 0018 0031 0018 0018 0018 0031 0018 0018 0018 0031 0018 0031 0018 0018 0018 0031 0018 0018 0018 0031 0018 0018 0018 0031 0018 0018 0018 0018 01fd
Video Mem 3	0000 0066 0000 0015 0061 0018 0031 0018 0031 0018 0018 0018 0018 0018 0031 0018 0018 0018 0031 0018 0018 0018 0031 0018 0018 0018 0031 0018 0031 0018 0018 0018 0031 0018 0018 0018 0031 0018 0018 0018 0031 0018 0018 0018 0018 01e5
Video Mem 4	0000 0066 0000 0015 0060 0018 0018 0018 0018 0018 0031 0018 0018 0018 0031 0018 0018 0018 0031 0018 0018 0018 0031 0018 0018 0018 0031 0018 0031 0018 0018 0018 0031 0018 0018 0018 0031 0018 0018 0018 0031 0018 0018 0018 0018 01fe
Video Mem 5	0000 0066 0000 0015 0060 0018 0031 0018 0018 0018 0031 0018 0018 0018 0031 0018 0018 0018 0031 0018 0018 0018 0031 0018 0018 0018 0031 0018 0031 0018 0018 0018 0031 0018 0018 0018 0031 0018 0018 0018 0031 0018 0018 0018 0018 01e5
Video Mem 6	0000 0066 0000 0015 0060 0018 0018 0018 0031 0018 0031 0018 0018 0018 0031 0018 0018 0018 0031 0018 0018 0018 0031 0018 0018 0018 0031 0018 0031 0018 0018 0018 0031 0018 0018 0018 0031 0018 0018 0018 0031 0018 0018 0018 0018 01e5
Video Mem 7	0000 0066 0000 0015 0060 0018 0031 0018 0031 0018 0031 0018 0018 0018 0031 0018 0018 0018 0031 0018 0018 0018 0031 0018 0018 0018 0031 0018 0031 0018 0018 0018 0031 0018 0018 0018 0031 0018 0018 0018 0031 0018 0018 0018 0018 01cd
Video Mem 8	0000 0066 0000 0015 0061 0018 0018 0018 0018 0018 0018 0018 0031 0018 0031 0018 0018 0018 0031 0018 0018 0018 0031 0018 0018 0018 0031 0018 0031 0018 0018 0018 0031 0018 0018 0018 0031 0018 0018 0018 0031 0018 0018 0018 0018 01fd
Video Mem 9	0000 0066 0000 0015 0060 0018 0031 0018 0018 0018 0018 0018 0031 0018 0031 0018 0018 0018 0031 0018 0018 0018 0031 0018 0018 0018 0031 0018 0031 0018 0018 0018 0031 0018 0018 0018 0031 0018 0018 0018 0031 0018 0018 0018 0018 01e5
Video Mem 10/0(all)	0000 0066 0000 0015 0060 0018 0018 0018 0031 0018 0018 0018 0031 0018 0031 0018 0018 0018 0031 0018 0018 0018 0031 0018 0018 0018 0031 0018 0031 0018 0018 0018 0031 0018 0018 0018 0031 0018 0018 0018 0031 0018 0018 0018 0018 01e6
Video Mem Off	0000 0066 0000 0015 0060 0018 0018 0018 0018 0018 0018 0018 0018 0018 0031 0018 0018 0018 0031 0018 0018 0018 0031 0018 0018 0018 0031 0018 0031 0018 0018 0018 0031 0018 0018 0018 0031 0018 0018 0018 0031 0018 0018 0018 0018 0216
Index 1	0000 0066 0000 0010 0060 0018 0031 0018 0018 0018 0018 0018 0018 0018 0018 0018 0031 0018 0031 0018 0018 0018 0018 0018 0031 0018 0018 0018 0031 0018 0018 0018 0031 0018 0018 0342
Index 2	0000 0066 0000 0010 0061 0018 0018 0018 0031 0018 0018 0018 0018 0018 0018 0018 0031 0018 0031 0018 0018 0018 0018 0018 0031 0018 0018 0018 0031 0018 0018 0018 0031 0018 0018 0342
Index 3	0000 0066 0000 0010 0061 0018 0031 0018 0031 0018 0018 0018 0018 0018 0018 0018 0031 0018 0031 0018 0018 0018 0018 0018 0031 0018 0018 0018 0031 0018 0018 0018 0031 0018 0018 0328
Index 4	0000 0066 0000 0010 0060 0018 0018 0018 0018 0018 0031 0018 0018 0018 0018 0018 0031 0018 0031 0018 0018 0018 0018 0018 0031 0018 0018 0018 0031 0018 0018 0018 0031 0018 0018 0341
Index 5	0000 0066 0000 0010 0061 0018 0031 0018 0018 0018 0031 0018 0018 0018 0018 0018 0031 0018 0031 0018 0018 0018 0018 0018 0031 0018 0018 0018 0031 0018 0018 0018 0031 0018 0018 0329
Index 6	0000 0066 0000 0010 0061 0018 0018 0018 0031 0018 0031 0018 0018 0018 0018 0018 0031 0018 0031 0018 0018 0018 0018 0018 0031 0018 0018 0018 0031 0018 0018 0018 0031 0018 0018 0329
Index 7	0000 0066 0000 0010 0060 0018 0031 0018 0031 0018 0031 0018 0018 0018 0018 0018 0031 0018 0031 0018 0018 0018 0018 0018 0031 0018 0018 0018 0031 0018 0018 0018 0031 0018 0018 0311
Index 8	0000 0066 0000 0010 0061 0018 0018 0018 0018 0018 0018 0018 0031 0018 0018 0018 0031 0018 0031 0018 0018 0018 0018 0018 0031 0018 0018 0018 0031 0018 0018 0018 0031 0018 0018 0342
Index 9	0000 0066 0000 0010 0061 0018 0031 0018 0018 0018 0018 0018 0031 0018 0018 0018 0031 0018 0031 0018 0018 0018 0018 0018 0031 0018 0018 0018 0031 0018 0018 0018 0031 0018 0018 0329
Index 10/0(all)	0000 0066 0000 0010 0060 0018 0018 0018 0018 0018 0018 0018 0018 0018 0018 0018 0031 0018 0031 0018 0018 0018 0018 0018 0031 0018 0018 0018 0031 0018 0018 0018 0031 0018 0018 035a
Sharp+	0000 0066 0000 0010 0060 0018 0018 0018 0031 0018 0018 0018 0018 0018 0018 0018 0031 0018 0018 0018 0018 0018 0018 0018 0031 0018 0018 0018 0031 0018 0018 0018 0031 0018 0018 035a
Sharp-	0000 0066 0000 0010 0061 0018 0031 0018 0031 0018 0018 0018 0018 0018 0018 0018 0031 0018 0018 0018 0018 0018 0018 0018 0031 0018 0018 0018 0031 0018 0018 0018 0031 0018 0018 0342
Hue+	0000 0066 0000 0010 0060 0018 0018 0018 0018 0018 0018 0018 0018 0018 0018 0018 0031 0018 0018 0018 0018 0018 0018 0018 0031 0018 0018 0018 0031 0018 0018 0018 0031 0018 0018 0373
Hue-	0000 0066 0000 0010 0061 0018 0031 0018 0018 0018 0018 0018 0018 0018 0018 0018 0031 0018 0018 0018 0018 0018 0018 0018 0031 0018 0018 0018 0031 0018 0018 0018 0031 0018 0018 035a
Color+	0000 0066 0000 0010 0060 0018 0018 0018 0031 0018 0018 0018 0031 0018 0031 0018 0018 0018 0018 0018 0018 0018 0018 0018 0031 0018 0018 0018 0031 0018 0018 0018 0031 0018 0018 0341
Color-	0000 0066 0000 0010 0060 0018 0031 0018 0031 0018 0018 0018 0031 0018 0031 0018 0018 0018 0018 0018 0018 0018 0018 0018 0031 0018 0018 0018 0031 0018 0018 0018 0031 0018 0018 0328
Bright+	0000 0066 0000 0010 0060 0018 0018 0018 0031 0018 0031 0018 0031 0018 0031 0018 0018 0018 0018 0018 0018 0018 0018 0018 0031 0018 0018 0018 0031 0018 0018 0018 0031 0018 0018 0329
Bright-	0000 0066 0000 0010 0060 0018 0031 0018 0031 0018 0031 0018 0031 0018 0031 0018 0018 0018 0018 0018 0018 0018 0018 0018 0031 0018 0018 0018 0031 0018 0018 0018 0031 0018 0018 0311
Contrast-	0000 0066 0000 0010 0061 0018 0031 0018 0018 0018 0018 0018 0031 0018 0031 0018 0018 0018 0018 0018 0018 0018 0018 0018 0031 0018 0018 0018 0031 0018 0018 0018 0031 0018 0018 0341
Contrast+	0000 0066 0000 0010 0060 0018 0018 0018 0018 0018 0018 0018 0031 0018 0031 0018 0018 0018 0018 0018 0018 0018 0018 0018 0031 0018 0018 0018 0031 0018 0018 0018 0031 0018 0018 0359
Position+	0000 0066 0000 0010 0061 0018 0031 0018 0018 0018 0018 0018 0018 0018 0031 0018 0031 0018 0018 0018 0018 0018 0018 0018 0031 0018 0018 0018 0031 0018 0018 0018 0031 0018 0018 0341
Position-	0000 0066 0000 0010 0061 0018 0018 0018 0031 0018 0018 0018 0018 0018 0031 0018 0031 0018 0018 0018 0018 0018 0018 0018 0031 0018 0018 0018 0031 0018 0018 0018 0031 0018 0018 0342
Volume+	0000 0066 0000 0010 0061 0018 0018 0018 0031 0018 0018 0018 0018 0018 0031 0018 0018 0018 0018 0018 0018 0018 0018 0018 0031 0018 0018 0018 0031 0018 0018 0018 0031 0018 0018 0359
Volume-	0000 0066 0000 0010 0060 0018 0031 0018 0031 0018 0018 0018 0018 0018 0031 0018 0018 0018 0018 0018 0018 0018 0018 0018 0031 0018 0018 0018 0031 0018 0018 0018 0031 0018 0018 0342
Cut Off R	0000 0066 0000 0010 0060 0018 0018 0018 0018 0018 0031 0018 0018 0018 0018 0018 0018 0018 0031 0018 0018 0018 0018 0018 0031 0018 0018 0018 0031 0018 0018 0018 0031 0018 0018 035a
Cut Off G	0000 0066 0000 0010 0060 0018 0031 0018 0018 0018 0031 0018 0018 0018 0018 0018 0018 0018 0031 0018 0018 0018 0018 0018 0031 0018 0018 0018 0031 0018 0018 0018 0031 0018 0018 0342
Cut Off B	0000 0066 0000 0010 0060 0018 0018 0018 0031 0018 0031 0018 0018 0018 0018 0018 0018 0018 0031 0018 0018 0018 0018 0018 0031 0018 0018 0018 0031 0018 0018 0018 0031 0018 0018 0342
Adjust R	0000 0066 0000 0010 0061 0018 0031 0018 0018 0018 0018 0018 0018 0018 0018 0018 0018 0018 0031 0018 0018 0018 0018 0018 0031 0018 0018 0018 0031 0018 0018 0018 0031 0018 0018 035a
Adjust G	0000 0066 0000 0010 0061 0018 0018 0018 0031 0018 0018 0018 0018 0018 0018 0018 0018 0018 0031 0018 0018 0018 0018 0018 0031 0018 0018 0018 0031 0018 0018 0018 0031 0018 0018 035a
Adjust B	0000 0066 0000 0010 0060 0018 0031 0018 0031 0018 0018 0018 0018 0018 0018 0018 0018 0018 0031 0018 0018 0018 0018 0018 0031 0018 0018 0018 0031 0018 0018 0018 0031 0018 0018 0342
White Balance Bias	0000 0066 0000 0010 0060 0018 0031 0018 0031 0018 0018 0018 0018 0018 0031 0018 0018 0018 0031 0018 0018 0018 0018 0018 0031 0018 0018 0018 0031 0018 0018 0018 0031 0018 0018 0329
White Balance Gain	0000 0066 0000 0010 0060 0018 0018 0018 0031 0018 0018 0018 0018 0018 0031 0018 0018 0018 0031 0018 0018 0018 0018 0018 0031 0018 0018 0018 0031 0018 0018 0018 0031 0018 0018 0342
Focus  Focus	0000 0066 0000 0010 0060 0018 0018 0018 0018 0018 0031 0018 0018 0018 0031 0018 0018 0018 0031 0018 0018 0018 0018 0018 0031 0018 0018 0018 0031 0018 0018 0018 0031 0018 0018 0342
Focus Lens	0000 0066 0000 0010 0060 0018 0031 0018 0018 0018 0031 0018 0018 0018 0031 0018 0018 0018 0031 0018 0018 0018 0018 0018 0031 0018 0018 0018 0031 0018 0018 0018 0031 0018 0018 0329
Cent	0000 0066 0000 0010 0061 0018 0031 0018 0018 0018 0031 0018 0031 0018 0018 0018 0031 0018 0018 0018 0018 0018 0018 0018 0031 0018 0018 0018 0031 0018 0018 0018 0031 0018 0018 0329
Size	0000 0066 0000 0010 0060 0018 0018 0018 0018 0018 0031 0018 0031 0018 0018 0018 0018 0018 0031 0018 0018 0018 0018 0018 0031 0018 0018 0018 0031 0018 0018 0018 0031 0018 0018 0342
Lin	0000 0066 0000 0010 0061 0018 0031 0018 0018 0018 0031 0018 0031 0018 0018 0018 0018 0018 0031 0018 0018 0018 0018 0018 0031 0018 0018 0018 0031 0018 0018 0018 0031 0018 0018 0329
Registration Skew	0000 0066 0000 0010 0060 0018 0018 0018 0031 0018 0031 0018 0031 0018 0018 0018 0018 0018 0031 0018 0018 0018 0018 0018 0031 0018 0018 0018 0031 0018 0018 0018 0031 0018 0018 0329
Registration Bow	0000 0066 0000 0010 0061 0018 0031 0018 0031 0018 0031 0018 0031 0018 0018 0018 0018 0018 0031 0018 0018 0018 0018 0018 0031 0018 0018 0018 0031 0018 0018 0018 0031 0018 0018 0311
Keystone	0000 0066 0000 0010 0061 0018 0018 0018 0018 0018 0018 0018 0018 0018 0031 0018 0018 0018 0031 0018 0018 0018 0018 0018 0031 0018 0018 0018 0031 0018 0018 0018 0031 0018 0018 035a
Pin	0000 0066 0000 0010 0061 0018 0031 0018 0018 0018 0018 0018 0018 0018 0031 0018 0018 0018 0031 0018 0018 0018 0018 0018 0031 0018 0018 0018 0031 0018 0018 0018 0031 0018 0018 0342
Zone	0000 0066 0000 0010 0061 0018 0018 0018 0031 0018 0031 0018 0018 0018 0031 0018 0018 0018 0031 0018 0018 0018 0018 0018 0031 0018 0018 0018 0031 0018 0018 0018 0031 0018 0018 0329
Position+(Alt)	0000 0066 0000 0010 0061 0018 0031 0018 0018 0018 0018 0018 0018 0018 0031 0018 0031 0018 0018 0018 0018 0018 0018 0018 0031 0018 0018 0018 0031 0018 0018 0018 0031 0018 0018 0341
Positi (Alt)	0000 0066 0000 0010 0061 0018 0018 0018 0031 0018 0018 0018 0018 0018 0031 0018 0031 0018 0018 0018 0018 0018 0018 0018 0031 0018 0018 0018 0031 0018 0018 0018 0031 0018 0018 0342
