Power	0000 0066 0000 0010 0000 0018 0000 0018 0000 0018 0000 0018 0000 0018 0000 0018 0000 0018 0000 0018 0000 0018 0000 0018 0000 0018 0000 0018 0000 0018 0000 0018 0000 0018 0000 035B
Audio Mute	0000 0066 0000 0010 0000 0018 0000 0018 0000 0018 0000 0018 0000 0018 0000 0018 0000 0018 0000 0018 0000 0018 0000 0018 0000 0018 0000 0018 0000 0018 0000 0018 0000 0018 0000 0373
Picture Mute	0000 0066 0000 0010 0000 0018 0000 0018 0000 0018 0000 0018 0000 0018 0000 0018 0000 0018 0000 0018 0000 0018 0000 0018 0000 0018 0000 0018 0000 0018 0000 0018 0000 0018 0000 0373
Input	0000 0066 0000 0010 0000 0018 0000 0018 0000 0018 0000 0018 0000 0018 0000 0018 0000 0018 0000 0018 0000 0018 0000 0018 0000 0018 0000 0018 0000 0018 0000 0018 0000 0018 0000 032D
Apa	0000 0066 0000 0015 0000 0018 0000 0018 0000 0018 0000 0018 0000 0018 0000 0018 0000 0018 0000 0018 0000 0018 0000 0018 0000 0018 0000 0018 0000 0018 0000 0018 0000 0018 0000 0018 0000 0018 0000 0018 0000 0018 0000 0018 0000 0241
Menu	0000 0066 0000 0010 0000 0018 0000 0018 0000 0018 0000 0018 0000 0018 0000 0018 0000 0018 0000 0018 0000 0018 0000 0018 0000 0018 0000 0018 0000 0018 0000 0018 0000 0018 0000 035A
Up	0000 0066 0000 0010 0000 0018 0000 0018 0000 0018 0000 0018 0000 0018 0000 0018 0000 0018 0000 0018 0000 0018 0000 0018 0000 0018 0000 0018 0000 0018 0000 0018 0000 0018 0000 0342
Down	0000 0066 0000 0010 0000 0018 0000 0018 0000 0018 0000 0018 0000 0018 0000 0018 0000 0018 0000 0018 0000 0018 0000 0018 0000 0018 0000 0018 0000 0018 0000 0018 0000 0018 0000 0342
Left	0000 0066 0000 0010 0000 0018 0000 0018 0000 0018 0000 0018 0000 0018 0000 0018 0000 0018 0000 0018 0000 0018 0000 0018 0000 0018 0000 0018 0000 0018 0000 0018 0000 0018 0000 035B
Right	0000 0066 0000 0010 0000 0018 0000 0018 0000 0018 0000 0018 0000 0018 0000 0018 0000 0018 0000 0018 0000 0018 0000 0018 0000 0018 0000 0018 0000 0018 0000 0018 0000 0018 0000 0342
Enter	0000 0066 0000 0010 0000 0018 0000 0018 0000 0018 0000 0018 0000 0018 0000 0018 0000 0018 0000 0018 0000 0018 0000 0018 0000 0018 0000 0018 0000 0018 0000 0018 0000 0018 0000 0342
Mouseclick	0000 0066 0000 0010 0000 0030 0000 0018 0000 0018 0000 0018 0000 0018 0000 0018 0000 0018 0000 0018 0000 0030 0000 0018 0000 0018 0000 0018 0000 0018 0000 0018 0000 0018 0000 11C4
RT Mouseclick	0000 0066 0000 0001 0000 0018 0000 0030 0000 0018
Reset	0000 0066 0000 0010 0000 0018 0000 0018 0000 0018 0000 0018 0000 0018 0000 0018 0000 0018 0000 0018 0000 0018 0000 0018 0000 0018 0000 0018 0000 0018 0000 0018 0000 0018 0000 0318
Vol+	0000 0066 0000 0010 0000 0018 0000 0018 0000 0018 0000 0018 0000 0018 0000 0018 0000 0018 0000 0018 0000 0018 0000 0018 0000 0018 0000 0018 0000 0018 0000 0018 0000 0018 0000 0373
Vol-	0000 0066 0000 0010 0000 0018 0000 0018 0000 0018 0000 0018 0000 0018 0000 0018 0000 0018 0000 0018 0000 0018 0000 0018 0000 0018 0000 0018 0000 0018 0000 0018 0000 0018 0000 035A
