Apa	0000 006D 0000 0015 0000 0060 0000 0060 0000 0060 0000 0060 0000 0060 0000 0060 0000 0060 0000 0060 0000 0060 0000 0060 0000 0060 0000 0060 0000 0060 0000 0060 0000 0060 0000 0060 0000 0060 0000 0060 0000 0060 0000 0060 0000 0BC8
Cutoff R	0000 006D 0000 0010 0000 0060 0000 0060 0000 0060 0000 0060 0000 0060 0000 0060 0000 0060 0000 0060 0000 0060 0000 0060 0000 0060 0000 0060 0000 0060 0000 0060 0000 0060 0000 0D70
Cutoff B	0000 006D 0000 0010 0000 0060 0000 0060 0000 0060 0000 0060 0000 0060 0000 0060 0000 0060 0000 0060 0000 0060 0000 0060 0000 0060 0000 0060 0000 0060 0000 0060 0000 0060 0000 0D10
Cutoff G	0000 006D 0000 0010 0000 0060 0000 0060 0000 0060 0000 0060 0000 0060 0000 0060 0000 0060 0000 0060 0000 0060 0000 0060 0000 0060 0000 0060 0000 0060 0000 0060 0000 0060 0000 0D0C
Adj R	0000 006D 0000 0010 0000 0060 0000 0060 0000 0060 0000 0060 0000 0060 0000 0060 0000 0060 0000 0060 0000 0060 0000 0060 0000 0060 0000 0060 0000 0060 0000 0060 0000 0060 0000 0D70
Adj G	0000 006D 0000 0010 0000 0060 0000 0060 0000 0060 0000 0060 0000 0060 0000 0060 0000 0060 0000 0060 0000 0060 0000 0060 0000 0060 0000 0060 0000 0060 0000 0060 0000 0060 0000 0D6C
Adj B	0000 006D 0000 0010 0000 0060 0000 0060 0000 0060 0000 0060 0000 0060 0000 0060 0000 0060 0000 0060 0000 0060 0000 0060 0000 0060 0000 0060 0000 0060 0000 0060 0000 0060 0000 0D10
W/B Bias	0000 006D 0000 0010 0000 0060 0000 0060 0000 0060 0000 0060 0000 0060 0000 0060 0000 0060 0000 0060 0000 0060 0000 0060 0000 0060 0000 0060 0000 0060 0000 0060 0000 0060 0000 0CAC
W/B Gain	0000 006D 0000 0010 0000 0060 0000 0060 0000 0060 0000 0060 0000 0060 0000 0060 0000 0060 0000 0060 0000 0060 0000 0060 0000 0060 0000 0060 0000 0060 0000 0060 0000 0060 0000 0D10
MG Focus	0000 006D 0000 0010 0000 0060 0000 0060 0000 0060 0000 0060 0000 0060 0000 0060 0000 0060 0000 0060 0000 0060 0000 0060 0000 0060 0000 0060 0000 0060 0000 0060 0000 0060 0000 0D10
Focus Lens	0000 006D 0000 0010 0000 0060 0000 0060 0000 0060 0000 0060 0000 0060 0000 0060 0000 0060 0000 0060 0000 0060 0000 0060 0000 0060 0000 0060 0000 0060 0000 0060 0000 0060 0000 0CA8
Reg Cent	0000 006D 0000 0010 0000 0060 0000 0060 0000 0060 0000 0060 0000 0060 0000 0060 0000 0060 0000 0060 0000 0060 0000 0060 0000 0060 0000 0060 0000 0060 0000 0060 0000 0060 0000 0CAC
Reg Size	0000 006D 0000 0010 0000 0060 0000 0060 0000 0060 0000 0060 0000 0060 0000 0060 0000 0060 0000 0060 0000 0060 0000 0060 0000 0060 0000 0060 0000 0060 0000 0060 0000 0060 0000 0D0C
Reg Lin	0000 006D 0000 0010 0000 0060 0000 0060 0000 0060 0000 0060 0000 0060 0000 0060 0000 0060 0000 0060 0000 0060 0000 0060 0000 0060 0000 0060 0000 0060 0000 0060 0000 0060 0000 0CAC
Reg Skew	0000 006D 0000 0010 0000 0060 0000 0060 0000 0060 0000 0060 0000 0060 0000 0060 0000 0060 0000 0060 0000 0060 0000 0060 0000 0060 0000 0060 0000 0060 0000 0060 0000 0060 0000 0CAC
Reg Bow	0000 006D 0000 0010 0000 0060 0000 0060 0000 0060 0000 0060 0000 0060 0000 0060 0000 0060 0000 0060 0000 0060 0000 0060 0000 0060 0000 0060 0000 0060 0000 0060 0000 0060 0000 0C4C
Reg Key	0000 006D 0000 0010 0000 0060 0000 0060 0000 0060 0000 0060 0000 0060 0000 0060 0000 0060 0000 0060 0000 0060 0000 0060 0000 0060 0000 0060 0000 0060 0000 0060 0000 0060 0000 0D6C
Reg Pin	0000 006D 0000 0010 0000 0060 0000 0060 0000 0060 0000 0060 0000 0060 0000 0060 0000 0060 0000 0060 0000 0060 0000 0060 0000 0060 0000 0060 0000 0060 0000 0060 0000 0060 0000 0D10
Reg Zone	0000 006D 0000 0010 0000 0060 0000 0060 0000 0060 0000 0060 0000 0060 0000 0060 0000 0060 0000 0060 0000 0060 0000 0060 0000 0060 0000 0060 0000 0060 0000 0060 0000 0060 0000 0CAC
Menu	0000 006D 0000 0010 0000 0060 0000 0060 0000 0060 0000 0060 0000 0060 0000 0060 0000 0060 0000 0060 0000 0060 0000 0060 0000 0060 0000 0060 0000 0060 0000 0060 0000 0060 0000 0D0C
Up	0000 006D 0000 0010 0000 0060 0000 0060 0000 0060 0000 0060 0000 0060 0000 0060 0000 0060 0000 0060 0000 0060 0000 0060 0000 0060 0000 0060 0000 0060 0000 0060 0000 0060 0000 0CA8
Down	0000 006D 0000 0010 0000 0060 0000 0060 0000 0060 0000 0060 0000 0060 0000 0060 0000 0060 0000 0060 0000 0060 0000 0060 0000 0060 0000 0060 0000 0060 0000 0060 0000 0060 0000 0CA8
Left	0000 006D 0000 0010 0000 0060 0000 0060 0000 0060 0000 0060 0000 0060 0000 0060 0000 0060 0000 0060 0000 0060 0000 0060 0000 0060 0000 0060 0000 0060 0000 0060 0000 0060 0000 0D0C
Right	0000 006D 0000 0010 0000 0060 0000 0060 0000 0060 0000 0060 0000 0060 0000 0060 0000 0060 0000 0060 0000 0060 0000 0060 0000 0060 0000 0060 0000 0060 0000 0060 0000 0060 0000 0CAC
Enter	0000 006D 0000 0010 0000 0060 0000 0060 0000 0060 0000 0060 0000 0060 0000 0060 0000 0060 0000 0060 0000 0060 0000 0060 0000 0060 0000 0060 0000 0060 0000 0060 0000 0060 0000 0CAC
Reset	0000 006D 0000 0010 0000 0060 0000 0060 0000 0060 0000 0060 0000 0060 0000 0060 0000 0060 0000 0060 0000 0060 0000 0060 0000 0060 0000 0060 0000 0060 0000 0060 0000 0060 0000 0BEC
Vol+	0000 006D 0000 0010 0000 0060 0000 0060 0000 0060 0000 0060 0000 0060 0000 0060 0000 0060 0000 0060 0000 0060 0000 0060 0000 0060 0000 0060 0000 0060 0000 0060 0000 0060 0000 0D6C
Vol-	0000 006D 0000 0010 0000 0060 0000 0060 0000 0060 0000 0060 0000 0060 0000 0060 0000 0060 0000 0060 0000 0060 0000 0060 0000 0060 0000 0060 0000 0060 0000 0060 0000 0060 0000 0D0C
Pic Mute	0000 006D 0000 0010 0000 0060 0000 0060 0000 0060 0000 0060 0000 0060 0000 0060 0000 0060 0000 0060 0000 0060 0000 0060 0000 0060 0000 0060 0000 0060 0000 0060 0000 0060 0000 0D6C
Audio Mute	0000 006D 0000 0010 0000 0060 0000 0060 0000 0060 0000 0060 0000 0060 0000 0060 0000 0060 0000 0060 0000 0060 0000 0060 0000 0060 0000 0060 0000 0060 0000 0060 0000 0060 0000 0D6C
Stat On	0000 006D 0000 0010 0000 0060 0000 0060 0000 0060 0000 0060 0000 0060 0000 0060 0000 0060 0000 0060 0000 0060 0000 0060 0000 0060 0000 0060 0000 0060 0000 0060 0000 0060 0000 0D0C
Stat Off	0000 006D 0000 0010 0000 0060 0000 0060 0000 0060 0000 0060 0000 0060 0000 0060 0000 0060 0000 0060 0000 0060 0000 0060 0000 0060 0000 0060 0000 0060 0000 0060 0000 0060 0000 0D0C
Normal	0000 006D 0000 0010 0000 0060 0000 0060 0000 0060 0000 0060 0000 0060 0000 0060 0000 0060 0000 0060 0000 0060 0000 0060 0000 0060 0000 0060 0000 0060 0000 0060 0000 0060 0000 0BEC
Standby	0000 006D 0000 0010 0000 0060 0000 0060 0000 0060 0000 0060 0000 0060 0000 0060 0000 0060 0000 0060 0000 0060 0000 0060 0000 0060 0000 0060 0000 0060 0000 0060 0000 0060 0000 0C48
On	0000 006D 0000 0010 0000 0060 0000 0060 0000 0060 0000 0060 0000 0060 0000 0060 0000 0060 0000 0060 0000 0060 0000 0060 0000 0060 0000 0060 0000 0060 0000 0060 0000 0060 0000 0CA8
Dot Phase	0000 006D 0000 0015 0000 0060 0000 0060 0000 0060 0000 0060 0000 0060 0000 0060 0000 0060 0000 0060 0000 0060 0000 0060 0000 0060 0000 0060 0000 0060 0000 0060 0000 0060 0000 0060 0000 0060 0000 0060 0000 0060 0000 0060 0000 0BC8
Size	0000 006D 0000 0010 0000 0060 0000 0060 0000 0060 0000 0060 0000 0060 0000 0060 0000 0060 0000 0060 0000 0060 0000 0060 0000 0060 0000 0060 0000 0060 0000 0060 0000 0060 0000 0CAC
Pattern	0000 006D 0000 0010 0000 0060 0000 0060 0000 0060 0000 0060 0000 0060 0000 0060 0000 0060 0000 0060 0000 0060 0000 0060 0000 0060 0000 0060 0000 0060 0000 0060 0000 0060 0000 0BEC
Zoom	0000 006D 0000 0015 0000 0060 0000 0060 0000 0060 0000 0060 0000 0060 0000 0060 0000 0060 0000 0060 0000 0060 0000 0060 0000 0060 0000 0060 0000 0060 0000 0060 0000 0060 0000 0060 0000 0060 0000 0060 0000 0060 0000 0060 0000 0BCC
Shift	0000 006D 0000 0010 0000 0060 0000 0060 0000 0060 0000 0060 0000 0060 0000 0060 0000 0060 0000 0060 0000 0060 0000 0060 0000 0060 0000 0060 0000 0060 0000 0060 0000 0060 0000 0D6C
Focus	0000 006D 0000 0015 0000 0060 0000 0060 0000 0060 0000 0060 0000 0060 0000 0060 0000 0060 0000 0060 0000 0060 0000 0060 0000 0060 0000 0060 0000 0060 0000 0060 0000 0060 0000 0060 0000 0060 0000 0060 0000 0060 0000 0060 0000 0BCC
Cent R	0000 006D 0000 0010 0000 0060 0000 0060 0000 0060 0000 0060 0000 0060 0000 0060 0000 0060 0000 0060 0000 0060 0000 0060 0000 0060 0000 0060 0000 0060 0000 0060 0000 0060 0000 0D0C
Cent B	0000 006D 0000 0010 0000 0060 0000 0060 0000 0060 0000 0060 0000 0060 0000 0060 0000 0060 0000 0060 0000 0060 0000 0060 0000 0060 0000 0060 0000 0060 0000 0060 0000 0060 0000 0CAC
Memory	0000 006D 0000 0010 0000 0060 0000 0060 0000 0060 0000 0060 0000 0060 0000 0060 0000 0060 0000 0060 0000 0060 0000 0060 0000 0060 0000 0060 0000 0060 0000 0060 0000 0060 0000 0C4C
Function	0000 006D 0000 0015 0000 0060 0000 0060 0000 0060 0000 0060 0000 0060 0000 0060 0000 0060 0000 0060 0000 0060 0000 0060 0000 0060 0000 0060 0000 0060 0000 0060 0000 0060 0000 0060 0000 0060 0000 0060 0000 0060 0000 0060 0000 0BCC
Video	0000 006D 0000 0010 0000 0060 0000 0060 0000 0060 0000 0060 0000 0060 0000 0060 0000 0060 0000 0060 0000 0060 0000 0060 0000 0060 0000 0060 0000 0060 0000 0060 0000 0060 0000 0D0C
Select(Vid/svid)	0000 006D 0000 0010 0000 0060 0000 0060 0000 0060 0000 0060 0000 0060 0000 0060 0000 0060 0000 0060 0000 0060 0000 0060 0000 0060 0000 0060 0000 0060 0000 0060 0000 0060 0000 0BEC
Sys Set	0000 006D 0000 0010 0000 0060 0000 0060 0000 0060 0000 0060 0000 0060 0000 0060 0000 0060 0000 0060 0000 0060 0000 0060 0000 0060 0000 0060 0000 0060 0000 0060 0000 0060 0000 0D6C
Blkg	0000 006D 0000 0010 0000 0060 0000 0060 0000 0060 0000 0060 0000 0060 0000 0060 0000 0060 0000 0060 0000 0060 0000 0060 0000 0060 0000 0060 0000 0060 0000 0060 0000 0060 0000 0D0C
A	0000 006D 0000 0010 0000 0060 0000 0060 0000 0060 0000 0060 0000 0060 0000 0060 0000 0060 0000 0060 0000 0060 0000 0060 0000 0060 0000 0060 0000 0060 0000 0060 0000 0060 0000 0CA8
B	0000 006D 0000 0010 0000 0060 0000 0060 0000 0060 0000 0060 0000 0060 0000 0060 0000 0060 0000 0060 0000 0060 0000 0060 0000 0060 0000 0060 0000 0060 0000 0060 0000 0060 0000 0D0C
C	0000 006D 0000 0010 0000 0060 0000 0060 0000 0060 0000 0060 0000 0060 0000 0060 0000 0060 0000 0060 0000 0060 0000 0060 0000 0060 0000 0060 0000 0060 0000 0060 0000 0060 0000 0BEC
D	0000 006D 0000 0010 0000 0060 0000 0060 0000 0060 0000 0060 0000 0060 0000 0060 0000 0060 0000 0060 0000 0060 0000 0060 0000 0060 0000 0060 0000 0060 0000 0060 0000 0060 0000 0D0C
Sharp+	0000 006D 0000 0010 0000 0060 0000 0060 0000 0060 0000 0060 0000 0060 0000 0060 0000 0060 0000 0060 0000 0060 0000 0060 0000 0060 0000 0060 0000 0060 0000 0060 0000 0060 0000 0D6C
Sharp-	0000 006D 0000 0010 0000 0060 0000 0060 0000 0060 0000 0060 0000 0060 0000 0060 0000 0060 0000 0060 0000 0060 0000 0060 0000 0060 0000 0060 0000 0060 0000 0060 0000 0060 0000 0D10
Bright+	0000 006D 0000 0010 0000 0060 0000 0060 0000 0060 0000 0060 0000 0060 0000 0060 0000 0060 0000 0060 0000 0060 0000 0060 0000 0060 0000 0060 0000 0060 0000 0060 0000 0060 0000 0CA8
Bright-	0000 006D 0000 0010 0000 0060 0000 0060 0000 0060 0000 0060 0000 0060 0000 0060 0000 0060 0000 0060 0000 0060 0000 0060 0000 0060 0000 0060 0000 0060 0000 0060 0000 0060 0000 0C4C
Hue+	0000 006D 0000 0010 0000 0060 0000 0060 0000 0060 0000 0060 0000 0060 0000 0060 0000 0060 0000 0060 0000 0060 0000 0060 0000 0060 0000 0060 0000 0060 0000 0060 0000 0060 0000 0DAC
Hue-	0000 006D 0000 0010 0000 0060 0000 0060 0000 0060 0000 0060 0000 0060 0000 0060 0000 0060 0000 0060 0000 0060 0000 0060 0000 0060 0000 0060 0000 0060 0000 0060 0000 0060 0000 0D6C
Contr+	0000 006D 0000 0010 0000 0060 0000 0060 0000 0060 0000 0060 0000 0060 0000 0060 0000 0060 0000 0060 0000 0060 0000 0060 0000 0060 0000 0060 0000 0060 0000 0060 0000 0060 0000 0D6C
Contr-	0000 006D 0000 0010 0000 0060 0000 0060 0000 0060 0000 0060 0000 0060 0000 0060 0000 0060 0000 0060 0000 0060 0000 0060 0000 0060 0000 0060 0000 0060 0000 0060 0000 0060 0000 0D0C
Color+	0000 006D 0000 0010 0000 0060 0000 0060 0000 0060 0000 0060 0000 0060 0000 0060 0000 0060 0000 0060 0000 0060 0000 0060 0000 0060 0000 0060 0000 0060 0000 0060 0000 0060 0000 0D0C
Color-	0000 006D 0000 0010 0000 0060 0000 0060 0000 0060 0000 0060 0000 0060 0000 0060 0000 0060 0000 0060 0000 0060 0000 0060 0000 0060 0000 0060 0000 0060 0000 0060 0000 0060 0000 0CA8
Position+	0000 006D 0000 0010 0000 0060 0000 0060 0000 0060 0000 0060 0000 0060 0000 0060 0000 0060 0000 0060 0000 0060 0000 0060 0000 0060 0000 0060 0000 0060 0000 0060 0000 0060 0000 0D0C
Position-	0000 006D 0000 0010 0000 0060 0000 0060 0000 0060 0000 0060 0000 0060 0000 0060 0000 0060 0000 0060 0000 0060 0000 0060 0000 0060 0000 0060 0000 0060 0000 0060 0000 0060 0000 0D0C
Switch 1	0000 006D 0000 0010 0000 0060 0000 0060 0000 0060 0000 0060 0000 0060 0000 0060 0000 0060 0000 0060 0000 0060 0000 0060 0000 0060 0000 0060 0000 0060 0000 0060 0000 0060 0000 0D6C
Switch 2	0000 006D 0000 0010 0000 0060 0000 0060 0000 0060 0000 0060 0000 0060 0000 0060 0000 0060 0000 0060 0000 0060 0000 0060 0000 0060 0000 0060 0000 0060 0000 0060 0000 0060 0000 0D0C
Switch 3	0000 006D 0000 0010 0000 0060 0000 0060 0000 0060 0000 0060 0000 0060 0000 0060 0000 0060 0000 0060 0000 0060 0000 0060 0000 0060 0000 0060 0000 0060 0000 0060 0000 0060 0000 0D6C
Switch 4	0000 006D 0000 0010 0000 0060 0000 0060 0000 0060 0000 0060 0000 0060 0000 0060 0000 0060 0000 0060 0000 0060 0000 0060 0000 0060 0000 0060 0000 0060 0000 0060 0000 0060 0000 0D0C
Switch 5	0000 006D 0000 0010 0000 0060 0000 0060 0000 0060 0000 0060 0000 0060 0000 0060 0000 0060 0000 0060 0000 0060 0000 0060 0000 0060 0000 0060 0000 0060 0000 0060 0000 0060 0000 0D0C
Switch 6	0000 006D 0000 0010 0000 0060 0000 0060 0000 0060 0000 0060 0000 0060 0000 0060 0000 0060 0000 0060 0000 0060 0000 0060 0000 0060 0000 0060 0000 0060 0000 0060 0000 0060 0000 0CA8
Switch 7	0000 006D 0000 0010 0000 0060 0000 0060 0000 0060 0000 0060 0000 0060 0000 0060 0000 0060 0000 0060 0000 0060 0000 0060 0000 0060 0000 0060 0000 0060 0000 0060 0000 0060 0000 0DAC
Switch 8	0000 006D 0000 0010 0000 0060 0000 0060 0000 0060 0000 0060 0000 0060 0000 0060 0000 0060 0000 0060 0000 0060 0000 0060 0000 0060 0000 0060 0000 0060 0000 0060 0000 0060 0000 0D6C
Vid Mem 1	0000 006D 0000 0015 0000 0060 0000 0060 0000 0060 0000 0060 0000 0060 0000 0060 0000 0060 0000 0060 0000 0060 0000 0060 0000 0060 0000 0060 0000 0060 0000 0060 0000 0060 0000 0060 0000 0060 0000 0060 0000 0060 0000 0060 0000 0BCC
Vid Mem 2	0000 006D 0000 0015 0000 0060 0000 0060 0000 0060 0000 0060 0000 0060 0000 0060 0000 0060 0000 0060 0000 0060 0000 0060 0000 0060 0000 0060 0000 0060 0000 0060 0000 0060 0000 0060 0000 0060 0000 0060 0000 0060 0000 0060 0000 0BCC
Vid Mem 3	0000 006D 0000 0015 0000 0060 0000 0060 0000 0060 0000 0060 0000 0060 0000 0060 0000 0060 0000 0060 0000 0060 0000 0060 0000 0060 0000 0060 0000 0060 0000 0060 0000 0060 0000 0060 0000 0060 0000 0060 0000 0060 0000 0060 0000 0BCC
Vid Mem 4	0000 006D 0000 0015 0000 0060 0000 0060 0000 0060 0000 0060 0000 0060 0000 0060 0000 0060 0000 0060 0000 0060 0000 0060 0000 0060 0000 0060 0000 0060 0000 0060 0000 0060 0000 0060 0000 0060 0000 0060 0000 0060 0000 0060 0000 0BCC
Vid Mem 5	0000 006D 0000 0015 0000 0060 0000 0060 0000 0060 0000 0060 0000 0060 0000 0060 0000 0060 0000 0060 0000 0060 0000 0060 0000 0060 0000 0060 0000 0060 0000 0060 0000 0060 0000 0060 0000 0060 0000 0060 0000 0060 0000 0060 0000 0BCC
Vid Mem 6	0000 006D 0000 0015 0000 0060 0000 0060 0000 0060 0000 0060 0000 0060 0000 0060 0000 0060 0000 0060 0000 0060 0000 0060 0000 0060 0000 0060 0000 0060 0000 0060 0000 0060 0000 0060 0000 0060 0000 0060 0000 0060 0000 0060 0000 0BCC
Vid Mem 7	0000 006D 0000 0015 0000 0060 0000 0060 0000 0060 0000 0060 0000 0060 0000 0060 0000 0060 0000 0060 0000 0060 0000 0060 0000 0060 0000 0060 0000 0060 0000 0060 0000 0060 0000 0060 0000 0060 0000 0060 0000 0060 0000 0060 0000 0BCC
Vid Mem 8	0000 006D 0000 0015 0000 0060 0000 0060 0000 0060 0000 0060 0000 0060 0000 0060 0000 0060 0000 0060 0000 0060 0000 0060 0000 0060 0000 0060 0000 0060 0000 0060 0000 0060 0000 0060 0000 0060 0000 0060 0000 0060 0000 0060 0000 0BCC
Vid Mem 9	0000 006D 0000 0015 0000 0060 0000 0060 0000 0060 0000 0060 0000 0060 0000 0060 0000 0060 0000 0060 0000 0060 0000 0060 0000 0060 0000 0060 0000 0060 0000 0060 0000 0060 0000 0060 0000 0060 0000 0060 0000 0060 0000 0060 0000 0BCC
Vid Mem 10/	0000 006D 0000 0015 0000 0060 0000 0060 0000 0060 0000 0060 0000 0060 0000 0060 0000 0060 0000 0060 0000 0060 0000 0060 0000 0060 0000 0060 0000 0060 0000 0060 0000 0060 0000 0060 0000 0060 0000 0060 0000 0060 0000 0060 0000 0BCC
Index 1	0000 006D 0000 0010 0000 0060 0000 0060 0000 0060 0000 0060 0000 0060 0000 0060 0000 0060 0000 0060 0000 0060 0000 0060 0000 0060 0000 0060 0000 0060 0000 0060 0000 0060 0000 0D0C
Index 2	0000 006D 0000 0010 0000 0060 0000 0060 0000 0060 0000 0060 0000 0060 0000 0060 0000 0060 0000 0060 0000 0060 0000 0060 0000 0060 0000 0060 0000 0060 0000 0060 0000 0060 0000 0D0C
Index 3	0000 006D 0000 0010 0000 0060 0000 0060 0000 0060 0000 0060 0000 0060 0000 0060 0000 0060 0000 0060 0000 0060 0000 0060 0000 0060 0000 0060 0000 0060 0000 0060 0000 0060 0000 0CA8
Index 4	0000 006D 0000 0010 0000 0060 0000 0060 0000 0060 0000 0060 0000 0060 0000 0060 0000 0060 0000 0060 0000 0060 0000 0060 0000 0060 0000 0060 0000 0060 0000 0060 0000 0060 0000 0D0C
Index 5	0000 006D 0000 0010 0000 0060 0000 0060 0000 0060 0000 0060 0000 0060 0000 0060 0000 0060 0000 0060 0000 0060 0000 0060 0000 0060 0000 0060 0000 0060 0000 0060 0000 0060 0000 0CA8
Index 6	0000 006D 0000 0010 0000 0060 0000 0060 0000 0060 0000 0060 0000 0060 0000 0060 0000 0060 0000 0060 0000 0060 0000 0060 0000 0060 0000 0060 0000 0060 0000 0060 0000 0060 0000 0CA8
Index 7	0000 006D 0000 0010 0000 0060 0000 0060 0000 0060 0000 0060 0000 0060 0000 0060 0000 0060 0000 0060 0000 0060 0000 0060 0000 0060 0000 0060 0000 0060 0000 0060 0000 0060 0000 0C48
Index 8	0000 006D 0000 0010 0000 0060 0000 0060 0000 0060 0000 0060 0000 0060 0000 0060 0000 0060 0000 0060 0000 0060 0000 0060 0000 0060 0000 0060 0000 0060 0000 0060 0000 0060 0000 0D0C
Index 9	0000 006D 0000 0010 0000 0060 0000 0060 0000 0060 0000 0060 0000 0060 0000 0060 0000 0060 0000 0060 0000 0060 0000 0060 0000 0060 0000 0060 0000 0060 0000 0060 0000 0060 0000 0CAC
Index 10/	0000 006D 0000 0010 0000 0060 0000 0060 0000 0060 0000 0060 0000 0060 0000 0060 0000 0060 0000 0060 0000 0060 0000 0060 0000 0060 0000 0060 0000 0060 0000 0060 0000 0060 0000 0D6C
SW No/Off/group	0000 006D 0000 0015 0000 0060 0000 0060 0000 0060 0000 0060 0000 0060 0000 0060 0000 0060 0000 0060 0000 0060 0000 0060 0000 0060 0000 0060 0000 0060 0000 0060 0000 0060 0000 0060 0000 0060 0000 0060 0000 0060 0000 0060 0000 0BCC
Pos+	0000 006D 0000 0010 0000 0060 0000 0060 0000 0060 0000 0060 0000 0060 0000 0060 0000 0060 0000 0060 0000 0060 0000 0060 0000 0060 0000 0060 0000 0060 0000 0060 0000 0060 0000 0D0C
Pos-	0000 006D 0000 0010 0000 0060 0000 0060 0000 0060 0000 0060 0000 0060 0000 0060 0000 0060 0000 0060 0000 0060 0000 0060 0000 0060 0000 0060 0000 0060 0000 0060 0000 0060 0000 0D0C
