Power	0000 0067 0000 0037 0000 003C 0000 0014 0000 003C 0000 0014 0000 003C 0000 0014 0000 0014 0000 0014 0000 0014 0000 0014 0000 0244 0000 003C 0000 0014 0000 003C 0000 0014 0000 003C 0000 0014 0000 0014 0000 0014 0000 0014 0000 0014 0000 0244 0000 003C 0000 0014 0000 003C 0000 0014 0000 003C 0000 0014 0000 0014 0000 0014 0000 0014 0000 0014 0000 0244 0000 003C 0000 0014 0000 003C 0000 0014 0000 003C 0000 0014 0000 0014 0000 0014 0000 0014 0000 0014 0000 0244 0000 003C 0000 0014 0000 003C 0000 0014 0000 003C 0000 0014 0000 0014 0000 0014 0000 0014 0000 0014 0000 11FF
Video Mute	0000 0067 0000 0037 0000 003C 0000 0014 0000 003C 0000 003C 0000 0014 0000 0014 0000 0014 0000 0014 0000 0014 0000 0014 0000 0244 0000 003C 0000 0014 0000 003C 0000 003C 0000 0014 0000 0014 0000 0014 0000 0014 0000 0014 0000 0014 0000 0244 0000 003C 0000 0014 0000 003C 0000 003C 0000 0014 0000 0014 0000 0014 0000 0014 0000 0014 0000 0014 0000 0244 0000 003C 0000 0014 0000 003C 0000 003C 0000 0014 0000 0014 0000 0014 0000 0014 0000 0014 0000 0014 0000 0244 0000 003C 0000 0014 0000 003C 0000 003C 0000 0014 0000 0014 0000 0014 0000 0014 0000 0014 0000 0014 0000 11FF
R/TP On	0000 0067 0000 000B 0000 003C 0000 0014 0000 003C 0000 003C 0000 003C 0000 003C 0000 003C 0000 0014 0000 0014 0000 0014 0000 01CC
L/TP Off	0000 0067 0000 000B 0000 003C 0000 0014 0000 003C 0000 0014 0000 003C 0000 003C 0000 003C 0000 0014 0000 0014 0000 0014 0000 01F5
Video Full Bar	0000 0067 0000 0037 0000 003C 0000 0014 0000 003C 0000 0014 0000 003C 0000 0014 0000 003C 0000 003C 0000 0014 0000 0014 0000 0244 0000 003C 0000 0014 0000 003C 0000 0014 0000 003C 0000 0014 0000 003C 0000 003C 0000 0014 0000 0014 0000 0244 0000 003C 0000 0014 0000 003C 0000 0014 0000 003C 0000 0014 0000 003C 0000 003C 0000 0014 0000 0014 0000 0244 0000 003C 0000 0014 0000 003C 0000 0014 0000 003C 0000 0014 0000 003C 0000 003C 0000 0014 0000 0014 0000 0244 0000 003C 0000 0014 0000 003C 0000 0014 0000 003C 0000 0014 0000 003C 0000 003C 0000 0014 0000 0014 0000 11BF
Half Bar +	0000 0067 0000 000B 0000 003C 0000 0014 0000 003C 0000 003C 0000 003C 0000 0014 0000 003C 0000 003C 0000 0014 0000 0014 0000 01CC
Half Bar -	0000 0067 0000 000B 0000 003C 0000 0014 0000 003C 0000 0014 0000 0014 0000 003C 0000 003C 0000 003C 0000 0014 0000 0014 0000 01F4
TV	0000 0067 0000 0037 0000 003C 0000 0014 0000 003C 0000 003C 0000 003C 0000 0014 0000 0014 0000 0014 0000 0014 0000 0014 0000 0244 0000 003C 0000 0014 0000 003C 0000 003C 0000 003C 0000 0014 0000 0014 0000 0014 0000 0014 0000 0014 0000 0244 0000 003C 0000 0014 0000 003C 0000 003C 0000 003C 0000 0014 0000 0014 0000 0014 0000 0014 0000 0014 0000 0244 0000 003C 0000 0014 0000 003C 0000 003C 0000 003C 0000 0014 0000 0014 0000 0014 0000 0014 0000 0014 0000 0244 0000 003C 0000 0014 0000 003C 0000 003C 0000 003C 0000 0014 0000 0014 0000 0014 0000 0014 0000 0014 0000 11DF
Text	0000 0067 0000 0037 0000 003C 0000 0014 0000 003C 0000 003C 0000 003C 0000 003C 0000 003C 0000 003C 0000 0014 0000 0014 0000 0244 0000 003C 0000 0014 0000 003C 0000 003C 0000 003C 0000 003C 0000 003C 0000 003C 0000 0014 0000 0014 0000 0244 0000 003C 0000 0014 0000 003C 0000 003C 0000 003C 0000 003C 0000 003C 0000 003C 0000 0014 0000 0014 0000 0244 0000 003C 0000 0014 0000 003C 0000 003C 0000 003C 0000 003C 0000 003C 0000 003C 0000 0014 0000 0014 0000 0244 0000 003C 0000 0014 0000 003C 0000 003C 0000 003C 0000 003C 0000 003C 0000 003C 0000 0014 0000 0014 0000 00DF
Viewddata	0000 0067 0000 0037 0000 003C 0000 0014 0000 003C 0000 003C 0000 0014 0000 003C 0000 003C 0000 003C 0000 0014 0000 0014 0000 0244 0000 003C 0000 0014 0000 003C 0000 003C 0000 0014 0000 003C 0000 003C 0000 003C 0000 0014 0000 0014 0000 0244 0000 003C 0000 0014 0000 003C 0000 003C 0000 0014 0000 003C 0000 003C 0000 003C 0000 0014 0000 0014 0000 0244 0000 003C 0000 0014 0000 003C 0000 003C 0000 0014 0000 003C 0000 003C 0000 003C 0000 0014 0000 0014 0000 0244 0000 003C 0000 0014 0000 003C 0000 003C 0000 0014 0000 003C 0000 003C 0000 003C 0000 0014 0000 0014 0000 119F
1	0000 0067 0000 0037 0000 003C 0000 0014 0000 003C 0000 0014 0000 0014 0000 0014 0000 0014 0000 003C 0000 003C 0000 0014 0000 0244 0000 003C 0000 0014 0000 003C 0000 0014 0000 0014 0000 0014 0000 0014 0000 003C 0000 003C 0000 0014 0000 0244 0000 003C 0000 0014 0000 003C 0000 0014 0000 0014 0000 0014 0000 0014 0000 003C 0000 003C 0000 0014 0000 0244 0000 003C 0000 0014 0000 003C 0000 0014 0000 0014 0000 0014 0000 0014 0000 003C 0000 003C 0000 0014 0000 0244 0000 003C 0000 0014 0000 003C 0000 0014 0000 0014 0000 0014 0000 0014 0000 003C 0000 003C 0000 0014 0000 11DF
2	0000 0067 0000 0037 0000 003C 0000 0014 0000 003C 0000 003C 0000 0014 0000 0014 0000 0014 0000 003C 0000 003C 0000 0014 0000 0244 0000 003C 0000 0014 0000 003C 0000 003C 0000 0014 0000 0014 0000 0014 0000 003C 0000 003C 0000 0014 0000 0244 0000 003C 0000 0014 0000 003C 0000 003C 0000 0014 0000 0014 0000 0014 0000 003C 0000 003C 0000 0014 0000 0244 0000 003C 0000 0014 0000 003C 0000 003C 0000 0014 0000 0014 0000 0014 0000 003C 0000 003C 0000 0014 0000 0244 0000 003C 0000 0014 0000 003C 0000 003C 0000 0014 0000 0014 0000 0014 0000 003C 0000 003C 0000 0014 0000 11BF
3	0000 0067 0000 0037 0000 003C 0000 0014 0000 003C 0000 0014 0000 003C 0000 0014 0000 0014 0000 003C 0000 003C 0000 0014 0000 0244 0000 003C 0000 0014 0000 003C 0000 0014 0000 003C 0000 0014 0000 0014 0000 003C 0000 003C 0000 0014 0000 0244 0000 003C 0000 0014 0000 003C 0000 0014 0000 003C 0000 0014 0000 0014 0000 003C 0000 003C 0000 0014 0000 0244 0000 003C 0000 0014 0000 003C 0000 0014 0000 003C 0000 0014 0000 0014 0000 003C 0000 003C 0000 0014 0000 0244 0000 003C 0000 0014 0000 003C 0000 0014 0000 003C 0000 0014 0000 0014 0000 003C 0000 003C 0000 0014 0000 11BF
4	0000 0067 0000 0037 0000 003C 0000 0014 0000 003C 0000 003C 0000 003C 0000 0014 0000 0014 0000 003C 0000 003C 0000 0014 0000 0244 0000 003C 0000 0014 0000 003C 0000 003C 0000 003C 0000 0014 0000 0014 0000 003C 0000 003C 0000 0014 0000 0244 0000 003C 0000 0014 0000 003C 0000 003C 0000 003C 0000 0014 0000 0014 0000 003C 0000 003C 0000 0014 0000 0244 0000 003C 0000 0014 0000 003C 0000 003C 0000 003C 0000 0014 0000 0014 0000 003C 0000 003C 0000 0014 0000 0244 0000 003C 0000 0014 0000 003C 0000 003C 0000 003C 0000 0014 0000 0014 0000 003C 0000 003C 0000 0014 0000 119F
5	0000 0067 0000 0037 0000 003C 0000 0014 0000 003C 0000 0014 0000 0014 0000 003C 0000 0014 0000 003C 0000 003C 0000 0014 0000 0244 0000 003C 0000 0014 0000 003C 0000 0014 0000 0014 0000 003C 0000 0014 0000 003C 0000 003C 0000 0014 0000 0244 0000 003C 0000 0014 0000 003C 0000 0014 0000 0014 0000 003C 0000 0014 0000 003C 0000 003C 0000 0014 0000 0244 0000 003C 0000 0014 0000 003C 0000 0014 0000 0014 0000 003C 0000 0014 0000 003C 0000 003C 0000 0014 0000 0244 0000 003C 0000 0014 0000 003C 0000 0014 0000 0014 0000 003C 0000 0014 0000 003C 0000 003C 0000 0014 0000 11BF
6	0000 0067 0000 0037 0000 003C 0000 0014 0000 003C 0000 003C 0000 0014 0000 003C 0000 0014 0000 003C 0000 003C 0000 0014 0000 0244 0000 003C 0000 0014 0000 003C 0000 003C 0000 0014 0000 003C 0000 0014 0000 003C 0000 003C 0000 0014 0000 0244 0000 003C 0000 0014 0000 003C 0000 003C 0000 0014 0000 003C 0000 0014 0000 003C 0000 003C 0000 0014 0000 0244 0000 003C 0000 0014 0000 003C 0000 003C 0000 0014 0000 003C 0000 0014 0000 003C 0000 003C 0000 0014 0000 0244 0000 003C 0000 0014 0000 003C 0000 003C 0000 0014 0000 003C 0000 0014 0000 003C 0000 003C 0000 0014 0000 119F
7	0000 0067 0000 0037 0000 003C 0000 0014 0000 003C 0000 0014 0000 003C 0000 003C 0000 0014 0000 003C 0000 003C 0000 0014 0000 0244 0000 003C 0000 0014 0000 003C 0000 0014 0000 003C 0000 003C 0000 0014 0000 003C 0000 003C 0000 0014 0000 0244 0000 003C 0000 0014 0000 003C 0000 0014 0000 003C 0000 003C 0000 0014 0000 003C 0000 003C 0000 0014 0000 0244 0000 003C 0000 0014 0000 003C 0000 0014 0000 003C 0000 003C 0000 0014 0000 003C 0000 003C 0000 0014 0000 0244 0000 003C 0000 0014 0000 003C 0000 0014 0000 003C 0000 003C 0000 0014 0000 003C 0000 003C 0000 0014 0000 119F
8	0000 0067 0000 0037 0000 003C 0000 0014 0000 003C 0000 003C 0000 003C 0000 003C 0000 0014 0000 003C 0000 003C 0000 0014 0000 0244 0000 003C 0000 0014 0000 003C 0000 003C 0000 003C 0000 003C 0000 0014 0000 003C 0000 003C 0000 0014 0000 0244 0000 003C 0000 0014 0000 003C 0000 003C 0000 003C 0000 003C 0000 0014 0000 003C 0000 003C 0000 0014 0000 0244 0000 003C 0000 0014 0000 003C 0000 003C 0000 003C 0000 003C 0000 0014 0000 003C 0000 003C 0000 0014 0000 0244 0000 003C 0000 0014 0000 003C 0000 003C 0000 003C 0000 003C 0000 0014 0000 003C 0000 003C 0000 0014 0000 00DF
9	0000 0067 0000 0037 0000 003C 0000 0014 0000 003C 0000 0014 0000 0014 0000 0014 0000 003C 0000 003C 0000 003C 0000 0014 0000 0244 0000 003C 0000 0014 0000 003C 0000 0014 0000 0014 0000 0014 0000 003C 0000 003C 0000 003C 0000 0014 0000 0244 0000 003C 0000 0014 0000 003C 0000 0014 0000 0014 0000 0014 0000 003C 0000 003C 0000 003C 0000 0014 0000 0244 0000 003C 0000 0014 0000 003C 0000 0014 0000 0014 0000 0014 0000 003C 0000 003C 0000 003C 0000 0014 0000 0244 0000 003C 0000 0014 0000 003C 0000 0014 0000 0014 0000 0014 0000 003C 0000 003C 0000 003C 0000 0014 0000 11BF
10	0000 0067 0000 0037 0000 003C 0000 0014 0000 003C 0000 0014 0000 003C 0000 0014 0000 003C 0000 003C 0000 003C 0000 0014 0000 0244 0000 003C 0000 0014 0000 003C 0000 0014 0000 003C 0000 0014 0000 003C 0000 003C 0000 003C 0000 0014 0000 0244 0000 003C 0000 0014 0000 003C 0000 0014 0000 003C 0000 0014 0000 003C 0000 003C 0000 003C 0000 0014 0000 0244 0000 003C 0000 0014 0000 003C 0000 0014 0000 003C 0000 0014 0000 003C 0000 003C 0000 003C 0000 0014 0000 0244 0000 003C 0000 0014 0000 003C 0000 0014 0000 003C 0000 0014 0000 003C 0000 003C 0000 003C 0000 0014 0000 119F
11	0000 0067 0000 0037 0000 003C 0000 0014 0000 003C 0000 003C 0000 003C 0000 0014 0000 003C 0000 003C 0000 003C 0000 0014 0000 0244 0000 003C 0000 0014 0000 003C 0000 003C 0000 003C 0000 0014 0000 003C 0000 003C 0000 003C 0000 0014 0000 0244 0000 003C 0000 0014 0000 003C 0000 003C 0000 003C 0000 0014 0000 003C 0000 003C 0000 003C 0000 0014 0000 0244 0000 003C 0000 0014 0000 003C 0000 003C 0000 003C 0000 0014 0000 003C 0000 003C 0000 003C 0000 0014 0000 0244 0000 003C 0000 0014 0000 003C 0000 003C 0000 003C 0000 0014 0000 003C 0000 003C 0000 003C 0000 0014 0000 00DF
0	0000 0067 0000 0037 0000 003C 0000 0014 0000 003C 0000 003C 0000 0014 0000 0014 0000 003C 0000 003C 0000 003C 0000 0014 0000 0244 0000 003C 0000 0014 0000 003C 0000 003C 0000 0014 0000 0014 0000 003C 0000 003C 0000 003C 0000 0014 0000 0244 0000 003C 0000 0014 0000 003C 0000 003C 0000 0014 0000 0014 0000 003C 0000 003C 0000 003C 0000 0014 0000 0244 0000 003C 0000 0014 0000 003C 0000 003C 0000 0014 0000 0014 0000 003C 0000 003C 0000 003C 0000 0014 0000 0244 0000 003C 0000 0014 0000 003C 0000 003C 0000 0014 0000 0014 0000 003C 0000 003C 0000 003C 0000 0014 0000 119F
Color+	0000 0067 0000 000B 0000 003C 0000 0014 0000 003C 0000 0014 0000 0014 0000 003C 0000 003C 0000 0014 0000 0014 0000 0014 0000 021C
Color-	0000 0067 0000 000B 0000 003C 0000 0014 0000 003C 0000 003C 0000 0014 0000 003C 0000 003C 0000 0014 0000 0014 0000 0014 0000 01F4
Cont+	0000 0067 0000 000B 0000 003C 0000 0014 0000 003C 0000 0014 0000 003C 0000 0014 0000 003C 0000 0014 0000 0014 0000 0014 0000 021C
Cont-	0000 0067 0000 000B 0000 003C 0000 0014 0000 003C 0000 003C 0000 003C 0000 0014 0000 003C 0000 0014 0000 0014 0000 0014 0000 01F5
Brt+	0000 0067 0000 000B 0000 003C 0000 0014 0000 003C 0000 0014 0000 0014 0000 0014 0000 003C 0000 0014 0000 0014 0000 0014 0000 0244
Brt-	0000 0067 0000 000B 0000 003C 0000 0014 0000 003C 0000 003C 0000 0014 0000 0014 0000 003C 0000 0014 0000 0014 0000 0014 0000 021D
Prog +/Hold	0000 0067 0000 000B 0000 003C 0000 0014 0000 003C 0000 003C 0000 0014 0000 003C 0000 0014 0000 0014 0000 0014 0000 0014 0000 021D
Pro /Reveal	0000 0067 0000 000B 0000 003C 0000 0014 0000 003C 0000 0014 0000 003C 0000 003C 0000 0014 0000 0014 0000 0014 0000 0014 0000 021D
Norm/Reset	0000 0067 0000 0037 0000 003C 0000 0014 0000 003C 0000 0014 0000 0014 0000 0014 0000 0014 0000 0014 0000 0014 0000 0014 0000 0244 0000 003C 0000 0014 0000 003C 0000 0014 0000 0014 0000 0014 0000 0014 0000 0014 0000 0014 0000 0014 0000 0244 0000 003C 0000 0014 0000 003C 0000 0014 0000 0014 0000 0014 0000 0014 0000 0014 0000 0014 0000 0014 0000 0244 0000 003C 0000 0014 0000 003C 0000 0014 0000 0014 0000 0014 0000 0014 0000 0014 0000 0014 0000 0014 0000 0244 0000 003C 0000 0014 0000 003C 0000 0014 0000 0014 0000 0014 0000 0014 0000 0014 0000 0014 0000 0014 0000 123F
Mix	0000 0067 0000 0037 0000 003C 0000 0014 0000 003C 0000 0014 0000 003C 0000 003C 0000 003C 0000 003C 0000 0014 0000 0014 0000 0244 0000 003C 0000 0014 0000 003C 0000 0014 0000 003C 0000 003C 0000 003C 0000 003C 0000 0014 0000 0014 0000 0244 0000 003C 0000 0014 0000 003C 0000 0014 0000 003C 0000 003C 0000 003C 0000 003C 0000 0014 0000 0014 0000 0244 0000 003C 0000 0014 0000 003C 0000 0014 0000 003C 0000 003C 0000 003C 0000 003C 0000 0014 0000 0014 0000 0244 0000 003C 0000 0014 0000 003C 0000 0014 0000 003C 0000 003C 0000 003C 0000 003C 0000 0014 0000 0014 0000 119F
Time Text CL	0000 0067 0000 000B 0000 003C 0000 0014 0000 003C 0000 003C 0000 003C 0000 003C 0000 0014 0000 0014 0000 0014 0000 0014 0000 01F5
