B&K	0000 0070 001b 0001 0147 00a5 0016 003e 0016 003e 0016 0016 0016 003e 0016 0016 0016 0016 0016 0016 0016 003e 0016 003e 0016 003e 0016 003e 0016 0016 0016 0016 0016 0016 0016 003e 0016 0016 0016 0016 0016 003e 0016 0016 0016 0016 0016 0016 0016 0016 0016 0016 0016 0016 0016 003e 0016 0016 0016 003e
In1	0000 0070 001c 0001 0147 00a5 0016 003e 0016 003e 0016 0016 0016 003e 0016 0016 0016 0016 0016 0016 0016 003e 0016 003e 0016 003e 0016 003e 0016 0016 0016 0016 0016 0016 0016 003e 0016 0016 0016 003e 0016 0016 0016 003e 0016 0016 0016 0016 0016 0016 0016 0016 0016 0016 0016 0016 0016 003e 0016 0016 0016 003e
In2	0000 0070 0000 0022 0147 00a5 0016 003e 0016 003e 0016 0016 0016 003e 0016 0016 0016 0016 0016 0016 0016 003e 0016 003e 0016 003e 0016 003e 0016 0016 0016 0016 0016 0016 0016 003e 0016 0016 0016 003e 0016 0016 0016 0016 0016 003e 0016 0016 0016 0016 0016 0016 0016 0016 0016 0016 0016 003e 0016 003e 0016 0016 0016 003e 0016 003e 0016 003e 0016 003e 0016 0016
In3	0000 0070 001c 0001 0147 00a5 0016 003e 0016 003e 0016 0016 0016 003e 0016 0016 0016 0016 0016 0016 0016 003e 0016 003e 0016 003e 0016 003e 0016 0016 0016 0016 0016 0016 0016 003e 0016 0016 0016 0016 0016 003e 0016 003e 0016 0016 0016 0016 0016 0016 0016 0016 0016 0016 0016 003e 0016 0016 0016 0016 0016 003e
In4	0000 0070 0000 0022 0147 00a5 0016 003e 0016 003e 0016 0016 0016 003e 0016 0016 0016 0016 0016 0016 0016 003e 0016 003e 0016 003e 0016 003e 0016 0016 0016 0016 0016 0016 0016 003e 0016 0016 0016 003e 0016 0016 0016 003e 0016 003e 0016 0016 0016 0016 0016 0016 0016 0016 0016 0016 0016 003e 0016 0016 0016 0016 0016 003e 0016 003e 0016 003e 0016 003e 0016 0016
In5	0000 0070 0000 0022 0147 00a5 0016 003e 0016 003e 0016 0016 0016 003e 0016 0016 0016 0016 0016 0016 0016 003e 0016 003e 0016 003e 0016 003e 0016 0016 0016 0016 0016 0016 0016 003e 0016 0016 0016 003e 0016 003e 0016 003e 0016 003e 0016 0016 0016 0016 0016 0016 0016 0016 0016 0016 0016 0016 0016 0016 0016 0016 0016 003e 0016 003e 0016 003e 0016 003e 0016 0016
In6	0000 0070 0000 0022 0147 00a5 0016 003e 0016 003e 0016 0016 0016 003e 0016 0016 0016 0016 0016 0016 0016 003e 0016 003e 0016 003e 0016 003e 0016 0016 0016 0016 0016 0016 0016 003e 0016 0016 0016 0016 0016 003e 0016 0016 0016 003e 0016 0016 0016 0016 0016 003e 0016 0016 0016 003e 0016 0016 0016 003e 0016 0016 0016 003e 0016 003e 0016 0016 0016 003e 0016 0016
In7	0000 0070 0000 0022 0147 00a5 0016 003e 0016 003e 0016 0016 0016 003e 0016 0016 0016 0016 0016 0016 0016 003e 0016 003e 0016 003e 0016 003e 0016 0016 0016 0016 0016 0016 0016 003e 0016 0016 0016 003e 0016 003e 0016 0016 0016 003e 0016 0016 0016 0016 0016 0016 0016 0016 0016 0016 0016 0016 0016 003e 0016 0016 0016 003e 0016 003e 0016 003e 0016 003e 0016 0016
Power	0000 0070 0000 0022 0147 00a5 0016 003e 0016 003e 0016 0016 0016 003e 0016 0016 0016 0016 0016 0016 0016 003e 0016 003e 0016 003e 0016 003e 0016 0016 0016 0016 0016 0016 0016 003e 0016 0016 0016 0016 0016 003e 0016 0016 0016 0016 0016 0016 0016 003e 0016 0016 0016 003e 0016 003e 0016 0016 0016 003e 0016 003e 0016 003e 0016 0016 0016 003e 0016 0016 0016 0016
Mute	0000 0070 001b 0001 0147 00a5 0016 003e 0016 003e 0016 0016 0016 003e 0016 0016 0016 0016 0016 0016 0016 003e 0016 003e 0016 003e 0016 003e 0016 0016 0016 0016 0016 0016 0016 003e 0016 0016 0016 003e 0016 003e 0016 0016 0016 0016 0016 0016 0016 0016 0016 0016 0016 0016 0016 0016 0016 0016 0016 003e
Off	0000 0070 001a 0001 0147 00a5 0016 003e 0016 003e 0016 0016 0016 003e 0016 0016 0016 0016 0016 0016 0016 003e 0016 003e 0016 003e 0016 003e 0016 0016 0016 0016 0016 0016 0016 003e 0016 0016 0016 003e 0016 0016 0016 0016 0016 0016 0016 0016 0016 0016 0016 0016 0016 0016 0016 0016 0016 003e
Vol+	0000 0070 0018 0003 0147 00a5 0016 003e 0016 003e 0016 0016 0016 003e 0016 0016 0016 0016 0016 0016 0016 003e 0016 003e 0016 003e 0016 003e 0016 0016 0016 0016 0016 0016 0016 003e 0016 0016 0016 0016 0016 0016 0016 003e 0016 0016 0016 0016 0016 003e 0016 0016 0016 0016 0016 003e 0016 003e
Vol-	0000 0070 0000 0022 0147 00a5 0016 003e 0016 003e 0016 0016 0016 003e 0016 0016 0016 0016 0016 0016 0016 003e 0016 003e 0016 003e 0016 003e 0016 0016 0016 0016 0016 0016 0016 003e 0016 0016 0016 003e 0016 003e 0016 0016 0016 0016 0016 0016 0016 003e 0016 0016 0016 0016 0016 0016 0016 0016 0016 003e 0016 003e 0016 003e 0016 0016 0016 003e 0016 003e 0016 0016
Preset+	0000 0070 0000 0022 0147 00a5 0016 003e 0016 003e 0016 0016 0016 003e 0016 0016 0016 0016 0016 0016 0016 003e 0016 003e 0016 003e 0016 003e 0016 0016 0016 0016 0016 0016 0016 003e 0016 0016 0016 003e 0016 003e 0016 0016 0016 003e 0016 0016 0016 0016 0016 003e 0016 0016 0016 0016 0016 0016 0016 003e 0016 0016 0016 003e 0016 003e 0016 0016 0016 003e 0016 0016
Preset-	0000 0070 0015 0005 0147 00a5 0016 003e 0016 003e 0016 0016 0016 003e 0016 0016 0016 0016 0016 0016 0016 003e 0016 003e 0016 003e 0016 003e 0016 0016 0016 0016 0016 0016 0016 003e 0016 0016 0016 0016 0016 003e 0016 003e 0016 0016 0016 0016 0016 0016 0016 003e 0016 003e 0016 003e
Save	0000 0070 0000 0022 0147 00a5 0016 003e 0016 003e 0016 0016 0016 003e 0016 0016 0016 0016 0016 0016 0016 003e 0016 003e 0016 003e 0016 003e 0016 0016 0016 0016 0016 0016 0016 003e 0016 0016 0016 0016 0016 0016 0016 0016 0016 0016 0016 0016 0016 0016 0016 003e 0016 0016 0016 003e 0016 003e 0016 003e 0016 003e 0016 003e 0016 003e 0016 0016 0016 003e 0016 0016
Menu	0000 0070 0000 0022 0147 00a5 0016 003e 0016 003e 0016 0016 0016 003e 0016 0016 0016 0016 0016 0016 0016 003e 0016 003e 0016 003e 0016 003e 0016 0016 0016 0016 0016 0016 0016 003e 0016 0016 0016 003e 0016 003e 0016 003e 0016 003e 0016 0016 0016 003e 0016 0016 0016 0016 0016 0016 0016 0016 0016 0016 0016 0016 0016 003e 0016 0016 0016 003e 0016 003e 0016 0016
Up	0000 0070 0000 0022 0147 00a5 0016 003e 0016 003e 0016 0016 0016 003e 0016 0016 0016 0016 0016 0016 0016 003e 0016 003e 0016 003e 0016 003e 0016 0016 0016 0016 0016 0016 0016 003e 0016 0016 0016 0016 0016 003e 0016 003e 0016 003e 0016 0016 0016 003e 0016 0016 0016 0016 0016 003e 0016 0016 0016 0016 0016 0016 0016 003e 0016 0016 0016 003e 0016 003e 0016 0016
Left	0000 0070 0000 0022 0147 00a5 0016 003e 0016 003e 0016 0016 0016 003e 0016 0016 0016 0016 0016 0016 0016 003e 0016 003e 0016 003e 0016 003e 0016 0016 0016 0016 0016 0016 0016 003e 0016 0016 0016 003e 0016 003e 0016 003e 0016 003e 0016 003e 0016 0016 0016 0016 0016 0016 0016 0016 0016 0016 0016 0016 0016 0016 0016 0016 0016 003e 0016 003e 0016 003e 0016 0016
Menu Enter	0000 0070 0000 0022 0147 00a5 0016 003e 0016 003e 0016 0016 0016 003e 0016 0016 0016 0016 0016 0016 0016 003e 0016 003e 0016 003e 0016 003e 0016 0016 0016 0016 0016 0016 0016 003e 0016 0016 0016 0016 0016 0016 0016 0016 0016 0016 0016 003e 0016 003e 0016 0016 0016 0016 0016 003e 0016 003e 0016 003e 0016 003e 0016 0016 0016 0016 0016 003e 0016 003e 0016 0016
Right	0000 0070 0000 0022 0147 00a5 0016 003e 0016 003e 0016 0016 0016 003e 0016 0016 0016 0016 0016 0016 0016 003e 0016 003e 0016 003e 0016 003e 0016 0016 0016 0016 0016 0016 0016 003e 0016 0016 0016 0016 0016 0016 0016 0016 0016 0016 0016 0016 0016 003e 0016 0016 0016 0016 0016 003e 0016 003e 0016 003e 0016 003e 0016 003e 0016 0016 0016 003e 0016 003e 0016 0016
Down	0000 0070 0000 0022 0147 00a5 0016 003e 0016 003e 0016 0016 0016 003e 0016 0016 0016 0016 0016 0016 0016 003e 0016 003e 0016 003e 0016 003e 0016 0016 0016 0016 0016 0016 0016 003e 0016 0016 0016 003e 0016 0016 0016 003e 0016 003e 0016 0016 0016 003e 0016 0016 0016 0016 0016 0016 0016 003e 0016 0016 0016 0016 0016 003e 0016 0016 0016 003e 0016 003e 0016 0016
Exit	0000 0070 0000 0022 0147 00a5 0016 003e 0016 003e 0016 0016 0016 003e 0016 0016 0016 0016 0016 0016 0016 003e 0016 003e 0016 003e 0016 003e 0016 0016 0016 0016 0016 0016 0016 003e 0016 0016 0016 003e 0016 0016 0016 003e 0016 003e 0016 003e 0016 003e 0016 003e 0016 0016 0016 0016 0016 003e 0016 0016 0016 0016 0016 0016 0016 0016 0016 0016 0016 003e 0016 0016
Zone	0000 0070 0000 0022 0147 00a5 0016 003e 0016 003e 0016 0016 0016 003e 0016 0016 0016 0016 0016 0016 0016 003e 0016 003e 0016 003e 0016 003e 0016 0016 0016 0016 0016 0016 0016 003e 0016 0016 0016 003e 0016 003e 0016 003e 0016 003e 0016 003e 0016 003e 0016 0016 0016 0016 0016 0016 0016 0016 0016 0016 0016 0016 0016 0016 0016 0016 0016 003e 0016 003e 0016 0016
1	0000 0070 0000 0022 0147 00a5 0016 003e 0016 003e 0016 0016 0016 003e 0016 0016 0016 0016 0016 0016 0016 003e 0016 003e 0016 003e 0016 003e 0016 0016 0016 0016 0016 0016 0016 003e 0016 0016 0016 003e 0016 0016 0016 0016 0016 0016 0016 003e 0016 003e 0016 0016 0016 0016 0016 0016 0016 003e 0016 003e 0016 003e 0016 0016 0016 0016 0016 003e 0016 003e 0016 0016
2	0000 0070 0000 0022 0147 00a5 0016 003e 0016 003e 0016 0016 0016 003e 0016 0016 0016 0016 0016 0016 0016 003e 0016 003e 0016 003e 0016 003e 0016 0016 0016 0016 0016 0016 0016 003e 0016 0016 0016 0016 0016 003e 0016 0016 0016 0016 0016 003e 0016 003e 0016 0016 0016 0016 0016 003e 0016 0016 0016 003e 0016 003e 0016 0016 0016 0016 0016 003e 0016 003e 0016 0016
3	0000 0070 0000 0022 0147 00a5 0016 003e 0016 003e 0016 0016 0016 003e 0016 0016 0016 0016 0016 0016 0016 003e 0016 003e 0016 003e 0016 003e 0016 0016 0016 0016 0016 0016 0016 003e 0016 0016 0016 003e 0016 003e 0016 0016 0016 0016 0016 003e 0016 003e 0016 0016 0016 0016 0016 0016 0016 0016 0016 003e 0016 003e 0016 0016 0016 0016 0016 003e 0016 003e 0016 0016
4	0000 0070 0000 0022 0147 00a5 0016 003e 0016 003e 0016 0016 0016 003e 0016 0016 0016 0016 0016 0016 0016 003e 0016 003e 0016 003e 0016 003e 0016 0016 0016 0016 0016 0016 0016 003e 0016 0016 0016 003e 0016 0016 0016 003e 0016 0016 0016 003e 0016 003e 0016 0016 0016 0016 0016 0016 0016 003e 0016 0016 0016 003e 0016 0016 0016 0016 0016 003e 0016 003e 0016 0016
5	0000 0070 0000 0022 0147 00a5 0016 003e 0016 003e 0016 0016 0016 003e 0016 0016 0016 0016 0016 0016 0016 003e 0016 003e 0016 003e 0016 003e 0016 0016 0016 0016 0016 0016 0016 003e 0016 0016 0016 0016 0016 003e 0016 003e 0016 0016 0016 003e 0016 003e 0016 0016 0016 0016 0016 003e 0016 0016 0016 0016 0016 003e 0016 0016 0016 0016 0016 003e 0016 003e 0016 0016
6	0000 0070 0000 0022 0147 00a5 0016 003e 0016 003e 0016 0016 0016 003e 0016 0016 0016 0016 0016 0016 0016 003e 0016 003e 0016 003e 0016 003e 0016 0016 0016 0016 0016 0016 0016 003e 0016 0016 0016 003e 0016 003e 0016 003e 0016 0016 0016 003e 0016 003e 0016 0016 0016 0016 0016 0016 0016 0016 0016 0016 0016 003e 0016 0016 0016 0016 0016 003e 0016 003e 0016 0016
7	0000 0070 0015 0005 0147 00a5 0016 003e 0016 003e 0016 0016 0016 003e 0016 0016 0016 0016 0016 0016 0016 003e 0016 003e 0016 003e 0016 003e 0016 0016 0016 0016 0016 0016 0016 003e 0016 0016 0016 003e 0016 0016 0016 0016 0016 003e 0016 003e 0016 003e 0016 0016 0016 0016 0016 0016
8	0000 0070 0000 0022 0147 00a5 0016 003e 0016 003e 0016 0016 0016 003e 0016 0016 0016 0016 0016 0016 0016 003e 0016 003e 0016 003e 0016 003e 0016 0016 0016 0016 0016 0016 0016 003e 0016 0016 0016 0016 0016 003e 0016 0016 0016 003e 0016 003e 0016 003e 0016 0016 0016 0016 0016 003e 0016 0016 0016 003e 0016 0016 0016 0016 0016 0016 0016 003e 0016 003e 0016 0016
9	0000 0070 0000 0022 0147 00a5 0016 003e 0016 003e 0016 0016 0016 003e 0016 0016 0016 0016 0016 0016 0016 003e 0016 003e 0016 003e 0016 003e 0016 0016 0016 0016 0016 0016 0016 003e 0016 0016 0016 003e 0016 003e 0016 0016 0016 003e 0016 003e 0016 003e 0016 0016 0016 0016 0016 0016 0016 0016 0016 003e 0016 0016 0016 0016 0016 0016 0016 003e 0016 003e 0016 0016
0	0000 0070 0000 0022 0147 00a5 0016 003e 0016 003e 0016 0016 0016 003e 0016 0016 0016 0016 0016 0016 0016 003e 0016 003e 0016 003e 0016 003e 0016 0016 0016 0016 0016 0016 0016 003e 0016 0016 0016 0016 0016 003e 0016 003e 0016 003e 0016 003e 0016 003e 0016 0016 0016 0016 0016 003e 0016 0016 0016 0016 0016 0016 0016 0016 0016 0016 0016 003e 0016 003e 0016 0016
+10	0000 0070 0000 0022 0147 00a5 0016 003e 0016 003e 0016 0016 0016 003e 0016 0016 0016 0016 0016 0016 0016 003e 0016 003e 0016 003e 0016 003e 0016 0016 0016 0016 0016 0016 0016 003e 0016 0016 0016 003e 0016 0016 0016 0016 0016 003e 0016 0016 0016 003e 0016 0016 0016 0016 0016 0016 0016 003e 0016 003e 0016 0016 0016 003e 0016 0016 0016 003e 0016 003e 0016 0016
Enter	0000 0070 0000 0022 0147 00a5 0016 003e 0016 003e 0016 0016 0016 003e 0016 0016 0016 0016 0016 0016 0016 003e 0016 003e 0016 003e 0016 003e 0016 0016 0016 0016 0016 0016 0016 003e 0016 0016 0016 0016 0016 0016 0016 0016 0016 0016 0016 003e 0016 003e 0016 0016 0016 0016 0016 003e 0016 003e 0016 003e 0016 003e 0016 0016 0016 0016 0016 003e 0016 003e 0016 0016
In8	0000 0070 001c 0001 0147 00a5 0016 003e 0016 003e 0016 0016 0016 003e 0016 0016 0016 0016 0016 0016 0016 003e 0016 003e 0016 003e 0016 003e 0016 0016 0016 0016 0016 0016 0016 003e 0016 0016 0016 003e 0016 003e 0016 003e 0016 0016 0016 0016 0016 0016 0016 0016 0016 0016 0016 0016 0016 0016 0016 0016 0016 003e
In9	0000 0070 0000 0022 0147 00a5 0016 003e 0016 003e 0016 0016 0016 003e 0016 0016 0016 0016 0016 0016 0016 003e 0016 003e 0016 003e 0016 003e 0016 0016 0016 0016 0016 0016 0016 003e 0016 0016 0016 0016 0016 003e 0016 003e 0016 003e 0016 0016 0016 003e 0016 003e 0016 0016 0016 003e 0016 0016 0016 0016 0016 0016 0016 003e 0016 0016 0016 0016 0016 003e 0016 0016
D In	0000 0070 0000 0022 0147 00a5 0016 003e 0016 003e 0016 0016 0016 003e 0016 0016 0016 0016 0016 0016 0016 003e 0016 003e 0016 003e 0016 003e 0016 0016 0016 0016 0016 0016 0016 003e 0016 0016 0016 0016 0016 003e 0016 0016 0016 003e 0016 003e 0016 0016 0016 003e 0016 0016 0016 003e 0016 0016 0016 003e 0016 0016 0016 0016 0016 003e 0016 0016 0016 003e 0016 0016
Loud	0000 0070 0000 0022 0147 00a5 0016 003e 0016 003e 0016 0016 0016 003e 0016 0016 0016 0016 0016 0016 0016 003e 0016 003e 0016 003e 0016 003e 0016 0016 0016 0016 0016 0016 0016 003e 0016 0016 0016 003e 0016 003e 0016 003e 0016 003e 0016 0016 0016 0016 0016 003e 0016 003e 0016 0016 0016 0016 0016 0016 0016 0016 0016 003e 0016 003e 0016 0016 0016 0016 0016 0016
AM	0000 0070 0000 0022 0147 00a5 0016 003e 0016 003e 0016 0016 0016 003e 0016 0016 0016 0016 0016 0016 0016 003e 0016 003e 0016 003e 0016 003e 0016 0016 0016 0016 0016 0016 0016 003e 0016 0016 0016 0016 0016 003e 0016 003e 0016 0016 0016 003e 0016 003e 0016 003e 0016 0016 0016 003e 0016 0016 0016 0016 0016 003e 0016 0016 0016 0016 0016 0016 0016 003e 0016 0016
ST/M+	0000 0070 0000 0022 0147 00a5 0016 003e 0016 003e 0016 0016 0016 003e 0016 0016 0016 0016 0016 0016 0016 003e 0016 003e 0016 003e 0016 003e 0016 0016 0016 0016 0016 0016 0016 003e 0016 0016 0016 003e 0016 003e 0016 0016 0016 003e 0016 0016 0016 003e 0016 003e 0016 003e 0016 0016 0016 0016 0016 003e 0016 0016 0016 003e 0016 0016 0016 0016 0016 0016 0016 0016
Treble+	0000 0070 001c 0001 0147 00a5 0016 003e 0016 003e 0016 0016 0016 003e 0016 0016 0016 0016 0016 0016 0016 003e 0016 003e 0016 003e 0016 003e 0016 0016 0016 0016 0016 0016 0016 003e 0016 0016 0016 003e 0016 0016 0016 0016 0016 003e 0016 003e 0016 003e 0016 003e 0016 003e 0016 0016 0016 003e 0016 003e 0016 0016
Bass+	0000 0070 0000 0022 0147 00a5 0016 003e 0016 003e 0016 0016 0016 003e 0016 0016 0016 0016 0016 0016 0016 003e 0016 003e 0016 003e 0016 003e 0016 0016 0016 0016 0016 0016 0016 003e 0016 0016 0016 003e 0016 0016 0016 003e 0016 0016 0016 0016 0016 003e 0016 003e 0016 003e 0016 0016 0016 003e 0016 0016 0016 003e 0016 003e 0016 0016 0016 0016 0016 0016 0016 0016
Source+	0000 0070 0000 0022 0147 00a5 0016 003e 0016 003e 0016 0016 0016 003e 0016 0016 0016 0016 0016 0016 0016 003e 0016 003e 0016 003e 0016 003e 0016 0016 0016 0016 0016 0016 0016 003e 0016 0016 0016 0016 0016 003e 0016 003e 0016 0016 0016 0016 0016 003e 0016 003e 0016 0016 0016 003e 0016 0016 0016 0016 0016 003e 0016 003e 0016 0016 0016 0016 0016 003e 0016 0016
FM	0000 0070 0000 0022 0147 00a5 0016 003e 0016 003e 0016 0016 0016 003e 0016 0016 0016 0016 0016 0016 0016 003e 0016 003e 0016 003e 0016 003e 0016 0016 0016 0016 0016 0016 0016 003e 0016 0016 0016 0016 0016 003e 0016 003e 0016 003e 0016 0016 0016 0016 0016 0016 0016 003e 0016 003e 0016 0016 0016 0016 0016 0016 0016 003e 0016 003e 0016 003e 0016 0016 0016 0016
Video+	0000 0070 001c 0001 0147 00a5 0016 003e 0016 003e 0016 0016 0016 003e 0016 0016 0016 0016 0016 0016 0016 003e 0016 003e 0016 003e 0016 003e 0016 0016 0016 0016 0016 0016 0016 003e 0016 0016 0016 0016 0016 003e 0016 0016 0016 003e 0016 003e 0016 003e 0016 003e 0016 003e 0016 003e 0016 0016 0016 003e 0016 0016
Treble-	0000 0070 0000 0022 0147 00a5 0016 003e 0016 003e 0016 0016 0016 003e 0016 0016 0016 0016 0016 0016 0016 003e 0016 003e 0016 003e 0016 003e 0016 0016 0016 0016 0016 0016 0016 003e 0016 0016 0016 003e 0016 0016 0016 0016 0016 003e 0016 003e 0016 003e 0016 003e 0016 0016 0016 0016 0016 003e 0016 003e 0016 0016 0016 0016 0016 0016 0016 0016 0016 003e 0016 0016
Bass-	0000 0070 0000 0022 0147 00a5 0016 003e 0016 003e 0016 0016 0016 003e 0016 0016 0016 0016 0016 0016 0016 003e 0016 003e 0016 003e 0016 003e 0016 0016 0016 0016 0016 0016 0016 003e 0016 0016 0016 003e 0016 0016 0016 003e 0016 0016 0016 0016 0016 003e 0016 003e 0016 0016 0016 0016 0016 003e 0016 0016 0016 003e 0016 003e 0016 0016 0016 0016 0016 003e 0016 0016
Source-	0000 0070 0000 0022 0147 00a5 0016 003e 0016 003e 0016 0016 0016 003e 0016 0016 0016 0016 0016 0016 0016 003e 0016 003e 0016 003e 0016 003e 0016 0016 0016 0016 0016 0016 0016 003e 0016 0016 0016 0016 0016 003e 0016 003e 0016 0016 0016 0016 0016 003e 0016 0016 0016 003e 0016 003e 0016 0016 0016 0016 0016 003e 0016 003e 0016 0016 0016 003e 0016 0016 0016 0016
Tune-	0000 0070 0000 0022 0147 00a5 0016 003e 0016 003e 0016 0016 0016 003e 0016 0016 0016 0016 0016 0016 0016 003e 0016 003e 0016 003e 0016 003e 0016 0016 0016 0016 0016 0016 0016 003e 0016 0016 0016 003e 0016 003e 0016 0016 0016 003e 0016 003e 0016 0016 0016 0016 0016 0016 0016 0016 0016 0016 0016 003e 0016 0016 0016 0016 0016 003e 0016 003e 0016 003e 0016 0016
Tune+	0000 0070 0000 0022 0147 00a5 0016 003e 0016 003e 0016 0016 0016 003e 0016 0016 0016 0016 0016 0016 0016 003e 0016 003e 0016 003e 0016 003e 0016 0016 0016 0016 0016 0016 0016 003e 0016 0016 0016 0016 0016 0016 0016 003e 0016 003e 0016 003e 0016 0016 0016 0016 0016 0016 0016 003e 0016 003e 0016 0016 0016 0016 0016 0016 0016 003e 0016 003e 0016 003e 0016 0016
Sta-	0000 0070 0000 0022 0147 00a5 0016 003e 0016 003e 0016 0016 0016 003e 0016 0016 0016 0016 0016 0016 0016 003e 0016 003e 0016 003e 0016 003e 0016 0016 0016 0016 0016 0016 0016 003e 0016 0016 0016 003e 0016 003e 0016 003e 0016 0016 0016 003e 0016 0016 0016 0016 0016 0016 0016 0016 0016 0016 0016 0016 0016 003e 0016 0016 0016 003e 0016 003e 0016 003e 0016 0016
Sta+	0000 0070 0000 0022 0147 00a5 0016 003e 0016 003e 0016 0016 0016 003e 0016 0016 0016 0016 0016 0016 0016 003e 0016 003e 0016 003e 0016 003e 0016 0016 0016 0016 0016 0016 0016 003e 0016 0016 0016 0016 0016 0016 0016 0016 0016 003e 0016 003e 0016 0016 0016 0016 0016 0016 0016 003e 0016 003e 0016 003e 0016 0016 0016 0016 0016 003e 0016 003e 0016 003e 0016 0016
