CA Hangup	0000 006b 0000 0012 0062 0062 0016 0022 0016 0022 0022 002e 0022 002e 0016 0022 0022 002e 0016 0022 0022 002e 0016 0022 0016 0022 0016 0022 0016 0022 0022 002e 0022 002e 0016 0022 0016 0022 0016 0904
Auto	0000 006b 0000 0012 0062 0062 0016 0021 0016 0021 0021 002e 0021 002e 0016 0021 0021 002e 0016 0021 0021 002e 0016 0021 0021 002e 0021 002e 0016 0021 0016 0021 0021 002e 0016 0021 0021 002e 0016 0904
Near	0000 006b 0000 0012 0062 0062 0016 0021 0016 0021 0021 002e 0021 002e 0016 0021 0021 002e 0016 0021 0021 002e 0016 0021 0016 0021 0021 002e 0021 002e 0021 002e 0021 002e 0016 0021 0016 0021 0016 0904
Far	0000 006b 0000 0012 0062 0062 0016 0022 0016 0022 0022 002e 0022 002e 0016 0022 0022 002e 0016 0022 0022 002e 0016 0022 0022 002e 0016 0022 0016 0022 0016 0022 0022 002e 0016 0022 0016 0022 0016 0904
Slides	0000 006b 0000 0012 0062 0062 0016 0022 0016 0022 0022 002e 0022 002e 0016 0022 0022 002e 0016 0022 0022 002e 0016 0022 0022 002e 0016 0022 0016 0022 0022 002e 0016 0022 0016 0022 0016 0022 0016 0904
Up	0000 006b 0000 0012 0063 0063 0016 0022 0016 0022 0022 002e 0022 002e 0016 0022 0022 002e 0016 0022 0022 002e 0016 0022 0016 0022 0016 0022 0022 002e 0016 0022 0022 002e 0016 0022 0016 0022 0016 0904
Down	0000 006b 0000 0012 0062 0062 0016 0022 0016 0022 0022 002e 0022 002e 0016 0022 0022 002e 0016 0022 0022 002e 0016 0022 0016 0022 0016 0022 0022 002e 0022 002e 0016 0022 0016 0022 0016 0022 0016 0904
Left	0000 006b 0000 0012 0062 0062 0016 0022 0016 0022 0022 002e 0022 002e 0016 0022 0022 002e 0016 0022 0022 002e 0016 0022 0016 0022 0022 002e 0016 0022 0016 0022 0022 002e 0016 0022 0016 0022 0016 0904
Right	0000 006b 0000 0012 0062 0062 0016 0022 0016 0022 0022 002e 0022 002e 0016 0022 0022 002e 0016 0022 0022 002e 0016 0022 0016 0022 0022 002e 0016 0022 0022 002e 0016 0022 0016 0022 0016 0022 0016 0904
Select	0000 006b 0000 0012 0062 0062 0016 0021 0016 0021 0021 002e 0021 002e 0016 0021 0021 002e 0016 0021 0021 002e 0016 0021 0016 0021 0016 0021 0021 002e 0021 002e 0021 002e 0016 0021 0021 002e 0016 0904
Zoom+	0000 006b 0000 0012 0062 0062 0016 0021 0016 0021 0021 002e 0021 002e 0016 0021 0021 002e 0016 0021 0021 002e 0016 0021 0016 0021 0021 002e 0021 002e 0016 0021 0021 002e 0016 0021 0021 002e 0016 0904
Zoom-	0000 006b 0000 0012 0062 0062 0016 0021 0016 0021 0021 002e 0021 002e 0016 0021 0021 002e 0016 0021 0021 002e 0016 0021 0016 0021 0021 002e 0021 002e 0021 002e 0016 0021 0016 0021 0021 002e 0016 0904
Snapshot	0000 006b 0000 0012 0062 0062 0016 0021 0016 0021 0021 002e 0021 002e 0016 0021 0021 002e 0016 0021 0021 002e 0016 0021 0021 002e 0016 0021 0021 002e 0016 0021 0021 002e 0016 0021 0021 002e 0016 0904
Volume+	0000 006b 0000 0012 0062 0062 0016 0021 0016 0021 0021 002e 0021 002e 0016 0021 0021 002e 0016 0021 0021 002e 0021 002e 0021 002e 0021 002e 0016 0021 0021 002e 0021 002e 0016 0021 0021 002e 0016 0904
Volume-	0000 006b 0000 0012 0063 0063 0016 0021 0016 0021 0021 002e 0021 002e 0016 0021 0021 002e 0016 0021 0021 002e 0021 002e 0021 002e 0021 002e 0021 002e 0016 0021 0016 0021 0016 0021 0016 0021 0016 0904
Mute	0000 006b 0000 0012 0062 0062 0016 0021 0016 0021 0021 002e 0021 002e 0016 0021 0021 002e 0016 0021 0021 002e 0021 002e 0021 002e 0021 002e 0016 0021 0021 002e 0016 0021 0016 0021 0016 0021 0016 0904
1	0000 006b 0000 0012 0062 0062 0016 0021 0016 0021 0021 002e 0021 002e 0016 0021 0021 002e 0016 0021 0021 002e 0021 002e 0021 002e 0016 0021 0016 0021 0016 0021 0021 002e 0016 0021 0021 002e 0016 0904
2	0000 006b 0000 0012 0062 0062 0016 0021 0016 0021 0021 002e 0021 002e 0016 0021 0021 002e 0016 0021 0021 002e 0021 002e 0021 002e 0016 0021 0016 0021 0021 002e 0016 0021 0016 0021 0021 002e 0016 0904
3	0000 006b 0000 0012 0062 0062 0016 0021 0016 0021 0021 002e 0021 002e 0016 0021 0021 002e 0016 0021 0021 002e 0021 002e 0021 002e 0016 0021 0016 0021 0021 002e 0021 002e 0016 0021 0016 0021 0016 0904
4	0000 006b 0000 0012 0063 0063 0016 0021 0016 0021 0021 002e 0021 002e 0016 0021 0021 002e 0016 0021 0021 002e 0021 002e 0021 002e 0016 0021 0021 002e 0016 0021 0016 0021 0016 0021 0021 002e 0016 0904
5	0000 006b 0000 0012 0062 0062 0016 0021 0016 0021 0021 002e 0021 002e 0016 0021 0021 002e 0016 0021 0021 002e 0021 002e 0021 002e 0016 0021 0021 002e 0016 0021 0021 002e 0016 0021 0016 0021 0016 0904
6	0000 006b 0000 0012 0063 0063 0016 0021 0016 0021 0021 002e 0021 002e 0016 0021 0021 002e 0016 0021 0021 002e 0021 002e 0021 002e 0016 0021 0021 002e 0021 002e 0016 0021 0016 0021 0016 0021 0016 0904
7	0000 006b 0000 0012 0062 0062 0016 0021 0016 0021 0021 002e 0021 002e 0016 0021 0021 002e 0016 0021 0021 002e 0021 002e 0021 002e 0016 0021 0021 002e 0021 002e 0021 002e 0016 0021 0021 002e 0016 0904
8	0000 006b 0000 0012 0062 0062 0016 0021 0016 0021 0021 002e 0021 002e 0016 0021 0021 002e 0016 0021 0021 002e 0021 002e 0021 002e 0021 002e 0016 0021 0016 0021 0016 0021 0016 0021 0021 002e 0016 0904
9	0000 006b 0000 0012 0063 0063 0016 0021 0016 0021 0021 002e 0021 002e 0016 0021 0021 002e 0016 0021 0021 002e 0021 002e 0021 002e 0021 002e 0016 0021 0016 0021 0021 002e 0016 0021 0016 0021 0016 0904
0	0000 006b 0000 0012 0062 0062 0016 0022 0016 0022 0022 002e 0022 002e 0016 0022 0022 002e 0016 0022 0022 002e 0022 002e 0022 002e 0016 0022 0016 0022 0016 0022 0016 0022 0016 0022 0016 0022 0016 0904
*	0000 006b 0000 0012 0062 0062 0016 0021 0016 0021 0021 002e 0021 002e 0016 0021 0021 002e 0016 0021 0021 002e 0016 0021 0016 0021 0021 002e 0016 0021 0021 002e 0021 002e 0016 0021 0021 002e 0016 0904
#	0000 006b 0000 0012 0063 0063 0016 0022 0016 0022 0022 002e 0022 002e 0016 0022 0022 002e 0016 0022 0022 002e 0016 0022 0016 0022 0022 002e 0022 002e 0016 0022 0016 0022 0016 0022 0016 0022 0016 0904
Menu	0000 006b 0000 0012 0062 0062 0016 0021 0016 0021 0021 002e 0021 002e 0016 0021 0021 002e 0016 0021 0021 002e 0016 0021 0021 002e 0016 0021 0016 0021 0021 002e 0021 002e 0016 0021 0021 002e 0016 0904
Info	0000 006b 0000 0012 0063 0063 0016 0022 0016 0022 0022 002e 0022 002e 0016 0022 0022 002e 0016 0022 0022 002e 0016 0022 0022 002e 0016 0022 0022 002e 0016 0022 0016 0022 0016 0022 0016 0022 0016 0904
PI Up	0000 006b 0000 0012 0062 0062 0016 0021 0016 0021 0021 002e 0021 002e 0016 0021 0021 002e 0016 0021 0021 002e 0016 0021 0021 002e 0016 0021 0021 002e 0021 002e 0016 0021 0016 0021 0021 002e 0016 0904
P Down	0000 006b 0000 0012 0062 0062 0016 0022 0016 0022 0022 002e 0022 002e 0016 0022 0022 002e 0016 0022 0022 002e 0016 0022 0022 002e 0022 002e 0016 0022 0016 0022 0016 0022 0016 0022 0016 0022 0016 0904
