Call/Hangup	0000 006b 0000 0012 0063 0065 0016 0022 0016 0022 0021 002e 0021 002e 0016 0022 0021 002d 0016 0022 0021 002e 0016 0022 0016 0022 0016 0022 0016 0022 0021 002e 0021 002e 0016 0022 0016 0022 0016 0908
Auto	0000 006b 0000 0012 0063 0065 0016 0022 0016 0022 0021 002d 0021 002e 0016 0022 0021 002e 0016 0022 0021 002e 0016 0022 0021 002e 0021 002d 0016 0022 0016 0022 0021 002e 0016 0022 0021 002e 0016 0908
Near	0000 006b 0000 0012 0063 0065 0016 0022 0016 0022 0021 002e 0021 002d 0016 0022 0021 002e 0016 0022 0021 002e 0016 0022 0016 0022 0021 002e 0021 002e 0021 002d 0021 002e 0016 0022 0016 0022 0016 0908
Far	0000 006b 0000 0012 0063 0065 0016 0022 0016 0022 0021 002e 0021 002e 0016 0022 0021 002d 0016 0022 0021 002e 0016 0022 0021 002e 0016 0022 0016 0022 0016 0022 0021 002e 0016 0022 0016 0022 0016 0908
Slides	0000 006b 0000 0012 0063 0065 0016 0022 0016 0022 0021 002e 0021 002e 0016 0022 0021 002e 0016 0022 0021 002d 0016 0022 0021 002d 0016 0022 0016 0022 0021 002e 0016 0022 0016 0022 0016 0022 0016 0908
Up	0000 006b 0000 0012 0063 0065 0016 0022 0016 0022 0021 002d 0021 002e 0016 0022 0021 002e 0016 0022 0021 002e 0016 0022 0016 0022 0016 0022 0021 002e 0016 0022 0021 002d 0016 0022 0016 0022 0016 0908
Down	0000 006b 0000 0012 0063 0065 0016 0022 0016 0022 0021 002e 0021 002e 0016 0022 0021 002d 0016 0022 0021 002e 0016 0022 0016 0022 0016 0022 0021 002e 0021 002e 0016 0022 0016 0022 0016 0022 0016 0908
Left	0000 006b 0000 0012 0063 0065 0016 0022 0016 0022 0021 002e 0021 002d 0016 0022 0021 002e 0016 0022 0021 002e 0016 0022 0016 0022 0021 002e 0016 0022 0016 0022 0021 002e 0016 0022 0016 0022 0016 0908
Right	0000 006b 0000 0012 0063 0065 0016 0022 0016 0022 0021 002e 0021 002e 0016 0022 0021 002e 0016 0022 0021 002d 0016 0022 0016 0022 0021 002d 0016 0022 0021 002e 0016 0022 0016 0022 0016 0022 0016 0908
Select	0000 006b 0000 0012 0063 0065 0016 0022 0016 0022 0021 002e 0021 002e 0016 0022 0021 002d 0016 0022 0021 002e 0016 0022 0016 0022 0016 0022 0021 002e 0021 002e 0021 002e 0016 0022 0021 002d 0016 0908
ZM+	0000 006b 0000 0012 0063 0065 0016 0022 0016 0022 0021 002e 0021 002e 0016 0022 0021 002d 0016 0022 0021 002e 0016 0022 0016 0022 0021 002e 0021 002e 0016 0022 0021 002e 0016 0022 0021 002d 0016 0908
ZM-	0000 006b 0000 0012 0063 0065 0016 0022 0016 0022 0021 002e 0021 002e 0016 0022 0021 002e 0016 0022 0021 002d 0016 0022 0016 0022 0021 002d 0021 002e 0021 002e 0016 0022 0016 0022 0021 002e 0016 0908
Snapshot	0000 006b 0000 0012 0063 0065 0016 0022 0016 0022 0021 002d 0021 002e 0016 0022 0021 002e 0016 0022 0021 002e 0016 0022 0021 002e 0016 0022 0021 002d 0016 0022 0021 002e 0016 0022 0021 002e 0016 0908
Vol+	0000 006b 0000 0012 0063 0065 0016 0022 0016 0022 0021 002e 0021 002d 0016 0022 0021 002e 0016 0022 0021 002e 0021 002e 0021 002e 0021 002d 0016 0022 0021 002e 0021 002e 0016 0022 0021 002e 0016 0908
Vol-	0000 006b 0000 0012 0063 0065 0016 0022 0016 0022 0021 002e 0021 002d 0016 0022 0021 002e 0016 0022 0021 002e 0021 002e 0021 002e 0021 002d 0021 002e 0016 0022 0016 0022 0016 0022 0016 0022 0016 0908
Mute	0000 006b 0000 0012 0063 0065 0016 0022 0016 0022 0021 002e 0021 002d 0016 0022 0021 002e 0016 0022 0021 002e 0021 002e 0021 002e 0021 002d 0016 0022 0021 002e 0016 0022 0016 0022 0016 0022 0016 0908
1	0000 006b 0000 0012 0063 0065 0016 0022 0016 0022 0021 002d 0021 002e 0016 0022 0021 002e 0016 0022 0021 002e 0021 002e 0021 002d 0016 0022 0016 0022 0016 0022 0021 002e 0016 0022 0021 002e 0016 0908
2	0000 006b 0000 0012 0063 0065 0016 0022 0016 0022 0021 002e 0021 002e 0016 0022 0021 002d 0016 0022 0021 002e 0021 002e 0021 002e 0016 0022 0016 0022 0021 002e 0016 0022 0016 0022 0021 002d 0016 0908
3	0000 006b 0000 0012 0063 0065 0016 0022 0016 0022 0021 002e 0021 002e 0016 0022 0021 002e 0016 0022 0021 002d 0021 002d 0021 002e 0016 0022 0016 0022 0021 002e 0021 002e 0016 0022 0016 0022 0016 0908
4	0000 006b 0000 0012 0063 0065 0016 0022 0016 0022 0021 002e 0021 002d 0016 0022 0021 002e 0016 0022 0021 002e 0021 002e 0021 002e 0016 0022 0021 002d 0016 0022 0016 0022 0016 0022 0021 002e 0016 0908
5	0000 006b 0000 0012 0063 0065 0016 0022 0016 0022 0021 002e 0021 002e 0016 0022 0021 002e 0016 0022 0021 002d 0021 002d 0021 002e 0016 0022 0021 002e 0016 0022 0021 002e 0016 0022 0016 0022 0016 0908
6	0000 006b 0000 0012 0063 0065 0016 0022 0016 0022 0021 002e 0021 002d 0016 0022 0021 002e 0016 0022 0021 002e 0021 002e 0021 002e 0016 0022 0021 002d 0021 002e 0016 0022 0016 0022 0016 0022 0016 0908
7	0000 006b 0000 0012 0063 0065 0016 0022 0016 0022 0021 002e 0021 002e 0016 0022 0021 002e 0016 0022 0021 002d 0021 002d 0021 002e 0016 0022 0021 002e 0021 002e 0021 002d 0016 0022 0021 002e 0016 0908
8	0000 006b 0000 0012 0063 0065 0016 0022 0016 0022 0021 002e 0021 002d 0016 0022 0021 002e 0016 0022 0021 002e 0021 002e 0021 002e 0021 002d 0016 0022 0016 0022 0016 0022 0016 0022 0021 002e 0016 0908
9	0000 006b 0000 0012 0063 0065 0016 0022 0016 0022 0021 002d 0021 002e 0016 0022 0021 002e 0016 0022 0021 002e 0021 002e 0021 002d 0021 002e 0016 0022 0016 0022 0021 002e 0016 0022 0016 0022 0016 0908
0	0000 006b 0000 0012 0063 0065 0016 0022 0016 0022 0021 002e 0021 002d 0016 0022 0021 002e 0016 0022 0021 002e 0021 002e 0021 002e 0016 0022 0016 0022 0016 0022 0016 0022 0016 0022 0016 0022 0016 0908
*	0000 006b 0000 0012 0063 0065 0016 0022 0016 0022 0021 002e 0021 002e 0016 0022 0021 002d 0016 0022 0021 002e 0016 0022 0016 0022 0021 002e 0016 0022 0021 002e 0021 002e 0016 0022 0021 002d 0016 0908
#	0000 006b 0000 0012 0063 0065 0016 0022 0016 0022 0021 002e 0021 002e 0016 0022 0021 002d 0016 0022 0021 002e 0016 0022 0016 0022 0021 002e 0021 002e 0016 0022 0016 0022 0016 0022 0016 0022 0016 0908
Menu	0000 006b 0000 0012 0063 0065 0016 0022 0016 0022 0021 002e 0021 002e 0016 0022 0021 002d 0016 0022 0021 002e 0016 0022 0021 002e 0016 0022 0016 0022 0021 002e 0021 002e 0016 0022 0021 002d 0016 0908
Info	0000 006b 0000 0012 0063 0065 0016 0022 0016 0022 0021 002e 0021 002d 0016 0022 0021 002e 0016 0022 0021 002e 0016 0022 0021 002e 0016 0022 0021 002e 0016 0022 0016 0022 0016 0022 0016 0022 0016 0908
