Standby	0000 006e 0022 0002 013f 00a8 0014 0014 0014 0014 0014 0014 0014 0014 0014 0014 0014 0014 0014 0014 0014 0014 0014 0014 0014 003e 0014 003e 0014 003e 0014 003e 0014 003e 0014 003e 0014 003e 0014 003e 0014 0014 0014 003e 0014 003e 0014 003e 0014 0014 0014 003e 0014 0014 0014 0014 0014 003e 0014 0014 0014 0014 0014 0014 0014 003e 0014 0014 0014 003e 0014 063f 013f 003e 0014 0deb
Mute	0000 006e 0022 0002 013f 00a9 0014 0014 0014 0014 0014 0014 0014 0014 0014 0014 0014 0014 0014 0014 0014 0014 0014 0014 0014 003e 0014 003e 0014 003e 0014 003e 0014 003e 0014 003e 0014 003e 0014 003e 0014 0014 0014 0014 0014 003e 0014 0014 0014 0014 0014 003e 0014 0014 0014 0014 0014 003e 0014 003e 0014 0014 0014 003e 0014 003e 0014 0014 0014 003e 0014 063f 013f 003e 0014 0deb
1	0000 006e 0022 0002 013f 00a9 0014 0014 0014 0014 0014 0014 0014 0014 0014 0014 0014 0014 0014 0014 0014 0014 0014 0014 0014 003e 0014 003e 0014 003e 0014 003e 0014 003e 0014 003e 0014 003e 0014 0014 0014 0014 0014 0014 0014 0014 0014 0014 0014 0014 0014 003e 0014 0014 0014 003e 0014 003e 0014 003e 0014 003e 0014 003e 0014 003e 0014 0014 0014 003e 0014 063f 013f 003e 0014 0deb
2	0000 006e 0022 0002 013f 00a9 0014 0014 0014 0014 0014 0014 0014 0014 0014 0014 0014 0014 0014 0014 0014 0014 0014 0014 0014 003e 0014 003e 0014 003e 0014 003e 0014 003e 0014 003e 0014 003e 0014 0014 0014 0014 0014 003e 0014 0014 0014 0014 0014 0014 0014 003e 0014 0014 0014 003e 0014 003e 0014 0014 0014 003e 0014 003e 0014 003e 0014 0014 0014 003e 0014 063f 013f 003e 0014 0deb
3	0000 006e 0022 0002 013f 00a9 0014 0014 0014 0014 0014 0014 0014 0014 0014 0014 0014 0014 0014 0014 0014 0014 0014 0014 0014 003e 0014 003e 0014 003e 0014 003e 0014 003e 0014 003e 0014 003e 0014 0014 0014 0014 0014 0014 0014 0014 0014 003e 0014 0014 0014 003e 0014 0014 0014 003e 0014 003e 0014 003e 0014 003e 0014 0014 0014 003e 0014 0014 0014 003e 0014 063f 013f 003e 0014 0deb
4	0000 006e 0022 0002 013f 00a9 0014 0014 0014 0014 0014 0014 0014 0014 0014 0014 0014 0014 0014 0014 0014 0014 0014 0014 0014 003e 0014 003e 0014 003e 0014 003e 0014 003e 0014 003e 0014 003e 0014 0014 0014 0014 0014 0014 0014 003e 0014 0014 0014 0014 0014 003e 0014 0014 0014 003e 0014 003e 0014 003e 0014 0014 0014 003e 0014 003e 0014 0014 0014 003e 0014 063f 013f 003e 0014 0deb
5	0000 006e 0022 0002 013f 00a9 0014 0014 0014 0014 0014 0014 0014 0014 0014 0014 0014 0014 0014 0014 0014 0014 0014 0014 0014 003e 0014 003e 0014 003e 0014 003e 0014 003e 0014 003e 0014 003e 0014 0014 0014 0014 0014 003e 0014 003e 0014 0014 0014 0014 0014 003e 0014 0014 0014 003e 0014 003e 0014 0014 0014 0014 0014 003e 0014 003e 0014 0014 0014 003e 0014 063f 013f 003e 0014 0deb
6	0000 006e 0022 0002 013f 00a9 0014 0014 0014 0014 0014 0014 0014 0014 0014 0014 0014 0014 0014 0014 0014 0014 0014 0014 0014 003e 0014 003e 0014 003e 0014 003e 0014 003e 0014 003e 0014 003e 0014 0014 0014 0014 0014 003e 0014 0014 0014 003e 0014 0014 0014 003e 0014 0014 0014 003e 0014 003e 0014 0014 0014 003e 0014 0014 0014 003e 0014 0014 0014 003e 0014 063f 013f 003e 0014 0deb
7	0000 006e 0022 0002 013f 00a9 0014 0014 0014 0014 0014 0014 0014 0014 0014 0014 0014 0014 0014 0014 0014 0014 0014 0014 0014 003e 0014 003e 0014 003e 0014 003e 0014 003e 0014 003e 0014 003e 0014 003e 0014 003e 0014 0014 0014 0014 0014 0014 0014 0014 0014 0014 0014 0014 0014 0014 0014 0014 0014 003e 0014 003e 0014 003e 0014 003e 0014 003e 0014 003e 0014 063f 013f 003e 0014 0deb
8	0000 006e 0022 0002 013f 00a9 0014 0014 0014 0014 0014 0014 0014 0014 0014 0014 0014 0014 0014 0014 0014 0014 0014 0014 0014 003e 0014 003e 0014 003e 0014 003e 0014 003e 0014 003e 0014 003e 0014 003e 0014 003e 0014 003e 0014 0014 0014 0014 0014 0014 0014 0014 0014 0014 0014 0014 0014 0014 0014 0014 0014 003e 0014 003e 0014 003e 0014 003e 0014 003e 0014 063f 013f 003e 0014 0deb
9	0000 006e 0022 0002 013f 00a9 0014 0014 0014 0014 0014 0014 0014 0014 0014 0014 0014 0014 0014 0014 0014 0014 0014 0014 0014 003e 0014 003e 0014 003e 0014 003e 0014 003e 0014 003e 0014 003e 0014 003e 0014 003e 0014 0014 0014 0014 0014 003e 0014 0014 0014 0014 0014 0014 0014 0014 0014 0014 0014 003e 0014 003e 0014 0014 0014 003e 0014 003e 0014 003e 0014 063f 013f 003e 0014 0deb
0	0000 006e 0022 0002 013f 00a9 0014 0014 0014 0014 0014 0014 0014 0014 0014 0014 0014 0014 0014 0014 0014 0014 0014 0014 0014 003e 0014 003e 0014 003e 0014 003e 0014 003e 0014 003e 0014 003e 0014 003e 0014 003e 0014 003e 0014 003e 0014 0014 0014 0014 0014 0014 0014 0014 0014 0014 0014 0014 0014 0014 0014 0014 0014 003e 0014 003e 0014 003e 0014 003e 0014 063f 013f 003e 0014 0deb
Mem	0000 006e 0022 0002 013f 00a9 0014 0014 0014 0014 0014 0014 0014 0014 0014 0014 0014 0014 0014 0014 0014 0014 0014 0014 0014 003e 0014 003e 0014 003e 0014 003e 0014 003e 0014 003e 0014 003e 0014 0014 0014 003e 0014 003e 0014 0014 0014 003e 0014 0014 0014 0014 0014 0014 0014 003e 0014 0014 0014 0014 0014 003e 0014 0014 0014 003e 0014 003e 0014 003e 0014 063f 013f 003e 0014 0deb
Rpt	0000 006e 0022 0002 013f 00a9 0014 0014 0014 0014 0014 0014 0014 0014 0014 0014 0014 0014 0014 0014 0014 0014 0014 0014 0014 003e 0014 003e 0014 003e 0014 003e 0014 003e 0014 003e 0014 003e 0014 0014 0014 003e 0014 0014 0014 0014 0014 003e 0014 0014 0014 0014 0014 0014 0014 003e 0014 0014 0014 003e 0014 003e 0014 0014 0014 003e 0014 003e 0014 003e 0014 063f 013f 003e 0014 0deb
R A/B	0000 006e 0022 0002 013f 00a9 0014 0014 0014 0014 0014 0014 0014 0014 0014 0014 0014 0014 0014 0014 0014 0014 0014 0014 0014 003e 0014 003e 0014 003e 0014 003e 0014 003e 0014 003e 0014 003e 0014 0014 0014 003e 0014 003e 0014 003e 0014 003e 0014 0014 0014 0014 0014 0014 0014 003e 0014 0014 0014 0014 0014 0014 0014 0014 0014 003e 0014 003e 0014 003e 0014 063f 013f 003e 0014 0deb
Dim	0000 006e 0022 0002 013f 00a9 0014 0014 0014 0014 0014 0014 0014 0014 0014 0014 0014 0014 0014 0014 0014 0014 0014 0014 0014 003e 0014 003e 0014 003e 0014 003e 0014 003e 0014 003e 0014 003e 0014 003e 0014 0014 0014 0014 0014 003e 0014 003e 0014 0014 0014 003e 0014 0014 0014 0014 0014 003e 0014 003e 0014 0014 0014 0014 0014 003e 0014 0014 0014 003e 0014 063f 013f 003e 0014 0deb
+10	0000 006e 0022 0002 013f 00a9 0014 0014 0014 0014 0014 0014 0014 0014 0014 0014 0014 0014 0014 0014 0014 0014 0014 0014 0014 003e 0014 003e 0014 003e 0014 003e 0014 003e 0014 003e 0014 003e 0014 003e 0014 003e 0014 0014 0014 003e 0014 0014 0014 0014 0014 0014 0014 0014 0014 0014 0014 0014 0014 003e 0014 0014 0014 003e 0014 003e 0014 003e 0014 003e 0014 063f 013f 003e 0014 0deb
Ffwd/Ant	0000 006e 0022 0002 013f 00aa 0014 0014 0014 0014 0014 0014 0014 0014 0014 0014 0014 0014 0014 0014 0014 0014 0014 0014 0014 003e 0014 003e 0014 003e 0014 003e 0014 003e 0014 003e 0014 003e 0014 003e 0014 0014 0014 0014 0014 003e 0014 0014 0014 0014 0014 0014 0014 0014 0014 0014 0014 003e 0014 003e 0014 0014 0014 003e 0014 003e 0014 003e 0014 003e 0014 063f 013f 003e 0014 0deb
ST/Rec	0000 006e 0022 0002 013f 00a9 0014 0014 0014 0014 0014 0014 0014 0014 0014 0014 0014 0014 0014 0014 0014 0014 0014 0014 0014 003e 0014 003e 0014 003e 0014 003e 0014 003e 0014 003e 0014 003e 0014 0014 0014 003e 0014 0014 0014 003e 0014 003e 0014 0014 0014 0014 0014 0014 0014 003e 0014 0014 0014 003e 0014 0014 0014 0014 0014 003e 0014 003e 0014 003e 0014 063f 013f 003e 0014 0deb
Angle	0000 006e 0022 0002 013f 00a9 0014 0014 0014 0014 0014 0014 0014 0014 0014 0014 0014 0014 0014 0014 0014 0014 0014 0014 0014 003e 0014 003e 0014 003e 0014 003e 0014 003e 0014 003e 0014 003e 0014 003e 0014 003e 0014 0014 0014 003e 0014 003e 0014 0014 0014 0014 0014 0014 0014 0014 0014 0014 0014 003e 0014 0014 0014 0014 0014 003e 0014 003e 0014 003e 0014 063f 013f 003e 0014 0deb
Audio	0000 006e 0022 0002 013f 00a9 0014 0014 0014 0014 0014 0014 0014 0014 0014 0014 0014 0014 0014 0014 0014 0014 0014 0014 0014 003e 0014 003e 0014 003e 0014 003e 0014 003e 0014 003e 0014 003e 0014 0014 0014 0014 0014 003e 0014 003e 0014 003e 0014 0014 0014 003e 0014 0014 0014 003e 0014 003e 0014 0014 0014 0014 0014 0014 0014 003e 0014 0014 0014 003e 0014 063f 013f 003e 0014 0deb
Rew/Bal	0000 006e 0022 0002 013f 00a9 0014 0014 0014 0014 0014 0014 0014 0014 0014 0014 0014 0014 0014 0014 0014 0014 0014 0014 0014 003e 0014 003e 0014 003e 0014 003e 0014 003e 0014 003e 0014 003e 0014 003e 0014 0014 0014 003e 0014 0014 0014 0014 0014 0014 0014 003e 0014 0014 0014 0014 0014 003e 0014 0014 0014 003e 0014 003e 0014 003e 0014 0014 0014 003e 0014 063f 013f 003e 0014 0deb
Display	0000 006e 0022 0002 013f 00a9 0014 0014 0014 0014 0014 0014 0014 0014 0014 0014 0014 0014 0014 0014 0014 0014 0014 0014 0014 003e 0014 003e 0014 003e 0014 003e 0014 003e 0014 003e 0014 003e 0014 0014 0014 0014 0014 0014 0014 0014 0014 0014 0014 0014 0014 0014 0014 0014 0014 003e 0014 003e 0014 003e 0014 003e 0014 003e 0014 003e 0014 003e 0014 003e 0014 063f 013f 003e 0014 0deb
Menu	0000 006e 0022 0002 013f 00a9 0014 0014 0014 0014 0014 0014 0014 0014 0014 0014 0014 0014 0014 0014 0014 0014 0014 0014 0014 003e 0014 003e 0014 003e 0014 003e 0014 003e 0014 003e 0014 003e 0014 003e 0014 0014 0014 003e 0014 0014 0014 003e 0014 0014 0014 003e 0014 0014 0014 0014 0014 003e 0014 0014 0014 003e 0014 0014 0014 003e 0014 0014 0014 003e 0014 063f 013f 003e 0014 0deb
Setup	0000 006e 0022 0002 013f 00a9 0014 0014 0014 0014 0014 0014 0014 0014 0014 0014 0014 0014 0014 0014 0014 0014 0014 0014 0014 003e 0014 003e 0014 003e 0014 003e 0014 003e 0014 003e 0014 003e 0014 0014 0014 0014 0014 0014 0014 0014 0014 003e 0014 0014 0014 0014 0014 0014 0014 003e 0014 003e 0014 003e 0014 003e 0014 0014 0014 003e 0014 003e 0014 003e 0014 063f 013f 003e 0014 0deb
Return	0000 006e 0022 0002 013f 00a9 0014 0014 0014 0014 0014 0014 0014 0014 0014 0014 0014 0014 0014 0014 0014 0014 0014 0014 0014 003e 0014 003e 0014 003e 0014 003e 0014 003e 0014 003e 0014 003e 0014 0014 0014 0014 0014 0014 0014 003e 0014 003e 0014 0014 0014 0014 0014 0014 0014 003e 0014 003e 0014 003e 0014 0014 0014 0014 0014 003e 0014 003e 0014 003e 0014 063f 013f 003e 0014 0deb
Play	0000 006e 0022 0002 013f 00a9 0014 0014 0014 0014 0014 0014 0014 0014 0014 0014 0014 0014 0014 0014 0014 0014 0014 0014 0014 003e 0014 003e 0014 003e 0014 003e 0014 003e 0014 003e 0014 003e 0014 0014 0014 0014 0014 0014 0014 003e 0014 0014 0014 0014 0014 0014 0014 0014 0014 003e 0014 003e 0014 003e 0014 0014 0014 003e 0014 003e 0014 003e 0014 003e 0014 063f 013f 003e 0014 0deb
Stop	0000 006e 0022 0002 013f 00a9 0014 0014 0014 0014 0014 0014 0014 0014 0014 0014 0014 0014 0014 0014 0014 0014 0014 0014 0014 003e 0014 003e 0014 003e 0014 003e 0014 003e 0014 003e 0014 003e 0014 003e 0014 0014 0014 0014 0014 0014 0014 0014 0014 0014 0014 003e 0014 0014 0014 0014 0014 003e 0014 003e 0014 003e 0014 003e 0014 003e 0014 0014 0014 003e 0014 063f 013f 003e 0014 0deb
Up	0000 006e 0022 0002 013f 00a9 0014 0014 0014 0014 0014 0014 0014 0014 0014 0014 0014 0014 0014 0014 0014 0014 0014 0014 0014 003e 0014 003e 0014 003e 0014 003e 0014 003e 0014 003e 0014 003e 0014 003e 0014 0014 0014 003e 0014 0014 0014 0014 0014 0014 0014 0014 0014 0014 0014 0014 0014 003e 0014 0014 0014 003e 0014 003e 0014 003e 0014 003e 0014 003e 0014 063f 013f 003e 0014 0deb
Left	0000 006e 0022 0002 013f 00a9 0014 0014 0014 0014 0014 0014 0014 0014 0014 0014 0014 0014 0014 0014 0014 0014 0014 0014 0014 003e 0014 003e 0014 003e 0014 003e 0014 003e 0014 003e 0014 003e 0014 003e 0014 0014 0014 0014 0014 0014 0014 0014 0014 0014 0014 0014 0014 0014 0014 0014 0014 003e 0014 003e 0014 003e 0014 003e 0014 003e 0014 003e 0014 003e 0014 063f 013f 003e 0014 0deb
Select	0000 006e 0022 0002 013f 00a9 0014 0014 0014 0014 0014 0014 0014 0014 0014 0014 0014 0014 0014 0014 0014 0014 0014 0014 0014 003e 0014 003e 0014 003e 0014 003e 0014 003e 0014 003e 0014 003e 0014 003e 0014 0014 0014 0014 0014 0014 0014 003e 0014 0014 0014 0014 0014 0014 0014 0014 0014 003e 0014 003e 0014 003e 0014 0014 0014 003e 0014 003e 0014 003e 0014 063f 013f 003e 0014 0deb
Right	0000 006e 0022 0002 013f 00a9 0014 0014 0014 0014 0014 0014 0014 0014 0014 0014 0014 0014 0014 0014 0014 0014 0014 0014 0014 003e 0014 003e 0014 003e 0014 003e 0014 003e 0014 003e 0014 003e 0014 003e 0014 0014 0014 0014 0014 003e 0014 003e 0014 0014 0014 0014 0014 0014 0014 0014 0014 003e 0014 003e 0014 0014 0014 0014 0014 003e 0014 003e 0014 003e 0014 063f 013f 003e 0014 0deb
Down	0000 006e 0022 0002 013f 00a9 0014 0014 0014 0014 0014 0014 0014 0014 0014 0014 0014 0014 0014 0014 0014 0014 0014 0014 0014 003e 0014 003e 0014 003e 0014 003e 0014 003e 0014 003e 0014 003e 0014 003e 0014 0014 0014 003e 0014 003e 0014 0014 0014 0014 0014 0014 0014 0014 0014 0014 0014 003e 0014 0014 0014 0014 0014 003e 0014 003e 0014 003e 0014 003e 0014 063f 013f 003e 0014 0deb
