Power	0000 006B 0000 0013 0000 00A4 0000 0015 0000 003D 0000 0015 0000 0015 0000 0015 0000 0015 0000 0015 0000 0015 0000 009F 0000 0015 0000 003D 0000 003D 0000 0015 0000 0015 0000 0015 0000 0015 0000 0015 0000 0352
Stby On	0000 006B 0000 0013 0000 00A4 0000 0015 0000 003D 0000 0015 0000 0015 0000 0015 0000 0015 0000 0015 0000 0015 0000 009F 0000 0015 0000 003D 0000 003D 0000 0015 0000 0015 0000 0015 0000 0015 0000 0015 0000 0352
Up	0000 006B 0000 0013 0000 00A4 0000 0015 0000 003D 0000 0015 0000 0015 0000 0015 0000 0015 0000 0015 0000 0015 0000 009F 0000 003D 0000 0015 0000 0015 0000 0015 0000 003D 0000 0015 0000 0015 0000 0015 0000 0352
Down	0000 006B 0000 0013 0000 00A4 0000 0015 0000 003D 0000 0015 0000 0015 0000 0015 0000 0015 0000 0015 0000 0015 0000 009F 0000 003D 0000 0015 0000 0015 0000 003D 0000 003D 0000 0015 0000 0015 0000 0015 0000 032A
Left	0000 006B 0000 0013 0000 00A4 0000 0015 0000 003D 0000 0015 0000 0015 0000 0015 0000 0015 0000 0015 0000 0015 0000 009F 0000 0015 0000 003D 0000 003D 0000 0015 0000 003D 0000 0015 0000 0015 0000 0015 0000 032A
Right	0000 006B 0000 0013 0000 00A4 0000 0015 0000 003D 0000 0015 0000 0015 0000 0015 0000 0015 0000 0015 0000 0015 0000 009F 0000 0015 0000 0015 0000 003D 0000 0015 0000 003D 0000 0015 0000 0015 0000 0015 0000 0352
Vol+	0000 006B 0000 0013 0000 00A4 0000 0015 0000 003D 0000 0015 0000 0015 0000 0015 0000 0015 0000 0015 0000 0015 0000 009F 0000 003D 0000 0015 0000 003D 0000 003D 0000 0015 0000 0015 0000 0015 0000 0015 0000 032A
Vol-	0000 006B 0000 0013 0000 00A4 0000 0015 0000 003D 0000 0015 0000 0015 0000 0015 0000 0015 0000 0015 0000 0015 0000 009F 0000 0015 0000 003D 0000 003D 0000 003D 0000 0015 0000 0015 0000 0015 0000 0015 0000 032A
Foc+	0000 006B 0000 0013 0000 00A4 0000 0015 0000 003D 0000 0015 0000 0015 0000 0015 0000 0015 0000 0015 0000 0015 0000 009F 0000 003D 0000 0015 0000 0015 0000 0015 0000 003D 0000 0015 0000 0015 0000 0015 0000 0352
ZM+	0000 006B 0000 0013 0000 00A4 0000 0015 0000 003D 0000 0015 0000 0015 0000 0015 0000 0015 0000 0015 0000 0015 0000 009F 0000 003D 0000 0015 0000 0015 0000 0015 0000 0015 0000 0015 0000 0015 0000 0015 0000 037B
Curtain	0000 006B 0000 0013 0000 00A4 0000 0015 0000 003D 0000 0015 0000 0015 0000 0015 0000 0015 0000 0015 0000 0015 0000 009F 0000 0015 0000 003D 0000 0015 0000 0015 0000 0015 0000 0015 0000 0015 0000 0015 0000 037B
Freeze	0000 006B 0000 0013 0000 00A4 0000 0015 0000 003D 0000 0015 0000 0015 0000 0015 0000 0015 0000 0015 0000 0015 0000 009F 0000 0015 0000 0015 0000 003D 0000 0015 0000 0015 0000 0015 0000 0015 0000 0015 0000 037B
Source	0000 006B 0000 0013 0000 00A4 0000 0015 0000 003D 0000 0015 0000 0015 0000 0015 0000 0015 0000 0015 0000 0015 0000 009F 0000 0015 0000 0015 0000 0015 0000 003D 0000 0015 0000 0015 0000 0015 0000 0015 0000 037B
Enlarge	0000 006B 0000 0013 0000 00A4 0000 0015 0000 003D 0000 0015 0000 0015 0000 0015 0000 0015 0000 0015 0000 0015 0000 009F 0000 0015 0000 0015 0000 0015 0000 0015 0000 0015 0000 0015 0000 0015 0000 0015 0000 03A3
Menu	0000 006B 0000 0013 0000 00A4 0000 0015 0000 003D 0000 0015 0000 0015 0000 0015 0000 0015 0000 0015 0000 0015 0000 009F 0000 0015 0000 003D 0000 0015 0000 003D 0000 003D 0000 0015 0000 0015 0000 0015 0000 032A
Enter	0000 006B 0000 0013 0000 00A4 0000 0015 0000 003D 0000 0015 0000 0015 0000 0015 0000 0015 0000 0015 0000 0015 0000 009F 0000 0015 0000 0015 0000 0015 0000 003D 0000 003D 0000 0015 0000 0015 0000 0015 0000 0352
Drag	0000 006B 0000 0017 0000 0028 0000 0024 0000 0024 0000 0014 0000 0034 0000 0024 0000 0024 0000 0024 0000 0024 0000 0024 0000 0024 0000 0024 0000 0024 0000 0024 0000 0024 0000 0024 0000 0024 0000 0024 0000 0024 0000 0024 0000 0024 0000 001C 0000 00B3
LE Click	0000 006B 0000 0017 0000 0028 0000 0014 0000 0034 0000 0024 0000 0024 0000 0024 0000 0024 0000 0024 0000 0024 0000 0024 0000 0024 0000 0024 0000 0024 0000 0024 0000 0024 0000 0024 0000 0024 0000 0024 0000 0024 0000 0024 0000 0024 0000 001C 0000 00B3
Rig Click	0000 006B 0000 005C 0000 0028 0000 0024 0000 0014 0000 0034 0000 0024 0000 0024 0000 0024 0000 0024 0000 0024 0000 0024 0000 0024 0000 0024 0000 0024 0000 0024 0000 0024 0000 0024 0000 0024 0000 0024 0000 0024 0000 0024 0000 0024 0000 001C 0000 00B3 0000 0028 0000 0024 0000 0014 0000 0034 0000 0024 0000 0024 0000 0024 0000 0024 0000 0024 0000 0024 0000 0024 0000 0024 0000 0024 0000 0024 0000 0024 0000 0024 0000 0024 0000 0024 0000 0024 0000 0024 0000 0024 0000 001C 0000 00B3 0000 0028 0000 0024 0000 0014 0000 0034 0000 0024 0000 0024 0000 0024 0000 0024 0000 0024 0000 0024 0000 0024 0000 0024 0000 0024 0000 0024 0000 0024 0000 0024 0000 0024 0000 0024 0000 0024 0000 0024 0000 0024 0000 001C 0000 00B3 0000 0028 0000 0024 0000 0024 0000 0024 0000 0024 0000 0024 0000 0024 0000 0024 0000 0024 0000 0024 0000 0024 0000 0024 0000 0024 0000 0024 0000 0024 0000 0024 0000 0024 0000 0024 0000 0024 0000 0024 0000 0014 0000 002C 0000 04DF
Mute	0000 006B 0000 0013 0000 00A4 0000 0015 0000 003D 0000 0015 0000 0015 0000 0015 0000 0015 0000 0015 0000 0015 0000 009F 0000 0015 0000 0015 0000 003D 0000 003D 0000 0015 0000 0015 0000 0015 0000 0015 0000 0352
