Power On	0000 006c 0022 0002 0156 00aa 0016 0040 0016 0015 0016 0040 0016 0040 0016 0040 0016 0040 0016 0040 0016 0015 0016 0015 0016 0040 0016 0015 0016 0015 0016 0015 0016 0015 0016 0015 0016 0040 0016 0015 0016 0015 0016 0015 0016 0015 0016 0040 0016 0015 0016 0015 0016 0040 0016 0040 0016 0040 0016 0040 0016 0040 0016 0015 0016 0040 0016 0040 0016 0015 0016 05e9 0156 0055 0016 0e40
Power Off	0000 006c 0022 0002 0156 00aa 0016 0040 0016 0015 0016 0040 0016 0040 0016 0040 0016 0040 0016 0040 0016 0015 0016 0015 0016 0040 0016 0015 0016 0015 0016 0015 0016 0015 0016 0015 0016 0040 0016 0040 0016 0015 0016 0015 0016 0015 0016 0040 0016 0015 0016 0015 0016 0040 0016 0015 0016 0040 0016 0040 0016 0040 0016 0015 0016 0040 0016 0040 0016 0015 0016 05e9 0156 0055 0016 0e40
VCR1	0000 006c 0022 0002 0156 00aa 0016 0040 0016 0015 0016 0040 0016 0040 0016 0040 0016 0040 0016 0040 0016 0015 0016 0015 0016 0040 0016 0015 0016 0015 0016 0015 0016 0015 0016 0015 0016 0040 0016 0040 0016 0015 0016 0015 0016 0015 0016 0015 0016 0015 0016 0015 0016 0040 0016 0015 0016 0040 0016 0040 0016 0040 0016 0040 0016 0040 0016 0040 0016 0015 0016 05e9 0156 0055 0016 0e40
VCR2	0000 006c 0022 0002 0156 00aa 0016 0040 0016 0015 0016 0040 0016 0040 0016 0040 0016 0040 0016 0040 0016 0015 0016 0015 0016 0040 0016 0015 0016 0015 0016 0015 0016 0015 0016 0015 0016 0040 0016 0015 0016 0040 0016 0015 0016 0015 0016 0015 0016 0015 0016 0015 0016 0040 0016 0040 0016 0015 0016 0040 0016 0040 0016 0040 0016 0040 0016 0040 0016 0015 0016 05e9 0156 0055 0016 0e40
VCR3	0000 006c 0022 0002 0156 00aa 0016 0040 0016 0015 0016 0040 0016 0040 0016 003f 0016 0040 0016 0040 0016 0015 0016 0015 0016 0040 0016 0015 0016 0015 0016 0015 0016 0015 0016 0015 0016 003f 0016 0040 0016 0015 0016 003f 0016 0015 0016 0015 0016 0015 0016 0015 0016 003f 0016 0015 0016 0040 0016 0015 0016 0040 0016 0040 0016 0040 0016 0040 0016 0015 0016 05e9 0156 0055 0016 0e41
Phono	0000 006c 0022 0002 0156 00aa 0016 0040 0016 0015 0016 003f 0016 0040 0016 0040 0016 003f 0016 0040 0016 0015 0016 0015 0016 003f 0016 0015 0016 0015 0016 0015 0016 0015 0016 0015 0016 0040 0016 0015 0016 0015 0016 0015 0016 0040 0016 0015 0016 0015 0016 0015 0016 0040 0016 0040 0016 0040 0016 0040 0016 0015 0016 0040 0016 0040 0016 003f 0016 0015 0016 05e9 0156 0055 0016 0e40
LD	0000 006c 0022 0002 0156 00aa 0016 0040 0016 0015 0016 0040 0016 0040 0016 0040 0016 0040 0016 0040 0016 0015 0016 0015 0016 0040 0016 0015 0016 0015 0016 0015 0016 0015 0016 0015 0016 0040 0016 0040 0016 0040 0016 0015 0016 0015 0016 0015 0016 0015 0016 0015 0016 0040 0016 0015 0016 0015 0016 0040 0016 0040 0016 003f 0016 0040 0016 0040 0016 0015 0016 05e9 0156 0055 0016 0e41
CD	0000 006c 0022 0002 0156 00aa 0016 0040 0016 0015 0016 0040 0016 0040 0016 0040 0016 0040 0016 0040 0016 0015 0016 0015 0016 003f 0016 0015 0016 0015 0016 0015 0016 0015 0016 0015 0016 0040 0016 003f 0016 0040 0016 0040 0016 0015 0016 0015 0016 0015 0016 0015 0016 0040 0016 0015 0016 0015 0016 0015 0016 0040 0016 0040 0016 0040 0016 0040 0016 0015 0016 05e9 0156 0055 0016 0e41
Acr1	0000 006c 0022 0002 0156 00aa 0016 0040 0016 0015 0016 0040 0016 0040 0016 003f 0016 0040 0016 0040 0016 0015 0016 0015 0016 0040 0016 0015 0016 0015 0016 0015 0016 0015 0016 0015 0016 0040 0016 003f 0016 0040 0016 0015 0016 003f 0016 0015 0016 0015 0016 0015 0016 0040 0016 0015 0016 0015 0016 0040 0016 0015 0016 0040 0016 0040 0016 0040 0016 0015 0016 05e9 0156 0055 0016 0e41
Acr2	0000 006c 0022 0002 0156 00aa 0016 0040 0016 0015 0016 0040 0016 0040 0016 0040 0016 0040 0016 0040 0016 0015 0016 0015 0016 0040 0016 0015 0016 0015 0016 0015 0016 0015 0016 0015 0016 0040 0016 0015 0016 0015 0016 0040 0016 003f 0016 0015 0016 0015 0016 0015 0016 0040 0016 0040 0016 0040 0016 0015 0016 0015 0016 0040 0016 0040 0016 0040 0016 0015 0016 05e9 0156 0055 0016 0e40
Tuner	0000 006c 0022 0002 0156 00aa 0016 0040 0016 0015 0016 0040 0016 0040 0016 0040 0016 0040 0016 0040 0016 0015 0016 0015 0016 003f 0016 0015 0016 0015 0016 0015 0016 0015 0016 0015 0016 0040 0016 0040 0016 0015 0016 0015 0016 0040 0016 0015 0016 0015 0016 0015 0016 0040 0016 0015 0016 0040 0016 0040 0016 0015 0016 0040 0016 003f 0016 0040 0016 0015 0016 05e9 0156 0055 0016 0e41
Aux1	0000 006c 0022 0002 0156 00aa 0016 0040 0016 0015 0016 0040 0016 0040 0016 003f 0016 0040 0016 0040 0016 0015 0016 0015 0016 0040 0016 0015 0016 0015 0016 0015 0016 0015 0016 0015 0016 0040 0016 0015 0016 0040 0016 0015 0016 0040 0016 0015 0016 0015 0016 0015 0016 0040 0016 0040 0016 0015 0016 0040 0016 0015 0016 0040 0016 0040 0016 003f 0016 0015 0016 05e9 0156 0055 0016 0e40
1	0000 006c 0022 0002 0156 00aa 0016 003f 0016 0015 0016 003f 0016 0040 0016 0040 0016 0040 0016 0040 0016 0015 0016 0015 0016 0040 0016 0015 0016 0015 0016 0015 0016 0015 0016 0015 0016 003f 0016 0015 0016 0015 0016 0015 0016 0015 0016 0040 0016 0015 0016 0040 0016 0040 0016 0040 0016 0040 0016 003f 0016 0040 0016 0015 0016 0040 0016 0015 0016 0015 0016 05ea 0156 0055 0016 0e40
2	0000 006c 0022 0002 0156 00aa 0016 0040 0016 0015 0016 0040 0016 0040 0016 0040 0016 0040 0016 0040 0016 0015 0016 0015 0016 003f 0016 0015 0016 0015 0016 0015 0016 0015 0016 0015 0016 0040 0016 0040 0016 0015 0016 0015 0016 0015 0016 0040 0016 0015 0016 0040 0016 003f 0016 0015 0016 0040 0016 0040 0016 0040 0016 0015 0016 0040 0016 0015 0016 0015 0016 05e9 0156 0055 0016 0e41
3	0000 006c 0022 0002 0156 00aa 0016 003f 0016 0015 0016 003f 0016 003f 0016 0040 0016 0040 0016 0040 0016 0015 0016 0015 0016 0040 0016 0015 0016 0015 0016 0015 0016 0015 0016 0015 0016 0040 0016 0015 0016 003f 0016 0015 0016 0015 0016 0040 0016 0015 0016 0040 0016 0040 0016 003f 0016 0015 0016 003f 0016 0040 0016 0015 0016 0040 0016 0015 0016 0015 0016 05ea 0156 0055 0016 0e40
4	0000 006c 0022 0002 0156 00aa 0016 003f 0016 0015 0016 003f 0016 0040 0016 0040 0016 0040 0016 0040 0016 0015 0016 0015 0016 0040 0016 0015 0016 0015 0016 0015 0016 0015 0016 0015 0016 003f 0016 0040 0016 0040 0016 0015 0016 0015 0016 0040 0016 0015 0016 003f 0016 0040 0016 0015 0016 0015 0016 0040 0016 0040 0016 0015 0016 003f 0016 0015 0016 0015 0016 05e9 0156 0055 0016 0e41
5	0000 006c 0022 0002 0156 00aa 0016 0040 0016 0015 0016 003f 0016 0040 0016 0040 0016 003f 0016 0040 0016 0015 0016 0015 0016 0040 0016 0015 0016 0015 0016 0015 0016 0015 0016 0015 0016 003f 0016 0015 0016 0015 0016 0040 0016 0015 0016 0040 0016 0015 0016 0040 0016 0040 0016 003f 0016 0040 0016 0015 0016 003f 0016 0015 0016 003f 0016 0015 0016 0015 0016 05ea 0156 0055 0016 0e40
6	0000 006c 0022 0002 0156 00aa 0016 0040 0016 0015 0016 0040 0016 0040 0016 0040 0016 003f 0016 0040 0016 0015 0016 0015 0016 0040 0016 0015 0016 0015 0016 0015 0016 0015 0016 0015 0016 0040 0016 0040 0016 0015 0016 0040 0016 0015 0016 0040 0016 0015 0016 0040 0016 0040 0016 0015 0016 0040 0016 0015 0016 0040 0016 0015 0016 0040 0016 0015 0016 0015 0016 05e9 0156 0055 0016 0e40
7	0000 006c 0022 0002 0156 00aa 0016 0040 0016 0015 0016 003f 0016 0040 0016 0040 0016 003f 0016 0040 0016 0015 0016 0015 0016 0040 0016 0015 0016 0015 0016 0015 0016 0015 0016 0015 0016 0040 0016 0015 0016 0040 0016 0040 0016 0015 0016 0040 0016 0015 0016 0040 0016 0040 0016 0040 0016 0015 0016 0015 0016 0040 0016 0015 0016 0040 0016 0015 0016 0015 0016 05e9 0156 0055 0016 0e40
8	0000 006c 0022 0002 0156 00aa 0016 0040 0016 0015 0016 0040 0016 0040 0016 0040 0016 003f 0016 0040 0016 0015 0016 0015 0016 0040 0016 0015 0016 0015 0016 0015 0016 0015 0016 0015 0016 003f 0016 0040 0016 0040 0016 0040 0016 0015 0016 003f 0016 0015 0016 0040 0016 0040 0016 0015 0016 0015 0016 0015 0016 003f 0016 0015 0016 003f 0016 0015 0016 0015 0016 05e9 0156 0055 0016 0e41
9	0000 006c 0022 0002 0156 00aa 0016 0040 0016 0015 0016 003f 0016 0040 0016 0040 0016 003f 0016 0040 0016 0015 0016 0015 0016 0040 0016 0015 0016 0015 0016 0015 0016 0015 0016 0015 0016 0040 0016 0015 0016 0015 0016 0015 0016 0040 0016 0040 0016 0015 0016 0040 0016 0040 0016 003f 0016 0040 0016 0040 0016 0015 0016 0015 0016 003f 0016 0015 0016 0015 0016 05e9 0156 0055 0016 0e40
Menu	0000 006c 0022 0002 0156 00aa 0016 0040 0016 0015 0016 0040 0016 0040 0016 0040 0016 0040 0016 003f 0016 0015 0016 0015 0016 0040 0016 0015 0016 0015 0016 0015 0016 0015 0016 0015 0016 0040 0016 0015 0016 0040 0016 0015 0016 0015 0016 0015 0016 0015 0016 0040 0016 0040 0016 0040 0016 0015 0016 0040 0016 0040 0016 0040 0016 0040 0016 0015 0016 0015 0016 05e9 0156 0055 0016 0e41
Up	0000 006c 0022 0002 0156 00aa 0016 0040 0016 0015 0016 0040 0016 003f 0016 0040 0016 0040 0016 0040 0016 0015 0016 0015 0016 0040 0016 0015 0016 0015 0016 0015 0016 0015 0016 0015 0016 0040 0016 003f 0016 0015 0016 0040 0016 0040 0016 0040 0016 0015 0016 0015 0016 003f 0016 0015 0016 0040 0016 0015 0016 0015 0016 0015 0016 003f 0016 003f 0016 0015 0016 05e9 0156 0055 0016 0e41
Down	0000 006c 0022 0002 0156 00aa 0016 0040 0016 0015 0016 0040 0016 0040 0016 0040 0016 003f 0016 0040 0016 0015 0016 0015 0016 0040 0016 0015 0016 0015 0016 0015 0016 0015 0016 0015 0016 0040 0016 0015 0016 0015 0016 0040 0016 003f 0016 0040 0016 0015 0016 0015 0016 0040 0016 003f 0016 0040 0016 0015 0016 0015 0016 0015 0016 0040 0016 0040 0016 0015 0016 05e9 0156 0055 0016 0e40
Left	0000 006c 0022 0002 0156 00aa 0016 003f 0016 0015 0016 0040 0016 0040 0016 0040 0016 0040 0016 003f 0016 0015 0016 0015 0016 0040 0016 0015 0016 0015 0016 0015 0016 0015 0016 0015 0016 0040 0016 003f 0016 0040 0016 0040 0016 0040 0016 0040 0016 0015 0016 0015 0016 0040 0016 0015 0016 0015 0016 0015 0016 0015 0016 0015 0016 003f 0016 0040 0016 0015 0016 05e9 0156 0055 0016 0e41
Right	0000 006c 0022 0002 0156 00aa 0016 003f 0016 0015 0016 0040 0016 003f 0016 0040 0016 0040 0016 003f 0016 0015 0016 0015 0016 0040 0016 0015 0016 0015 0016 0015 0016 0015 0016 0015 0016 0040 0016 0015 0016 0040 0016 003f 0016 0040 0016 0040 0016 0015 0016 0015 0016 003f 0016 0040 0016 0015 0016 0015 0016 0015 0016 0015 0016 003f 0016 0040 0016 0015 0016 05ea 0156 0055 0016 0e40
Sleep	0000 006c 0022 0002 0156 00aa 0016 003f 0016 0015 0016 0040 0016 003f 0016 0040 0016 0040 0016 003f 0016 0015 0016 0015 0016 0040 0016 0015 0016 0015 0016 0015 0016 0015 0016 0015 0016 0040 0016 003f 0016 0040 0016 0015 0016 0015 0016 0040 0016 0015 0016 0015 0016 003f 0016 0015 0016 0015 0016 0040 0016 003f 0016 0015 0016 0040 0016 003f 0016 0015 0016 05e9 0156 0055 0016 0e40
Vol+	0000 006c 0022 0002 0156 00aa 0016 0040 0016 0015 0016 003f 0016 0040 0016 0040 0016 0040 0016 003f 0016 0015 0016 0015 0016 0040 0016 0015 0016 0015 0016 0015 0016 0015 0016 0015 0016 0040 0016 003f 0016 0015 0016 0040 0016 003f 0016 0015 0016 0015 0016 0015 0016 0040 0016 0015 0016 003f 0016 0015 0016 0015 0016 0040 0016 0040 0016 003f 0016 0015 0016 05e9 0156 0055 0016 0e41
Vol-	0000 006c 0022 0002 0156 00aa 0016 003f 0016 0015 0016 0040 0016 0040 0016 0040 0016 0040 0016 0040 0016 0015 0016 0015 0016 0040 0016 0015 0016 0015 0016 0015 0016 0015 0016 0015 0016 0040 0016 0015 0016 0040 0016 0040 0016 003f 0016 0015 0016 0015 0016 0015 0016 003f 0016 0040 0016 0015 0016 0015 0016 0015 0016 0040 0016 0040 0016 0040 0016 0015 0016 05e9 0156 0055 0016 0e41
Mute	0000 006c 0022 0002 0156 00aa 0016 003f 0016 0015 0016 0040 0016 003f 0016 0040 0016 0040 0016 0040 0016 0015 0016 0015 0016 0040 0016 0015 0016 0015 0016 0015 0016 0015 0016 0015 0016 0040 0016 0015 0016 0015 0016 0040 0016 0015 0016 0040 0016 0015 0016 0015 0016 0040 0016 0040 0016 0040 0016 0015 0016 0040 0016 0015 0016 0040 0016 0040 0016 0015 0016 05e9 0156 0055 0016 0e41
Preset	0000 006c 0022 0002 0156 00aa 0016 0015 0016 0040 0016 0015 0016 0040 0016 003f 0016 0040 0016 0040 0016 0015 0016 0040 0016 0015 0016 0040 0016 0015 0016 0015 0016 0015 0016 0015 0016 0040 0016 0015 0016 0040 0016 0015 0016 0015 0016 0040 0016 0015 0016 0015 0016 0015 0016 0040 0016 0015 0016 0040 0016 0040 0016 0015 0016 0040 0016 0040 0016 0040 0016 05e9 0156 0055 0016 0e41
Tune+	0000 006c 0022 0002 0156 00aa 0016 0015 0016 0040 0016 0015 0016 0040 0016 0040 0016 0040 0016 0040 0016 0015 0016 0040 0016 0015 0016 0040 0016 0015 0016 0015 0016 0015 0016 0015 0016 0040 0016 0015 0016 0015 0016 0015 0016 0015 0016 0040 0016 0015 0016 0015 0016 0015 0016 0040 0016 0040 0016 0040 0016 0040 0016 0015 0016 0040 0016 003f 0016 0040 0016 05e9 0156 0055 0016 0e41
Tune-	0000 006c 0022 0002 0156 00aa 0016 0015 0016 0040 0016 0015 0016 0040 0016 0040 0016 0040 0016 0040 0016 0015 0016 0040 0016 0015 0016 0040 0016 0015 0016 0015 0016 0015 0016 0015 0016 0040 0016 0040 0016 0015 0016 0015 0016 0015 0016 0040 0016 0015 0016 0015 0016 0015 0016 0015 0016 0040 0016 0040 0016 0040 0016 0015 0016 0040 0016 0040 0016 0040 0016 05e9 0156 0055 0016 0e41
10	0000 006c 0022 0002 0156 00aa 0016 0040 0016 0015 0016 0040 0016 0040 0016 0040 0016 0040 0016 0040 0016 0015 0016 0015 0016 0040 0016 0015 0016 0015 0016 0015 0016 0015 0016 0015 0016 0040 0016 0040 0016 0015 0016 0015 0016 0040 0016 0040 0016 0015 0016 0040 0016 0040 0016 0015 0016 0040 0016 0040 0016 0015 0016 0015 0016 0040 0016 0015 0016 0015 0016 05e9 0156 0055 0016 0e41
11	0000 006c 0022 0002 0156 00aa 0016 0040 0016 0015 0016 0040 0016 0040 0016 0040 0016 0040 0016 0040 0016 0015 0016 0015 0016 0040 0016 0015 0016 0015 0016 0015 0016 0015 0016 0015 0016 0040 0016 0015 0016 0040 0016 0015 0016 0040 0016 0040 0016 0015 0016 0040 0016 003f 0016 0040 0016 0015 0016 0040 0016 0015 0016 0015 0016 0040 0016 0015 0016 0015 0016 05e9 0156 0055 0016 0e40
12	0000 006c 0022 0002 0156 00aa 0016 0040 0016 0015 0016 0040 0016 0040 0016 0040 0016 0040 0016 0040 0016 0015 0016 0015 0016 0040 0016 0015 0016 0015 0016 0015 0016 0015 0016 0015 0016 0040 0016 0040 0016 0040 0016 0015 0016 0040 0016 0040 0016 0015 0016 0040 0016 0040 0016 0015 0016 0015 0016 0040 0016 0015 0016 0015 0016 0040 0016 0015 0016 0015 0016 05e9 0156 0055 0016 0e41
Effect	0000 006c 0022 0002 0156 00aa 0016 0040 0016 0015 0016 0040 0016 0040 0016 0040 0016 0040 0016 0040 0016 0015 0016 0015 0016 0040 0016 0015 0016 0015 0016 0015 0016 0015 0016 0015 0016 0040 0016 0040 0016 0015 0016 0015 0016 0015 0016 0015 0016 0015 0016 0040 0016 0040 0016 0015 0016 0040 0016 0040 0016 0040 0016 0040 0016 0040 0016 0015 0016 0015 0016 05ea 0156 0055 0016 0e41
