Power	0000 006d 0022 0002 0153 00a9 0016 003f 0016 0014 0016 003f 0016 003f 0016 003f 0016 003f 0016 003f 0016 0014 0016 0014 0016 003f 0016 0014 0016 0014 0016 0014 0016 0014 0016 0014 0016 003f 0016 003f 0016 003f 0016 003f 0016 003f 0016 0014 0016 0014 0016 0014 0016 003f 0016 0014 0016 0014 0016 0014 0016 0014 0016 003f 0016 003f 0016 003f 0016 0014 0016 05e8 0153 0054 0016 0e26
V-Aux	0000 006d 0022 0002 0153 00a9 0016 003f 0016 0014 0016 003f 0016 003f 0016 003f 0016 003f 0016 003f 0016 0014 0016 0014 0016 003f 0016 0014 0016 0014 0016 0014 0016 0014 0016 0014 0016 003f 0016 0014 0016 003f 0016 0014 0016 003f 0016 0014 0016 0014 0016 0014 0016 003f 0016 003f 0016 0014 0016 003f 0016 0014 0016 003f 0016 003f 0016 003f 0016 0014 0016 05e8 0153 0054 0016 0e26
Phono	0000 006d 0022 0002 0153 00a9 0016 003f 0016 0014 0016 003f 0016 003f 0016 003f 0016 003f 0016 003f 0016 0014 0016 0014 0016 003f 0016 0014 0016 0014 0016 0014 0016 0014 0016 0014 0016 003f 0016 0014 0016 0014 0016 0014 0016 003f 0016 0014 0016 0014 0016 0014 0016 003f 0016 003f 0016 003f 0016 003f 0016 0014 0016 003f 0016 003f 0016 003f 0016 0014 0016 05e8 0153 0054 0016 0e26
VCR1 R Chapter	0000 006d 0022 0002 0152 00a9 0016 0014 0016 003e 0016 0014 0016 003e 0016 003e 0016 003e 0016 003e 0016 0014 0016 003e 0016 0014 0016 003e 0016 0014 0016 0014 0016 0014 0016 0014 0016 003e 0016 003e 0016 003e 0016 0014 0016 003e 0016 0014 0016 0014 0016 0014 0016 0014 0016 0014 0016 0014 0016 003e 0016 0014 0016 003e 0016 003e 0016 003e 0016 003e 0016 05e5 0152 0054 0016 0e1f
CD	0000 006d 0022 0002 0153 00a9 0016 003f 0016 0014 0016 003f 0016 003f 0016 003f 0016 003f 0016 003f 0016 0014 0016 0014 0016 003f 0016 0014 0016 0014 0016 0014 0016 0014 0016 0014 0016 003f 0016 003f 0016 003f 0016 003f 0016 0014 0016 0014 0016 0014 0016 0014 0016 003f 0016 0014 0016 0014 0016 0014 0016 003f 0016 003f 0016 003f 0016 003f 0016 0014 0016 05e8 0153 0054 0016 0e26
VCR1 F Chapter	0000 006d 0022 0002 0152 00a9 0016 0014 0016 003e 0016 0014 0016 003e 0016 003e 0016 003e 0016 003e 0016 0014 0016 003e 0016 0014 0016 003e 0016 0014 0016 0014 0016 0014 0016 0014 0016 003e 0016 003e 0016 003e 0016 0014 0016 003e 0016 0014 0016 0014 0016 0014 0016 0014 0016 0014 0016 0014 0016 003e 0016 0014 0016 003e 0016 003e 0016 003e 0016 003e 0016 05e5 0152 0054 0016 0e1f
VCR1 R Srch	0000 006d 0022 0002 0152 00a9 0016 0014 0016 003e 0016 0014 0016 003e 0016 003e 0016 003e 0016 003e 0016 0014 0016 003e 0016 0014 0016 003e 0016 0014 0016 0014 0016 0014 0016 0014 0016 003e 0016 003e 0016 0014 0016 003e 0016 003e 0016 0014 0016 0014 0016 0014 0016 0014 0016 0014 0016 003e 0016 0014 0016 0014 0016 003e 0016 003e 0016 003e 0016 003e 0016 05e5 0152 0054 0016 0e1f
VCR1 F Srch	0000 006d 0022 0002 0152 00a9 0016 0014 0016 003e 0016 0014 0016 003e 0016 003e 0016 003e 0016 003e 0016 0014 0016 003e 0016 0014 0016 003e 0016 0014 0016 0014 0016 0014 0016 0014 0016 003e 0016 0014 0016 0014 0016 003e 0016 003e 0016 0014 0016 0014 0016 0014 0016 0014 0016 003e 0016 003e 0016 0014 0016 0014 0016 003e 0016 003e 0016 003e 0016 003e 0016 05e5 0152 0054 0016 0e1f
VCR1 Pause/Stop	0000 006d 0022 0002 0152 00a9 0016 0014 0016 003e 0016 0014 0016 003e 0016 003e 0016 003e 0016 003e 0016 0014 0016 003e 0016 0014 0016 003e 0016 0014 0016 0014 0016 0014 0016 0014 0016 003e 0016 003e 0016 0014 0016 0014 0016 003e 0016 0014 0016 0014 0016 0014 0016 0014 0016 0014 0016 003e 0016 003e 0016 0014 0016 003e 0016 003e 0016 003e 0016 003e 0016 05e5 0152 0054 0016 0e1f
VCR1 Play	0000 006d 0022 0002 0152 00a9 0016 0014 0016 003e 0016 0014 0016 003e 0016 003e 0016 003e 0016 003e 0016 0014 0016 003e 0016 0014 0016 003e 0016 0014 0016 0014 0016 0014 0016 0014 0016 003e 0016 0014 0016 0014 0016 0014 0016 003e 0016 0014 0016 0014 0016 0014 0016 0014 0016 003e 0016 003e 0016 003e 0016 0014 0016 003e 0016 003e 0016 003e 0016 003e 0016 05e5 0152 0054 0016 0e1f
Tuner	0000 006d 0022 0002 0153 00a9 0016 003f 0016 0014 0016 003f 0016 003f 0016 003f 0016 003f 0016 003f 0016 0014 0016 0014 0016 003f 0016 0014 0016 0014 0016 0014 0016 0014 0016 0014 0016 003f 0016 003f 0016 0014 0016 0014 0016 003f 0016 0014 0016 0014 0016 0014 0016 003f 0016 0014 0016 003f 0016 003f 0016 0014 0016 003f 0016 003f 0016 003f 0016 0014 0016 05e8 0153 0054 0016 0e26
Tune-	0000 006d 0022 0002 0152 00a9 0016 0014 0016 003e 0016 0014 0016 003e 0016 003e 0016 003e 0016 003e 0016 0014 0016 003e 0016 0014 0016 003e 0016 0014 0016 0014 0016 0014 0016 0014 0016 003e 0016 003e 0016 0014 0016 0014 0016 0014 0016 003e 0016 0014 0016 0014 0016 0014 0016 0014 0016 003e 0016 003e 0016 003e 0016 0014 0016 003e 0016 003e 0016 003e 0016 05e5 0152 0054 0016 0e1f
Tune+	0000 006d 0022 0002 0152 00a9 0016 0014 0016 003e 0016 0014 0016 003e 0016 003e 0016 003e 0016 003e 0016 0014 0016 003e 0016 0014 0016 003e 0016 0014 0016 0014 0016 0014 0016 0014 0016 003e 0016 0014 0016 0014 0016 0014 0016 0014 0016 003e 0016 0014 0016 0014 0016 0014 0016 003e 0016 003e 0016 003e 0016 003e 0016 0014 0016 003e 0016 003e 0016 003e 0016 05e5 0152 0054 0016 0e1f
A/B/c/d/e	0000 006d 0022 0002 0152 00a9 0016 0014 0016 003e 0016 0014 0016 003e 0016 003e 0016 003e 0016 003e 0016 0014 0016 003e 0016 0014 0016 003e 0016 0014 0016 0014 0016 0014 0016 0014 0016 003e 0016 0014 0016 003e 0016 0014 0016 0014 0016 003e 0016 0014 0016 0014 0016 0014 0016 003e 0016 0014 0016 003e 0016 003e 0016 0014 0016 003e 0016 003e 0016 003e 0016 05e5 0152 0054 0016 0e1f
Deck A/B	0000 006d 0022 0002 0152 00a9 0016 0014 0016 003e 0016 0014 0016 003e 0016 003e 0016 003e 0016 003e 0016 0014 0016 003e 0016 0014 0016 003e 0016 0014 0016 0014 0016 0014 0016 0014 0016 003e 0016 0014 0016 003e 0016 003e 0016 0014 0016 0014 0016 0014 0016 0014 0016 0014 0016 003e 0016 0014 0016 0014 0016 003e 0016 003e 0016 003e 0016 003e 0016 003e 0016 05e5 0152 0054 0016 0e1f
Tape Rew	0000 006d 0022 0002 0152 00a9 0016 0014 0016 003e 0016 0014 0016 003e 0016 003e 0016 003e 0016 003e 0016 0014 0016 003e 0016 0014 0016 003e 0016 0014 0016 0014 0016 0014 0016 0014 0016 003e 0016 003e 0016 0014 0016 0014 0016 0014 0016 0014 0016 0014 0016 0014 0016 0014 0016 0014 0016 003e 0016 003e 0016 003e 0016 003e 0016 003e 0016 003e 0016 003e 0016 05e5 0152 0054 0016 0e1f
Tape Ffwd	0000 006d 0022 0002 0152 00a9 0016 0014 0016 003e 0016 0014 0016 003e 0016 003e 0016 003e 0016 003e 0016 0014 0016 003e 0016 0014 0016 003e 0016 0014 0016 0014 0016 0014 0016 0014 0016 003e 0016 0014 0016 003e 0016 0014 0016 0014 0016 0014 0016 0014 0016 0014 0016 0014 0016 003e 0016 0014 0016 003e 0016 003e 0016 003e 0016 003e 0016 003e 0016 003e 0016 05e5 0152 0054 0016 0e1f
Tape Stop	0000 006d 0022 0002 0152 00a9 0016 0014 0016 003e 0016 0014 0016 003e 0016 003e 0016 003e 0016 003e 0016 0014 0016 003e 0016 0014 0016 003e 0016 0014 0016 0014 0016 0014 0016 0014 0016 003e 0016 003e 0016 003e 0016 0014 0016 0014 0016 0014 0016 0014 0016 0014 0016 0014 0016 0014 0016 0014 0016 003e 0016 003e 0016 003e 0016 003e 0016 003e 0016 003e 0016 05e5 0152 0054 0016 0e1f
Tape 1	0000 006d 0022 0002 0153 00a9 0016 003f 0016 0014 0016 003f 0016 003f 0016 003f 0016 003f 0016 003f 0016 0014 0016 0014 0016 003f 0016 0014 0016 0014 0016 0014 0016 0014 0016 0014 0016 003f 0016 003f 0016 003f 0016 0014 0016 003f 0016 0014 0016 0014 0016 0014 0016 003f 0016 0014 0016 0014 0016 003f 0016 0014 0016 003f 0016 003f 0016 003f 0016 0014 0016 05e8 0153 0054 0016 0e26
Tape Fwd	0000 006d 0022 0002 0153 00a9 0016 0014 0016 003f 0016 0014 0016 003f 0016 003f 0016 003f 0016 003f 0016 0014 0016 003f 0016 0014 0016 003f 0016 0014 0016 0014 0016 0014 0016 0014 0016 003f 0016 0014 0016 0014 0016 0014 0016 0014 0016 0014 0016 0014 0016 0014 0016 0014 0016 003f 0016 003f 0016 003f 0016 003f 0016 003f 0016 003f 0016 003f 0016 003f 0016 05e8 0153 0054 0016 0e26
Tape 2 Mon	0000 006d 0022 0002 0153 00a9 0016 003f 0016 0014 0016 003f 0016 003f 0016 003f 0016 003f 0016 003f 0016 0014 0016 0014 0016 003f 0016 0014 0016 0014 0016 0014 0016 0014 0016 0014 0016 003f 0016 0014 0016 0014 0016 003f 0016 003f 0016 0014 0016 0014 0016 0014 0016 003f 0016 003f 0016 003f 0016 0014 0016 0014 0016 003f 0016 003f 0016 003f 0016 0014 0016 05e8 0153 0054 0016 0e26
Dir A	0000 006d 0022 0002 0152 00a9 0016 0014 0016 003e 0016 0014 0016 003e 0016 003e 0016 003e 0016 003e 0016 0014 0016 003e 0016 0014 0016 003e 0016 0014 0016 0014 0016 0014 0016 0014 0016 003e 0016 003e 0016 003e 0016 003e 0016 0014 0016 0014 0016 0014 0016 0014 0016 0014 0016 0014 0016 0014 0016 0014 0016 003e 0016 003e 0016 003e 0016 003e 0016 003e 0016 05e5 0152 0054 0016 0e20
Dir B	0000 006d 0022 0002 0152 00a9 0016 0014 0016 003e 0016 0014 0016 003e 0016 003e 0016 003e 0016 003e 0016 0014 0016 003e 0016 0014 0016 003e 0016 0014 0016 0014 0016 0014 0016 0014 0016 003e 0016 0014 0016 0014 0016 0014 0016 0014 0016 0014 0016 0014 0016 003e 0016 0014 0016 003e 0016 003e 0016 003e 0016 003e 0016 003e 0016 003e 0016 0014 0016 003e 0016 05e5 0152 0054 0016 0e20
VCR3/DVD	0000 006d 0022 0002 0153 00a9 0016 003f 0016 0014 0016 003f 0016 003f 0016 003f 0016 003f 0016 003f 0016 0014 0016 0014 0016 003f 0016 0014 0016 0014 0016 0014 0016 0014 0016 0014 0016 003f 0016 003f 0016 0014 0016 003f 0016 0014 0016 0014 0016 0014 0016 0014 0016 003f 0016 0014 0016 003f 0016 0014 0016 003f 0016 003f 0016 003f 0016 003f 0016 0014 0016 05e8 0153 0054 0016 0e26
VCR1	0000 006d 0022 0002 0153 00a9 0016 003f 0016 0014 0016 003f 0016 003f 0016 003f 0016 003f 0016 003f 0016 0014 0016 0014 0016 003f 0016 0014 0016 0014 0016 0014 0016 0014 0016 0014 0016 003f 0016 003f 0016 0014 0016 0014 0016 0014 0016 0014 0016 0014 0016 0014 0016 003f 0016 0014 0016 003f 0016 003f 0016 003f 0016 003f 0016 003f 0016 003f 0016 0014 0016 05e8 0153 0054 0016 0e26
VCR2	0000 006d 0022 0002 0153 00a9 0016 003f 0016 0014 0016 003f 0016 003f 0016 003f 0016 003f 0016 003f 0016 0014 0016 0014 0016 003f 0016 0014 0016 0014 0016 0014 0016 0014 0016 0014 0016 003f 0016 0014 0016 003f 0016 0014 0016 0014 0016 0014 0016 0014 0016 0014 0016 003f 0016 003f 0016 0014 0016 003f 0016 003f 0016 003f 0016 003f 0016 003f 0016 0014 0016 05e8 0153 0054 0016 0e26
LD	0000 006d 0022 0002 0153 00a9 0016 003f 0016 0014 0016 003f 0016 003f 0016 003f 0016 003f 0016 003f 0016 0014 0016 0014 0016 003f 0016 0014 0016 0014 0016 0014 0016 0014 0016 0014 0016 003f 0016 003f 0016 003f 0016 0014 0016 0014 0016 0014 0016 0014 0016 0014 0016 003f 0016 0014 0016 0014 0016 003f 0016 003f 0016 003f 0016 003f 0016 003f 0016 0014 0016 05e8 0153 0054 0016 0e26
CD	0000 006d 0022 0002 0152 00a9 0016 0014 0016 003e 0016 0014 0016 003e 0016 003e 0016 003e 0016 003e 0016 0014 0016 003e 0016 0014 0016 003e 0016 0014 0016 0014 0016 0014 0016 0014 0016 003e 0016 003e 0016 0014 0016 003e 0016 0014 0016 003e 0016 0014 0016 0014 0016 0014 0016 0014 0016 003e 0016 0014 0016 003e 0016 0014 0016 003e 0016 003e 0016 003e 0016 05e5 0152 0054 0016 0e20
Tuner	0000 006d 0022 0002 0153 00a9 0016 003f 0016 0014 0016 003f 0016 003f 0016 003f 0016 003f 0016 003f 0016 0014 0016 0014 0016 003f 0016 0014 0016 0014 0016 0014 0016 0014 0016 0014 0016 003f 0016 003f 0016 0014 0016 0014 0016 003f 0016 0014 0016 0014 0016 0014 0016 003f 0016 0014 0016 003f 0016 003f 0016 0014 0016 003f 0016 003f 0016 003f 0016 0014 0016 05e8 0153 0054 0016 0e26
TV/Dbs	0000 006d 0022 0002 0153 00a9 0016 003f 0016 0014 0016 003f 0016 003f 0016 003f 0016 003f 0016 003f 0016 0014 0016 0014 0016 003f 0016 0014 0016 0014 0016 0014 0016 0014 0016 0014 0016 003f 0016 0014 0016 0014 0016 003f 0016 0014 0016 0014 0016 0014 0016 0014 0016 003f 0016 003f 0016 003f 0016 0014 0016 003f 0016 003f 0016 003f 0016 003f 0016 0014 0016 05e8 0153 0054 0016 0e26
1	0000 006d 0022 0002 0153 00a9 0016 003f 0016 0014 0016 003f 0016 003f 0016 003f 0016 003f 0016 003f 0016 0014 0016 0014 0016 003f 0016 0014 0016 0014 0016 0014 0016 0014 0016 0014 0016 003f 0016 0014 0016 0014 0016 0014 0016 0014 0016 003f 0016 0014 0016 003f 0016 003f 0016 003f 0016 003f 0016 003f 0016 003f 0016 0014 0016 003f 0016 0014 0016 0014 0016 05e8 0153 0054 0016 0e26
2	0000 006d 0022 0002 0153 00a9 0016 003f 0016 0014 0016 003f 0016 003f 0016 003f 0016 003f 0016 003f 0016 0014 0016 0014 0016 003f 0016 0014 0016 0014 0016 0014 0016 0014 0016 0014 0016 003f 0016 003f 0016 0014 0016 0014 0016 0014 0016 003f 0016 0014 0016 003f 0016 003f 0016 0014 0016 003f 0016 003f 0016 003f 0016 0014 0016 003f 0016 0014 0016 0014 0016 05e8 0153 0054 0016 0e26
3	0000 006d 0022 0002 0153 00a9 0016 003f 0016 0014 0016 003f 0016 003f 0016 003f 0016 003f 0016 003f 0016 0014 0016 0014 0016 003f 0016 0014 0016 0014 0016 0014 0016 0014 0016 0014 0016 003f 0016 0014 0016 003f 0016 0014 0016 0014 0016 003f 0016 0014 0016 003f 0016 003f 0016 003f 0016 0014 0016 003f 0016 003f 0016 0014 0016 003f 0016 0014 0016 0014 0016 05e8 0153 0054 0016 0e26
4	0000 006d 0022 0002 0153 00a9 0016 003f 0016 0014 0016 003f 0016 003f 0016 003f 0016 003f 0016 003f 0016 0014 0016 0014 0016 003f 0016 0014 0016 0014 0016 0014 0016 0014 0016 0014 0016 003f 0016 003f 0016 003f 0016 0014 0016 0014 0016 003f 0016 0014 0016 003f 0016 003f 0016 0014 0016 0014 0016 003f 0016 003f 0016 0014 0016 003f 0016 0014 0016 0014 0016 05e8 0153 0054 0016 0e26
5	0000 006d 0022 0002 0153 00a9 0016 003f 0016 0014 0016 003f 0016 003f 0016 003f 0016 003f 0016 003f 0016 0014 0016 0014 0016 003f 0016 0014 0016 0014 0016 0014 0016 0014 0016 0014 0016 003f 0016 0014 0016 0014 0016 003f 0016 0014 0016 003f 0016 0014 0016 003f 0016 003f 0016 003f 0016 003f 0016 0014 0016 003f 0016 0014 0016 003f 0016 0014 0016 0014 0016 05e8 0153 0054 0016 0e26
6	0000 006d 0022 0002 0153 00a9 0016 003f 0016 0014 0016 003f 0016 003f 0016 003f 0016 003f 0016 003f 0016 0014 0016 0014 0016 003f 0016 0014 0016 0014 0016 0014 0016 0014 0016 0014 0016 003f 0016 003f 0016 0014 0016 003f 0016 0014 0016 003f 0016 0014 0016 003f 0016 003f 0016 0014 0016 003f 0016 0014 0016 003f 0016 0014 0016 003f 0016 0014 0016 0014 0016 05e8 0153 0054 0016 0e26
7	0000 006d 0022 0002 0153 00a9 0016 003f 0016 0014 0016 003f 0016 003f 0016 003f 0016 003f 0016 003f 0016 0014 0016 0014 0016 003f 0016 0014 0016 0014 0016 0014 0016 0014 0016 0014 0016 003f 0016 0014 0016 003f 0016 003f 0016 0014 0016 003f 0016 0014 0016 003f 0016 003f 0016 003f 0016 0014 0016 0014 0016 003f 0016 0014 0016 003f 0016 0014 0016 0014 0016 05e8 0153 0054 0016 0e26
8	0000 006d 0022 0002 0153 00a9 0016 003f 0016 0014 0016 003f 0016 003f 0016 003f 0016 003f 0016 003f 0016 0014 0016 0014 0016 003f 0016 0014 0016 0014 0016 0014 0016 0014 0016 0014 0016 003f 0016 003f 0016 003f 0016 003f 0016 0014 0016 003f 0016 0014 0016 003f 0016 003f 0016 0014 0016 0014 0016 0014 0016 003f 0016 0014 0016 003f 0016 0014 0016 0014 0016 05e8 0153 0054 0016 0e26
9	0000 006d 0022 0002 0153 00a9 0016 003f 0016 0014 0016 003f 0016 003f 0016 003f 0016 003f 0016 003f 0016 0014 0016 0014 0016 003f 0016 0014 0016 0014 0016 0014 0016 0014 0016 0014 0016 003f 0016 0014 0016 0014 0016 0014 0016 003f 0016 003f 0016 0014 0016 003f 0016 003f 0016 003f 0016 003f 0016 003f 0016 0014 0016 0014 0016 003f 0016 0014 0016 0014 0016 05e8 0153 0054 0016 0e26
10	0000 006d 0022 0002 0153 00a9 0016 003f 0016 0014 0016 003f 0016 003f 0016 003f 0016 003f 0016 003f 0016 0014 0016 0014 0016 003f 0016 0014 0016 0014 0016 0014 0016 0014 0016 0014 0016 003f 0016 003f 0016 0014 0016 0014 0016 003f 0016 003f 0016 0014 0016 003f 0016 003f 0016 0014 0016 003f 0016 003f 0016 0014 0016 0014 0016 003f 0016 0014 0016 0014 0016 05e8 0153 0054 0016 0e26
Front Level+	0000 006d 0022 0002 0153 00a9 0016 003f 0016 0014 0016 003f 0016 003f 0016 003f 0016 003f 0016 003f 0016 0014 0016 0014 0016 003f 0016 0014 0016 0014 0016 0014 0016 0014 0016 0014 0016 003f 0016 003f 0016 0014 0016 003f 0016 003f 0016 0014 0016 0014 0016 003f 0016 003f 0016 0014 0016 003f 0016 0014 0016 0014 0016 003f 0016 003f 0016 0014 0016 0014 0016 05e8 0153 0054 0016 0e26
Front Level-	0000 006d 0022 0002 0153 00a9 0016 003f 0016 0014 0016 003f 0016 003f 0016 003f 0016 003f 0016 003f 0016 0014 0016 0014 0016 003f 0016 0014 0016 0014 0016 0014 0016 0014 0016 0014 0016 003f 0016 0014 0016 003f 0016 003f 0016 003f 0016 0014 0016 0014 0016 003f 0016 003f 0016 003f 0016 0014 0016 0014 0016 0014 0016 003f 0016 003f 0016 0014 0016 0014 0016 05e8 0153 0054 0016 0e26
Center Level+	0000 006d 0022 0002 0153 00a9 0016 003f 0016 0014 0016 003f 0016 003f 0016 003f 0016 003f 0016 003f 0016 0014 0016 0014 0016 003f 0016 0014 0016 0014 0016 0014 0016 0014 0016 0014 0016 003f 0016 003f 0016 003f 0016 0014 0016 003f 0016 0014 0016 0014 0016 003f 0016 003f 0016 0014 0016 0014 0016 003f 0016 0014 0016 003f 0016 003f 0016 0014 0016 0014 0016 05e8 0153 0054 0016 0e26
Center Level-	0000 006d 0022 0002 0153 00a9 0016 003f 0016 0014 0016 003f 0016 003f 0016 003f 0016 003f 0016 003f 0016 0014 0016 0014 0016 003f 0016 0014 0016 0014 0016 0014 0016 0014 0016 0014 0016 003f 0016 0014 0016 0014 0016 003f 0016 003f 0016 0014 0016 0014 0016 003f 0016 003f 0016 003f 0016 003f 0016 0014 0016 0014 0016 003f 0016 003f 0016 0014 0016 0014 0016 05e8 0153 0054 0016 0e26
Rear Level+	0000 006d 0022 0002 0153 00a9 0016 003f 0016 0014 0016 003f 0016 003f 0016 003f 0016 003f 0016 003f 0016 0014 0016 0014 0016 003f 0016 0014 0016 0014 0016 0014 0016 0014 0016 0014 0016 003f 0016 0014 0016 0014 0016 0014 0016 003f 0016 0014 0016 0014 0016 003f 0016 003f 0016 003f 0016 003f 0016 003f 0016 0014 0016 003f 0016 003f 0016 0014 0016 0014 0016 05e8 0153 0054 0016 0e26
Rear Level-	0000 006d 0022 0002 0153 00a9 0016 003f 0016 0014 0016 003f 0016 003f 0016 003f 0016 003f 0016 003f 0016 0014 0016 0014 0016 003f 0016 0014 0016 0014 0016 0014 0016 0014 0016 0014 0016 003f 0016 003f 0016 0014 0016 0014 0016 003f 0016 0014 0016 0014 0016 003f 0016 003f 0016 0014 0016 003f 0016 003f 0016 0014 0016 003f 0016 003f 0016 0014 0016 0014 0016 05e8 0153 0054 0016 0e26
Vol+	0000 006d 0022 0002 0153 00a9 0016 003f 0016 0014 0016 003f 0016 003f 0016 003f 0016 003f 0016 003f 0016 0014 0016 0014 0016 003f 0016 0014 0016 0014 0016 0014 0016 0014 0016 0014 0016 003f 0016 003f 0016 0014 0016 003f 0016 003f 0016 0014 0016 0014 0016 0014 0016 003f 0016 0014 0016 003f 0016 0014 0016 0014 0016 003f 0016 003f 0016 003f 0016 0014 0016 05e8 0153 0054 0016 0e26
Vol-	0000 006d 0022 0002 0153 00a9 0016 003f 0016 0014 0016 003f 0016 003f 0016 003f 0016 003f 0016 003f 0016 0014 0016 0014 0016 003f 0016 0014 0016 0014 0016 0014 0016 0014 0016 0014 0016 003f 0016 0014 0016 003f 0016 003f 0016 003f 0016 0014 0016 0014 0016 0014 0016 003f 0016 003f 0016 0014 0016 0014 0016 0014 0016 003f 0016 003f 0016 003f 0016 0014 0016 05e8 0153 0054 0016 0e26
Test	0000 006d 0022 0002 0153 00a9 0016 003f 0016 0014 0016 003f 0016 003f 0016 003f 0016 003f 0016 003f 0016 0014 0016 0014 0016 003f 0016 0014 0016 0014 0016 0014 0016 0014 0016 0014 0016 003f 0016 0014 0016 003f 0016 0014 0016 003f 0016 0014 0016 0014 0016 003f 0016 003f 0016 003f 0016 0014 0016 003f 0016 0014 0016 003f 0016 003f 0016 0014 0016 0014 0016 05e8 0153 0054 0016 0e26
On Screen	0000 006d 0022 0002 0153 00a9 0016 003f 0016 0014 0016 003f 0016 003f 0016 003f 0016 003f 0016 003f 0016 0014 0016 0014 0016 003f 0016 0014 0016 0014 0016 0014 0016 0014 0016 0014 0016 003f 0016 0014 0016 003f 0016 0014 0016 0014 0016 0014 0016 0014 0016 003f 0016 003f 0016 003f 0016 0014 0016 003f 0016 003f 0016 003f 0016 003f 0016 0014 0016 0014 0016 05e8 0153 0054 0016 0e26
Effect On/Off	0000 006d 0022 0002 0153 00a9 0016 003f 0016 0014 0016 003f 0016 003f 0016 003f 0016 003f 0016 003f 0016 0014 0016 0014 0016 003f 0016 0014 0016 0014 0016 0014 0016 0014 0016 0014 0016 003f 0016 003f 0016 0014 0016 0014 0016 0014 0016 0014 0016 0014 0016 003f 0016 003f 0016 0014 0016 003f 0016 003f 0016 003f 0016 003f 0016 003f 0016 0014 0016 0014 0016 05e8 0153 0054 0016 0e26
Mute	0000 006d 0022 0002 0153 00a9 0016 003f 0016 0014 0016 003f 0016 003f 0016 003f 0016 003f 0016 003f 0016 0014 0016 0014 0016 003f 0016 0014 0016 0014 0016 0014 0016 0014 0016 0014 0016 003f 0016 0014 0016 0014 0016 003f 0016 0014 0016 003f 0016 0014 0016 0014 0016 003f 0016 003f 0016 003f 0016 0014 0016 003f 0016 0014 0016 003f 0016 003f 0016 0014 0016 05e8 0153 0054 0016 0e26
VCR1 Display	0000 006d 0022 0002 0153 00a9 0016 003f 0016 0014 0016 0014 0016 003f 0016 003f 0016 003f 0016 003f 0016 0014 0016 0014 0016 003f 0016 003f 0016 0014 0016 0014 0016 0014 0016 0014 0016 003f 0016 0014 0016 003f 0016 0014 0016 003f 0016 0014 0016 0014 0016 0014 0016 0014 0016 003f 0016 0014 0016 003f 0016 0014 0016 003f 0016 003f 0016 003f 0016 003f 0016 05e8 0153 0054 0016 0e26
11	0000 006d 0022 0002 0153 00a9 0016 003e 0016 0014 0016 003e 0016 003e 0016 003e 0016 003e 0016 003e 0016 0014 0016 0014 0016 003e 0016 0014 0016 0014 0016 0014 0016 0014 0016 0014 0016 003e 0016 0014 0016 003e 0016 0014 0016 003e 0016 003e 0016 0014 0016 003e 0016 003e 0016 003e 0016 0014 0016 003e 0016 0014 0016 0014 0016 003e 0016 0014 0016 0014 0016 05e6 0153 0054 0016 0e22
12	0000 006d 0022 0002 0153 00a9 0016 003e 0016 0014 0016 003e 0016 003e 0016 003e 0016 003e 0016 003e 0016 0014 0016 0014 0016 003e 0016 0014 0016 0014 0016 0014 0016 0014 0016 0014 0016 003e 0016 003e 0016 003e 0016 0014 0016 003e 0016 003e 0016 0014 0016 003e 0016 003e 0016 0014 0016 0014 0016 003f 0016 0014 0016 0014 0016 003e 0016 0014 0016 0014 0016 05e6 0153 0054 0016 0e22
Cursor Up	0000 006d 0022 0002 0153 00a9 0016 003e 0016 0014 0016 003e 0016 003e 0016 003e 0016 003e 0016 003e 0016 0014 0016 0014 0016 003e 0016 0014 0016 0014 0016 0014 0016 0014 0016 0014 0016 003e 0016 003e 0016 0014 0016 003e 0016 003e 0016 003e 0016 0014 0016 0014 0016 003e 0016 0014 0016 003e 0016 0014 0016 0014 0016 0014 0016 003e 0016 003e 0016 0014 0016 05e6 0153 0054 0016 0e22
Cursor Down	0000 006d 0022 0002 0153 00a9 0016 003e 0016 0014 0016 003e 0016 003e 0016 003e 0016 003e 0016 003e 0016 0014 0016 0014 0016 003e 0016 0014 0016 0014 0016 0014 0016 0014 0016 0014 0016 003e 0016 0014 0016 0014 0016 003e 0016 003e 0016 003e 0016 0014 0016 0014 0016 003e 0016 003e 0016 003e 0016 0014 0016 0014 0016 0014 0016 003e 0016 003e 0016 0014 0016 05e6 0153 0054 0016 0e22
Cursor+	0000 006d 0022 0002 0153 00a9 0016 003e 0016 0014 0016 003e 0016 003e 0016 003e 0016 003e 0016 003e 0016 0014 0016 0014 0016 003e 0016 0014 0016 0014 0016 0014 0016 0014 0016 0014 0016 003e 0016 0014 0016 003e 0016 003e 0016 003e 0016 003e 0016 0014 0016 0014 0016 003e 0016 003e 0016 0014 0016 0014 0016 0014 0016 0014 0016 003e 0016 003e 0016 0014 0016 05e6 0153 0054 0016 0e22
Cursor-	0000 006d 0022 0002 0153 00a9 0016 003e 0016 0014 0016 003e 0016 003e 0016 003e 0016 003e 0016 003e 0016 0014 0016 0014 0016 003e 0016 0014 0016 0014 0016 0014 0016 0014 0016 0014 0016 003e 0016 003e 0016 003e 0016 003e 0016 003e 0016 003e 0016 0014 0016 0014 0016 003e 0016 0014 0016 0014 0016 0014 0016 0014 0016 0014 0016 003e 0016 003e 0016 0014 0016 05e6 0153 0054 0016 0e22
