Power	0000 006D 0000 0002 0000 00AA 0000 0015 0000 0015 0000 003F 0000 0040 0000 0040 0000 003F 0000 0040 0000 0015 0000 0040 0000 0040 0000 0015 0000 0015 0000 0015 0000 0015 0000 0015 0000 0040 0000 0040 0000 003F 0000 0040 0000 0015 0000 0015 0000 0015 0000 0040 0000 0015 0000 0015 0000 0015 0000 0015 0000 0040 0000 003F 0000 0040 0000 0015 0000 0040 0000 05E4 0000 0055 0000 0E30
Eject	0000 006D 0000 0002 0000 00AA 0000 0015 0000 0015 0000 003F 0000 0040 0000 0040 0000 003F 0000 0040 0000 0015 0000 0040 0000 0040 0000 0015 0000 0015 0000 0015 0000 0015 0000 0015 0000 0040 0000 0040 0000 0015 0000 0015 0000 0040 0000 0015 0000 0015 0000 003F 0000 0015 0000 0015 0000 0040 0000 003F 0000 0015 0000 003F 0000 0040 0000 0015 0000 0040 0000 05E4 0000 0055 0000 0E30
Audio	0000 006D 0000 0002 0000 00AA 0000 0015 0000 0015 0000 0040 0000 003F 0000 0040 0000 0040 0000 003F 0000 0015 0000 003F 0000 0040 0000 0015 0000 0015 0000 0015 0000 0015 0000 0015 0000 003F 0000 0015 0000 003F 0000 0015 0000 0015 0000 0040 0000 0015 0000 0015 0000 0015 0000 003F 0000 0015 0000 003F 0000 0040 0000 0015 0000 0040 0000 0040 0000 003F 0000 05E4 0000 0055 0000 0E30
Play	0000 006D 0000 0002 0000 00AA 0000 0015 0000 0015 0000 003F 0000 0040 0000 0040 0000 003F 0000 0040 0000 0015 0000 0040 0000 0040 0000 0015 0000 0015 0000 0015 0000 0015 0000 0015 0000 0040 0000 0040 0000 0015 0000 0040 0000 0015 0000 0015 0000 0015 0000 0015 0000 0015 0000 0015 0000 003F 0000 0015 0000 003F 0000 0040 0000 0040 0000 003F 0000 0040 0000 05E4 0000 0055 0000 0E30
Stop	0000 006D 0000 0002 0000 00AA 0000 0015 0000 0015 0000 0040 0000 0040 0000 003F 0000 0040 0000 0040 0000 0015 0000 0040 0000 003F 0000 0015 0000 0015 0000 0015 0000 0015 0000 0015 0000 0040 0000 003F 0000 0040 0000 0015 0000 0040 0000 0040 0000 0015 0000 0040 0000 0015 0000 0015 0000 0015 0000 003F 0000 0015 0000 0015 0000 0040 0000 0015 0000 0040 0000 05E3 0000 0055 0000 0E30
Pause	0000 006D 0000 0002 0000 00AA 0000 0015 0000 0015 0000 003F 0000 0040 0000 0040 0000 003F 0000 0040 0000 0015 0000 0040 0000 0040 0000 0015 0000 0015 0000 0015 0000 0015 0000 0015 0000 0040 0000 0015 0000 0040 0000 0015 0000 0040 0000 0040 0000 0015 0000 0040 0000 0015 0000 0040 0000 0015 0000 0040 0000 0015 0000 0015 0000 0040 0000 0015 0000 0040 0000 05E4 0000 0055 0000 0E30
Key Ctrl Flat	0000 006D 0000 0002 0000 00AA 0000 0015 0000 0015 0000 003F 0000 0040 0000 0040 0000 003F 0000 0040 0000 0015 0000 0040 0000 0040 0000 0015 0000 0015 0000 0015 0000 0015 0000 0015 0000 0040 0000 0040 0000 0015 0000 0040 0000 0015 0000 0015 0000 0040 0000 0040 0000 0015 0000 0015 0000 0040 0000 0015 0000 0040 0000 0040 0000 0015 0000 0015 0000 0040 0000 05E4 0000 0055 0000 0E30
Key Ctrl #	0000 006D 0000 0002 0000 00AA 0000 0015 0000 0015 0000 0040 0000 0040 0000 003F 0000 0040 0000 0040 0000 0015 0000 0040 0000 003F 0000 0015 0000 0015 0000 0015 0000 0015 0000 0015 0000 0040 0000 003F 0000 0040 0000 0040 0000 0015 0000 0015 0000 0040 0000 0040 0000 0015 0000 0015 0000 0015 0000 0015 0000 0040 0000 003F 0000 0015 0000 0015 0000 0040 0000 05E3 0000 0055 0000 0E30
F Srch	0000 006D 0000 0002 0000 00AA 0000 0015 0000 0015 0000 003F 0000 0040 0000 0040 0000 003F 0000 0040 0000 0015 0000 0040 0000 0040 0000 0015 0000 0015 0000 0015 0000 0015 0000 0015 0000 0040 0000 0040 0000 003F 0000 0040 0000 0015 0000 0015 0000 0015 0000 0015 0000 0015 0000 0015 0000 0015 0000 0015 0000 003F 0000 0040 0000 0040 0000 003F 0000 0040 0000 05E4 0000 0055 0000 0E30
R Srch	0000 006D 0000 0002 0000 00AA 0000 0015 0000 0015 0000 0040 0000 0040 0000 003F 0000 0040 0000 0040 0000 0015 0000 0040 0000 003F 0000 0015 0000 0015 0000 0015 0000 0015 0000 0015 0000 0040 0000 0015 0000 0040 0000 003F 0000 0015 0000 0015 0000 0015 0000 0015 0000 0015 0000 0040 0000 0015 0000 0015 0000 0040 0000 0040 0000 003F 0000 0040 0000 0040 0000 05E3 0000 0055 0000 0E30
F Step	0000 006D 0000 0002 0000 00AA 0000 0015 0000 0015 0000 0040 0000 003F 0000 0040 0000 0040 0000 003F 0000 0015 0000 003F 0000 0040 0000 0015 0000 0015 0000 0015 0000 0015 0000 0015 0000 003F 0000 0040 0000 0040 0000 0015 0000 0040 0000 0015 0000 0015 0000 0015 0000 0015 0000 0015 0000 0015 0000 003F 0000 0015 0000 003F 0000 0040 0000 0040 0000 003F 0000 05E4 0000 0055 0000 0E30
R Step	0000 006D 0000 0002 0000 00AA 0000 0015 0000 0015 0000 0040 0000 003F 0000 0040 0000 0040 0000 003F 0000 0015 0000 003F 0000 0040 0000 0015 0000 0015 0000 0015 0000 0015 0000 0015 0000 003F 0000 0015 0000 003F 0000 0015 0000 003F 0000 0015 0000 0015 0000 0015 0000 0015 0000 003F 0000 0015 0000 003F 0000 0015 0000 003F 0000 0040 0000 0040 0000 003F 0000 05E4 0000 0055 0000 0E30
Clear	0000 006D 0000 0002 0000 00AA 0000 0015 0000 0015 0000 0040 0000 003F 0000 0040 0000 0040 0000 003F 0000 0015 0000 003F 0000 0040 0000 0015 0000 0015 0000 0015 0000 0015 0000 0015 0000 003F 0000 0015 0000 003F 0000 0040 0000 0040 0000 003F 0000 0015 0000 003F 0000 0015 0000 003F 0000 0015 0000 0015 0000 0015 0000 0015 0000 003F 0000 0015 0000 003F 0000 05E4 0000 0055 0000 0E30
Multi &gt;	0000 006D 0000 0002 0000 00AA 0000 0015 0000 0015 0000 003F 0000 0040 0000 0040 0000 003F 0000 0040 0000 0015 0000 0040 0000 0040 0000 0015 0000 0015 0000 0015 0000 0015 0000 0015 0000 0040 0000 0040 0000 003F 0000 0040 0000 0040 0000 0015 0000 0015 0000 0015 0000 0015 0000 0015 0000 0015 0000 0015 0000 0015 0000 0040 0000 0040 0000 003F 0000 0040 0000 05E4 0000 0055 0000 0E30
Multi &lt;	0000 006D 0000 0024 0000 00AA 0000 0015 0000 0015 0000 003F 0000 0040 0000 0040 0000 003F 0000 0040 0000 0015 0000 0040 0000 0040 0000 0015 0000 0015 0000 0015 0000 0015 0000 0015 0000 0040 0000 0015 0000 0040 0000 0040 0000 003F 0000 0015 0000 0015 0000 0015 0000 0015 0000 003F 0000 0015 0000 0015 0000 0015 0000 0040 0000 0040 0000 003F 0000 0040 0000 05E4 0000 0055 0000 12FF
A	0000 006D 0000 0002 0000 00AA 0000 0015 0000 0015 0000 0040 0000 0040 0000 003F 0000 0040 0000 0040 0000 0015 0000 0040 0000 003F 0000 0015 0000 0015 0000 0015 0000 0015 0000 0015 0000 0040 0000 0015 0000 0015 0000 0040 0000 0040 0000 0015 0000 0015 0000 0040 0000 0015 0000 0040 0000 0040 0000 0015 0000 0015 0000 0040 0000 0040 0000 0015 0000 0040 0000 05E3 0000 0055 0000 0E30
B	0000 006D 0000 0002 0000 00AA 0000 0015 0000 0015 0000 003F 0000 0040 0000 0040 0000 003F 0000 0040 0000 0015 0000 0040 0000 0040 0000 0015 0000 0015 0000 0015 0000 0015 0000 0015 0000 0040 0000 0040 0000 0015 0000 0040 0000 003F 0000 0015 0000 0015 0000 0040 0000 0015 0000 0015 0000 0040 0000 0015 0000 0015 0000 003F 0000 0040 0000 0015 0000 0040 0000 05E4 0000 0055 0000 0E30
R Chap	0000 006D 0000 0002 0000 00AA 0000 0015 0000 0015 0000 003F 0000 0040 0000 0040 0000 003F 0000 0040 0000 0015 0000 0040 0000 0040 0000 0015 0000 0015 0000 0015 0000 0015 0000 0015 0000 0040 0000 0015 0000 0040 0000 0015 0000 0015 0000 0015 0000 0015 0000 0015 0000 0015 0000 0040 0000 0015 0000 0040 0000 003F 0000 0040 0000 0040 0000 003F 0000 0040 0000 05E4 0000 0055 0000 0E30
F Chap	0000 006D 0000 0002 0000 00AA 0000 0015 0000 0015 0000 0040 0000 0040 0000 003F 0000 0040 0000 0040 0000 0015 0000 0040 0000 003F 0000 0015 0000 0015 0000 0015 0000 0015 0000 0015 0000 0040 0000 003F 0000 0040 0000 0015 0000 0015 0000 0015 0000 0015 0000 0015 0000 0015 0000 0015 0000 0015 0000 003F 0000 0040 0000 0040 0000 003F 0000 0040 0000 0040 0000 05E3 0000 0055 0000 0E30
Random	0000 006D 0000 0002 0000 00AA 0000 0015 0000 0015 0000 0040 0000 003F 0000 0040 0000 0040 0000 003F 0000 0015 0000 003F 0000 0040 0000 0015 0000 0015 0000 0015 0000 0015 0000 0015 0000 003F 0000 0015 0000 0015 0000 0015 0000 0015 0000 003F 0000 0015 0000 003F 0000 0015 0000 003F 0000 0040 0000 0040 0000 003F 0000 0015 0000 003F 0000 0015 0000 003F 0000 05E4 0000 0055 0000 0E30
Hilite/Intro	0000 006D 0000 0002 0000 00AA 0000 0015 0000 0015 0000 0040 0000 003F 0000 0040 0000 0040 0000 003F 0000 0015 0000 003F 0000 0040 0000 0015 0000 0015 0000 0015 0000 0015 0000 0015 0000 003F 0000 0015 0000 003F 0000 0040 0000 0040 0000 0015 0000 0015 0000 0040 0000 0015 0000 0040 0000 0015 0000 0015 0000 0015 0000 0040 0000 003F 0000 0015 0000 003F 0000 05E4 0000 0055 0000 0E30
1	0000 006D 0000 0002 0000 00AA 0000 0015 0000 0015 0000 003F 0000 0040 0000 0040 0000 003F 0000 0040 0000 0015 0000 0040 0000 0040 0000 0015 0000 0015 0000 0015 0000 0015 0000 0015 0000 0040 0000 0040 0000 003F 0000 0040 0000 0015 0000 0040 0000 0015 0000 0015 0000 0015 0000 0015 0000 0015 0000 0015 0000 0040 0000 0015 0000 0040 0000 003F 0000 0040 0000 05E4 0000 0055 0000 0E30
2	0000 006D 0000 0002 0000 00AA 0000 0015 0000 0015 0000 0040 0000 0040 0000 003F 0000 0040 0000 0040 0000 0015 0000 0040 0000 003F 0000 0015 0000 0015 0000 0015 0000 0015 0000 0015 0000 0040 0000 0015 0000 0015 0000 0015 0000 003F 0000 0040 0000 0015 0000 0015 0000 0015 0000 0040 0000 003F 0000 0040 0000 0015 0000 0015 0000 003F 0000 0040 0000 0040 0000 05E3 0000 0055 0000 0E30
3	0000 006D 0000 0002 0000 00AA 0000 0015 0000 0015 0000 0040 0000 003F 0000 0040 0000 0040 0000 003F 0000 0015 0000 003F 0000 0040 0000 0015 0000 0015 0000 0015 0000 0015 0000 0015 0000 003F 0000 0040 0000 0015 0000 0015 0000 003F 0000 0040 0000 0015 0000 0015 0000 0015 0000 0015 0000 0040 0000 0040 0000 0015 0000 0015 0000 0040 0000 0040 0000 003F 0000 05E4 0000 0055 0000 0E30
4	0000 006D 0000 0002 0000 00AA 0000 0015 0000 0015 0000 003F 0000 0040 0000 0040 0000 003F 0000 0040 0000 0015 0000 0040 0000 0040 0000 0015 0000 0015 0000 0015 0000 0015 0000 0015 0000 0040 0000 0015 0000 0040 0000 0015 0000 0040 0000 0040 0000 0015 0000 0015 0000 0015 0000 003F 0000 0015 0000 003F 0000 0015 0000 0015 0000 0040 0000 003F 0000 0040 0000 05E4 0000 0055 0000 0E30
5	0000 006D 0000 0002 0000 00AA 0000 0015 0000 0015 0000 0040 0000 003F 0000 0040 0000 0040 0000 003F 0000 0015 0000 003F 0000 0040 0000 0015 0000 0015 0000 0015 0000 0015 0000 0015 0000 003F 0000 0040 0000 0040 0000 0015 0000 0040 0000 003F 0000 0015 0000 0015 0000 0015 0000 0015 0000 0015 0000 0040 0000 0015 0000 0015 0000 0040 0000 0040 0000 003F 0000 05E4 0000 0055 0000 0E30
6	0000 006D 0000 0002 0000 00AA 0000 0015 0000 0015 0000 003F 0000 0040 0000 0040 0000 003F 0000 0040 0000 0015 0000 0040 0000 0040 0000 0015 0000 0015 0000 0015 0000 0015 0000 0015 0000 0040 0000 0015 0000 0015 0000 003F 0000 0040 0000 0040 0000 0015 0000 0015 0000 0015 0000 003F 0000 0040 0000 0015 0000 0015 0000 0015 0000 0040 0000 003F 0000 0040 0000 05E4 0000 0055 0000 0E30
7	0000 006D 0000 0002 0000 00AA 0000 0015 0000 0015 0000 003F 0000 0040 0000 0040 0000 003F 0000 0040 0000 0015 0000 0040 0000 0040 0000 0015 0000 0015 0000 0015 0000 0015 0000 0015 0000 0040 0000 0040 0000 0015 0000 0040 0000 003F 0000 0040 0000 0015 0000 0015 0000 0015 0000 0015 0000 0040 0000 0015 0000 0015 0000 0015 0000 0040 0000 003F 0000 0040 0000 05E4 0000 0055 0000 0E30
8	0000 006D 0000 0002 0000 00AA 0000 0015 0000 0015 0000 0040 0000 0040 0000 003F 0000 0040 0000 0040 0000 0015 0000 0040 0000 003F 0000 0015 0000 0015 0000 0015 0000 0015 0000 0015 0000 0040 0000 0015 0000 0040 0000 003F 0000 0040 0000 0040 0000 0015 0000 0015 0000 0015 0000 003F 0000 0015 0000 0015 0000 0015 0000 0015 0000 003F 0000 0040 0000 0040 0000 05E3 0000 0055 0000 0E30
9	0000 006D 0000 0002 0000 00AA 0000 0015 0000 0015 0000 0040 0000 003F 0000 0040 0000 0040 0000 003F 0000 0015 0000 003F 0000 0040 0000 0015 0000 0015 0000 0015 0000 0015 0000 0015 0000 003F 0000 0040 0000 0040 0000 003F 0000 0040 0000 0040 0000 0015 0000 0015 0000 0015 0000 0015 0000 0015 0000 0015 0000 0015 0000 0015 0000 0040 0000 0040 0000 003F 0000 05E4 0000 0055 0000 0E30
0	0000 006D 0000 0002 0000 00AA 0000 0015 0000 0015 0000 0040 0000 0040 0000 003F 0000 0040 0000 0040 0000 0015 0000 0040 0000 003F 0000 0015 0000 0015 0000 0015 0000 0015 0000 0015 0000 0040 0000 0015 0000 0040 0000 003F 0000 0015 0000 003F 0000 0015 0000 0015 0000 0015 0000 0040 0000 0015 0000 0015 0000 003F 0000 0015 0000 003F 0000 0040 0000 0040 0000 05E3 0000 0055 0000 0E30
+10	0000 006D 0000 0002 0000 00AA 0000 0015 0000 0015 0000 0040 0000 003F 0000 0040 0000 0040 0000 003F 0000 0015 0000 003F 0000 0040 0000 0015 0000 0015 0000 0015 0000 0015 0000 0015 0000 003F 0000 0040 0000 0015 0000 0040 0000 0040 0000 003F 0000 0015 0000 003F 0000 0015 0000 0015 0000 0040 0000 0015 0000 0015 0000 0015 0000 003F 0000 0015 0000 003F 0000 05E4 0000 0055 0000 0E30
Repeat	0000 006D 0000 0002 0000 00AA 0000 0015 0000 0015 0000 0040 0000 0040 0000 003F 0000 0040 0000 0040 0000 0015 0000 0040 0000 003F 0000 0015 0000 0015 0000 0015 0000 0015 0000 0015 0000 0040 0000 0015 0000 0015 0000 0015 0000 0015 0000 0040 0000 0015 0000 0015 0000 0015 0000 003F 0000 0040 0000 0040 0000 003F 0000 0015 0000 003F 0000 0040 0000 0040 0000 05E3 0000 0055 0000 0E30
A/B	0000 006D 0000 0002 0000 00AA 0000 0015 0000 0015 0000 0040 0000 003F 0000 0040 0000 0040 0000 003F 0000 0015 0000 003F 0000 0040 0000 0015 0000 0015 0000 0015 0000 0015 0000 0015 0000 003F 0000 0040 0000 0015 0000 0015 0000 0015 0000 0040 0000 0015 0000 0015 0000 0015 0000 0015 0000 0040 0000 003F 0000 0040 0000 0015 0000 0040 0000 0040 0000 003F 0000 05E4 0000 0055 0000 0E30
Display	0000 006D 0000 0002 0000 00AA 0000 0015 0000 0015 0000 003F 0000 0040 0000 0040 0000 003F 0000 0040 0000 0015 0000 0040 0000 0040 0000 0015 0000 0015 0000 0015 0000 0015 0000 0015 0000 0040 0000 0040 0000 003F 0000 0015 0000 0015 0000 0040 0000 0015 0000 0015 0000 0015 0000 0015 0000 0015 0000 0040 0000 0040 0000 0015 0000 0040 0000 003F 0000 0040 0000 05E4 0000 0055 0000 0E30
Program	0000 006D 0000 0002 0000 00AA 0000 0015 0000 0015 0000 0040 0000 0040 0000 003F 0000 0040 0000 0040 0000 0015 0000 0040 0000 003F 0000 0015 0000 0015 0000 0015 0000 0015 0000 0015 0000 0040 0000 0015 0000 0015 0000 0040 0000 0015 0000 0040 0000 0015 0000 0015 0000 0015 0000 0040 0000 003F 0000 0015 0000 003F 0000 0015 0000 003F 0000 0040 0000 0040 0000 05E3 0000 0055 0000 0E30
Chp/Time	0000 006D 0000 0002 0000 00AA 0000 0015 0000 0015 0000 0040 0000 0040 0000 003F 0000 0040 0000 0040 0000 0015 0000 0040 0000 003F 0000 0015 0000 0015 0000 0015 0000 0015 0000 0015 0000 0040 0000 003F 0000 0015 0000 003F 0000 0015 0000 003F 0000 0015 0000 0015 0000 0015 0000 0015 0000 003F 0000 0015 0000 003F 0000 0015 0000 003F 0000 0040 0000 0040 0000 05E3 0000 0055 0000 0E30
Last Memory	0000 006D 0000 0002 0000 00AA 0000 0015 0000 0015 0000 0040 0000 0040 0000 003F 0000 0040 0000 0040 0000 0015 0000 0040 0000 003F 0000 0015 0000 0015 0000 0015 0000 0015 0000 0015 0000 0040 0000 0015 0000 0015 0000 0040 0000 0015 0000 0015 0000 0015 0000 0040 0000 0015 0000 0040 0000 003F 0000 0015 0000 003F 0000 0040 0000 0040 0000 0015 0000 0040 0000 05E3 0000 0055 0000 0E30
Ffwd	0000 006D 0000 0024 0000 00AA 0000 0015 0000 0015 0000 0040 0000 003F 0000 0040 0000 0040 0000 003F 0000 0015 0000 003F 0000 0040 0000 0015 0000 0015 0000 0015 0000 0015 0000 0015 0000 003F 0000 0015 0000 0015 0000 0040 0000 0015 0000 0040 0000 003F 0000 0015 0000 0015 0000 0040 0000 003F 0000 0015 0000 003F 0000 0015 0000 0015 0000 0040 0000 003F 0000 05E4 0000 0055 0000 12FF
Rew	0000 006D 0000 0024 0000 00AA 0000 0015 0000 0015 0000 003F 0000 0040 0000 0040 0000 003F 0000 0040 0000 0015 0000 0040 0000 0040 0000 0015 0000 0015 0000 0015 0000 0015 0000 0015 0000 0040 0000 0040 0000 003F 0000 0015 0000 0015 0000 0040 0000 003F 0000 0015 0000 0015 0000 0015 0000 0015 0000 003F 0000 0040 0000 0015 0000 0015 0000 003F 0000 0040 0000 05E4 0000 0055 0000 12FF
