Phono	0000 006C 0000 0002 0000 00AB 0000 0015 0000 0040 0000 0015 0000 0040 0000 0040 0000 0040 0000 0040 0000 0015 0000 0040 0000 0015 0000 0040 0000 0015 0000 0015 0000 0015 0000 0015 0000 0040 0000 0015 0000 0015 0000 0015 0000 0015 0000 0040 0000 0015 0000 0040 0000 0040 0000 0040 0000 0040 0000 0040 0000 0040 0000 0015 0000 0040 0000 0015 0000 0015 0000 05F0 0000 0055 0000 0E4E
Skip &lt;&lt;	0000 006D 0000 0002 0000 00A9 0000 0014 0000 003E 0000 0014 0000 003E 0000 003E 0000 003E 0000 003E 0000 0014 0000 003E 0000 0014 0000 003E 0000 0014 0000 0014 0000 0014 0000 0014 0000 003E 0000 003E 0000 003E 0000 0014 0000 003E 0000 0014 0000 0014 0000 0014 0000 0014 0000 0014 0000 0014 0000 003E 0000 0014 0000 003E 0000 003E 0000 003E 0000 003E 0000 05E5 0000 0054 0000 0E1F
CD	0000 006D 0000 0002 0000 00A9 0000 0014 0000 003E 0000 0014 0000 003E 0000 003E 0000 003E 0000 003E 0000 0014 0000 003E 0000 0014 0000 003E 0000 0014 0000 0014 0000 0014 0000 0014 0000 003E 0000 003E 0000 0014 0000 003E 0000 0014 0000 003E 0000 0014 0000 0014 0000 0014 0000 0014 0000 003E 0000 0014 0000 003E 0000 0014 0000 003E 0000 003E 0000 003E 0000 05E5 0000 0054 0000 0E20
Skip &gt;&gt;	0000 006D 0000 0002 0000 00A9 0000 0014 0000 003E 0000 0014 0000 003E 0000 003E 0000 003E 0000 003E 0000 0014 0000 003E 0000 0014 0000 003E 0000 0014 0000 0014 0000 0014 0000 0014 0000 003E 0000 003E 0000 003E 0000 0014 0000 003E 0000 0014 0000 0014 0000 0014 0000 0014 0000 0014 0000 0014 0000 003E 0000 0014 0000 003E 0000 003E 0000 003E 0000 003E 0000 05E5 0000 0054 0000 0E1F
Search &lt;&lt;	0000 006D 0000 0002 0000 00A9 0000 0014 0000 003E 0000 0014 0000 003E 0000 003E 0000 003E 0000 003E 0000 0014 0000 003E 0000 0014 0000 003E 0000 0014 0000 0014 0000 0014 0000 0014 0000 003E 0000 003E 0000 0014 0000 003E 0000 003E 0000 0014 0000 0014 0000 0014 0000 0014 0000 0014 0000 003E 0000 0014 0000 0014 0000 003E 0000 003E 0000 003E 0000 003E 0000 05E5 0000 0054 0000 0E1F
Search &gt;&gt;	0000 006D 0000 0002 0000 00A9 0000 0014 0000 003E 0000 0014 0000 003E 0000 003E 0000 003E 0000 003E 0000 0014 0000 003E 0000 0014 0000 003E 0000 0014 0000 0014 0000 0014 0000 0014 0000 003E 0000 0014 0000 0014 0000 003E 0000 003E 0000 0014 0000 0014 0000 0014 0000 0014 0000 003E 0000 003E 0000 0014 0000 0014 0000 003E 0000 003E 0000 003E 0000 003E 0000 05E5 0000 0054 0000 0E1F
Pause/Stop	0000 006C 0000 0002 0000 00AB 0000 0015 0000 0040 0000 0015 0000 0040 0000 0040 0000 0040 0000 0040 0000 0015 0000 0040 0000 0016 0000 0040 0000 0015 0000 0015 0000 0015 0000 0015 0000 0040 0000 0040 0000 0015 0000 0015 0000 0040 0000 0015 0000 0015 0000 0015 0000 0015 0000 0015 0000 0040 0000 0040 0000 0015 0000 0040 0000 0040 0000 0040 0000 0040 0000 05F0 0000 0056 0000 0E4F
Play	0000 006D 0000 0002 0000 00A9 0000 0014 0000 003E 0000 0014 0000 003E 0000 003E 0000 003E 0000 003E 0000 0014 0000 003E 0000 0014 0000 003E 0000 0014 0000 0014 0000 0014 0000 0014 0000 003E 0000 0014 0000 0014 0000 0014 0000 003E 0000 0014 0000 0014 0000 0014 0000 0014 0000 003E 0000 003E 0000 003E 0000 0014 0000 003E 0000 003E 0000 003E 0000 003E 0000 05E5 0000 0054 0000 0E1F
Tuner	0000 006C 0000 0002 0000 00AC 0000 0015 0000 0040 0000 0015 0000 0040 0000 0040 0000 0040 0000 0040 0000 0015 0000 0040 0000 0015 0000 0040 0000 0015 0000 0015 0000 0015 0000 0015 0000 0040 0000 0015 0000 0040 0000 0015 0000 0015 0000 0040 0000 0015 0000 0040 0000 0040 0000 0040 0000 0015 0000 0040 0000 0040 0000 0015 0000 0040 0000 0015 0000 0015 0000 05F1 0000 0056 0000 0E4F
Preset -	0000 006D 0000 0002 0000 00A9 0000 0014 0000 003E 0000 0014 0000 003E 0000 003E 0000 003E 0000 003E 0000 0014 0000 003E 0000 0014 0000 003E 0000 0014 0000 0014 0000 0014 0000 0014 0000 003E 0000 003E 0000 0014 0000 0014 0000 0014 0000 003E 0000 0014 0000 0014 0000 0014 0000 0014 0000 003E 0000 003E 0000 003E 0000 0014 0000 003E 0000 003E 0000 003E 0000 05E5 0000 0054 0000 0E1F
Preset +	0000 006D 0000 0002 0000 00A9 0000 0014 0000 003E 0000 0014 0000 003E 0000 003E 0000 003E 0000 003E 0000 0014 0000 003E 0000 0014 0000 003E 0000 0014 0000 0014 0000 0014 0000 0014 0000 003E 0000 0014 0000 0014 0000 0014 0000 0014 0000 003E 0000 0014 0000 0014 0000 0014 0000 003E 0000 003E 0000 003E 0000 003E 0000 0014 0000 003E 0000 003E 0000 003E 0000 05E5 0000 0054 0000 0E1F
A/B/c/d/e	0000 006D 0000 0002 0000 00A9 0000 0014 0000 003E 0000 0014 0000 003E 0000 003E 0000 003E 0000 003E 0000 0014 0000 003E 0000 0014 0000 003E 0000 0014 0000 0014 0000 0014 0000 0014 0000 003E 0000 0014 0000 003E 0000 0014 0000 0014 0000 003E 0000 0014 0000 0014 0000 0014 0000 003E 0000 0014 0000 003E 0000 003E 0000 0014 0000 003E 0000 003E 0000 003E 0000 05E5 0000 0054 0000 0E1F
Deck A/B	0000 006D 0000 0002 0000 00A9 0000 0014 0000 003E 0000 0014 0000 003E 0000 003E 0000 003E 0000 003E 0000 0014 0000 003E 0000 0014 0000 003E 0000 0014 0000 0014 0000 0014 0000 0014 0000 003E 0000 0014 0000 003E 0000 003E 0000 0014 0000 0014 0000 0014 0000 0014 0000 0014 0000 003E 0000 0014 0000 0014 0000 003E 0000 003E 0000 003E 0000 003E 0000 003E 0000 05E5 0000 0054 0000 0E1F
Tape Srch &lt;&lt;	0000 006D 0000 0002 0000 00A9 0000 0014 0000 003E 0000 0014 0000 003E 0000 003E 0000 003E 0000 003E 0000 0014 0000 003E 0000 0014 0000 003E 0000 0014 0000 0014 0000 0014 0000 0014 0000 003E 0000 003E 0000 0014 0000 0014 0000 0014 0000 0014 0000 0014 0000 0014 0000 0014 0000 0014 0000 003E 0000 003E 0000 003E 0000 003E 0000 003E 0000 003E 0000 003E 0000 05E5 0000 0054 0000 0E1F
Tape Srch &gt;&gt;	0000 006D 0000 0002 0000 00A9 0000 0014 0000 003E 0000 0014 0000 003E 0000 003E 0000 003E 0000 003E 0000 0014 0000 003E 0000 0014 0000 003E 0000 0014 0000 0014 0000 0014 0000 0014 0000 003E 0000 0014 0000 003E 0000 0014 0000 0014 0000 0014 0000 0014 0000 0014 0000 0014 0000 003E 0000 0014 0000 003E 0000 003E 0000 003E 0000 003E 0000 003E 0000 003E 0000 05E5 0000 0054 0000 0E1F
Tape Stop	0000 006D 0000 0002 0000 00A9 0000 0014 0000 003E 0000 0014 0000 003E 0000 003E 0000 003E 0000 003E 0000 0014 0000 003E 0000 0014 0000 003E 0000 0014 0000 0014 0000 0014 0000 0014 0000 003E 0000 003E 0000 003E 0000 0014 0000 0014 0000 0014 0000 0014 0000 0014 0000 0014 0000 0014 0000 0014 0000 003E 0000 003E 0000 003E 0000 003E 0000 003E 0000 003E 0000 05E5 0000 0054 0000 0E1F
Acr1	0000 006C 0000 0002 0000 00AB 0000 0015 0000 0040 0000 0015 0000 0040 0000 0040 0000 0040 0000 0040 0000 0015 0000 0040 0000 0015 0000 0040 0000 0015 0000 0016 0000 0015 0000 0015 0000 0040 0000 0040 0000 0040 0000 0015 0000 0015 0000 0040 0000 0015 0000 0040 0000 0040 0000 0015 0000 0015 0000 0040 0000 0040 0000 0015 0000 0040 0000 0015 0000 0015 0000 05F0 0000 0055 0000 0E4E
Tape &gt;	0000 006D 0000 0026 0000 00A9 0000 0014 0000 003E 0000 0014 0000 003E 0000 003E 0000 003E 0000 003E 0000 0014 0000 003E 0000 0014 0000 003E 0000 0014 0000 0014 0000 0014 0000 0014 0000 003E 0000 0014 0000 0014 0000 0014 0000 0014 0000 0014 0000 0014 0000 0014 0000 0014 0000 003E 0000 003E 0000 003E 0000 003E 0000 003E 0000 003E 0000 003E 0000 003E 0000 05E5 0000 0054 0000 0E20 0000 0054 0000 12E9
Acr2	0000 006C 0000 0002 0000 00AB 0000 0015 0000 0040 0000 0016 0000 0040 0000 0040 0000 0040 0000 0040 0000 0015 0000 0040 0000 0015 0000 0040 0000 0015 0000 0015 0000 0015 0000 0015 0000 0040 0000 0015 0000 0015 0000 0040 0000 0015 0000 0040 0000 0015 0000 0040 0000 0040 0000 0040 0000 0040 0000 0015 0000 0040 0000 0015 0000 0040 0000 0015 0000 0015 0000 05F0 0000 0056 0000 0E4F
Dir A	0000 006D 0000 0002 0000 00A9 0000 0014 0000 003E 0000 0014 0000 003E 0000 003E 0000 003E 0000 003E 0000 0014 0000 003E 0000 0014 0000 003E 0000 0014 0000 0014 0000 0014 0000 0014 0000 003E 0000 003E 0000 003E 0000 003E 0000 0014 0000 0014 0000 0014 0000 0014 0000 0014 0000 0014 0000 0014 0000 0014 0000 003E 0000 003E 0000 003E 0000 003E 0000 003E 0000 05E5 0000 0054 0000 0E20
Dir B	0000 006D 0000 0002 0000 00A9 0000 0014 0000 003E 0000 0014 0000 003E 0000 003E 0000 003E 0000 003E 0000 0014 0000 003E 0000 0014 0000 003E 0000 0014 0000 0014 0000 0014 0000 0014 0000 003E 0000 0014 0000 0014 0000 0014 0000 0014 0000 0014 0000 0014 0000 003E 0000 0014 0000 003E 0000 003E 0000 003E 0000 003E 0000 003E 0000 003E 0000 0014 0000 003E 0000 05E5 0000 0054 0000 0E20
LD	0000 006C 0000 0002 0000 00AC 0000 0015 0000 0040 0000 0015 0000 0040 0000 0040 0000 0040 0000 0040 0000 0015 0000 0040 0000 0015 0000 0040 0000 0015 0000 0015 0000 0015 0000 0015 0000 0040 0000 0040 0000 0015 0000 0040 0000 0015 0000 0040 0000 0015 0000 0040 0000 0040 0000 0015 0000 0040 0000 0015 0000 0040 0000 0015 0000 0040 0000 0015 0000 0015 0000 05F1 0000 0056 0000 0E4F
VCR/LD Play	0000 006D 0000 0002 0000 00A9 0000 0014 0000 0014 0000 003E 0000 003E 0000 003E 0000 003E 0000 003E 0000 0014 0000 003E 0000 003E 0000 0014 0000 0014 0000 0014 0000 0014 0000 0014 0000 003E 0000 003E 0000 0014 0000 003E 0000 0014 0000 0014 0000 0014 0000 0014 0000 0014 0000 0014 0000 003E 0000 0014 0000 003E 0000 003E 0000 003E 0000 003E 0000 003E 0000 05E5 0000 0054 0000 0E20
VCR1	0000 006C 0000 0002 0000 00AB 0000 0015 0000 0040 0000 0015 0000 0040 0000 0040 0000 0040 0000 0040 0000 0015 0000 0040 0000 0015 0000 0040 0000 0015 0000 0015 0000 0015 0000 0015 0000 0040 0000 0015 0000 0040 0000 0040 0000 0015 0000 0040 0000 0015 0000 0040 0000 0040 0000 0040 0000 0015 0000 0015 0000 0040 0000 0015 0000 0040 0000 0016 0000 0015 0000 05F0 0000 0055 0000 0E4E
VCR2	0000 006C 0000 0002 0000 00AB 0000 0015 0000 0040 0000 0015 0000 0040 0000 0040 0000 0040 0000 0040 0000 0015 0000 0040 0000 0015 0000 0040 0000 0015 0000 0016 0000 0015 0000 0015 0000 0040 0000 0040 0000 0040 0000 0040 0000 0015 0000 0040 0000 0015 0000 0040 0000 0040 0000 0015 0000 0015 0000 0016 0000 0040 0000 0015 0000 0040 0000 0016 0000 0015 0000 05F0 0000 0056 0000 0E4E
VCR/LD Srch &lt;&lt;	0000 006D 0000 0002 0000 00A9 0000 0014 0000 0014 0000 003E 0000 003E 0000 003E 0000 003E 0000 003E 0000 0014 0000 003E 0000 003E 0000 0014 0000 0014 0000 0014 0000 0014 0000 0014 0000 003E 0000 0014 0000 003E 0000 003E 0000 0014 0000 0014 0000 0014 0000 0014 0000 0014 0000 003E 0000 0014 0000 0014 0000 003E 0000 003E 0000 003E 0000 003E 0000 003E 0000 05E5 0000 0054 0000 0E20
VCR/LD Srch &gt;&gt;	0000 006D 0000 0002 0000 00A9 0000 0014 0000 0014 0000 003E 0000 003E 0000 003E 0000 003E 0000 003E 0000 0014 0000 003E 0000 003E 0000 0014 0000 0014 0000 0014 0000 0014 0000 0014 0000 003E 0000 003E 0000 003E 0000 003E 0000 0014 0000 0014 0000 0014 0000 0014 0000 0014 0000 0014 0000 0014 0000 0014 0000 003E 0000 003E 0000 003E 0000 003E 0000 003E 0000 05E5 0000 0054 0000 0E20
VCR/LD Pause	0000 006D 0000 002E 0000 00A9 0000 0014 0000 0014 0000 003E 0000 003E 0000 003E 0000 003E 0000 003E 0000 0014 0000 003E 0000 003E 0000 0014 0000 0014 0000 0014 0000 0014 0000 0014 0000 003E 0000 0014 0000 0014 0000 003E 0000 0014 0000 0014 0000 0014 0000 0014 0000 0014 0000 003E 0000 003E 0000 0014 0000 003E 0000 003E 0000 003E 0000 003E 0000 003E 0000 05E5 0000 0054 0000 0E20 0000 0054 0000 0E20 0000 0054 0000 0E20 0000 0054 0000 0E20 0000 0054 0000 0E20 0000 0054 0000 12F9
VCR/LD Ch+	0000 006D 0000 0002 0000 00A9 0000 0014 0000 0014 0000 003E 0000 003E 0000 003E 0000 003E 0000 003E 0000 0014 0000 003E 0000 003E 0000 0014 0000 0014 0000 0014 0000 0014 0000 0014 0000 003E 0000 003E 0000 003E 0000 0014 0000 0014 0000 0014 0000 0014 0000 0014 0000 0014 0000 0014 0000 0014 0000 003E 0000 003E 0000 003E 0000 003E 0000 003E 0000 003E 0000 05E5 0000 0054 0000 0E20
VCR/LD Ch-	0000 006D 0000 0002 0000 00A9 0000 0014 0000 0014 0000 003E 0000 003E 0000 003E 0000 003E 0000 003E 0000 0014 0000 003E 0000 003E 0000 0014 0000 0014 0000 0014 0000 0014 0000 0014 0000 003E 0000 0014 0000 003E 0000 0014 0000 0014 0000 0014 0000 0014 0000 0014 0000 0014 0000 003E 0000 0014 0000 003E 0000 003E 0000 003E 0000 003E 0000 003E 0000 003E 0000 05E5 0000 0054 0000 0E20
VCR/LD Display	0000 006D 0000 002E 0000 00A9 0000 0014 0000 0014 0000 003E 0000 003E 0000 003E 0000 003E 0000 003E 0000 0014 0000 003E 0000 003E 0000 0014 0000 0014 0000 0014 0000 0014 0000 0014 0000 003E 0000 003E 0000 003E 0000 0014 0000 0014 0000 003E 0000 0014 0000 0014 0000 0014 0000 0014 0000 0014 0000 003E 0000 003E 0000 0014 0000 003E 0000 003E 0000 003E 0000 05E5 0000 0054 0000 0E20 0000 0054 0000 0E20 0000 0054 0000 0E20 0000 0054 0000 0E20 0000 0054 0000 0E20 0000 0054 0000 12F9
VCR/LD Stop	0000 006D 0000 0002 0000 00A9 0000 0014 0000 0014 0000 003E 0000 003E 0000 003E 0000 003E 0000 003E 0000 0014 0000 003E 0000 003E 0000 0014 0000 0014 0000 0014 0000 0014 0000 0014 0000 003E 0000 003E 0000 003E 0000 0014 0000 003E 0000 003E 0000 0014 0000 003E 0000 0014 0000 0014 0000 0014 0000 003E 0000 0014 0000 0014 0000 003E 0000 0014 0000 003E 0000 05E5 0000 0054 0000 0E20
CD	0000 006D 0000 0002 0000 00A9 0000 0014 0000 003E 0000 0014 0000 003E 0000 003E 0000 003E 0000 003E 0000 0014 0000 003E 0000 0014 0000 003E 0000 0014 0000 0014 0000 0014 0000 0014 0000 003E 0000 003E 0000 0014 0000 003E 0000 0014 0000 003E 0000 0014 0000 0014 0000 0014 0000 0014 0000 003E 0000 0014 0000 003E 0000 0014 0000 003E 0000 003E 0000 003E 0000 05E5 0000 0054 0000 0E20
Disc Skip	0000 006D 0000 0002 0000 00A9 0000 0014 0000 003E 0000 0014 0000 003E 0000 003E 0000 003E 0000 003E 0000 0014 0000 003E 0000 0014 0000 003E 0000 0014 0000 0014 0000 0014 0000 0014 0000 003E 0000 003E 0000 003E 0000 003E 0000 003E 0000 0014 0000 0014 0000 003E 0000 0014 0000 0014 0000 0014 0000 0014 0000 0014 0000 003E 0000 003E 0000 0014 0000 003E 0000 05E5 0000 0054 0000 0E20
Aux1	0000 006C 0000 0002 0000 00AB 0000 0015 0000 0040 0000 0016 0000 0040 0000 0040 0000 0040 0000 0040 0000 0016 0000 0040 0000 0015 0000 0040 0000 0016 0000 0015 0000 0015 0000 0015 0000 0040 0000 0016 0000 0015 0000 0015 0000 0040 0000 0040 0000 0015 0000 0040 0000 0040 0000 0040 0000 0040 0000 0040 0000 0015 0000 0015 0000 0040 0000 0015 0000 0015 0000 05F0 0000 0056 0000 0E4F
Vol+	0000 006D 0000 0002 0000 00A9 0000 0014 0000 003E 0000 0014 0000 003E 0000 003E 0000 003E 0000 003E 0000 0014 0000 003E 0000 0014 0000 003E 0000 0014 0000 0014 0000 0014 0000 0014 0000 003E 0000 0014 0000 003E 0000 0014 0000 003E 0000 003E 0000 0014 0000 0014 0000 0014 0000 003E 0000 0014 0000 003E 0000 0014 0000 0014 0000 003E 0000 003E 0000 003E 0000 05E5 0000 0054 0000 0E20
Vol-	0000 006D 0000 0002 0000 00A9 0000 0014 0000 003E 0000 0014 0000 003E 0000 003E 0000 003E 0000 003E 0000 0014 0000 003E 0000 0014 0000 003E 0000 0014 0000 0014 0000 0014 0000 0014 0000 003E 0000 003E 0000 003E 0000 0014 0000 003E 0000 003E 0000 0014 0000 0014 0000 0014 0000 0014 0000 0014 0000 003E 0000 0014 0000 0014 0000 003E 0000 003E 0000 003E 0000 05E5 0000 0054 0000 0E20
LD\TV Pause/Stop	0000 006C 0000 0002 0000 00AC 0000 0015 0000 0015 0000 0040 0000 0040 0000 0040 0000 0040 0000 0040 0000 0015 0000 0040 0000 0040 0000 0015 0000 0015 0000 0015 0000 0016 0000 0015 0000 0040 0000 0015 0000 0015 0000 0040 0000 0015 0000 0015 0000 0015 0000 0015 0000 0016 0000 0040 0000 0040 0000 0015 0000 0040 0000 0040 0000 0040 0000 0040 0000 0040 0000 05F1 0000 0056 0000 0E4F
Power On	0000 006C 0000 0002 0000 00AB 0000 0015 0000 0040 0000 0015 0000 0040 0000 0040 0000 0040 0000 0040 0000 0015 0000 0040 0000 0015 0000 0040 0000 0015 0000 0015 0000 0015 0000 0015 0000 0040 0000 0040 0000 0015 0000 0040 0000 0040 0000 0040 0000 0015 0000 0015 0000 0015 0000 0015 0000 0040 0000 0015 0000 0015 0000 0015 0000 0040 0000 0040 0000 0040 0000 05F1 0000 0056 0000 0E50
Power Off	0000 006C 0000 0002 0000 00AB 0000 0015 0000 0040 0000 0015 0000 0040 0000 0040 0000 0040 0000 0040 0000 0015 0000 0040 0000 0015 0000 0040 0000 0015 0000 0015 0000 0015 0000 0015 0000 0040 0000 0015 0000 0040 0000 0040 0000 0040 0000 0040 0000 0015 0000 0015 0000 0015 0000 0040 0000 0015 0000 0015 0000 0015 0000 0015 0000 0040 0000 0040 0000 0040 0000 05F1 0000 0056 0000 0E51
