Power	0000 006d 0022 0002 0154 00ab 0015 0016 0015 0016 0015 0040 0015 0016 0015 0016 0015 0016 0015 0016 0015 0016 0015 0040 0015 0040 0015 0016 0015 0040 0015 0040 0015 0040 0015 0040 0015 0040 0015 0016 0015 0016 0015 0016 0015 0040 0015 0016 0015 0016 0015 0016 0015 0016 0015 0040 0015 0040 0015 0040 0015 0016 0015 0040 0015 0040 0015 0040 0015 0040 0015 05e6 0154 0055 0015 0e39
1	0000 006d 0022 0002 0154 00ab 0015 0016 0015 0016 0015 0040 0015 0016 0015 0016 0015 0016 0015 0016 0015 0016 0015 0040 0015 0040 0015 0016 0015 0040 0015 0040 0015 0040 0015 0040 0015 0040 0015 0040 0015 0016 0015 0016 0015 0016 0015 0040 0015 0016 0015 0016 0015 0016 0015 0016 0015 0040 0015 0040 0015 0040 0015 0016 0015 0040 0015 0040 0015 0040 0015 05e5 0154 0055 0015 0e38
2	0000 006d 0022 0002 0154 00ab 0015 0016 0015 0017 0015 0040 0015 0016 0015 0016 0015 0016 0015 0016 0015 0016 0015 0040 0015 0040 0015 0016 0015 0040 0015 0040 0015 0040 0015 0040 0015 0040 0015 0016 0015 0040 0015 0016 0015 0016 0015 0040 0015 0016 0015 0016 0015 0016 0015 0040 0015 0016 0015 0040 0015 0040 0015 0016 0015 0040 0015 0040 0015 0040 0015 05e5 0154 0056 0015 0e38
3	0000 006d 0022 0002 0154 00ab 0015 0016 0015 0017 0015 0040 0015 0016 0015 0016 0015 0016 0015 0016 0015 0016 0015 0040 0015 0040 0015 0016 0015 0040 0015 0040 0015 0040 0015 0040 0015 0040 0015 0040 0015 0040 0015 0016 0015 0016 0015 0040 0015 0016 0015 0016 0015 0016 0015 0016 0015 0016 0015 0040 0015 0040 0015 0016 0015 0040 0015 0040 0015 0040 0015 05e5 0154 0056 0015 0e38
4	0000 006d 0022 0002 0154 00ab 0015 0016 0015 0017 0015 0040 0015 0016 0015 0016 0015 0016 0015 0016 0015 0016 0015 0040 0015 0040 0015 0016 0015 0040 0015 0040 0015 0040 0015 0040 0015 0040 0015 0016 0015 0016 0015 0040 0015 0016 0015 0040 0015 0016 0015 0016 0015 0016 0015 0040 0015 0040 0015 0016 0015 0040 0015 0016 0015 0040 0015 0040 0015 0040 0015 05e5 0154 0055 0015 0e38
5	0000 006d 0022 0002 0154 00ab 0015 0016 0015 0017 0015 0040 0015 0016 0015 0016 0015 0016 0015 0016 0015 0016 0015 0040 0015 0040 0015 0016 0015 0040 0015 0040 0015 0040 0015 0040 0015 0040 0015 0040 0015 0016 0015 0040 0015 0016 0015 0040 0015 0016 0015 0016 0015 0016 0015 0016 0015 0040 0015 0016 0015 0040 0015 0016 0015 0040 0015 0040 0015 0040 0015 05e5 0154 0055 0015 0e38
6	0000 006d 0022 0002 0154 00ab 0015 0016 0015 0016 0015 0040 0015 0016 0015 0016 0015 0016 0015 0016 0015 0016 0015 0040 0015 0040 0015 0016 0015 0040 0015 0040 0015 0040 0015 0040 0015 0040 0015 0016 0015 0040 0015 0040 0015 0016 0015 0040 0015 0016 0015 0016 0015 0016 0015 0040 0015 0016 0015 0016 0015 0040 0015 0016 0015 0040 0015 0040 0015 0040 0015 05e5 0154 0055 0015 0e38
7	0000 006d 0022 0002 0154 00ab 0015 0016 0015 0017 0015 0040 0015 0016 0015 0016 0015 0016 0015 0016 0015 0016 0015 0040 0015 0040 0015 0016 0015 0040 0015 0040 0015 0040 0015 0040 0015 0040 0015 0040 0015 0040 0015 0040 0015 0016 0015 0040 0015 0016 0015 0016 0015 0016 0015 0016 0015 0016 0015 0016 0015 0040 0015 0016 0015 0040 0015 0040 0015 0040 0015 05e5 0154 0055 0015 0e38
8	0000 006d 0022 0002 0154 00ab 0015 0016 0015 0017 0015 0040 0015 0016 0015 0016 0015 0016 0015 0016 0015 0016 0015 0040 0015 0040 0015 0016 0015 0040 0015 0040 0015 0040 0015 0040 0015 0040 0015 0016 0015 0016 0015 0016 0015 0040 0015 0040 0015 0016 0015 0016 0015 0016 0015 0040 0015 0040 0015 0040 0015 0016 0015 0016 0015 0040 0015 0040 0015 0040 0015 05e5 0154 0055 0015 0e38
9	0000 006d 0022 0002 0154 00ab 0015 0016 0015 0017 0015 0040 0015 0016 0015 0016 0015 0016 0015 0016 0015 0016 0015 0040 0015 0040 0015 0016 0015 0040 0015 0040 0015 0040 0015 0040 0015 0040 0015 0040 0015 0016 0015 0016 0015 0040 0015 0040 0015 0016 0015 0016 0015 0016 0015 0016 0015 0040 0015 0040 0015 0016 0015 0016 0015 0040 0015 0040 0015 0040 0015 05e5 0154 0055 0015 0e38
0	0000 006d 0022 0002 0154 00ab 0015 0016 0015 0017 0015 0040 0015 0016 0015 0016 0015 0016 0015 0016 0015 0016 0015 0040 0015 0040 0015 0016 0015 0040 0015 0040 0015 0040 0015 0040 0015 0040 0015 0016 0015 0016 0015 0016 0015 0016 0015 0040 0015 0016 0015 0016 0015 0016 0015 0040 0015 0040 0015 0040 0015 0040 0015 0016 0015 0040 0015 0040 0015 0040 0015 05e5 0154 0056 0015 0e38
Ch+	0000 006d 0022 0002 0154 00ab 0015 0016 0015 0017 0015 0040 0015 0016 0015 0016 0015 0016 0015 0016 0015 0016 0015 0040 0015 0040 0015 0016 0015 0040 0015 0040 0015 0040 0015 0040 0015 0040 0015 0016 0015 0016 0015 0016 0015 0016 0015 0016 0015 0016 0015 0016 0015 0016 0015 0040 0015 0040 0015 0040 0015 0040 0015 0040 0015 0040 0015 0040 0015 0040 0015 05e6 0154 0056 0015 0e39
Ch-	0000 006d 0022 0002 0154 00ab 0015 0016 0015 0017 0015 0040 0015 0016 0015 0016 0015 0016 0015 0016 0015 0016 0015 0040 0015 0040 0015 0016 0015 0040 0015 0040 0015 0040 0015 0040 0015 0040 0015 0040 0015 0016 0015 0016 0015 0016 0015 0016 0015 0016 0015 0016 0015 0016 0015 0016 0015 0040 0015 0040 0015 0040 0015 0040 0015 0040 0015 0040 0015 0040 0015 05e6 0154 0055 0015 0e39
Vol+	0000 006d 0022 0002 0154 00ab 0015 0016 0015 0017 0015 0040 0015 0016 0015 0016 0015 0016 0015 0016 0015 0016 0015 0040 0015 0040 0015 0016 0015 0040 0015 0040 0015 0040 0015 0040 0015 0040 0015 0016 0015 0040 0015 0016 0015 0016 0015 0016 0015 0016 0015 0016 0015 0016 0015 0040 0015 0016 0015 0040 0015 0040 0015 0040 0015 0040 0015 0040 0015 0040 0015 05e6 0154 0055 0015 0e39
Vol-	0000 006d 0022 0002 0154 00ab 0015 0016 0015 0017 0015 0040 0015 0016 0015 0016 0015 0016 0015 0016 0015 0016 0015 0040 0015 0040 0015 0016 0015 0040 0015 0040 0015 0040 0015 0040 0015 0040 0015 0040 0015 0040 0015 0016 0015 0016 0015 0016 0015 0016 0015 0016 0015 0016 0015 0016 0015 0016 0015 0040 0015 0040 0015 0040 0015 0040 0015 0040 0015 0040 0015 05e6 0154 0055 0015 0e39
Mute	0000 006d 0022 0002 0154 00ab 0015 0016 0015 0016 0015 0040 0015 0016 0015 0016 0015 0016 0015 0016 0015 0016 0015 0040 0015 0040 0015 0016 0015 0040 0015 0040 0015 0040 0015 0040 0015 0040 0015 0016 0015 0040 0015 0016 0015 0040 0015 0016 0015 0016 0015 0016 0015 0016 0015 0040 0015 0016 0015 0040 0015 0016 0015 0040 0015 0040 0015 0040 0015 0040 0015 05e6 0154 0056 0015 0e39
Ant/Aux	0000 006d 0022 0002 0154 00ab 0015 0016 0015 0017 0015 0040 0015 0016 0015 0016 0015 0016 0015 0016 0015 0016 0015 0040 0015 0040 0015 0016 0015 0040 0015 0040 0015 0040 0015 0040 0015 0040 0015 0040 0015 0040 0015 0016 0015 0040 0015 0016 0015 0016 0015 0016 0015 0016 0015 0016 0015 0016 0015 0040 0015 0016 0015 0040 0015 0040 0015 0040 0015 0040 0015 05e5 0154 0056 0015 0e38
Timer	0000 006d 0022 0002 0154 00ab 0015 0016 0015 0016 0015 0040 0015 0016 0015 0016 0015 0016 0015 0016 0015 0016 0015 0040 0015 0040 0015 0016 0015 0040 0015 0040 0015 0040 0015 0040 0015 0040 0015 0016 0015 0040 0015 0016 0015 0040 0015 0040 0015 0016 0015 0016 0015 0016 0015 0040 0015 0016 0015 0040 0015 0016 0015 0016 0015 0040 0015 0040 0015 0040 0015 05e6 0154 0055 0015 0e39
Recall	0000 006d 0022 0002 0154 00ab 0015 0016 0015 0016 0015 0040 0015 0016 0015 0016 0015 0016 0015 0016 0015 0016 0015 0040 0015 0040 0015 0016 0015 0040 0015 0040 0015 0040 0015 0040 0015 0040 0015 0040 0015 0040 0015 0016 0015 0040 0015 0040 0015 0016 0015 0016 0015 0016 0015 0016 0015 0016 0015 0040 0015 0016 0015 0016 0015 0040 0015 0040 0015 0040 0015 05e5 0154 0055 0015 0e38
