1	0000 0088 0000 0020 0000 005A 0000 0044 0000 0044 0000 0022 0000 0022 0000 0022 0000 0022 0000 000E 0000 0036 0000 000E 0000 0036 0000 000E 0000 0036 0000 000E 0000 0036 0000 07C9 0000 005A 0000 0044 0000 0044 0000 0022 0000 0022 0000 0022 0000 0022 0000 000E 0000 0036 0000 000E 0000 0036 0000 000E 0000 0036 0000 000E 0000 0036 0000 10BF
2	0000 0088 0000 0011 0000 005A 0000 0022 0000 0022 0000 0044 0000 0022 0000 0022 0000 000E 0000 0036 0000 0036 0000 000E 0000 000E 0000 0036 0000 000E 0000 0036 0000 000E 0000 0036 0000 07C9
3	0000 0088 0000 0011 0000 005A 0000 0022 0000 0022 0000 0044 0000 0022 0000 0022 0000 000E 0000 0036 0000 000E 0000 0036 0000 000E 0000 0036 0000 000E 0000 0036 0000 000E 0000 0036 0000 07C9
4	0000 0088 0000 0010 0000 005A 0000 0022 0000 0022 0000 0044 0000 000E 0000 0036 0000 0044 0000 0036 0000 000E 0000 000E 0000 0036 0000 000E 0000 0036 0000 000E 0000 0036 0000 07C9
5	0000 0088 0000 0010 0000 005A 0000 0022 0000 0022 0000 0044 0000 000E 0000 0036 0000 0044 0000 000E 0000 0036 0000 000E 0000 0036 0000 000E 0000 0036 0000 000E 0000 0036 0000 07C9
6	0000 0088 0000 0011 0000 005A 0000 0022 0000 0022 0000 0044 0000 000E 0000 0036 0000 0036 0000 000E 0000 0036 0000 000E 0000 000E 0000 0036 0000 000E 0000 0036 0000 000E 0000 0036 0000 07C9
7	0000 0088 0000 0010 0000 005A 0000 0044 0000 0044 0000 000E 0000 0036 0000 0036 0000 000E 0000 000E 0000 0036 0000 000E 0000 0036 0000 000E 0000 0036 0000 000E 0000 0036 0000 07CA
8	0000 0088 0000 0010 0000 005A 0000 0044 0000 0044 0000 000E 0000 0036 0000 0022 0000 0022 0000 0036 0000 000E 0000 000E 0000 0036 0000 000E 0000 0036 0000 000E 0000 0036 0000 07C9
9	0000 0088 0000 0010 0000 005A 0000 0044 0000 0044 0000 000E 0000 0036 0000 0022 0000 0022 0000 000E 0000 0036 0000 000E 0000 0036 0000 000E 0000 0036 0000 000E 0000 0036 0000 07C9
0	0000 0088 0000 0010 0000 005A 0000 0044 0000 0044 0000 0022 0000 0022 0000 0022 0000 0022 0000 0036 0000 000E 0000 000E 0000 0036 0000 000E 0000 0036 0000 000E 0000 0036 0000 07C9
Sat	0000 0088 0000 0011 0000 005A 0000 0022 0000 0022 0000 0044 0000 000E 0000 0036 0000 000E 0000 0036 0000 000E 0000 0036 0000 000E 0000 0036 0000 000E 0000 0036 0000 000E 0000 0036 0000 07C9
EW/ED	0000 0088 0000 0011 0000 005A 0000 0044 0000 0022 0000 0022 0000 000E 0000 0036 0000 0036 0000 000E 0000 0036 0000 000E 0000 000E 0000 0036 0000 000E 0000 0036 0000 000E 0000 0036 0000 07C9
OK	0000 0088 0000 0020 0000 005A 0000 0044 0000 0022 0000 0022 0000 0036 0000 000E 0000 0044 0000 000E 0000 0036 0000 000E 0000 0036 0000 000E 0000 0036 0000 000E 0000 0036 0000 07CA 0000 005A 0000 0044 0000 0022 0000 0022 0000 0036 0000 000E 0000 0044 0000 000E 0000 0036 0000 000E 0000 0036 0000 000E 0000 0036 0000 000E 0000 0036 0000 10C0
AV/CV	0000 0088 0000 000F 0000 005A 0000 0044 0000 0036 0000 000E 0000 0044 0000 0044 0000 0036 0000 000E 0000 000E 0000 0036 0000 000E 0000 0036 0000 000E 0000 0036 0000 07CA
Check	0000 0088 0000 0011 0000 005A 0000 0044 0000 0022 0000 0022 0000 0022 0000 0022 0000 0022 0000 0022 0000 0036 0000 000E 0000 000E 0000 0036 0000 000E 0000 0036 0000 000E 0000 0036 0000 07CA
CL	0000 0088 0000 0012 0000 005A 0000 0022 0000 0022 0000 0022 0000 0022 0000 0036 0000 000E 0000 0022 0000 0022 0000 0036 0000 000E 0000 000E 0000 0036 0000 000E 0000 0036 0000 000E 0000 0036 0000 07CA
Power	0000 0088 0000 0011 0000 005A 0000 0022 0000 0022 0000 0022 0000 0022 0000 000E 0000 0036 0000 0044 0000 000E 0000 0036 0000 000E 0000 0036 0000 000E 0000 0036 0000 000E 0000 0036 0000 07C9
Svhs	0000 0088 0000 0011 0000 005A 0000 0022 0000 0022 0000 0044 0000 0036 0000 000E 0000 0036 0000 000E 0000 000E 0000 0036 0000 000E 0000 0036 0000 000E 0000 0036 0000 000E 0000 0036 0000 07C9
Auto-	0000 0088 0000 0011 0000 005A 0000 0022 0000 0022 0000 0036 0000 000E 0000 0036 0000 000E 0000 0044 0000 0036 0000 000E 0000 000E 0000 0036 0000 000E 0000 0036 0000 000E 0000 0036 0000 07C9
Auto	0000 0088 0000 0011 0000 005A 0000 0022 0000 0022 0000 0044 0000 0022 0000 0022 0000 0036 0000 000E 0000 0036 0000 000E 0000 000E 0000 0036 0000 000E 0000 0036 0000 000E 0000 0036 0000 07C9
Auto+	0000 0088 0000 0011 0000 005A 0000 0022 0000 0022 0000 0036 0000 000E 0000 0044 0000 000E 0000 0036 0000 000E 0000 0036 0000 000E 0000 0036 0000 000E 0000 0036 0000 000E 0000 0036 0000 07CA
Tape	0000 0088 0000 0010 0000 005A 0000 0022 0000 0022 0000 0044 0000 0022 0000 0022 0000 0044 0000 000E 0000 0036 0000 000E 0000 0036 0000 000E 0000 0036 0000 000E 0000 0036 0000 07CA
&lt;-&gt;	0000 0088 0000 0010 0000 005A 0000 0022 0000 0022 0000 0044 0000 0044 0000 000E 0000 0036 0000 000E 0000 0036 0000 000E 0000 0036 0000 000E 0000 0036 0000 000E 0000 0036 0000 07CA
Hifi	0000 0088 0000 0011 0000 005A 0000 0022 0000 0022 0000 0044 0000 000E 0000 0036 0000 000E 0000 0036 0000 0036 0000 000E 0000 000E 0000 0036 0000 000E 0000 0036 0000 000E 0000 0036 0000 07C9
LP	0000 0088 0000 0011 0000 005A 0000 0022 0000 0022 0000 0044 0000 0036 0000 000E 0000 0036 0000 000E 0000 0036 0000 000E 0000 000E 0000 0036 0000 000E 0000 0036 0000 000E 0000 0036 0000 07C9
Count	0000 0088 0000 0011 0000 005A 0000 0022 0000 0022 0000 0036 0000 000E 0000 0036 0000 000E 0000 0044 0000 000E 0000 0036 0000 000E 0000 0036 0000 000E 0000 0036 0000 000E 0000 0036 0000 07C9
0000	0000 0088 0000 0011 0000 005A 0000 0022 0000 0022 0000 0036 0000 000E 0000 0044 0000 000E 0000 0036 0000 0036 0000 000E 0000 000E 0000 0036 0000 000E 0000 0036 0000 000E 0000 0036 0000 07CA
Percent	0000 0088 0000 0011 0000 005A 0000 0022 0000 0022 0000 0036 0000 000E 0000 0044 0000 0022 0000 0022 0000 0036 0000 000E 0000 000E 0000 0036 0000 000E 0000 0036 0000 000E 0000 0036 0000 07C9
Prgm Dn	0000 0088 0000 0009 0000 0050 0000 0010 0000 0010 0000 0010 0000 0010 0000 0010 0000 0010 0000 0010 0000 0010 0000 0010 0000 0BC5 0000 0050 0000 0010 0000 0010 0000 0020 0000 0020 0000 0020
Prgm Up	0000 0088 0000 0008 0000 0050 0000 0010 0000 0010 0000 0010 0000 0010 0000 0010 0000 0010 0000 0010 0000 0010 0000 0010 0000 0BC5 0000 0050 0000 0020 0000 0020 0000 0020 0000 0020
TV Power	0000 0088 0000 000A 0000 0050 0000 0010 0000 0010 0000 0010 0000 0010 0000 0010 0000 0010 0000 0010 0000 0010 0000 0010 0000 0BC5 0000 0050 0000 0020 0000 0020
TV AV	0000 0088 0000 000A 0000 0050 0000 0010 0000 0010 0000 0010 0000 0010 0000 0010 0000 0010 0000 0010 0000 0010 0000 0010 0000 0BC5 0000 0050 0000 0020 0000 0010 0000 0010 0000 0010 0000 0020
Vol-	0000 0088 0000 000A 0000 0050 0000 0010 0000 0010 0000 0010 0000 0010 0000 0010 0000 0010 0000 0010 0000 0010 0000 0010 0000 0BC6 0000 0050 0000 0010 0000 0020 0000 0010 0000 0020
Vol+	0000 0088 0000 000A 0000 0050 0000 0010 0000 0010 0000 0010 0000 0010 0000 0010 0000 0010 0000 0010 0000 0010 0000 0010 0000 0BC6 0000 0050 0000 0020 0000 0010 0000 0010 0000 0020
Pause	0000 0088 0000 0010 0000 005A 0000 0022 0000 0022 0000 0044 0000 0044 0000 0036 0000 000E 0000 000E 0000 0036 0000 000E 0000 0036 0000 000E 0000 0036 0000 000E 0000 0036 0000 07CA
Play	0000 0088 0000 0010 0000 005A 0000 0022 0000 0022 0000 0044 0000 0044 0000 0036 0000 000E 0000 0036 0000 000E 0000 000E 0000 0036 0000 000E 0000 0036 0000 000E 0000 0036 0000 07C9
Stop	0000 0088 0000 0012 0000 005A 0000 0022 0000 0022 0000 0036 0000 000E 0000 0036 0000 000E 0000 0036 0000 000E 0000 0036 0000 000E 0000 000E 0000 0036 0000 000E 0000 0036 0000 000E 0000 0036 0000 07CA
Ffwd	0000 0088 0000 0010 0000 005A 0000 0022 0000 0022 0000 0044 0000 0044 0000 0022 0000 0022 0000 000E 0000 0036 0000 000E 0000 0036 0000 000E 0000 0036 0000 000E 0000 0036 0000 10C3
Rew	0000 0088 0000 000F 0000 005A 0000 0044 0000 0044 0000 0044 0000 000E 0000 0036 0000 0036 0000 000E 0000 000E 0000 0036 0000 000E 0000 0036 0000 000E 0000 0036 0000 10C4
Inner Clkwise	0000 0088 0000 0011 0000 005A 0000 0036 0000 000E 0000 0022 0000 0022 0000 0036 0000 000E 0000 0044 0000 000E 0000 0036 0000 000E 0000 0036 0000 000E 0000 0036 0000 000E 0000 0036 0000 10C4
Inner Cclkwise	0000 0088 0000 0012 0000 005A 0000 0036 0000 000E 0000 0022 0000 0022 0000 0036 0000 000E 0000 0036 0000 000E 0000 0036 0000 000E 0000 000E 0000 0036 0000 000E 0000 0036 0000 000E 0000 0036 0000 10A3
