Power On	0000 006A 0000 0002 0000 00B1 0000 0017 0000 0017 0000 0017 0000 0042 0000 0042 0000 0017 0000 0017 0000 0017 0000 0042 0000 0017 0000 0017 0000 0042 0000 0017 0000 0042 0000 0042 0000 0042 0000 0017 0000 0017 0000 0017 0000 0042 0000 0017 0000 0017 0000 0017 0000 0017 0000 0042 0000 0042 0000 0042 0000 0017 0000 0042 0000 0042 0000 0042 0000 0042 0000 05EB 0000 0058 0000 0E69
Power Off	0000 006A 0000 0002 0000 00B1 0000 0017 0000 0017 0000 0017 0000 0042 0000 0042 0000 0017 0000 0017 0000 0017 0000 0042 0000 0017 0000 0017 0000 0042 0000 0017 0000 0042 0000 0042 0000 0042 0000 0017 0000 0017 0000 0042 0000 0017 0000 0042 0000 0017 0000 0017 0000 0017 0000 0042 0000 0042 0000 0017 0000 0042 0000 0017 0000 0042 0000 0042 0000 0042 0000 05EC 0000 0058 0000 0E69
Video1	0000 006A 0000 0002 0000 00B1 0000 0017 0000 0017 0000 0017 0000 0042 0000 0042 0000 0017 0000 0017 0000 0017 0000 0042 0000 0017 0000 0017 0000 0042 0000 0017 0000 0042 0000 0042 0000 0042 0000 0042 0000 0042 0000 0017 0000 0017 0000 0017 0000 0017 0000 0017 0000 0017 0000 0017 0000 0017 0000 0042 0000 0042 0000 0042 0000 0042 0000 0042 0000 0042 0000 05EC 0000 0058 0000 0E69
S-Video	0000 006A 0000 0002 0000 00B1 0000 0017 0000 0017 0000 0017 0000 0042 0000 0042 0000 0017 0000 0017 0000 0017 0000 0042 0000 0017 0000 0017 0000 0042 0000 0017 0000 0042 0000 0042 0000 0042 0000 0017 0000 0042 0000 0042 0000 0017 0000 0017 0000 0017 0000 0042 0000 0042 0000 0042 0000 0017 0000 0017 0000 0042 0000 0042 0000 0042 0000 0017 0000 0016 0000 05EC 0000 0058 0000 0E6A
Rgb1	0000 006A 0000 0002 0000 00B1 0000 0017 0000 0017 0000 0017 0000 0042 0000 0042 0000 0017 0000 0017 0000 0017 0000 0042 0000 0017 0000 0017 0000 0042 0000 0017 0000 0042 0000 0042 0000 0042 0000 0017 0000 0017 0000 0042 0000 0017 0000 0017 0000 0017 0000 0017 0000 0017 0000 0042 0000 0042 0000 0017 0000 0042 0000 0042 0000 0042 0000 0042 0000 0042 0000 05EB 0000 0058 0000 0E69
Menu	0000 006A 0000 0002 0000 00B1 0000 0017 0000 0017 0000 0017 0000 0042 0000 0042 0000 0017 0000 0017 0000 0017 0000 0042 0000 0017 0000 0017 0000 0042 0000 0017 0000 0042 0000 0042 0000 0042 0000 0017 0000 0042 0000 0042 0000 0017 0000 0017 0000 0017 0000 0042 0000 0017 0000 0042 0000 0017 0000 0017 0000 0042 0000 0042 0000 0042 0000 0017 0000 0042 0000 05EC 0000 0058 0000 0E6A
Up	0000 006A 0000 0002 0000 00B1 0000 0017 0000 0017 0000 0017 0000 0042 0000 0042 0000 0017 0000 0017 0000 0017 0000 0042 0000 0017 0000 0017 0000 0042 0000 0017 0000 0042 0000 0042 0000 0042 0000 0017 0000 0042 0000 0042 0000 0042 0000 0042 0000 0017 0000 0042 0000 0017 0000 0042 0000 0017 0000 0017 0000 0017 0000 0017 0000 0042 0000 0017 0000 0042 0000 05DA 0000 0058 0000 0E56
Down	0000 006A 0000 0002 0000 00B1 0000 0017 0000 0017 0000 0017 0000 0042 0000 0042 0000 0017 0000 0017 0000 0017 0000 0042 0000 0017 0000 0017 0000 0042 0000 0017 0000 0042 0000 0042 0000 0042 0000 0042 0000 0042 0000 0042 0000 0042 0000 0042 0000 0017 0000 0042 0000 0017 0000 0017 0000 0017 0000 0017 0000 0017 0000 0017 0000 0042 0000 0017 0000 0042 0000 05E9 0000 0058 0000 0E69
Left	0000 006A 0000 0002 0000 00B1 0000 0017 0000 0017 0000 0017 0000 0042 0000 0042 0000 0017 0000 0017 0000 0017 0000 0042 0000 0017 0000 0017 0000 0042 0000 0017 0000 0042 0000 0042 0000 0042 0000 0042 0000 0017 0000 0042 0000 0042 0000 0042 0000 0017 0000 0042 0000 0017 0000 0017 0000 0042 0000 0017 0000 0017 0000 0017 0000 0042 0000 0017 0000 0042 0000 05E4 0000 0058 0000 0E66
Right	0000 006A 0000 0002 0000 00B1 0000 0017 0000 0017 0000 0017 0000 0042 0000 0042 0000 0017 0000 0017 0000 0017 0000 0042 0000 0017 0000 0017 0000 0042 0000 0017 0000 0042 0000 0042 0000 0042 0000 0017 0000 0017 0000 0042 0000 0042 0000 0042 0000 0017 0000 0042 0000 0017 0000 0042 0000 0042 0000 0017 0000 0017 0000 0017 0000 0042 0000 0017 0000 0042 0000 05E8 0000 0058 0000 0E69
Vol+	0000 006A 0000 0002 0000 00B1 0000 0017 0000 0017 0000 0017 0000 0042 0000 0042 0000 0017 0000 0017 0000 0017 0000 0042 0000 0017 0000 0017 0000 0042 0000 0017 0000 0042 0000 0042 0000 0042 0000 0017 0000 0017 0000 0017 0000 0042 0000 0017 0000 0017 0000 0042 0000 0017 0000 0042 0000 0042 0000 0042 0000 0017 0000 0042 0000 0042 0000 0017 0000 0042 0000 05ED 0000 0058 0000 0E6B
Vol-	0000 006A 0000 0002 0000 00B1 0000 0017 0000 0017 0000 0017 0000 0042 0000 0042 0000 0017 0000 0017 0000 0017 0000 0042 0000 0017 0000 0017 0000 0042 0000 0017 0000 0042 0000 0042 0000 0042 0000 0042 0000 0017 0000 0017 0000 0042 0000 0017 0000 0017 0000 0042 0000 0017 0000 0017 0000 0042 0000 0042 0000 0017 0000 0042 0000 0042 0000 0017 0000 0042 0000 05ED 0000 0058 0000 0E6B
ZM+	0000 006A 0000 0002 0000 00B1 0000 0017 0000 0017 0000 0017 0000 0042 0000 0042 0000 0017 0000 0017 0000 0017 0000 0042 0000 0017 0000 0017 0000 0042 0000 0017 0000 0042 0000 0042 0000 0042 0000 0042 0000 0017 0000 0017 0000 0042 0000 0017 0000 0017 0000 0017 0000 0042 0000 0017 0000 0042 0000 0042 0000 0017 0000 0042 0000 0042 0000 0042 0000 0016 0000 05EB 0000 0058 0000 0E69
ZM-	0000 006A 0000 0002 0000 00B1 0000 0017 0000 0017 0000 0017 0000 0042 0000 0042 0000 0017 0000 0017 0000 0017 0000 0042 0000 0017 0000 0017 0000 0042 0000 0017 0000 0042 0000 0042 0000 0042 0000 0017 0000 0042 0000 0017 0000 0042 0000 0017 0000 0017 0000 0017 0000 0042 0000 0042 0000 0017 0000 0042 0000 0017 0000 0042 0000 0042 0000 0042 0000 0016 0000 05EC 0000 0058 0000 0E69
Blank	0000 006A 0000 0002 0000 00B1 0000 0017 0000 0017 0000 0017 0000 0042 0000 0042 0000 0017 0000 0017 0000 0017 0000 0042 0000 0017 0000 0017 0000 0042 0000 0017 0000 0042 0000 0042 0000 0042 0000 0042 0000 0042 0000 0042 0000 0017 0000 0017 0000 0017 0000 0042 0000 0017 0000 0017 0000 0017 0000 0017 0000 0042 0000 0042 0000 0042 0000 0017 0000 0042 0000 05EC 0000 0058 0000 0E6A
R Click1	0000 006A 0000 0011 0000 0017 0000 002E 0000 0018 0000 0018 0000 0018 0000 0018 0000 0018 0000 0018 0000 0018 0000 0018 0000 0018 0000 0018 0000 0018 0000 0018 0000 0018 0000 0018 0000 11C1
R Click2	0000 006A 0000 0011 0000 002E 0000 0018 0000 0018 0000 0018 0000 0018 0000 0018 0000 0018 0000 0018 0000 0018 0000 0018 0000 0018 0000 0018 0000 0018 0000 0018 0000 0018 0000 0018 0000 11C1
L Click	0000 006B 0000 0010 0000 002E 0000 0017 0000 0017 0000 0017 0000 0017 0000 0017 0000 0017 0000 0017 0000 002E 0000 0017 0000 0017 0000 0017 0000 0017 0000 0017 0000 0017 0000 11A9
Freeze	0000 006A 0000 0002 0000 00B1 0000 0017 0000 0017 0000 0017 0000 0042 0000 0042 0000 0017 0000 0017 0000 0017 0000 0042 0000 0017 0000 0017 0000 0042 0000 0017 0000 0042 0000 0042 0000 0042 0000 0017 0000 0017 0000 0042 0000 0042 0000 0017 0000 0017 0000 0042 0000 0017 0000 0042 0000 0042 0000 0017 0000 0017 0000 0042 0000 0042 0000 0017 0000 0042 0000 05EC 0000 0058 0000 0E6A
