Power	0000 0067 0000 0022 0000 00AA 0000 0015 0000 0015 0000 0015 0000 0040 0000 0015 0000 0040 0000 0015 0000 0040 0000 0040 0000 003F 0000 0040 0000 0015 0000 0040 0000 0015 0000 0040 0000 0015 0000 0015 0000 0015 0000 0040 0000 003F 0000 0040 0000 0015 0000 0015 0000 0015 0000 0040 0000 003F 0000 0015 0000 0015 0000 0015 0000 0040 0000 0040 0000 003F 0000 0588
Rpt A	0000 0067 0000 0022 0000 00AA 0000 0015 0000 0015 0000 0015 0000 003F 0000 0015 0000 003F 0000 0015 0000 003F 0000 0040 0000 0040 0000 003F 0000 0015 0000 003F 0000 0015 0000 003F 0000 0015 0000 0015 0000 0015 0000 0015 0000 003F 0000 0015 0000 0015 0000 0040 0000 0015 0000 0040 0000 003F 0000 0040 0000 0015 0000 0040 0000 0040 0000 0015 0000 0040 0000 0588
Rpt B	0000 0067 0000 0022 0000 00AA 0000 0015 0000 0015 0000 0015 0000 003F 0000 0015 0000 003F 0000 0015 0000 003F 0000 0040 0000 0040 0000 003F 0000 0015 0000 003F 0000 0015 0000 003F 0000 0015 0000 0015 0000 0015 0000 0040 0000 0015 0000 0015 0000 0015 0000 0040 0000 0015 0000 0040 0000 003F 0000 0015 0000 003F 0000 0040 0000 0040 0000 0015 0000 0040 0000 0588
Stop	0000 0067 0000 0022 0000 00AA 0000 0015 0000 0015 0000 0015 0000 003F 0000 0015 0000 003F 0000 0015 0000 003F 0000 0040 0000 0040 0000 003F 0000 0015 0000 003F 0000 0015 0000 003F 0000 0015 0000 0015 0000 0040 0000 003F 0000 0015 0000 003F 0000 0015 0000 0015 0000 0015 0000 0040 0000 0015 0000 0015 0000 003F 0000 0015 0000 003F 0000 0040 0000 0040 0000 0588
Display	0000 0067 0000 0066 0000 00AA 0000 0015 0000 0015 0000 0015 0000 003F 0000 0015 0000 003F 0000 0015 0000 003F 0000 0040 0000 0040 0000 003F 0000 0015 0000 003F 0000 0015 0000 003F 0000 0015 0000 003F 0000 0040 0000 0015 0000 0015 0000 0015 0000 0015 0000 0040 0000 0015 0000 0015 0000 0015 0000 0040 0000 003F 0000 0040 0000 0040 0000 0015 0000 0040 0000 0588 0000 00AA 0000 0015 0000 0015 0000 0015 0000 003F 0000 0015 0000 003F 0000 0015 0000 003F 0000 0040 0000 0040 0000 003F 0000 0015 0000 003F 0000 0015 0000 003F 0000 0015 0000 003F 0000 0040 0000 0015 0000 0015 0000 0015 0000 0015 0000 0040 0000 0015 0000 0015 0000 0015 0000 0040 0000 003F 0000 0040 0000 0040 0000 0015 0000 0040 0000 0588 0000 00AA 0000 0015 0000 0015 0000 0015 0000 003F 0000 0015 0000 003F 0000 0015 0000 003F 0000 0040 0000 0040 0000 003F 0000 0015 0000 003F 0000 0015 0000 003F 0000 0015 0000 003F 0000 0040 0000 0015 0000 0015 0000 0015 0000 0015 0000 0040 0000 0015 0000 0015 0000 0015 0000 0040 0000 003F 0000 0040 0000 0040 0000 0015 0000 0040 0000 0D11
Audio	0000 0067 0000 0022 0000 00AA 0000 0015 0000 0015 0000 0015 0000 003F 0000 0015 0000 003F 0000 0015 0000 003F 0000 0040 0000 0040 0000 003F 0000 0015 0000 003F 0000 0015 0000 003F 0000 0015 0000 0015 0000 0040 0000 003F 0000 0040 0000 0040 0000 0015 0000 0015 0000 0015 0000 003F 0000 0015 0000 0015 0000 0015 0000 0015 0000 003F 0000 0040 0000 0040 0000 0588
Clear	0000 0067 0000 0022 0000 00AA 0000 0015 0000 0015 0000 0015 0000 003F 0000 0015 0000 003F 0000 0015 0000 003F 0000 0040 0000 0040 0000 003F 0000 0015 0000 003F 0000 0015 0000 003F 0000 0015 0000 003F 0000 0015 0000 003F 0000 0040 0000 0040 0000 0015 0000 0040 0000 0015 0000 0015 0000 0040 0000 0015 0000 0015 0000 0015 0000 0040 0000 0015 0000 0040 0000 0588
Pgm	0000 0067 0000 0022 0000 00AA 0000 0015 0000 0015 0000 0015 0000 003F 0000 0015 0000 003F 0000 0015 0000 003F 0000 0040 0000 0040 0000 003F 0000 0015 0000 003F 0000 0015 0000 003F 0000 0015 0000 0015 0000 0015 0000 0040 0000 0040 0000 0015 0000 0015 0000 0040 0000 0015 0000 0040 0000 0040 0000 0015 0000 0015 0000 0040 0000 0040 0000 0015 0000 0040 0000 0588
Edit	0000 0067 0000 0044 0000 00AA 0000 0015 0000 0015 0000 0015 0000 003F 0000 0015 0000 003F 0000 0015 0000 003F 0000 0040 0000 0040 0000 003F 0000 0015 0000 003F 0000 0015 0000 003F 0000 0015 0000 003F 0000 0015 0000 003F 0000 0040 0000 0040 0000 0015 0000 0015 0000 0015 0000 0015 0000 0040 0000 0015 0000 0015 0000 0015 0000 003F 0000 0040 0000 0040 0000 0588 0000 00AA 0000 0015 0000 0015 0000 0015 0000 003F 0000 0015 0000 003F 0000 0015 0000 003F 0000 0040 0000 0040 0000 003F 0000 0015 0000 003F 0000 0015 0000 003F 0000 0015 0000 003F 0000 0015 0000 003F 0000 0040 0000 0040 0000 0015 0000 0015 0000 0015 0000 0015 0000 0040 0000 0015 0000 0015 0000 0015 0000 003F 0000 0040 0000 0040 0000 0D1F
Chp/TM	0000 0067 0000 0022 0000 00AA 0000 0015 0000 0015 0000 0015 0000 003F 0000 0015 0000 003F 0000 0015 0000 003F 0000 0040 0000 0040 0000 003F 0000 0015 0000 003F 0000 0015 0000 003F 0000 0015 0000 003F 0000 0040 0000 0015 0000 0015 0000 003F 0000 0015 0000 0015 0000 0015 0000 0015 0000 0015 0000 0040 0000 003F 0000 0015 0000 003F 0000 0040 0000 0040 0000 0588
Strobe	0000 0067 0000 0022 0000 00AA 0000 0015 0000 0015 0000 0015 0000 003F 0000 0015 0000 003F 0000 0015 0000 003F 0000 0040 0000 0040 0000 003F 0000 0015 0000 003F 0000 0015 0000 003F 0000 0015 0000 003F 0000 0040 0000 0015 0000 0040 0000 0040 0000 0015 0000 0040 0000 0015 0000 0015 0000 0015 0000 003F 0000 0015 0000 0015 0000 0040 0000 0015 0000 0040 0000 0588
Multi-	0000 0067 0000 0022 0000 00AA 0000 0015 0000 0015 0000 0015 0000 003F 0000 0015 0000 003F 0000 0015 0000 003F 0000 0040 0000 0040 0000 003F 0000 0015 0000 003F 0000 0015 0000 003F 0000 0015 0000 0015 0000 0040 0000 003F 0000 0015 0000 0015 0000 0015 0000 0040 0000 0015 0000 0040 0000 0015 0000 0015 0000 003F 0000 0040 0000 0040 0000 0015 0000 0040 0000 0588
Multi+	0000 0067 0000 0022 0000 00AA 0000 0015 0000 0015 0000 0015 0000 003F 0000 0015 0000 003F 0000 0015 0000 003F 0000 0040 0000 0040 0000 003F 0000 0015 0000 003F 0000 0015 0000 003F 0000 0015 0000 003F 0000 0040 0000 0040 0000 0015 0000 0015 0000 0015 0000 003F 0000 0015 0000 0015 0000 0015 0000 0015 0000 003F 0000 0040 0000 0040 0000 0015 0000 0040 0000 0588
Pause	0000 0067 0000 0022 0000 00AA 0000 0015 0000 0015 0000 0015 0000 003F 0000 0015 0000 003F 0000 0015 0000 003F 0000 0040 0000 0040 0000 003F 0000 0015 0000 003F 0000 0015 0000 003F 0000 0015 0000 0015 0000 0015 0000 0015 0000 003F 0000 0040 0000 0015 0000 0015 0000 0015 0000 0040 0000 003F 0000 0040 0000 0015 0000 0015 0000 003F 0000 0040 0000 0040 0000 0588
R-Step	0000 0067 0000 0022 0000 00AA 0000 0015 0000 0015 0000 0015 0000 003F 0000 0015 0000 003F 0000 0015 0000 003F 0000 0040 0000 0040 0000 003F 0000 0015 0000 003F 0000 0015 0000 003F 0000 0015 0000 0015 0000 0015 0000 0015 0000 0015 0000 0040 0000 0015 0000 0040 0000 0015 0000 0040 0000 003F 0000 0040 0000 0040 0000 0015 0000 0040 0000 0015 0000 0040 0000 0588
F-Step	0000 0067 0000 0022 0000 00AA 0000 0015 0000 0015 0000 0015 0000 003F 0000 0015 0000 003F 0000 0015 0000 003F 0000 0040 0000 0040 0000 003F 0000 0015 0000 003F 0000 0015 0000 003F 0000 0015 0000 0015 0000 0015 0000 0040 0000 0015 0000 0040 0000 0015 0000 0040 0000 0015 0000 0040 0000 0040 0000 0015 0000 0040 0000 0015 0000 0040 0000 0015 0000 0040 0000 0588
R Srch	0000 0067 0000 0022 0000 00AA 0000 0015 0000 0015 0000 0015 0000 003F 0000 0015 0000 003F 0000 0015 0000 003F 0000 0040 0000 0040 0000 003F 0000 0015 0000 003F 0000 0015 0000 003F 0000 0015 0000 003F 0000 0015 0000 0015 0000 0015 0000 0040 0000 0015 0000 0015 0000 0015 0000 0015 0000 0040 0000 0040 0000 003F 0000 0015 0000 003F 0000 0040 0000 0040 0000 0588
F Srch	0000 0067 0000 0022 0000 00AB 0000 0015 0000 0015 0000 0015 0000 0040 0000 0015 0000 0040 0000 0015 0000 0040 0000 003F 0000 0040 0000 0040 0000 0015 0000 0040 0000 0015 0000 0040 0000 0015 0000 0015 0000 0015 0000 0015 0000 0015 0000 0040 0000 0015 0000 0015 0000 0015 0000 0040 0000 003F 0000 0040 0000 0040 0000 0015 0000 0040 0000 003F 0000 0040 0000 0589
Side A	0000 0067 0000 0022 0000 00AB 0000 0015 0000 0015 0000 0015 0000 0040 0000 0015 0000 0040 0000 0015 0000 0040 0000 003F 0000 0040 0000 0040 0000 0015 0000 0040 0000 0015 0000 0040 0000 0015 0000 0040 0000 0015 0000 0040 0000 003F 0000 0015 0000 0015 0000 0040 0000 0015 0000 0015 0000 0040 0000 0015 0000 0015 0000 003F 0000 0040 0000 0015 0000 0040 0000 0589
Side B	0000 0067 0000 0022 0000 00AB 0000 0015 0000 0015 0000 0015 0000 0040 0000 0015 0000 0040 0000 0015 0000 0040 0000 003F 0000 0040 0000 0040 0000 0015 0000 0040 0000 0015 0000 0040 0000 0015 0000 0015 0000 0040 0000 0040 0000 003F 0000 0015 0000 0015 0000 0040 0000 0015 0000 0040 0000 0015 0000 0015 0000 0015 0000 003F 0000 0040 0000 0015 0000 0040 0000 0589
Back	0000 0067 0000 0022 0000 00AB 0000 0015 0000 0015 0000 0015 0000 0040 0000 0015 0000 0040 0000 0015 0000 0040 0000 003F 0000 0040 0000 0040 0000 0015 0000 0040 0000 0015 0000 0040 0000 0015 0000 0040 0000 003F 0000 0015 0000 0015 0000 0040 0000 0015 0000 0040 0000 0015 0000 0015 0000 0015 0000 003F 0000 0040 0000 0015 0000 0040 0000 0015 0000 0040 0000 0589
Next	0000 0067 0000 0022 0000 00AA 0000 0015 0000 0015 0000 0015 0000 0040 0000 0015 0000 0040 0000 0015 0000 0040 0000 0040 0000 003F 0000 0040 0000 0015 0000 0040 0000 0015 0000 0040 0000 0015 0000 0015 0000 003F 0000 0015 0000 0015 0000 0040 0000 0015 0000 0040 0000 0015 0000 0040 0000 0015 0000 0040 0000 003F 0000 0015 0000 003F 0000 0015 0000 003F 0000 0588
1	0000 0067 0000 0022 0000 00AA 0000 0015 0000 0015 0000 0015 0000 003F 0000 0015 0000 003F 0000 0015 0000 003F 0000 0040 0000 0040 0000 003F 0000 0015 0000 003F 0000 0015 0000 003F 0000 0015 0000 003F 0000 0015 0000 0015 0000 0015 0000 0015 0000 0015 0000 0015 0000 0015 0000 0015 0000 0040 0000 003F 0000 0040 0000 0040 0000 003F 0000 0040 0000 0040 0000 0588
2	0000 0067 0000 0022 0000 00AA 0000 0015 0000 0015 0000 0015 0000 0040 0000 0015 0000 0040 0000 0015 0000 0040 0000 0040 0000 003F 0000 0040 0000 0015 0000 0040 0000 0015 0000 0040 0000 0015 0000 0015 0000 003F 0000 0015 0000 0015 0000 0015 0000 0015 0000 0015 0000 0015 0000 0040 0000 0015 0000 0040 0000 0040 0000 003F 0000 0040 0000 0040 0000 003F 0000 0588
3	0000 0067 0000 0022 0000 00AB 0000 0015 0000 0015 0000 0015 0000 0040 0000 0015 0000 0040 0000 0015 0000 0040 0000 003F 0000 0040 0000 0040 0000 0015 0000 0040 0000 0015 0000 0040 0000 0015 0000 0040 0000 003F 0000 0015 0000 0015 0000 0015 0000 0015 0000 0015 0000 0015 0000 0015 0000 0015 0000 0040 0000 003F 0000 0040 0000 0040 0000 003F 0000 0040 0000 0589
4	0000 0067 0000 0022 0000 00AA 0000 0015 0000 0015 0000 0015 0000 0040 0000 0015 0000 0040 0000 0015 0000 0040 0000 0040 0000 003F 0000 0040 0000 0015 0000 0040 0000 0015 0000 0040 0000 0015 0000 0015 0000 0015 0000 0040 0000 0015 0000 0015 0000 0015 0000 0015 0000 0015 0000 0040 0000 0040 0000 0015 0000 0040 0000 003F 0000 0040 0000 0040 0000 003F 0000 0588
5	0000 0067 0000 0022 0000 00AA 0000 0015 0000 0015 0000 0015 0000 0040 0000 0015 0000 0040 0000 0015 0000 0040 0000 0040 0000 003F 0000 0040 0000 0015 0000 0040 0000 0015 0000 0040 0000 0015 0000 0040 0000 0015 0000 0040 0000 0015 0000 0015 0000 0015 0000 0015 0000 0015 0000 0015 0000 0040 0000 0015 0000 0040 0000 003F 0000 0040 0000 0040 0000 003F 0000 0588
6	0000 0067 0000 0022 0000 00AA 0000 0015 0000 0015 0000 0015 0000 0040 0000 0015 0000 0040 0000 0015 0000 0040 0000 0040 0000 003F 0000 0040 0000 0015 0000 0040 0000 0015 0000 0040 0000 0015 0000 0015 0000 003F 0000 0040 0000 0015 0000 0015 0000 0015 0000 0015 0000 0015 0000 003F 0000 0015 0000 0015 0000 0040 0000 003F 0000 0040 0000 0040 0000 003F 0000 0588
7	0000 0067 0000 0022 0000 00AA 0000 0015 0000 0015 0000 0015 0000 0040 0000 0015 0000 0040 0000 0015 0000 0040 0000 0040 0000 003F 0000 0040 0000 0015 0000 0040 0000 0015 0000 0040 0000 0015 0000 0040 0000 0040 0000 003F 0000 0015 0000 0015 0000 0015 0000 0015 0000 0015 0000 0015 0000 0015 0000 0015 0000 0040 0000 003F 0000 0040 0000 0040 0000 003F 0000 0588
8	0000 0067 0000 0022 0000 00AA 0000 0015 0000 0015 0000 0015 0000 0040 0000 0015 0000 0040 0000 0015 0000 0040 0000 0040 0000 003F 0000 0040 0000 0015 0000 0040 0000 0015 0000 0040 0000 0015 0000 0015 0000 0015 0000 0015 0000 0040 0000 0015 0000 0015 0000 0015 0000 0015 0000 0040 0000 0040 0000 003F 0000 0015 0000 003F 0000 0040 0000 0040 0000 003F 0000 0588
9	0000 0067 0000 0022 0000 00AA 0000 0015 0000 0015 0000 0015 0000 0040 0000 0015 0000 0040 0000 0015 0000 0040 0000 0040 0000 003F 0000 0040 0000 0015 0000 0040 0000 0015 0000 0040 0000 0015 0000 0040 0000 0015 0000 0015 0000 003F 0000 0015 0000 0015 0000 0015 0000 0015 0000 0015 0000 0040 0000 003F 0000 0015 0000 003F 0000 0040 0000 0040 0000 003F 0000 0588
0	0000 0067 0000 0022 0000 00AA 0000 0015 0000 0015 0000 0015 0000 0040 0000 0015 0000 0040 0000 0015 0000 0040 0000 0040 0000 003F 0000 0040 0000 0015 0000 0040 0000 0015 0000 0040 0000 0015 0000 0015 0000 0015 0000 0015 0000 0015 0000 0015 0000 0015 0000 0015 0000 0015 0000 0040 0000 003F 0000 0040 0000 0040 0000 003F 0000 0040 0000 0040 0000 003F 0000 0588
+10	0000 0067 0000 0022 0000 00AA 0000 0015 0000 0015 0000 0015 0000 0040 0000 0015 0000 0040 0000 0015 0000 0040 0000 0040 0000 003F 0000 0040 0000 0015 0000 0040 0000 0015 0000 0040 0000 0015 0000 0040 0000 0040 0000 003F 0000 0040 0000 0040 0000 0015 0000 0015 0000 0015 0000 0015 0000 0015 0000 0015 0000 0015 0000 0015 0000 0040 0000 0040 0000 003F 0000 0588
C	0000 0067 0000 0022 0000 00AA 0000 0015 0000 0015 0000 0015 0000 0040 0000 0015 0000 0040 0000 0015 0000 0040 0000 0040 0000 003F 0000 0040 0000 0015 0000 0040 0000 0015 0000 0040 0000 0015 0000 0040 0000 0015 0000 0040 0000 0015 0000 0015 0000 0015 0000 0040 0000 0015 0000 0015 0000 0040 0000 0015 0000 0040 0000 0040 0000 003F 0000 0015 0000 003F 0000 0588
Play	0000 0067 0000 0022 0000 00AB 0000 0015 0000 0015 0000 0015 0000 0040 0000 0015 0000 0040 0000 0015 0000 0040 0000 003F 0000 0040 0000 0040 0000 0015 0000 0040 0000 0015 0000 0040 0000 0015 0000 0040 0000 003F 0000 0040 0000 0015 0000 0040 0000 0015 0000 0015 0000 0015 0000 0015 0000 0015 0000 0015 0000 0040 0000 0015 0000 0040 0000 003F 0000 0040 0000 0589
