1	0000 006d 0022 0002 014f 00a7 0016 003d 0016 003d 0016 0016 0016 0016 0016 0016 0016 0016 0016 0016 0016 003d 0016 003d 0016 0016 0016 0016 0016 0016 0016 003d 0016 0016 0016 0016 0016 0016 0016 0016 0016 0016 0016 0016 0016 003d 0016 0016 0016 0016 0016 003d 0016 0016 0016 003d 0016 003d 0016 003d 0016 0016 0016 003d 0016 003d 0016 0016 0016 003d 0016 0663 014f 0053 0016 0dfe
2	0000 006d 0022 0002 014f 00a7 0015 003e 0015 003e 0015 0015 0015 0015 0015 0015 0015 0015 0015 0015 0015 003e 0015 003e 0015 0015 0015 0015 0015 0015 0015 003e 0015 0015 0015 0015 0015 0015 0015 003e 0015 0015 0015 0015 0015 003e 0015 0015 0015 0015 0015 003e 0015 0015 0015 0015 0015 003e 0015 003e 0015 0015 0015 003e 0015 003e 0015 0015 0015 003e 0015 0663 014f 0053 0015 0dfe
3	0000 006d 0022 0002 014f 00a7 0016 003d 0016 003d 0016 0016 0016 0016 0016 0016 0016 0016 0016 0016 0016 003d 0016 003d 0016 0016 0016 0016 0016 0016 0016 003d 0016 0016 0016 0016 0016 0016 0016 0016 0016 003d 0016 0016 0016 003d 0016 0016 0016 0016 0016 003d 0016 0016 0016 003d 0016 0016 0016 003d 0016 0016 0016 003d 0016 003d 0016 0016 0016 003d 0016 0663 014f 0053 0016 0e00
Power	0000 006d 0022 0002 014f 00a7 0015 003e 0015 003e 0015 0015 0015 0015 0015 0015 0015 0015 0015 0015 0015 003e 0015 003e 0015 0015 0015 0015 0015 0015 0015 003e 0015 0015 0015 0015 0015 0015 0015 0015 0015 0015 0015 0015 0015 0015 0015 0015 0015 0015 0015 0015 0015 0015 0015 003e 0015 003e 0015 003e 0015 003e 0015 003e 0015 003e 0015 003e 0015 003e 0015 0663 014f 0053 0015 0dff
4	0000 006d 0022 0002 014f 00a7 0015 003e 0015 003e 0015 0015 0015 0015 0015 0015 0015 0015 0015 0015 0015 003e 0015 003e 0015 0015 0015 0015 0015 0015 0015 003e 0015 0015 0015 0015 0015 0015 0015 003e 0015 003e 0015 0015 0015 003e 0015 0015 0015 0015 0015 003e 0015 0015 0015 0015 0015 0015 0015 003e 0015 0015 0015 003e 0015 003e 0015 0015 0015 003e 0015 0663 014f 0053 0015 0dfe
5	0000 006d 0022 0002 014f 00a7 0015 003e 0015 003e 0015 0015 0015 0015 0015 0015 0015 0015 0015 0015 0015 003e 0015 003e 0015 0015 0015 0015 0015 0015 0015 003e 0015 0015 0015 0015 0015 0015 0015 0015 0015 0015 0015 003e 0015 003e 0015 0015 0015 0015 0015 003e 0015 0015 0015 003e 0015 003e 0015 0015 0015 0015 0015 003e 0015 003e 0015 0015 0015 003e 0015 0663 014f 0053 0015 0dfe
6	0000 006d 0022 0002 014f 00a7 0016 003d 0016 003d 0016 0016 0016 0016 0016 0016 0016 0016 0016 0016 0016 003d 0016 003d 0016 0016 0016 0016 0016 0016 0016 003d 0016 0016 0016 0016 0016 0016 0016 003d 0016 0016 0016 003d 0016 003d 0016 0016 0016 0016 0016 003d 0016 0016 0016 0016 0016 003d 0016 0016 0016 0016 0016 003d 0016 003d 0016 0016 0016 003d 0016 0663 014f 0053 0016 0e00
Channel+	0000 006d 0022 0002 014f 00a7 0016 003d 0016 003d 0016 0016 0016 0016 0016 0016 0016 0016 0016 0016 0016 003d 0016 003d 0016 0016 0016 0016 0016 0016 0016 003d 0016 0016 0016 0016 0016 0016 0016 0016 0016 0016 0016 003d 0016 0016 0016 0016 0016 0016 0016 003d 0016 0016 0016 003d 0016 003d 0016 0016 0016 003d 0016 003d 0016 003d 0016 0016 0016 003d 0016 0663 014f 0053 0016 0e00
Volume+	0000 006d 0022 0002 014f 00a7 0015 003e 0015 003e 0015 0015 0015 0015 0015 0015 0015 0015 0015 0015 0015 003e 0015 003e 0015 0015 0015 0015 0015 0015 0015 003e 0015 0015 0015 0015 0015 0015 0015 0015 0015 003e 0015 003e 0015 0015 0015 003e 0015 0015 0015 0015 0015 0015 0015 003e 0015 0015 0015 0015 0015 003e 0015 0015 0015 003e 0015 003e 0015 003e 0015 0663 014f 0053 0015 0dfe
7	0000 006d 0022 0002 014f 00a8 0016 003d 0016 003d 0016 0016 0016 0016 0016 0016 0016 0016 0016 0016 0016 003d 0016 003d 0016 0016 0016 0016 0016 0016 0016 003d 0016 0016 0016 0016 0016 0016 0016 0016 0016 003d 0016 003d 0016 003d 0016 0016 0016 0016 0016 003d 0016 0016 0016 003d 0016 0016 0016 0016 0016 0016 0016 003d 0016 003d 0016 0016 0016 003d 0016 0664 014f 0053 0016 0dff
8	0000 006d 0022 0002 014f 00a7 0016 003e 0016 003e 0016 0016 0016 0016 0016 0016 0016 0016 0016 0016 0016 003e 0016 003e 0016 0016 0016 0016 0016 0016 0016 003e 0016 0016 0016 0016 0016 0016 0016 003e 0016 003e 0016 003e 0016 003e 0016 0016 0016 0016 0016 003e 0016 0016 0016 0016 0016 0016 0016 0016 0016 0016 0016 003e 0016 003e 0016 0016 0016 003e 0016 0663 014f 0053 0016 0dfe
9	0000 006d 0022 0002 014f 00a7 0016 003d 0016 003d 0016 0016 0016 0016 0016 0016 0016 0016 0016 0016 0016 003d 0016 003d 0016 0016 0016 0016 0016 0016 0016 003d 0016 0016 0016 0016 0016 0016 0016 0016 0016 0016 0016 0016 0016 0016 0016 003d 0016 0016 0016 003d 0016 0016 0016 003d 0016 003d 0016 003d 0016 003d 0016 0016 0016 003d 0016 0016 0016 003d 0016 0664 014f 0053 0016 0dfe
Channel-	0000 006d 0022 0002 014f 00a8 0015 003d 0015 003d 0015 0015 0015 0015 0015 0015 0015 0015 0015 0015 0015 003d 0015 003d 0015 0015 0015 0015 0015 0015 0015 003d 0015 0015 0015 0015 0015 0015 0015 003d 0015 0015 0015 003d 0015 0015 0015 0015 0015 0015 0015 003d 0015 0015 0015 0015 0015 003d 0015 0015 0015 003d 0015 003d 0015 003d 0015 0015 0015 003d 0015 0663 014f 0053 0015 0dff
Volume-	0000 006d 0022 0002 014f 00a8 0016 003d 0016 003d 0016 0016 0016 0016 0016 0016 0016 0016 0016 0016 0016 003d 0016 003d 0016 0016 0016 0016 0016 0016 0016 003d 0016 0016 0016 0016 0016 0016 0016 003d 0016 003d 0016 003d 0016 0016 0016 003d 0016 0016 0016 0016 0016 0016 0016 0016 0016 0016 0016 0016 0016 003d 0016 0016 0016 003d 0016 003d 0016 003d 0016 0664 014f 0053 0016 0e00
PL 10	0000 006d 0022 0002 014f 00a8 0015 003e 0015 003e 0015 0015 0015 0015 0015 0015 0015 0015 0015 0015 0015 003e 0015 003e 0015 0015 0015 0015 0015 0015 0015 003e 0015 0015 0015 0015 0015 0015 0015 0015 0015 003e 0015 0015 0015 0015 0015 003e 0015 0015 0015 003e 0015 0015 0015 003e 0015 0015 0015 003e 0015 003e 0015 0015 0015 003e 0015 0015 0015 003e 0015 0664 014f 0053 0015 0dff
0	0000 006d 0022 0002 014f 00a7 0016 003d 0016 003d 0016 0016 0016 0016 0016 0016 0016 0016 0016 0016 0016 003d 0016 003d 0016 0016 0016 0016 0016 0016 0016 003d 0016 0016 0016 0016 0016 0016 0016 003d 0016 0016 0016 0016 0016 0016 0016 003d 0016 0016 0016 003d 0016 0016 0016 0016 0016 003d 0016 003d 0016 003d 0016 0016 0016 003d 0016 0016 0016 003d 0016 0664 014f 0053 0016 0dfe
Band	0000 006d 0022 0002 014f 00a7 0015 003e 0015 003e 0015 0015 0015 0015 0015 0015 0015 0015 0015 0015 0015 003e 0015 003e 0015 0015 0015 0015 0015 0015 0015 003e 0015 0015 0015 0015 0015 0015 0015 003e 0015 003e 0015 0015 0015 0015 0015 0015 0015 0015 0015 003e 0015 0015 0015 0015 0015 0015 0015 003e 0015 003e 0015 003e 0015 003e 0015 0015 0015 003e 0015 0663 014f 0053 0015 0dff
Mute	0000 006d 0022 0002 014f 00a7 0015 003e 0015 003e 0015 0015 0015 0015 0015 0015 0015 0015 0015 0015 0015 003e 0015 003e 0015 0015 0015 0015 0015 0015 0015 003e 0015 0015 0015 0015 0015 0015 0015 0015 0015 0015 0015 0015 0015 003e 0015 003e 0015 0015 0015 0015 0015 0015 0015 003e 0015 003e 0015 003e 0015 0015 0015 0015 0015 003e 0015 003e 0015 003e 0015 0663 014f 0053 0015 0dff
Guide	0000 006d 0022 0002 014f 00a8 0016 003e 0016 003e 0016 0016 0016 0016 0016 0016 0016 0016 0016 0016 0016 003e 0016 003e 0016 0016 0016 0016 0016 0016 0016 003e 0016 0016 0016 0016 0016 0016 0016 0016 0016 0016 0016 0016 0016 0016 0016 0016 0016 0016 0016 003e 0016 0016 0016 003e 0016 003e 0016 003e 0016 003e 0016 003e 0016 003e 0016 0016 0016 003e 0016 0663 014f 0053 0016 0dff
Up	0000 006d 0022 0002 014f 00a7 0016 003d 0016 003d 0016 0016 0016 0016 0016 0016 0016 0016 0016 0016 0016 003d 0016 003d 0016 0016 0016 0016 0016 0016 0016 003d 0016 0016 0016 0016 0016 0016 0016 003d 0016 003d 0016 003d 0016 0016 0016 003d 0016 0016 0016 003d 0016 0016 0016 0016 0016 0016 0016 0016 0016 003d 0016 0016 0016 003d 0016 0016 0016 003d 0016 0664 014f 0053 0016 0dff
Menu	0000 006d 0022 0002 014f 00a8 0016 003d 0016 003d 0016 0016 0016 0016 0016 0016 0016 0016 0016 0016 0016 003d 0016 003d 0016 0016 0016 0016 0016 0016 0016 003d 0016 0016 0016 0016 0016 0016 0016 0016 0016 003d 0016 0016 0016 0016 0016 0016 0016 0016 0016 003d 0016 0016 0016 003d 0016 0016 0016 003d 0016 003d 0016 003d 0016 003d 0016 0016 0016 003d 0016 0663 014f 0053 0016 0dff
Minus	0000 006d 0022 0002 014f 00a8 0015 003e 0015 003e 0015 0015 0015 0015 0015 0015 0015 0015 0015 0015 0015 003e 0015 003e 0015 0015 0015 0015 0015 0015 0015 003e 0015 0015 0015 0015 0015 0015 0015 0015 0015 0015 0015 003e 0015 003e 0015 003e 0015 0015 0015 0015 0015 0015 0015 003e 0015 003e 0015 0015 0015 0015 0015 0015 0015 003e 0015 003e 0015 003e 0015 0664 014f 0053 0015 0dff
Ent	0000 006d 0022 0002 014f 00a7 0015 003e 0015 003e 0015 0015 0015 0015 0015 0015 0015 0015 0015 0015 0015 003e 0015 003e 0015 0015 0015 0015 0015 0015 0015 003e 0015 0015 0015 0015 0015 0015 0015 0015 0015 003e 0015 003e 0015 003e 0015 003e 0015 0015 0015 0015 0015 0015 0015 003e 0015 0015 0015 0015 0015 0015 0015 0015 0015 003e 0015 003e 0015 003e 0015 0663 014f 0053 0015 0e00
Plus	0000 006d 0022 0002 014f 00a8 0015 003e 0015 003e 0015 0015 0015 0015 0015 0015 0015 0015 0015 0015 0015 003e 0015 003e 0015 0015 0015 0015 0015 0015 0015 003e 0015 0015 0015 0015 0015 0015 0015 003e 0015 003e 0015 0015 0015 003e 0015 003e 0015 0015 0015 0015 0015 0015 0015 0015 0015 0015 0015 003e 0015 0015 0015 0015 0015 003e 0015 003e 0015 003e 0015 0664 014f 0053 0015 0dff
S	0000 006d 0022 0002 014f 00a8 0016 003d 0016 003d 0016 0016 0016 0016 0016 0016 0016 0016 0016 0016 0016 003d 0016 003d 0016 0016 0016 0016 0016 0016 0016 003d 0016 0016 0016 0016 0016 0016 0016 003d 0016 003d 0016 003d 0016 003d 0016 003d 0016 0016 0016 0016 0016 0016 0016 0016 0016 0016 0016 0016 0016 0016 0016 0016 0016 003d 0016 003d 0016 003d 0016 0663 014f 0053 0016 0e00
Down	0000 006d 0022 0002 014f 00a8 0016 003d 0016 003d 0016 0016 0016 0016 0016 0016 0016 0016 0016 0016 0016 003d 0016 003d 0016 0016 0016 0016 0016 0016 0016 003d 0016 0016 0016 0016 0016 0016 0016 0016 0016 0016 0016 0016 0016 003d 0016 003d 0016 0016 0016 003d 0016 0016 0016 003d 0016 003d 0016 003d 0016 0016 0016 0016 0016 003d 0016 0016 0016 003d 0016 0663 014f 0053 0016 0dff
R	0000 006d 0022 0002 014f 00a8 0015 003e 0015 003e 0015 0015 0015 0015 0015 0015 0015 0015 0015 0015 0015 003e 0015 003e 0015 0015 0015 0015 0015 0015 0015 003e 0015 0015 0015 0015 0015 0015 0015 0015 0015 0015 0015 003e 0015 0015 0015 003e 0015 0015 0015 0015 0015 0015 0015 003e 0015 003e 0015 0015 0015 003e 0015 0015 0015 003e 0015 003e 0015 003e 0015 0664 014f 0053 0015 0dff
CD	0000 006d 0022 0002 014f 00a8 0015 003e 0015 003e 0015 0015 0015 0015 0015 0015 0015 0015 0015 0015 0015 003e 0015 003e 0015 0015 0015 0015 0015 0015 0015 003e 0015 0015 0015 0015 0015 0015 0015 003e 0015 0015 0015 0015 0015 0015 0015 0015 0015 0015 0015 0015 0015 0015 0015 0015 0015 003e 0015 003e 0015 003e 0015 003e 0015 003e 0015 003e 0015 003e 0015 0663 014f 0053 0015 0e00
Tun	0000 006d 0022 0002 014f 00a8 0016 003e 0016 003e 0016 0016 0016 0016 0016 0016 0016 0016 0016 0016 0016 003e 0016 003e 0016 0016 0016 0016 0016 0016 0016 003e 0016 0016 0016 0016 0016 0016 0016 0016 0016 003e 0016 0016 0016 0016 0016 0016 0016 0016 0016 0016 0016 0016 0016 003e 0016 0016 0016 003e 0016 003e 0016 003e 0016 003e 0016 003e 0016 003e 0016 0663 014f 0053 0016 0dff
PH	0000 006d 0022 0002 014f 00a8 0016 003d 0016 003d 0016 0016 0016 0016 0016 0016 0016 0016 0016 0016 0016 003d 0016 003d 0016 0016 0016 0016 0016 0016 0016 003d 0016 0016 0016 0016 0016 0016 0016 0016 0016 003d 0016 0016 0016 003d 0016 0016 0016 0016 0016 0016 0016 0016 0016 003d 0016 0016 0016 003d 0016 0016 0016 003d 0016 003d 0016 003d 0016 003d 0016 0663 014f 0053 0016 0e00
TA 1	0000 006d 0022 0002 014f 00a8 0015 003e 0015 003e 0015 0015 0015 0015 0015 0015 0015 0015 0015 0015 0015 003e 0015 003e 0015 0015 0015 0015 0015 0015 0015 003e 0015 0015 0015 0015 0015 0015 0015 003e 0015 0015 0015 003e 0015 0015 0015 0015 0015 0015 0015 0015 0015 0015 0015 0015 0015 003e 0015 0015 0015 003e 0015 003e 0015 003e 0015 003e 0015 003e 0015 0663 014f 0053 0015 0dff
TA 2	0000 006d 0022 0002 014f 00a8 0015 003e 0015 003e 0015 0015 0015 0015 0015 0015 0015 0015 0015 0015 0015 003e 0015 003e 0015 0015 0015 0015 0015 0015 0015 003e 0015 0015 0015 0015 0015 0015 0015 0015 0015 003e 0015 003e 0015 0015 0015 0015 0015 0015 0015 0015 0015 0015 0015 003e 0015 0015 0015 0015 0015 003e 0015 003e 0015 003e 0015 003e 0015 003e 0015 0664 014f 0053 0015 0dff
Vid 1	0000 006d 0022 0002 014f 00a8 0016 003d 0016 003d 0016 0016 0016 0016 0016 0016 0016 0016 0016 0016 0016 003d 0016 003d 0016 0016 0016 0016 0016 0016 0016 003d 0016 0016 0016 0016 0016 0016 0016 003d 0016 003d 0016 003d 0016 0016 0016 0016 0016 0016 0016 0016 0016 0016 0016 0016 0016 0016 0016 0016 0016 003d 0016 003d 0016 003d 0016 003d 0016 003d 0016 0663 014f 0053 0016 0dff
Vid 2	0000 006d 0022 0002 014f 00a8 0015 003e 0015 003e 0015 0015 0015 0015 0015 0015 0015 0015 0015 0015 0015 003e 0015 003e 0015 0015 0015 0015 0015 0015 0015 003e 0015 0015 0015 0015 0015 0015 0015 0015 0015 0015 0015 0015 0015 003e 0015 0015 0015 0015 0015 0015 0015 0015 0015 003e 0015 003e 0015 003e 0015 0015 0015 003e 0015 003e 0015 003e 0015 003e 0015 0663 014f 0053 0015 0dff
Vid 3	0000 006d 0022 0002 014f 00a8 0016 003d 0016 003d 0016 0016 0016 0016 0016 0016 0016 0016 0016 0016 0016 003d 0016 003d 0016 0016 0016 0016 0016 0016 0016 003d 0016 0016 0016 0016 0016 0016 0016 003d 0016 0016 0016 0016 0016 003d 0016 0016 0016 0016 0016 0016 0016 0016 0016 0016 0016 003d 0016 003d 0016 0016 0016 003d 0016 003d 0016 003d 0016 003d 0016 0663 014f 0053 0016 0dff
Vid 4	0000 006d 0022 0002 014f 00a8 0015 003e 0015 003e 0015 0015 0015 0015 0015 0015 0015 0015 0015 0015 0015 003e 0015 003e 0015 0015 0015 0015 0015 0015 0015 003e 0015 0015 0015 0015 0015 0015 0015 003e 0015 003e 0015 0015 0015 0015 0015 0015 0015 0015 0015 0015 0015 0015 0015 0015 0015 0015 0015 003e 0015 003e 0015 003e 0015 003e 0015 003e 0015 003e 0015 0664 014f 0053 0015 0dff
Vid 5	0000 006d 0022 0002 014f 00a8 0015 003e 0015 003e 0015 0015 0015 0015 0015 0015 0015 0015 0015 0015 0015 003e 0015 003e 0015 0015 0015 0015 0015 0015 0015 003e 0015 0015 0015 0015 0015 0015 0015 0015 0015 0015 0015 003e 0015 0015 0015 0015 0015 0015 0015 0015 0015 0015 0015 003e 0015 003e 0015 0015 0015 003e 0015 003e 0015 003e 0015 003e 0015 003e 0015 0664 014f 0053 0015 0dff
Filter	0000 006d 0022 0002 014f 00a8 0015 003e 0015 003e 0015 0015 0015 0015 0015 0015 0015 0015 0015 0015 0015 003e 0015 003e 0015 0015 0015 0015 0015 0015 0015 003e 0015 0015 0015 0015 0015 0015 0015 003e 0015 003e 0015 0015 0015 0015 0015 003e 0015 0015 0015 0015 0015 0015 0015 0015 0015 0015 0015 003e 0015 003e 0015 0015 0015 003e 0015 003e 0015 003e 0015 0664 014f 0053 0015 0dff
E In	0000 006d 0022 0002 014f 00a8 0015 003e 0015 003e 0015 0015 0015 0015 0015 0015 0015 0015 0015 0015 0015 003e 0015 003e 0015 0015 0015 0015 0015 0015 0015 003e 0015 0015 0015 0015 0015 0015 0015 003e 0015 0015 0015 0015 0015 003e 0015 003e 0015 0015 0015 0015 0015 0015 0015 0015 0015 003e 0015 003e 0015 0015 0015 0015 0015 003e 0015 003e 0015 003e 0015 0663 014f 0053 0015 0e00
Zone	0000 006d 0022 0002 014f 00a8 0015 003e 0015 003e 0015 0015 0015 0015 0015 0015 0015 0015 0015 0015 0015 003e 0015 003e 0015 0015 0015 0015 0015 0015 0015 003e 0015 0015 0015 0015 0015 0015 0015 0015 0015 003e 0015 0015 0015 003e 0015 003e 0015 0015 0015 0015 0015 0015 0015 003e 0015 0015 0015 003e 0015 0015 0015 0015 0015 003e 0015 003e 0015 003e 0015 0663 014f 0053 0015 0dff
Preset	0000 006d 0022 0002 014f 00a8 0016 003d 0016 003d 0016 0016 0016 0016 0016 0016 0016 0016 0016 0016 0016 003d 0016 003d 0016 0016 0016 0016 0016 0016 0016 003d 0016 0016 0016 0016 0016 0016 0016 003d 0016 0016 0016 003d 0016 003d 0016 003d 0016 0016 0016 003d 0016 0016 0016 0016 0016 003d 0016 0016 0016 0016 0016 0016 0016 003d 0016 0016 0016 003d 0016 0664 014f 0053 0016 0e00
Sur+	0000 006d 0022 0002 014f 00a8 0015 003e 0015 003e 0015 0015 0015 0015 0015 0015 0015 0015 0015 0015 0015 003e 0015 003e 0015 0015 0015 0015 0015 0015 0015 003e 0015 0015 0015 0015 0015 0015 0015 003e 0015 0015 0015 003e 0015 003e 0015 003e 0015 0015 0015 0015 0015 0015 0015 0015 0015 003e 0015 0015 0015 0015 0015 0015 0015 003e 0015 003e 0015 003e 0015 0664 014f 0053 0015 0dff
Shift	0000 006d 0022 0002 014f 00a7 0016 003d 0016 003d 0016 0016 0016 0016 0016 0016 0016 0016 0016 0016 0016 003d 0016 003d 0016 0016 0016 0016 0016 0016 0016 003d 0016 0016 0016 0016 0016 0016 0016 003d 0016 0016 0016 003d 0016 0016 0016 003d 0016 0016 0016 0016 0016 0016 0016 0016 0016 003d 0016 0016 0016 003d 0016 0016 0016 003d 0016 003d 0016 003d 0016 0664 014f 0053 0016 0dfe
Pty	0000 006d 0022 0002 014f 00a8 0015 003e 0015 003e 0015 0015 0015 0015 0015 0015 0015 0015 0015 0015 0015 003e 0015 003e 0015 0015 0015 0015 0015 0015 0015 003e 0015 0015 0015 0015 0015 0015 0015 003e 0015 0015 0015 0015 0015 003e 0015 003e 0015 0015 0015 003e 0015 0015 0015 0015 0015 003e 0015 003e 0015 0015 0015 0015 0015 003e 0015 0015 0015 003e 0015 0664 014f 0053 0015 0dff
TA	0000 006d 0022 0002 014f 00a8 0015 003e 0015 003e 0015 0015 0015 0015 0015 0015 0015 0015 0015 0015 0015 003e 0015 003e 0015 0015 0015 0015 0015 0015 0015 003e 0015 0015 0015 0015 0015 0015 0015 0015 0015 0015 0015 003e 0015 003e 0015 003e 0015 0015 0015 003e 0015 0015 0015 003e 0015 003e 0015 0015 0015 0015 0015 0015 0015 003e 0015 0015 0015 003e 0015 0664 014f 0053 0015 0dff
TP	0000 006d 0022 0002 014f 00a7 0015 003e 0015 003e 0015 0015 0015 0015 0015 0015 0015 0015 0015 0015 0015 003e 0015 003e 0015 0015 0015 0015 0015 0015 0015 003e 0015 0015 0015 0015 0015 0015 0015 003e 0015 003e 0015 0015 0015 003e 0015 003e 0015 0015 0015 003e 0015 0015 0015 0015 0015 0015 0015 003e 0015 0015 0015 0015 0015 003e 0015 0015 0015 003e 0015 0663 014f 0054 0015 0dfe
Display	0000 006d 0022 0002 014f 00a7 0015 003e 0015 003e 0015 0015 0015 0015 0015 0015 0015 0015 0015 0015 0015 003e 0015 003e 0015 0015 0015 0015 0015 0015 0015 003e 0015 0015 0015 0015 0015 0015 0015 003e 0015 0015 0015 003e 0015 0015 0015 003e 0015 0015 0015 003e 0015 0015 0015 0015 0015 003e 0015 0015 0015 003e 0015 0015 0015 003e 0015 0015 0015 003e 0015 0664 014f 0053 0015 0dfe
