Stby	0000 006d 0022 0002 0154 00aa 0016 003f 0016 0040 0015 0015 0016 0015 0016 0015 0015 0015 0016 0015 0016 003f 0016 0040 0015 0015 0016 0015 0016 0015 0015 0040 0016 0015 0015 0015 0016 0015 0016 0015 0015 0015 0016 0015 0016 0015 0015 0015 0016 0015 0016 0015 0015 0015 0016 0040 0015 0040 0016 003f 0016 0040 0015 0040 0016 003f 0016 0040 0015 0040 0016 0663 0154 0055 0015 0e30
Mute	0000 006d 0022 0002 0154 00aa 0016 0040 0015 0040 0016 0015 0015 0015 0016 0015 0016 0015 0015 0015 0016 0040 0015 0040 0016 0015 0015 0015 0016 0015 0016 003f 0016 0015 0016 0015 0015 0015 0016 0015 0016 0015 0015 0015 0016 0040 0015 0040 0016 0015 0015 0015 0016 0015 0016 003f 0016 0040 0015 0040 0016 0015 0015 0015 0016 0040 0015 0040 0016 003f 0016 0663 0154 0055 0016 0e30
Line/CD	0000 006d 0022 0002 0153 00aa 0015 0040 0016 003f 0016 0015 0016 0015 0015 0015 0016 0015 0016 0015 0015 0040 0016 003f 0016 0015 0016 0015 0015 0015 0016 0040 0015 0015 0016 0015 0016 0015 0015 0040 0016 0015 0015 0015 0016 0015 0016 0015 0015 0015 0016 0015 0016 0015 0015 0015 0016 0040 0015 0040 0016 003f 0016 0040 0015 0040 0016 003f 0016 0040 0015 0664 0153 0055 0016 0e30
Tuner/BS	0000 006d 0022 0002 0153 00aa 0015 0040 0016 003f 0016 0015 0016 0015 0015 0015 0016 0015 0016 0015 0015 0040 0016 003f 0016 0015 0016 0015 0015 0015 0016 0040 0015 0015 0016 0015 0016 0015 0015 0015 0016 0040 0015 0015 0016 0015 0016 0015 0015 0015 0016 0015 0016 0015 0015 0040 0016 0015 0015 0040 0016 003f 0016 0040 0015 0040 0016 003f 0016 0040 0015 0664 0153 0055 0016 0e30
LD	0000 006d 0022 0002 0154 00aa 0016 0040 0015 0040 0016 0015 0015 0015 0016 0015 0016 0015 0015 0015 0016 0040 0015 0040 0016 0015 0015 0015 0016 0015 0016 003f 0016 0015 0016 0015 0015 0015 0016 0015 0016 003f 0016 0015 0016 003f 0016 0015 0016 0015 0015 0015 0016 0015 0016 003f 0016 0015 0016 003f 0016 0015 0016 003f 0016 0040 0015 0040 0016 003f 0016 0663 0154 0055 0016 0e30
Vid1	0000 006d 0022 0002 0154 00aa 0016 003f 0016 0040 0015 0015 0016 0015 0016 0015 0015 0015 0016 0015 0016 003f 0016 0040 0015 0015 0016 0015 0016 0015 0015 0040 0016 0015 0015 0015 0016 0015 0016 003f 0016 0040 0015 0040 0016 0015 0015 0015 0016 0015 0016 0015 0015 0015 0016 0015 0016 0015 0015 0015 0016 0040 0015 0040 0016 003f 0016 0040 0015 0040 0016 0663 0154 0055 0015 0e30
Vid2	0000 006d 0022 0002 0153 00aa 0015 0040 0016 003f 0016 0015 0016 0015 0015 0015 0016 0015 0016 0015 0015 0040 0016 003f 0016 0015 0016 0015 0015 0015 0016 0040 0015 0015 0016 0015 0016 0015 0015 0015 0016 0015 0016 0015 0015 0040 0016 0015 0015 0015 0016 0015 0016 0015 0015 0040 0016 003f 0016 0040 0015 0015 0016 0040 0015 0040 0016 003f 0016 0040 0015 0664 0153 0055 0016 0e30
Vid3	0000 006d 0022 0002 0153 00aa 0015 0040 0016 003f 0016 0015 0016 0015 0015 0015 0016 0015 0016 0015 0015 0040 0016 003f 0016 0015 0016 0015 0015 0015 0016 0040 0015 0015 0016 0015 0016 0015 0015 0040 0016 0015 0015 0015 0016 0040 0015 0015 0016 0015 0016 0015 0015 0015 0016 0015 0016 003f 0016 0040 0015 0015 0016 0040 0015 0040 0016 003f 0016 0040 0015 0664 0153 0055 0016 0e30
On Scrn	0000 006d 0022 0002 0153 00aa 0015 0040 0016 003f 0016 0015 0016 0015 0015 0015 0016 0015 0016 0015 0015 0040 0016 003f 0016 0015 0016 0015 0015 0015 0016 0040 0015 0015 0016 0015 0016 0015 0015 0015 0016 0040 0015 0015 0016 0015 0016 0015 0015 0015 0016 0040 0015 0015 0016 0040 0015 0015 0016 0040 0015 0040 0016 003f 0016 0040 0015 0015 0016 0040 0015 0664 0153 0055 0016 0e30
Srnd Mode&lt;	0000 006d 0022 0002 0154 00aa 0016 0040 0015 0040 0016 0015 0015 0015 0016 0015 0016 0015 0015 0015 0016 0040 0015 0040 0016 0015 0015 0015 0016 0015 0016 003f 0016 0015 0016 0015 0015 0015 0016 0015 0016 003f 0016 0040 0015 0040 0016 003f 0016 0015 0016 0015 0015 0015 0016 0040 0015 0015 0016 0015 0016 0015 0015 0015 0016 0040 0015 0040 0016 003f 0016 0663 0154 0055 0016 0e30
Srnd Mode&gt;	0000 006d 0022 0002 0154 00aa 0016 003f 0016 0040 0015 0015 0016 0015 0016 0015 0015 0015 0016 0015 0016 003f 0016 0040 0015 0015 0016 0015 0016 0015 0015 0040 0016 0015 0015 0015 0016 0015 0016 003f 0016 0015 0016 003f 0016 0040 0015 0040 0016 0015 0015 0015 0016 0015 0016 0015 0015 0040 0016 0015 0015 0015 0016 0015 0016 003f 0016 0040 0015 0040 0016 0663 0154 0055 0015 0e30
Delay Time&lt;	0000 006d 0022 0002 0154 00aa 0016 003f 0016 0040 0015 0015 0016 0015 0016 0015 0015 0015 0016 0015 0016 003f 0016 0040 0015 0015 0016 0015 0016 0015 0015 0040 0016 0015 0015 0015 0016 0015 0016 0015 0015 0015 0016 0015 0016 0015 0015 0015 0016 0015 0016 003f 0016 0015 0016 003f 0016 0040 0015 0040 0016 003f 0016 0040 0015 0040 0016 0015 0015 0040 0016 0663 0154 0055 0015 0e30
Delay Time&gt;	0000 006d 0022 0002 0153 00aa 0015 0040 0016 003f 0016 0015 0016 0015 0015 0015 0016 0015 0016 0015 0015 0040 0016 003f 0016 0015 0016 0015 0015 0015 0016 0040 0015 0015 0016 0015 0016 0015 0015 0040 0016 003f 0016 0040 0015 0040 0016 003f 0016 0015 0016 0015 0015 0015 0016 0015 0016 0015 0015 0015 0016 0015 0016 0015 0015 0040 0016 003f 0016 0040 0015 0664 0153 0055 0016 0e30
Ctr Fcs	0000 006d 0022 0002 0154 00aa 0016 003f 0016 0040 0015 0015 0016 0015 0016 0015 0015 0015 0016 0015 0016 003f 0016 0040 0015 0015 0016 0015 0016 0015 0015 0040 0016 0015 0015 0015 0016 0015 0016 0015 0015 0040 0016 003f 0016 0015 0016 003f 0016 0015 0016 003f 0016 0015 0016 003f 0016 0015 0016 0015 0015 0040 0016 0015 0015 0040 0016 0015 0015 0040 0016 0663 0154 0055 0015 0e30
Bal Chk	0000 006d 0022 0002 0154 00aa 0016 003f 0016 0040 0015 0015 0016 0015 0016 0015 0015 0015 0016 0015 0016 003f 0016 0040 0015 0015 0016 0015 0016 0015 0015 0040 0016 0015 0015 0015 0016 0015 0016 003f 0016 0015 0016 0015 0015 0015 0016 0015 0016 0015 0015 0040 0016 0015 0015 0015 0016 0040 0015 0040 0016 003f 0016 0040 0015 0040 0016 0015 0015 0040 0016 0663 0154 0055 0015 0e30
Vol-	0000 006d 0022 0002 0154 00aa 0016 003f 0016 0040 0015 0015 0016 0015 0016 0015 0015 0015 0016 0015 0016 003f 0016 0040 0015 0015 0016 0015 0016 0015 0015 0040 0016 0015 0015 0015 0016 0015 0016 003f 0016 0040 0015 0040 0016 0015 0015 0040 0016 0015 0015 0015 0016 0015 0016 0015 0015 0015 0016 0015 0016 003f 0016 0015 0016 003f 0016 0040 0015 0040 0016 0663 0154 0055 0015 0e30
Vol+	0000 006d 0022 0002 0153 00aa 0015 0040 0016 003f 0016 0015 0016 0015 0015 0015 0016 0015 0016 0015 0015 0040 0016 003f 0016 0015 0016 0015 0015 0015 0016 0040 0015 0015 0016 0015 0016 0015 0015 0015 0016 0040 0015 0040 0016 0015 0015 0040 0016 0015 0015 0015 0016 0015 0016 003f 0016 0015 0016 0015 0015 0040 0016 0015 0015 0040 0016 003f 0016 0040 0015 0664 0153 0055 0016 0e30
