Standby	0000 006c 002c 0002 0156 00ac 0015 0015 0016 0040 0015 0015 0016 0015 0016 0040 0016 0015 0015 0040 0016 0015 0016 0016 0015 0015 0016 0015 0015 0016 0015 0015 0016 0040 0015 0015 0016 0040 0015 0040 0015 0016 0015 0040 0016 0016 0015 0040 0016 0040 0016 0040 0015 0040 0016 0040 0016 0040 0015 0015 0016 0015 0016 0016 0015 0015 0016 0015 0015 0016 0015 0015 0016 0015 0015 0040 0016 0040 0015 0040 0015 0040 0016 0040 0015 0040 0015 0040 0016 0040 0015 036e 0156 00ac 0015 0df6
1	0000 006c 002c 0002 0156 00ac 0015 0015 0016 0040 0015 0015 0016 0015 0015 0040 0016 0015 0016 0040 0016 0015 0015 0016 0015 0015 0016 0015 0015 0016 0015 0015 0016 0040 0015 0015 0016 0040 0015 0040 0016 0016 0015 0040 0016 0016 0015 0040 0016 0040 0016 0040 0015 0040 0016 0040 0016 0040 0015 0040 0015 0040 0016 0040 0015 0040 0016 0016 0015 0015 0016 0015 0016 0016 0015 0015 0016 0015 0015 0016 0015 0015 0016 0040 0015 0040 0016 0040 0016 0040 0015 036e 0156 00ac 0015 0df6
2	0000 006c 002c 0002 0156 00ac 0015 0015 0016 0040 0015 0015 0016 0015 0016 0040 0016 0015 0016 0040 0016 0015 0016 0016 0015 0015 0016 0015 0015 0016 0015 0015 0016 0040 0015 0015 0016 0040 0015 0040 0016 0016 0015 0040 0015 0016 0015 0040 0016 0040 0016 0040 0015 0040 0016 0040 0016 0040 0015 0015 0016 0015 0015 0016 0015 0015 0016 0040 0015 0015 0016 0015 0016 0016 0015 0040 0016 0040 0016 0040 0015 0040 0016 0016 0015 0040 0016 0040 0016 0040 0015 036e 0156 00ac 0015 0df6
3	0000 006c 002c 0002 0156 00ac 0015 0015 0016 0040 0015 0015 0016 0015 0016 0040 0016 0015 0016 0040 0016 0015 0015 0016 0015 0015 0016 0015 0016 0016 0015 0015 0016 0040 0015 0015 0016 0040 0015 0040 0016 0016 0015 0040 0015 0016 0015 0040 0016 0040 0016 0040 0015 0040 0016 0040 0016 0040 0015 0040 0015 0016 0015 0015 0016 0015 0016 0040 0016 0015 0016 0016 0015 0015 0016 0015 0016 0040 0016 0040 0015 0040 0015 0016 0015 0040 0016 0040 0016 0040 0015 036e 0156 00ac 0015 0df6
4	0000 006c 002c 0002 0156 00ac 0015 0015 0016 0040 0015 0015 0016 0015 0016 0040 0016 0015 0015 0040 0016 0015 0015 0016 0015 0015 0016 0015 0016 0016 0015 0015 0016 0040 0015 0015 0016 0040 0015 0040 0016 0016 0015 0040 0016 0016 0015 0040 0016 0040 0016 0040 0015 0040 0016 0040 0016 0040 0015 0015 0016 0040 0015 0015 0016 0015 0016 0040 0016 0015 0016 0016 0015 0015 0016 0040 0015 0015 0016 0040 0015 0040 0015 0016 0015 0040 0016 0040 0016 0040 0015 036e 0156 00ac 0015 0df6
5	0000 006c 002c 0002 0156 00ac 0015 0015 0016 0040 0015 0015 0016 0015 0016 0040 0016 0015 0016 0040 0016 0015 0016 0016 0015 0015 0016 0015 0016 0016 0015 0015 0016 0040 0015 0015 0016 0040 0015 0040 0016 0016 0015 0040 0016 0016 0015 0040 0015 0040 0016 0040 0015 0040 0016 0040 0016 0040 0015 0040 0016 0040 0016 0015 0016 0016 0015 0040 0016 0016 0015 0015 0016 0015 0016 0016 0015 0015 0016 0040 0015 0040 0016 0016 0015 0040 0015 0040 0016 0040 0015 036e 0156 00ac 0015 0df6
6	0000 006c 002c 0002 0156 00ac 0015 0015 0016 0040 0015 0015 0016 0015 0016 0040 0016 0015 0015 0040 0016 0015 0015 0016 0015 0015 0016 0015 0016 0016 0015 0015 0016 0040 0015 0015 0016 0040 0015 0040 0015 0016 0015 0040 0016 0016 0015 0040 0016 0040 0016 0040 0015 0040 0016 0040 0016 0040 0015 0015 0016 0015 0015 0040 0016 0015 0016 0040 0016 0015 0015 0016 0015 0015 0016 0040 0015 0040 0016 0016 0015 0040 0015 0016 0015 0040 0016 0040 0016 0040 0015 036e 0156 00ac 0015 0df6
7	0000 006c 002c 0002 0156 00ac 0015 0015 0016 0040 0015 0015 0016 0015 0016 0040 0016 0015 0016 0040 0016 0015 0015 0016 0015 0015 0016 0015 0016 0016 0015 0015 0016 0040 0015 0015 0016 0040 0015 0040 0016 0016 0015 0040 0015 0016 0015 0040 0016 0040 0016 0040 0015 0040 0016 0040 0016 0040 0015 0040 0016 0016 0015 0040 0015 0016 0015 0040 0016 0016 0015 0015 0016 0015 0016 0016 0015 0040 0016 0016 0015 0040 0016 0016 0015 0040 0016 0040 0016 0040 0015 036e 0156 00ac 0015 0df6
8	0000 006c 002c 0002 0156 00ac 0015 0015 0016 0040 0015 0015 0016 0015 0016 0040 0016 0015 0016 0040 0016 0015 0016 0016 0015 0015 0016 0015 0015 0016 0015 0015 0016 0040 0015 0015 0016 0040 0015 0040 0016 0016 0015 0040 0016 0016 0015 0040 0015 0040 0016 0040 0015 0040 0016 0040 0016 0040 0015 0040 0016 0040 0016 0040 0015 0015 0016 0040 0015 0015 0016 0015 0016 0016 0015 0015 0016 0015 0016 0016 0015 0040 0016 0016 0015 0040 0015 0040 0016 0040 0015 036e 0156 00ac 0015 0df6
9	0000 006c 002c 0002 0156 00ac 0015 0015 0016 0040 0015 0015 0016 0015 0016 0040 0016 0015 0016 0040 0016 0015 0016 0016 0015 0015 0016 0015 0016 0016 0015 0015 0016 0040 0015 0015 0016 0040 0015 0040 0016 0016 0015 0040 0016 0016 0015 0040 0016 0040 0016 0040 0015 0040 0015 0040 0016 0040 0015 0015 0016 0015 0016 0016 0015 0040 0016 0040 0016 0015 0016 0016 0015 0015 0016 0040 0015 0040 0016 0040 0016 0015 0016 0016 0015 0040 0016 0040 0016 0040 0015 036e 0156 00ac 0015 0df6
10	0000 006c 002c 0002 0156 00ac 0015 0015 0016 0040 0015 0015 0016 0015 0016 0040 0016 0015 0016 0040 0016 0015 0016 0016 0015 0015 0016 0015 0015 0016 0015 0015 0016 0040 0015 0015 0016 0040 0015 0040 0016 0016 0015 0040 0016 0016 0015 0040 0016 0040 0016 0040 0015 0040 0016 0040 0016 0040 0015 0040 0016 0016 0015 0015 0016 0040 0015 0040 0016 0016 0015 0015 0016 0015 0015 0016 0015 0040 0016 0040 0016 0015 0016 0016 0015 0040 0016 0040 0016 0040 0015 036e 0156 00ac 0015 0df6
+10	0000 006c 002c 0002 0156 00ac 0015 0015 0016 0040 0015 0015 0016 0015 0015 0040 0016 0015 0016 0040 0016 0015 0016 0016 0015 0015 0016 0015 0016 0016 0015 0015 0016 0040 0015 0015 0016 0040 0015 0040 0016 0016 0015 0040 0016 0016 0015 0040 0016 0040 0016 0040 0015 0040 0015 0040 0016 0040 0015 0015 0016 0040 0015 0040 0016 0016 0015 0040 0016 0016 0015 0015 0016 0015 0015 0040 0016 0015 0015 0016 0015 0040 0016 0016 0015 0040 0016 0040 0016 0040 0015 036e 0156 00ac 0015 0df6
Auto Tuning	0000 006c 002c 0002 0156 00ac 0015 0015 0016 0040 0015 0015 0016 0015 0016 0040 0016 0015 0016 0040 0016 0015 0016 0016 0015 0015 0016 0015 0015 0016 0015 0015 0016 0040 0015 0015 0016 0040 0015 0040 0016 0016 0015 0040 0016 0016 0015 0040 0016 0040 0016 0040 0015 0040 0015 0040 0016 0040 0015 0015 0016 0040 0015 0015 0016 0015 0016 0016 0015 0015 0016 0015 0015 0016 0015 0040 0015 0016 0015 0040 0016 0040 0016 0040 0015 0040 0016 0040 0016 0040 0015 036e 0156 00ac 0015 0df6
Band	0000 006c 002c 0002 0156 00ac 0015 0015 0016 0040 0015 0015 0016 0015 0016 0040 0016 0015 0016 0040 0016 0015 0016 0016 0015 0015 0016 0015 0015 0016 0015 0015 0016 0040 0015 0015 0016 0040 0015 0040 0016 0016 0015 0040 0016 0016 0015 0040 0016 0040 0016 0040 0015 0040 0015 0040 0016 0040 0015 0040 0016 0040 0016 0015 0016 0016 0015 0015 0016 0015 0015 0016 0015 0015 0016 0015 0015 0016 0015 0040 0015 0040 0016 0040 0015 0040 0016 0040 0016 0040 0015 036e 0156 00ac 0015 0df6
Tun+	0000 006c 002c 0002 0156 00ac 0015 0015 0016 0040 0015 0015 0016 0015 0016 0040 0016 0015 0016 0040 0016 0015 0016 0016 0015 0015 0016 0015 0015 0016 0015 0015 0016 0040 0015 0015 0016 0040 0015 0040 0016 0016 0015 0040 0016 0016 0015 0040 0016 0040 0016 0040 0015 0040 0016 0040 0016 0040 0015 0040 0016 0040 0016 0015 0015 0040 0016 0040 0015 0015 0016 0015 0015 0016 0015 0015 0016 0015 0015 0040 0016 0015 0015 0016 0015 0040 0015 0040 0016 0040 0015 036e 0156 00ac 0015 0df6
Tun-	0000 006c 002c 0002 0156 00ac 0015 0015 0016 0040 0015 0015 0016 0015 0015 0040 0016 0015 0015 0040 0016 0015 0016 0016 0015 0015 0016 0015 0016 0016 0015 0015 0016 0040 0015 0015 0016 0040 0015 0040 0016 0016 0015 0040 0016 0016 0015 0040 0016 0040 0016 0040 0015 0040 0016 0040 0016 0040 0015 0015 0016 0040 0015 0015 0016 0040 0015 0040 0016 0016 0015 0015 0016 0015 0016 0040 0016 0015 0016 0040 0016 0015 0016 0016 0015 0040 0015 0040 0016 0040 0015 036e 0156 00ac 0015 0df6
