Power Off	0000 0073 0000 000b 0020 0020 0020 0020 0020 0020 0040 0020 0020 0040 0020 0020 0040 0020 0020 0040 0020 0020 0040 0020 0020 0cc8
CD	0000 0073 0000 000a 0040 0040 0020 0020 0040 0020 0020 0040 0020 0020 0020 0020 0040 0040 0040 0040 0020 0020 0020 0cca
Tuner	0000 0073 0000 000a 0040 0040 0020 0020 0040 0020 0020 0040 0020 0020 0020 0020 0040 0040 0020 0020 0040 0020 0020 0ce8
Phono	0000 0073 0000 000a 0040 0040 0020 0020 0040 0020 0020 0040 0020 0020 0020 0020 0020 0020 0040 0020 0020 0040 0040 0ce5
TV	0000 0073 0000 000b 0040 0040 0020 0020 0040 0020 0020 0040 0020 0020 0020 0020 0020 0020 0040 0020 0020 0040 0020 0020 0020 0cc4
Acr1	0000 0073 0000 000a 0040 0040 0020 0020 0040 0020 0020 0040 0020 0020 0020 0020 0040 0040 0020 0020 0040 0040 0020 0cc3
Acr2	0000 0073 0000 000a 0040 0040 0020 0020 0040 0020 0020 0040 0020 0020 0020 0020 0040 0040 0020 0020 0020 0020 0040 0ce1
Cdr	0000 0073 0000 000a 0040 0040 0020 0020 0040 0020 0020 0040 0020 0020 0020 0020 0020 0020 0040 0040 0040 0040 0020 0cbf
Cable	0000 0073 0000 000b 0040 0040 0020 0020 0040 0020 0020 0040 0020 0020 0020 0020 0040 0040 0020 0020 0020 0020 0020 0020 0020 0cbe
DVD	0000 0073 0000 000a 0040 0040 0020 0020 0040 0020 0020 0040 0020 0020 0020 0020 0020 0020 0040 0040 0040 0020 0020 0cdb
VCR1	0000 0073 0000 000b 0040 0040 0020 0020 0040 0020 0020 0040 0020 0020 0020 0020 0020 0020 0040 0020 0020 0020 0020 0020 0020 0cda
VCR2	0000 0073 0000 000b 0040 0040 0020 0020 0040 0020 0020 0040 0020 0020 0020 0020 0020 0020 0040 0020 0020 0020 0020 0040 0020 0cb8
LD	0000 0073 0000 000a 0040 0040 0020 0020 0040 0020 0020 0040 0020 0020 0040 0020 0020 0040 0020 0020 0040 0020 0020 0cd6
1	0000 0073 0000 000c 0020 0020 0020 0020 0020 0020 0040 0020 0020 0040 0020 0020 0040 0020 0020 0020 0020 0020 0020 0020 0020 0040 0020 0cb5
2	0000 0073 0000 000b 0020 0020 0020 0020 0020 0020 0040 0020 0020 0040 0020 0020 0040 0020 0020 0020 0020 0020 0020 0040 0040 0cd3
3	0000 0073 0000 000c 0020 0020 0020 0020 0020 0020 0040 0020 0020 0040 0020 0020 0040 0020 0020 0020 0020 0020 0020 0040 0020 0020 0020 0cb1
4	0000 0073 0000 000b 0020 0020 0020 0020 0020 0020 0040 0020 0020 0040 0020 0020 0040 0020 0020 0020 0020 0040 0040 0020 0020 0cc7
5	0000 0073 0000 000b 0020 0020 0020 0020 0020 0020 0040 0020 0020 0040 0020 0020 0040 0020 0020 0020 0020 0040 0040 0040 0020 0ca6
6	0000 0073 0000 000b 0020 0020 0020 0020 0020 0020 0040 0020 0020 0040 0020 0020 0040 0020 0020 0020 0020 0040 0020 0020 0040 0cc3
7	0000 0073 0000 000c 0020 0020 0020 0020 0020 0020 0040 0020 0020 0040 0020 0020 0040 0020 0020 0020 0020 0040 0020 0020 0020 0020 0020 0c99
8	0000 0073 0000 000b 0020 0020 0020 0020 0020 0020 0040 0020 0020 0040 0020 0020 0040 0020 0020 0040 0040 0020 0020 0020 0020 0cb7
9	0000 0073 0000 000b 0020 0020 0020 0020 0020 0020 0040 0020 0020 0040 0020 0020 0040 0020 0020 0040 0040 0020 0020 0040 0020 0c96
0	0000 0073 0000 000c 0020 0020 0020 0020 0020 0020 0040 0020 0020 0040 0020 0020 0040 0020 0020 0020 0020 0020 0020 0020 0020 0020 0020 0cac
	0000 0073 0000 000b 0040 0040 0020 0020 0040 0020 0020 0040 0020 0020 0020 0020 0020 0020 0020 0020 0040 0020 0020 0040 0020 0c8b
Up	0000 0073 0000 000a 0040 0040 0020 0020 0040 0020 0020 0040 0020 0020 0040 0040 0040 0020 0020 0020 0020 0020 0020 0cb2
Down	0000 0073 0000 000a 0040 0040 0020 0020 0040 0020 0020 0040 0020 0020 0040 0040 0040 0020 0020 0020 0020 0040 0020 0c87
Left	0000 0073 0000 0009 0040 0040 0020 0020 0040 0020 0020 0040 0020 0020 0040 0040 0040 0040 0040 0040 0020 0c89
Right	0000 0073 0000 0009 0040 0040 0020 0020 0040 0020 0020 0040 0020 0020 0040 0040 0040 0040 0020 0020 0040 0ca5
Store	0000 0073 0000 000b 0020 0020 0020 0020 0020 0020 0040 0020 0020 0040 0020 0020 0020 0020 0040 0040 0020 0020 0020 0020 0040 0cb4
Clear	0000 0073 0000 000c 0020 0020 0020 0020 0020 0020 0040 0020 0020 0040 0020 0020 0020 0020 0020 0020 0040 0020 0020 0020 0020 0040 0020 0c91
Display	0000 0073 0000 000a 0040 0040 0020 0020 0040 0020 0020 0040 0020 0020 0020 0020 0020 0020 0020 0020 0040 0040 0040 0ca3
Vol+	0000 0073 0000 000b 0020 0020 0020 0020 0020 0020 0040 0020 0020 0040 0020 0020 0040 0040 0040 0020 0020 0020 0020 0020 0020 0cbb
Vol-	0000 0073 0000 000b 0020 0020 0020 0020 0020 0020 0040 0020 0020 0040 0020 0020 0040 0040 0040 0020 0020 0020 0020 0040 0020 0c8e
Mute	0000 0073 0000 000b 0020 0020 0020 0020 0020 0020 0040 0020 0020 0040 0020 0020 0040 0020 0020 0040 0020 0020 0040 0040 0020 0c82
