DVD	0000 0074 0000 000a 0040 0020 0020 0040 0040 0020 0020 0040 0020 0020 0020 0020 0020 0020 0040 0040 0040 0020 0020 0ccc
1	0000 0074 0000 000b 0020 0020 0040 0040 0040 0020 0020 0040 0020 0020 0040 0020 0020 0020 0020 0020 0020 0020 0020 0040 0020 0d0e
2	0000 0074 0000 000b 0020 0020 0020 0020 0020 0020 0040 0020 0020 0040 0020 0020 0040 0020 0020 0020 0020 0020 0020 0040 0040 0cc4
3	0000 0074 0000 000b 0020 0020 0040 0040 0040 0020 0020 0040 0020 0020 0040 0020 0020 0020 0020 0020 0020 0040 0020 0020 0020 0d0a
4	0000 0074 0000 000a 0020 0020 0040 0040 0040 0020 0020 0040 0020 0020 0040 0020 0020 0020 0020 0040 0040 0020 0020 0cb8
5	0000 0074 0000 000b 0020 0020 0020 0020 0020 0020 0040 0020 0020 0040 0020 0020 0040 0020 0020 0020 0020 0040 0040 0040 0020 0cff
6	0000 0074 0000 000a 0020 0020 0040 0040 0040 0020 0020 0040 0020 0020 0040 0020 0020 0020 0020 0040 0020 0020 0040 0cb4
7	0000 0074 0000 000c 0020 0020 0020 0020 0020 0020 0040 0020 0020 0040 0020 0020 0040 0020 0020 0020 0020 0040 0020 0020 0020 0020 0020 0cf2
8	0000 0074 0000 000a 0020 0020 0040 0040 0040 0020 0020 0040 0020 0020 0040 0020 0020 0040 0040 0020 0020 0020 0020 0ca8
9	0000 0074 0000 000b 0020 0020 0020 0020 0020 0020 0040 0020 0020 0040 0020 0020 0040 0020 0020 0040 0040 0020 0020 0040 0020 0cef
0	0000 0074 0000 000b 0020 0020 0040 0040 0040 0020 0020 0040 0020 0020 0040 0020 0020 0020 0020 0020 0020 0020 0020 0020 0020 0c9d
T Menu	0000 0074 0000 000b 0040 0040 0020 0020 0040 0020 0020 0040 0020 0020 0020 0020 0020 0020 0020 0020 0040 0020 0020 0040 0020 0ce3
R Srch	0000 0074 0000 000b 0020 0020 0040 0040 0040 0020 0020 0040 0020 0020 0020 0020 0040 0020 0020 0020 0020 0020 0020 0040 0020 0d09
Play	0000 0074 0000 000b 0020 0020 0020 0020 0020 0020 0040 0020 0020 0040 0020 0020 0020 0020 0020 0020 0040 0040 0040 0040 0020 0d07
F Srch	0000 0074 0000 000b 0020 0020 0040 0040 0040 0020 0020 0040 0020 0020 0020 0020 0040 0020 0020 0020 0020 0020 0020 0020 0020 0cbd
Pause	0000 0074 0000 000c 0020 0020 0020 0020 0020 0020 0040 0020 0020 0040 0020 0020 0020 0020 0020 0020 0040 0020 0020 0020 0020 0020 0020 0cbb
Rpt	0000 0074 0000 000a 0020 0020 0040 0040 0040 0020 0020 0040 0020 0020 0040 0040 0020 0020 0020 0020 0040 0040 0020 0d29
Power Off	0000 0074 0000 000b 0020 0020 0020 0020 0020 0020 0040 0020 0020 0040 0020 0020 0040 0020 0020 0040 0020 0020 0040 0020 0020 0cb9
Rew	0000 0074 0000 000a 0020 0020 0040 0040 0040 0020 0020 0040 0020 0020 0020 0020 0020 0020 0040 0020 0020 0040 0040 0cb3
Stop	0000 0074 0000 000b 0020 0020 0020 0020 0020 0020 0040 0020 0020 0040 0020 0020 0020 0020 0020 0020 0040 0040 0020 0020 0040 0cb1
Ffwd	0000 0074 0000 000a 0020 0020 0040 0040 0040 0020 0020 0040 0020 0020 0020 0020 0020 0020 0040 0040 0040 0020 0020 0cb0
Subtitle	0000 0074 0000 000b 0020 0020 0020 0020 0020 0020 0040 0020 0020 0040 0020 0020 0020 0020 0040 0040 0040 0020 0020 0020 0020 0cad
Store	0000 0074 0000 000a 0020 0020 0040 0040 0040 0020 0020 0040 0020 0020 0020 0020 0040 0040 0020 0020 0020 0020 0040 0cdf
Vol+	0000 0074 0000 000b 0020 0020 0020 0020 0020 0020 0040 0020 0020 0040 0020 0020 0040 0040 0040 0020 0020 0020 0020 0020 0020 0cac
Return	0000 0074 0000 000a 0040 0020 0020 0040 0040 0020 0020 0040 0020 0020 0040 0040 0040 0020 0020 0040 0020 0020 0020 0ced
Up	0000 0074 000a 0000 0040 0040 0020 0020 0040 0020 0020 0040 0020 0020 0040 0040 0040 0020 0020 0020 0020 0020 0020 0ca3
Enter	0000 0074 000a 0000 0040 0020 0020 0040 0040 0020 0020 0040 0020 0020 0040 0040 0040 0040 0020 0020 0020 0020 0020 0cea
Menu	0000 0074 0000 0009 0040 0040 0020 0020 0040 0020 0020 0040 0020 0020 0040 0040 0040 0020 0020 0040 0040 0ca0
Clear	0000 0074 0000 000b 0020 0020 0040 0040 0040 0020 0020 0040 0020 0020 0020 0020 0020 0020 0040 0020 0020 0020 0020 0040 0020 0d26
Vol-	0000 0074 0000 000b 0020 0020 0020 0020 0020 0020 0040 0020 0020 0040 0020 0020 0040 0040 0040 0020 0020 0020 0020 0040 0020 0ce6
Left	0000 0074 0009 0000 0040 0020 0020 0040 0040 0020 0020 0040 0020 0020 0040 0040 0040 0040 0040 0040 0020 0ce2
Down	0000 0074 000a 0000 0040 0040 0020 0020 0040 0020 0020 0040 0020 0020 0040 0040 0040 0020 0020 0020 0020 0040 0020 0ce0
Right	0000 0074 0009 0009 0040 0020 0020 0040 0040 0020 0020 0040 0020 0020 0040 0040 0040 0040 0020 0020 0040 0c96 0040 0020 0020 0040 0040 0020 0020 0040 0020 0020 0040 0040 0040 0040 0020 0020 0040 0c96
DSP	0000 0074 0000 000a 0040 0040 0020 0020 0040 0020 0020 0040 0020 0020 0040 0040 0020 0020 0020 0020 0040 0040 0020 0cdc
Display	0000 0074 0000 000a 0040 0020 0020 0040 0040 0020 0020 0040 0020 0020 0020 0020 0020 0020 0020 0020 0040 0040 0040 0cdc
Mute	0000 0074 0000 000b 0020 0020 0020 0020 0020 0020 0040 0020 0020 0040 0020 0020 0040 0020 0020 0040 0020 0020 0040 0040 0020 0cdb
Angle	0000 0074 0000 000a 0020 0020 0040 0040 0040 0020 0020 0040 0020 0020 0020 0020 0020 0020 0020 0020 0040 0040 0040 0cc1
Audio	0000 0074 0000 000c 0020 0020 0020 0020 0020 0020 0040 0020 0020 0040 0020 0020 0020 0020 0040 0020 0020 0020 0020 0040 0020 0020 0020 0d07
OSD	0000 0074 0000 000b 0020 0020 0040 0040 0040 0020 0020 0040 0020 0020 0020 0020 0020 0020 0040 0020 0020 0040 0020 0020 0020 0d05
Record	0000 0074 0000 000c 0020 0020 0020 0020 0020 0020 0040 0020 0020 0040 0020 0020 0020 0020 0020 0020 0040 0040 0020 0020 0020 0020 0020 0d03
Rpt A/B	0000 0074 0000 000b 0020 0020 0040 0040 0040 0020 0020 0040 0020 0020 0020 0020 0020 0020 0020 0020 0040 0040 0020 0020 0020 0d29
Phase	0000 0074 0000 000c 0020 0020 0020 0020 0020 0020 0040 0020 0020 0040 0020 0020 0020 0020 0020 0020 0020 0020 0020 0020 0040 0020 0020 0cba
R Step	0000 0074 0000 000a 0040 0020 0020 0040 0040 0020 0020 0040 0020 0020 0040 0020 0020 0020 0020 0040 0040 0020 0020 0cb3
F Step	0000 0074 0000 000a 0020 0020 0020 0020 0020 0020 0040 0020 0020 0040 0020 0020 0040 0020 0020 0040 0040 0040 0040 0cb0
Setup	0000 0074 0000 000a 0040 0020 0020 0040 0040 0020 0020 0040 0020 0020 0040 0020 0020 0020 0020 0040 0040 0040 0020 0ce8
Pound	0000 0074 0000 000b 0040 0040 0020 0020 0040 0020 0020 0040 0020 0020 0040 0020 0020 0020 0020 0020 0020 0040 0020 0020 0020 0ce3
Band	0000 0074 0000 000a 0020 0020 0040 0040 0040 0020 0020 0040 0020 0020 0040 0020 0020 0040 0020 0020 0020 0020 0040 0c94
CD	0000 0074 0000 000a 0040 0040 0020 0020 0040 0020 0020 0040 0020 0020 0020 0020 0040 0040 0040 0040 0020 0020 0020 0d22
Radio	0000 0074 0000 000a 0040 0020 0020 0040 0040 0020 0020 0040 0020 0020 0020 0020 0040 0040 0020 0020 0040 0020 0020 0cd8
LP	0000 0074 0000 000a 0040 0040 0020 0020 0040 0020 0020 0040 0020 0020 0020 0020 0020 0020 0040 0020 0020 0040 0040 0cd6
TV	0000 0074 0000 000b 0040 0020 0020 0040 0040 0020 0020 0040 0020 0020 0020 0020 0020 0020 0040 0020 0020 0040 0020 0020 0020 0d1d
Tape1	0000 0074 0000 000a 0040 0040 0020 0020 0040 0020 0020 0040 0020 0020 0020 0020 0040 0040 0020 0020 0040 0040 0020 0d1b
Tape2	0000 0074 0000 000a 0040 0020 0020 0040 0040 0020 0020 0040 0020 0020 0020 0020 0040 0040 0020 0020 0020 0020 0040 0cd1
Cdr	0000 0074 0000 000a 0040 0040 0020 0020 0040 0020 0020 0040 0020 0020 0020 0020 0020 0020 0040 0040 0040 0040 0020 0d18
Cable	0000 0074 0000 000b 0040 0020 0020 0040 0040 0020 0020 0040 0020 0020 0020 0020 0040 0040 0020 0020 0020 0020 0020 0020 0020 0d16
VCR1	0000 0074 0000 000b 0040 0040 0020 0020 0040 0020 0020 0040 0020 0020 0020 0020 0020 0020 0040 0020 0020 0020 0020 0020 0020 0cca
VCR2	0000 0074 0000 000b 0040 0040 0020 0020 0040 0020 0020 0040 0020 0020 0020 0020 0020 0020 0040 0020 0020 0020 0020 0040 0020 0d10
LD	0000 0074 0000 000a 0040 0020 0020 0040 0040 0020 0020 0040 0020 0020 0040 0020 0020 0040 0020 0020 0040 0020 0020 0cc7
