Power	0000 006d 0001 0011 013a 00a2 0014 003d 0014 003d 0014 0015 0014 0015 0014 0015 0014 0015 0014 0015 0014 0015 0014 003d 0014 003d 0014 003d 0014 0015 0014 003d 0014 0015 0014 0015 0014 0015 0014 0356
Surround	0000 006d 0001 0011 0138 00a3 0014 003d 0014 003d 0014 0015 0014 0015 0014 0015 0014 0015 0014 0015 0014 0015 0014 0015 0014 003d 0014 0015 0014 0015 0014 0015 0014 0015 0014 003d 0014 0015 0014 035a
Display	0000 006d 0001 0011 0138 00a2 0014 003d 0014 003d 0014 0015 0014 0015 0014 0015 0014 0015 0014 0015 0014 0015 0014 0015 0014 0015 0014 003d 0014 0015 0014 0015 0014 0015 0014 0015 0014 0015 0014 0346
Close Caption	0000 006d 0001 0011 0138 00a3 0014 003d 0014 003d 0014 0015 0014 0015 0014 0015 0014 0015 0014 0015 0014 0015 0014 0015 0014 003d 0014 003d 0014 003d 0014 0015 0014 0015 0014 0015 0014 0015 0014 035b
Video Status	0000 006d 0001 0011 0138 00a3 0014 003d 0014 003d 0014 0015 0014 0015 0014 0015 0014 0015 0014 0015 0014 0015 0014 003d 0014 0015 0014 003d 0014 003d 0014 0015 0014 0015 0014 0015 0014 0015 0014 035b
Sleep Timer	0000 006d 0001 0011 0139 00a3 0014 003d 0014 003d 0014 0015 0014 0015 0014 0015 0014 0015 0014 0015 0014 0015 0014 003d 0014 003d 0014 0015 0014 0015 0014 0015 0014 0015 0014 0015 0014 0015 0014 0357
TV/Video	0000 006d 0001 0011 0137 00a3 0014 003d 0014 003d 0014 0015 0014 0015 0014 0015 0014 0015 0014 0015 0014 0015 0014 003d 0014 003d 0014 0015 0014 0015 0014 003d 0014 0015 0014 0015 0014 0015 0014 035a
1	0000 006d 0001 0011 013a 00a2 0014 003d 0014 003d 0014 0015 0014 0015 0014 0015 0014 0015 0014 0015 0014 0015 0014 003d 0014 0015 0014 0015 0014 0015 0014 0015 0014 003d 0014 0015 0014 0015 0014 0358
2	0000 006d 0001 0011 013a 00a3 0014 003d 0014 003d 0014 0015 0014 0015 0014 0015 0014 0015 0014 0015 0014 0015 0014 0015 0014 003d 0014 0015 0014 0015 0014 0015 0014 003d 0014 0015 0014 0015 0014 0358
3	0000 006d 0001 0011 0137 00a3 0014 003d 0014 003d 0014 0015 0014 0015 0014 0015 0014 0015 0014 0015 0014 0015 0014 003d 0014 003d 0014 0015 0014 0015 0014 0015 0014 003d 0014 0015 0014 0015 0014 0357
4	0000 006d 0001 0011 0137 00a2 0014 003d 0014 003d 0014 0015 0014 0015 0014 0015 0014 0015 0014 0015 0014 0015 0014 0015 0014 0015 0014 003d 0014 0015 0014 0015 0014 003d 0014 0015 0014 0015 0014 0358
5	0000 006d 0001 0011 013a 00a3 0014 003d 0014 003d 0014 0015 0014 0015 0014 0015 0014 0015 0014 0015 0014 0015 0014 003d 0014 0015 0014 003d 0014 0015 0014 0015 0014 003d 0014 0015 0014 0015 0014 0357
6	0000 006d 0001 0011 0137 00a2 0014 003d 0014 003d 0014 0015 0014 0015 0014 0015 0014 0015 0014 0015 0014 0015 0014 0015 0014 003d 0014 003d 0014 0015 0014 0015 0014 003d 0014 0015 0014 0015 0014 0357
7	0000 006d 0001 0011 0138 00a3 0014 003d 0014 003d 0014 0015 0014 0015 0014 0015 0014 0015 0014 0015 0014 0015 0014 003d 0014 003d 0014 003d 0014 0015 0014 0015 0014 003d 0014 0015 0014 0015 0014 0356
8	0000 006d 0001 0011 0137 00a2 0014 003d 0014 003d 0014 0015 0014 0015 0014 0015 0014 0015 0014 0015 0014 0015 0014 0015 0014 0015 0014 0015 0014 003d 0014 0015 0014 003d 0014 0015 0014 0015 0014 0357
9	0000 006d 0001 0011 0139 00a2 0014 003d 0014 003d 0014 0015 0014 0015 0014 0015 0014 0015 0014 0015 0014 0015 0014 003d 0014 0015 0014 0015 0014 003d 0014 0015 0014 003d 0014 0015 0014 0015 0014 0357
0	0000 006d 0001 0011 0137 00a2 0014 003d 0014 003d 0014 0015 0014 0015 0014 0015 0014 0015 0014 0015 0014 0015 0014 0015 0014 0015 0014 0015 0014 0015 0014 0015 0014 003d 0014 0015 0014 0015 0014 0356
100+	0000 006d 0001 0011 0137 00a2 0014 003d 0014 003d 0014 0015 0014 0015 0014 0015 0014 0015 0014 0015 0014 0015 0014 003d 0014 003d 0014 003d 0014 0015 0014 003d 0014 003d 0014 003d 0014 0015 0014 0356
Return	0000 006d 0001 0011 013a 00a3 0014 003d 0014 003d 0014 0015 0014 0015 0014 0015 0014 0015 0014 0015 0014 0015 0014 003d 0014 0015 0014 003d 0014 0015 0014 0015 0014 0015 0014 0015 0014 0015 0014 0358
VCR Ch-	0000 006d 0001 0011 0138 00a2 0014 003d 0014 003d 0014 0015 0014 0015 0014 0015 0014 0015 0014 003d 0014 0015 0014 0015 0014 0015 0014 0015 0014 003d 0014 003d 0014 0015 0014 0015 0014 0015 0014 0357
VCR Ch+	0000 006d 0001 0011 0138 00a2 0014 003d 0014 003d 0014 0015 0014 0015 0014 0015 0014 0015 0014 003d 0014 0015 0014 003d 0014 0015 0014 0015 0014 003d 0014 003d 0014 0015 0014 0015 0014 0015 0014 0357
VCR Power	0000 006d 0001 0011 0139 00a3 0014 003d 0014 003d 0014 0015 0014 0015 0014 0015 0014 0015 0014 003d 0014 0015 0014 003d 0014 003d 0014 0015 0014 003d 0014 0015 0014 0015 0014 0015 0014 0015 0014 0357
Rew	0000 006d 0001 0011 0138 00a3 0014 003d 0014 003d 0014 0015 0014 0015 0014 0015 0014 0015 0014 003d 0014 0015 0014 003d 0014 003d 0014 003d 0014 0015 0014 0015 0014 0015 0014 0015 0014 0015 0014 0357
Play	0000 006d 0001 0011 013a 00a3 0014 003d 0014 003d 0014 0015 0014 0015 0014 0015 0014 0015 0014 003d 0014 0015 0014 0015 0014 0015 0014 003d 0014 003d 0014 0015 0014 0015 0014 0015 0014 0015 0014 0357
Ffwd	0000 006d 0001 0011 0139 00a3 0014 003d 0014 003d 0014 0015 0014 0015 0014 0015 0014 0015 0014 003d 0014 0015 0014 0015 0014 003d 0014 003d 0014 0015 0014 0015 0014 0015 0014 0015 0014 0015 0014 0357
Record	0000 006d 0001 0011 0138 00a3 0014 003d 0014 003d 0014 0015 0014 0015 0014 0015 0014 0015 0014 003d 0014 0015 0014 0015 0014 0015 0014 003d 0014 003d 0014 0015 0014 0015 0014 003d 0014 003d 0014 0360
Stop	0000 006d 0001 0011 013a 00a3 0014 003d 0014 003d 0014 0015 0014 0015 0014 0015 0014 0015 0014 003d 0014 0015 0014 003d 0014 003d 0014 0015 0014 0015 0014 0015 0014 0015 0014 0015 0014 0015 0014 0357
Pause	0000 006d 0001 0011 0137 00a3 0014 003d 0014 003d 0014 0015 0014 0015 0014 0015 0014 0015 0014 003d 0014 0015 0014 003d 0014 0015 0014 003d 0014 003d 0014 0015 0014 0015 0014 0015 0014 0015 0014 0357
Ch-	0000 006d 0001 0011 013a 00a3 0014 003d 0014 003d 0014 0015 0014 0015 0014 0015 0014 0015 0014 0015 0014 0015 0014 0015 0014 0015 0014 0015 0014 003d 0014 003d 0014 0015 0014 0015 0014 0015 0014 0358
Ch+	0000 006d 0001 0011 0137 00a3 0014 003d 0014 003d 0014 0015 0014 0015 0014 0015 0014 0015 0014 0015 0014 0015 0014 003d 0014 0015 0014 0015 0014 003d 0014 003d 0014 0015 0014 0015 0014 0015 0014 0357
Vol-	0000 006d 0001 0011 0137 00a2 0014 003d 0014 003d 0014 0015 0014 0015 0014 0015 0014 0015 0014 0015 0014 0015 0014 003d 0014 003d 0014 003d 0014 003d 0014 003d 0014 0015 0014 0015 0014 0015 0014 0356
Vol+	0000 006d 0001 0011 0137 00a3 0014 003d 0014 003d 0014 0015 0014 0015 0014 0015 0014 0015 0014 0015 0014 0015 0014 0015 0014 003d 0014 003d 0014 003d 0014 003d 0014 0015 0014 0015 0014 0015 0014 0357
Mute	0000 006d 0001 0011 0138 00a3 0014 003d 0014 003d 0014 0015 0014 0015 0014 0015 0014 0015 0014 0015 0014 0015 0014 0015 0014 0015 0014 003d 0014 003d 0014 003d 0014 0015 0014 0015 0014 0015 0014 035b
Up	0000 006d 0001 0011 0139 00a3 0014 003d 0014 003d 0014 0015 0014 0015 0014 0015 0014 0015 0014 0015 0014 0015 0014 0015 0014 0015 0014 003d 0014 003d 0014 003d 0014 003d 0014 003d 0014 0015 0014 0356
Down	0000 006d 0001 0011 0139 00a3 0014 003d 0014 003d 0014 0015 0014 0015 0014 0015 0014 0015 0014 0015 0014 0015 0014 003d 0014 003d 0014 0015 0014 003d 0014 003d 0014 003d 0014 003d 0014 0015 0014 0356
Left	0000 006d 0001 0011 0139 00a3 0014 003d 0014 003d 0014 0015 0014 0015 0014 0015 0014 0015 0014 0015 0014 0015 0014 003d 0014 003d 0014 0015 0014 003d 0014 003d 0014 0015 0014 003d 0014 0015 0014 0356
Right	0000 006d 0001 0011 0138 00a3 0014 003d 0014 003d 0014 0015 0014 0015 0014 0015 0014 0015 0014 0015 0014 0015 0014 0015 0014 003d 0014 0015 0014 003d 0014 003d 0014 0015 0014 003d 0014 0015 0014 0356
Exit	0000 006d 0001 0011 0139 00a3 0014 003d 0014 003d 0014 0015 0014 0015 0014 0015 0014 0015 0014 0015 0014 0015 0014 0015 0014 003d 0014 003d 0014 0015 0014 0015 0014 003d 0014 003d 0014 003d 0014 0356
