Power	0000 006c 0001 0011 0141 00a0 0014 003c 0014 003c 0014 0014 0014 0014 0014 0014 0014 0014 0014 0014 0014 0014 0014 003c 0014 003c 0014 003c 0014 0014 0014 003c 0014 0014 0014 0014 0014 0014 0014 035f
Menu	0000 006c 0001 0011 0141 00a0 0014 003c 0014 003c 0014 0014 0014 0014 0014 0014 0014 0014 0014 0014 0014 0014 0014 0014 0014 003c 0014 0014 0014 003c 0014 003c 0014 003c 0014 003c 0014 0014 0014 0337
Swap	0000 006c 0001 0011 0141 00a0 0014 003c 0014 003c 0014 0014 0014 0014 0014 0014 0014 0014 0014 0014 0014 0014 0014 003c 0014 0014 0014 0014 0014 003c 0014 0014 0014 0014 0014 0014 0014 003c 0014 0387
PIP	0000 006c 0001 0011 0141 00a0 0014 003c 0014 003c 0014 0014 0014 0014 0014 0014 0014 0014 0014 0014 0014 0014 0014 003c 0014 0014 0014 003c 0014 0014 0014 0014 0014 0014 0014 0014 0014 003c 0014 0387
Command Menu	0000 006c 0001 0011 0141 00a0 0014 003c 0014 003c 0014 0014 0014 0014 0014 0014 0014 0014 0014 0014 0014 0014 0014 0014 0014 0014 0014 0014 0014 0014 0014 003c 0014 003c 0014 0014 0014 003c 0014 0387
Split	0000 006c 0001 0011 0141 00a0 0014 003c 0014 003c 0014 0014 0014 0014 0014 0014 0014 0014 0014 0014 0014 0014 0014 003c 0014 003c 0014 0014 0014 003c 0014 0014 0014 0014 0014 0014 0014 003c 0014 035f
Retro Play	0000 006c 0001 0011 0141 00a0 0014 003c 0014 003c 0014 0014 0014 0014 0014 0014 0014 0014 0014 0014 0014 0014 0014 003c 0014 003c 0014 0014 0014 0014 0014 0014 0014 0014 0014 0014 0014 003c 0014 0387
Freeze	0000 006c 0001 0011 0141 00a1 0014 003c 0014 003c 0014 0014 0014 0014 0014 0014 0014 0014 0014 0014 0014 0014 0014 0014 0014 0014 0014 0014 0014 0014 0014 0014 0014 0014 0014 0014 0014 003c 0014 03d8
1	0000 006c 0001 0011 0141 00a0 0014 003c 0014 003c 0014 0014 0014 0014 0014 0014 0014 0014 0014 0014 0014 0014 0014 003c 0014 0014 0014 0014 0014 0014 0014 0014 0014 003c 0014 0014 0014 0014 0014 03b0
2	0000 006c 0001 0011 0141 00a0 0014 003c 0014 003c 0014 0014 0014 0014 0014 0014 0014 0014 0014 0014 0014 0014 0014 0014 0014 003c 0014 0014 0014 0014 0014 0014 0014 003c 0014 0014 0014 0014 0014 03b0
3	0000 006c 0001 0011 0141 00a0 0014 003c 0014 003c 0014 0014 0014 0014 0014 0014 0014 0014 0014 0014 0014 0014 0014 003c 0014 003c 0014 0014 0014 0014 0014 0014 0014 003c 0014 0014 0014 0014 0014 0387
4	0000 006c 0001 0011 0141 00a1 0014 003c 0014 003c 0014 0014 0014 0014 0014 0014 0014 0014 0014 0014 0014 0014 0014 0014 0014 0014 0014 003c 0014 0014 0014 0014 0014 003c 0014 0014 0014 0014 0014 03af
5	0000 006c 0001 0011 0141 00a0 0014 003c 0014 003c 0014 0014 0014 0014 0014 0014 0014 0014 0014 0014 0014 0014 0014 003c 0014 0014 0014 003c 0014 0014 0014 0014 0014 003c 0014 0014 0014 0014 0014 0387
6	0000 006c 0001 0011 0141 00a0 0014 003c 0014 003c 0014 0014 0014 0014 0014 0014 0014 0014 0014 0014 0014 0014 0014 0014 0014 003c 0014 003c 0014 0014 0014 0014 0014 003c 0014 0014 0014 0014 0014 0387
7	0000 006c 0001 0011 0141 00a1 0014 003c 0014 003c 0014 0014 0014 0014 0014 0014 0014 0014 0014 0014 0014 0014 0014 003c 0014 003c 0014 003c 0014 0014 0014 0014 0014 003c 0014 0014 0014 0014 0014 035f
8	0000 006c 0001 0011 0141 00a0 0014 003c 0014 003c 0014 0014 0014 0014 0014 0014 0014 0014 0014 0014 0014 0014 0014 0014 0014 0014 0014 0014 0014 003c 0014 0014 0014 003c 0014 0014 0014 0014 0014 03af
9	0000 006c 0001 0011 0141 00a0 0014 003c 0014 003c 0014 0014 0014 0014 0014 0014 0014 0014 0014 0014 0014 0014 0014 003c 0014 0014 0014 0014 0014 003c 0014 0014 0014 003c 0014 0014 0014 0014 0014 0387
0	0000 006c 0001 0011 0141 00a0 0014 003c 0014 003c 0014 0014 0014 0014 0014 0014 0014 0014 0014 0014 0014 0014 0014 0014 0014 0014 0014 0014 0014 0014 0014 0014 0014 003c 0014 0014 0014 0014 0014 03d8
Off	0000 006c 0001 0011 0141 00a1 0014 003c 0014 003c 0014 0014 0014 0014 0014 0014 0014 0014 0014 0014 0014 0014 0014 003c 0014 0014 0014 0014 0014 0014 0014 003c 0014 003c 0014 0014 0014 003c 0014 035f
Enter	0000 006c 0001 0011 0141 00a0 0014 003c 0014 003c 0014 0014 0014 0014 0014 0014 0014 0014 0014 0014 0014 0014 0014 003c 0014 0014 0014 003c 0014 0014 0014 0014 0014 0014 0014 0014 0014 0014 0014 03af
100+	0000 006c 0001 0011 0141 00a0 0014 003c 0014 003c 0014 0014 0014 0014 0014 0014 0014 0014 0014 0014 0014 0014 0014 003c 0014 003c 0014 003c 0014 0014 0014 003c 0014 003c 0014 003c 0014 0014 0014 030f
Vol+	0000 006c 0001 0011 0141 00a1 0014 003c 0014 003c 0014 0014 0014 0014 0014 0014 0014 0014 0014 0014 0014 0014 0014 0014 0014 003c 0014 003c 0014 003c 0014 003c 0014 0014 0014 0014 0014 0014 0014 035f
Vol-	0000 006c 0001 0011 0141 00a0 0014 003c 0014 003c 0014 0014 0014 0014 0014 0014 0014 0014 0014 0014 0014 0014 0014 003c 0014 003c 0014 003c 0014 003c 0014 003c 0014 0014 0014 0014 0014 0014 0014 0337
AV/Status	0000 006c 0001 0011 0141 00a1 0014 003c 0014 003c 0014 0014 0014 0014 0014 0014 0014 0014 0014 0014 0014 0014 0014 003c 0014 0014 0014 003c 0014 003c 0014 0014 0014 0014 0014 0014 0014 0014 0014 0387
Display	0000 006c 0001 0011 0141 00a0 0014 003c 0014 003c 0014 0014 0014 0014 0014 0014 0014 0014 0014 0014 0014 0014 0014 0014 0014 0014 0014 003c 0014 0014 0014 0014 0014 0014 0014 0014 0014 0014 0014 03d8
Up	0000 006c 0001 0011 0141 00a0 0014 003c 0014 003c 0014 0014 0014 0014 0014 0014 0014 0014 0014 0014 0014 0014 0014 0014 0014 0014 0014 003c 0014 003c 0014 003c 0014 003c 0014 003c 0014 0014 0014 0337
Down	0000 006c 0001 0011 0141 00a1 0014 003c 0014 003c 0014 0014 0014 0014 0014 0014 0014 0014 0014 0014 0014 0014 0014 003c 0014 003c 0014 0014 0014 003c 0014 003c 0014 003c 0014 003c 0014 0014 0014 030f
Left	0000 006c 0001 0011 0141 00a1 0014 003c 0014 003c 0014 0014 0014 0014 0014 0014 0014 0014 0014 0014 0014 0014 0014 003c 0014 003c 0014 0014 0014 003c 0014 003c 0014 0014 0014 003c 0014 0014 0014 0337
Right	0000 006c 0001 0011 0141 00a0 0014 003c 0014 003c 0014 0014 0014 0014 0014 0014 0014 0014 0014 0014 0014 0014 0014 0014 0014 003c 0014 0014 0014 003c 0014 003c 0014 0014 0014 003c 0014 0014 0014 035f
Mute	0000 006c 0001 0011 0141 00a0 0014 003c 0014 003c 0014 0014 0014 0014 0014 0014 0014 0014 0014 0014 0014 0014 0014 0014 0014 0014 0014 003c 0014 003c 0014 003c 0014 0014 0014 0014 0014 0014 0014 0387
Ch-	0000 006c 0001 0011 0141 00a0 0014 003c 0014 003c 0014 0014 0014 0014 0014 0014 0014 0014 0014 0014 0014 0014 0014 0014 0014 0014 0014 0014 0014 003c 0014 003c 0014 0014 0014 0014 0014 0014 0014 03af
Ch+	0000 006c 0001 0011 0141 00a1 0014 003c 0014 003c 0014 0014 0014 0014 0014 0014 0014 0014 0014 0014 0014 0014 0014 003c 0014 0014 0014 0014 0014 003c 0014 003c 0014 0014 0014 0014 0014 0014 0014 0387
Ant/Cable	0000 006c 0001 0011 0141 00a0 0014 003c 0014 003c 0014 0014 0014 0014 0014 0014 0014 0014 0014 0014 0014 0014 0014 003c 0014 003c 0014 0014 0014 003c 0014 0014 0014 0014 0014 0014 0014 0014 0014 0387
System On	0000 006c 0057 0011 0141 00a0 0014 003c 0014 003c 0014 0014 0014 0014 0014 0014 0014 0014 0014 0014 0014 0014 0014 003c 0014 0014 0014 003c 0014 003c 0014 003c 0014 0014 0014 0014 0014 0014 0014 035f 0014 003c 0014 003c 0014 0014 0014 0014 0014 0014 0014 0014 0014 0014 0014 0014 0014 003c 0014 0014 0014 003c 0014 003c 0014 003c 0014 0014 0014 0014 0014 0014 0014 035f 0014 003c 0014 003c 0014 0014 0014 0014 0014 0014 0014 0014 0014 0014 0014 0014 0014 003c 0014 0014 0014 003c 0014 003c 0014 003c 0014 0014 0014 0014 0014 0014 0014 035f 0014 003c 0014 003c 0014 0014 0014 0014 0014 0014 0014 0014 0014 0014 0014 0014 0014 003c 0014 0014 0014 003c 0014 003c 0014 003c 0014 0014 0014 0014 0014 0014 0014 035f 0014 003c 0014 003c 0014 0014 0014 0014 0014 0014 0014 0014 0014 0014 0014 0014 0014 003c 0014 0014 0014 003c 0014 003c 0014 003c 0014 0014 0014 0014 0014 0014 0014 0362 0141 00a0 0014 003c 0014 003c 0014 0014 0014 0014 0014 0014 0014 0014 0014 003c 0014 0014 0014 003c 0014 0014 0014 003c 0014 003c 0014 003c 0014 0014 0014 0014 0014 0014 0014 0337
System Off	0000 006c 0057 0011 0141 00a0 0014 003c 0014 003c 0014 0014 0014 0014 0014 0014 0014 0014 0014 0014 0014 0014 0014 0014 0014 003c 0014 0014 0014 003c 0014 003c 0014 0014 0014 0014 0014 0014 0014 0387 0014 003c 0014 003c 0014 0014 0014 0014 0014 0014 0014 0014 0014 0014 0014 0014 0014 0014 0014 003c 0014 0014 0014 003c 0014 003c 0014 0014 0014 0014 0014 0014 0014 0387 0014 003c 0014 003c 0014 0014 0014 0014 0014 0014 0014 0014 0014 0014 0014 0014 0014 0014 0014 003c 0014 0014 0014 003c 0014 003c 0014 0014 0014 0014 0014 0014 0014 0387 0014 003c 0014 003c 0014 0014 0014 0014 0014 0014 0014 0014 0014 0014 0014 0014 0014 0014 0014 003c 0014 0014 0014 003c 0014 003c 0014 0014 0014 0014 0014 0014 0014 0387 0014 003c 0014 003c 0014 0014 0014 0014 0014 0014 0014 0014 0014 0014 0014 0014 0014 0014 0014 003c 0014 0014 0014 003c 0014 003c 0014 0014 0014 0014 0014 0014 0014 038a 0141 00a0 0014 003c 0014 003c 0014 0014 0014 0014 0014 0014 0014 0014 0014 003c 0014 0014 0014 0014 0014 003c 0014 0014 0014 003c 0014 003c 0014 0014 0014 0014 0014 0014 0014 035f
PIP Source	0000 006c 0001 0011 0141 00a0 0014 003c 0014 003c 0014 0014 0014 0014 0014 0014 0014 0014 0014 0014 0014 0014 0014 0014 0014 003c 0014 0014 0014 0014 0014 003c 0014 003c 0014 0014 0014 003c 0014 035f
TV	0000 006c 0001 0011 0141 00a0 0014 003c 0014 003c 0014 0014 0014 0014 0014 0014 0014 0014 0014 003c 0014 0014 0014 0014 0014 0014 0014 0014 0014 0014 0014 003c 0014 0014 0014 0014 0014 0014 0014 03af
Video1	0000 006c 0001 0011 0141 00a1 0014 003c 0014 003c 0014 0014 0014 0014 0014 0014 0014 0014 0014 0014 0014 0014 0014 003c 0014 0014 0014 0014 0014 0014 0014 003c 0014 0014 0014 0014 0014 0014 0014 03af
Video2	0000 006c 0001 0011 0141 00a1 0014 003c 0014 003c 0014 0014 0014 0014 0014 0014 0014 0014 0014 0014 0014 0014 0014 0014 0014 003c 0014 0014 0014 0014 0014 003c 0014 0014 0014 0014 0014 0014 0014 03af
Vnr	0000 006c 0001 0011 0141 00a0 0014 003c 0014 003c 0014 0014 0014 0014 0014 0014 0014 0014 0014 0014 0014 0014 0014 003c 0014 0014 0014 003c 0014 0014 0014 0014 0014 0014 0014 003c 0014 0014 0014 0387
Notch	0000 006c 0001 0011 0141 00a0 0014 003c 0014 003c 0014 0014 0014 0014 0014 0014 0014 0014 0014 0014 0014 0014 0014 0014 0014 0014 0014 003c 0014 0014 0014 003c 0014 003c 0014 003c 0014 0014 0014 035f
Main/Sap	0000 006c 0001 0011 0141 00a0 0014 003c 0014 003c 0014 0014 0014 0014 0014 0014 0014 0014 0014 0014 0014 0014 0014 0014 0014 0014 0014 0014 0014 0014 0014 0014 0014 0014 0014 0014 0014 0014 0014 0400
Sound Mode	0000 006c 0001 0011 0141 00a0 0014 003c 0014 003c 0014 0014 0014 0014 0014 0014 0014 0014 0014 0014 0014 0014 0014 0014 0014 003c 0014 0014 0014 0014 0014 0014 0014 0014 0014 003c 0014 0014 0014 03af
VCR Pwr	0000 006c 0001 0011 0141 00a0 0014 003c 0014 003c 0014 0014 0014 0014 0014 0014 0014 0014 0014 003c 0014 0014 0014 003c 0014 003c 0014 0014 0014 003c 0014 0014 0014 0014 0014 0014 0014 0014 0014 035f
VCR Ch -	0000 006c 0001 0011 0141 00a0 0014 003c 0014 003c 0014 0014 0014 0014 0014 0014 0014 0014 0014 003c 0014 0014 0014 0014 0014 0014 0014 0014 0014 003c 0014 003c 0014 0014 0014 0014 0014 0014 0014 0387
VCR Ch +	0000 006c 0001 0011 0141 00a0 0014 003c 0014 003c 0014 0014 0014 0014 0014 0014 0014 0014 0014 003c 0014 0014 0014 003c 0014 0014 0014 0014 0014 003c 0014 003c 0014 0014 0014 0014 0014 0014 0014 035f
Rew	0000 006c 0001 0011 0141 00a1 0014 003c 0014 003c 0014 0014 0014 0014 0014 0014 0014 0014 0014 003c 0014 0014 0014 003c 0014 003c 0014 003c 0014 0014 0014 0014 0014 0014 0014 0014 0014 0014 0014 035f
Play	0000 006c 0001 0011 0141 00a1 0014 003c 0014 003c 0014 0014 0014 0014 0014 0014 0014 0014 0014 003c 0014 0014 0014 0014 0014 0014 0014 003c 0014 003c 0014 0014 0014 0014 0014 0014 0014 0014 0014 0387
FF	0000 006c 0001 0011 0141 00a0 0014 003c 0014 003c 0014 0014 0014 0014 0014 0014 0014 0014 0014 003c 0014 0014 0014 0014 0014 003c 0014 003c 0014 0014 0014 0014 0014 0014 0014 0014 0014 0014 0014 0387
Eject	0000 006c 0001 0011 0141 00a0 0014 003c 0014 003c 0014 0014 0014 0014 0014 0014 0014 0014 0014 003c 0014 0014 0014 0014 0014 0014 0014 003c 0014 0014 0014 0014 0014 0014 0014 0014 0014 0014 0014 03af
Rec	0000 006c 0001 0011 0141 00a0 0014 003c 0014 003c 0014 0014 0014 0014 0014 0014 0014 0014 0014 003c 0014 0014 0014 0014 0014 003c 0014 0014 0014 0014 0014 0014 0014 0014 0014 0014 0014 0014 0014 03b0
Stop	0000 006c 0001 0011 0141 00a0 0014 003c 0014 003c 0014 0014 0014 0014 0014 0014 0014 0014 0014 003c 0014 0014 0014 003c 0014 003c 0014 0014 0014 0014 0014 0014 0014 0014 0014 0014 0014 0014 0014 0387
Pause/Still	0000 006c 0001 0011 0141 00a0 0014 003c 0014 003c 0014 0014 0014 0014 0014 0014 0014 0014 0014 003c 0014 0014 0014 003c 0014 0014 0014 003c 0014 003c 0014 0014 0014 0014 0014 0014 0014 0014 0014 035f
TV/Video	0000 006c 0001 0011 0141 009f 0015 003b 0015 003b 0015 0013 0015 0013 0015 0013 0015 0013 0015 0013 0015 0013 0015 003b 0015 003b 0015 0013 0015 0013 0015 003b 0015 0013 0015 0013 0015 0013 0015 0369
Preview	0000 006c 0001 0011 0141 009f 0015 003b 0015 003b 0015 0013 0015 0013 0015 0013 0015 0013 0015 0013 0015 0013 0015 0013 0015 0013 0015 003b 0015 003b 0015 003b 0015 003b 0015 0013 0015 0013 0015 033e
Sound Mode	0000 006c 0001 0011 0141 009f 0015 003b 0015 003b 0015 0013 0015 0013 0015 0013 0015 0013 0015 0013 0015 0013 0015 0013 0015 003b 0015 0013 0015 0013 0015 0013 0015 0013 0015 003b 0015 0013 0015 0390
Aspect	0000 006c 0001 0011 0141 009f 0015 003b 0015 003b 0015 0013 0015 0013 0015 0013 0015 0013 0015 0013 0015 0013 0015 003b 0015 003b 0015 0013 0015 0013 0015 003b 0015 0013 0015 0013 0015 003b 0015 033e
Ant/Cable	0000 006c 0001 0011 0141 009f 0015 003b 0015 003b 0015 0013 0015 0013 0015 0013 0015 0013 0015 0013 0015 0013 0015 003b 0015 003b 0015 0013 0015 003b 0015 0013 0015 0013 0015 0013 0015 0013 0015 0368
PIP/Pop	0000 006c 0001 0011 0141 009f 0015 003b 0015 003b 0015 0013 0015 0013 0015 0013 0015 0013 0015 0013 0015 0013 0015 0013 0015 0013 0015 003b 0015 003b 0015 0013 0015 0013 0015 003b 0015 003b 0015 033e
Closed Caption	0000 006c 0001 0011 0141 009f 0015 003b 0015 003b 0015 0013 0015 0013 0015 0013 0015 0013 0015 0013 0015 0013 0015 0013 0015 003b 0015 003b 0015 003b 0015 0013 0015 0013 0015 0013 0015 0013 0015 0368
C1/C2	0000 006c 0001 0011 0141 009f 0015 003b 0015 003b 0015 0013 0015 0013 0015 0013 0015 0013 0015 0013 0015 0013 0015 0013 0015 003b 0015 0013 0015 003b 0015 003b 0015 0013 0015 003b 0015 003b 0015 0316
PIP Move	0000 006d 0001 0011 0137 00a2 0014 003d 0014 003d 0014 0015 0014 0015 0014 0015 0014 0015 0014 0015 0014 0015 0014 0015 0014 003d 0014 003d 0014 0015 0014 0015 0014 0015 0014 0015 0014 003d 0014 0356
PIP Ch+	0000 006d 0001 0011 0137 00a2 0014 003d 0014 003d 0014 0015 0014 0015 0014 0015 0014 0015 0014 0015 0014 0015 0014 0015 0014 003d 0014 003d 0014 003d 0014 003d 0014 003d 0014 0015 0014 003d 0014 0356
PIP Ch-	0000 006d 0001 0011 0136 00a3 0014 003d 0014 003d 0014 0015 0014 0015 0014 0015 0014 0015 0014 0015 0014 0015 0014 003d 0014 003d 0014 003d 0014 003d 0014 003d 0014 003d 0014 0015 0014 003d 0014 036c
Sleep	0000 006d 0001 0011 0137 00a2 0014 003d 0014 003d 0014 0015 0014 0015 0014 0015 0014 0015 0014 0015 0014 0015 0014 003d 0014 003d 0014 0015 0014 0015 0014 0015 0014 0015 0014 0015 0014 0015 0014 0357
