Monitor	0000 006c 0001 0011 013f 009f 0014 003c 0014 003c 0014 0014 0014 0014 0014 0014 0014 0014 0014 003c 0014 0014 0014 003c 0014 003c 0014 003c 0014 0014 0014 003c 0014 0014 0014 0014 0014 0014 0014 032f
Power	0000 006d 0001 0011 013f 009f 0014 003c 0014 003c 0014 0014 0014 0014 0014 0014 0014 0014 0014 003c 0014 0014 0014 003c 0014 003c 0014 0014 0014 003c 0014 0014 0014 0014 0014 0014 0014 0014 0014 0357
TV/VCR	0000 006c 0001 0011 013f 009f 0014 003c 0014 003c 0014 0014 0014 0014 0014 0014 0014 0014 0014 003c 0014 0014 0014 003c 0014 003c 0014 0014 0014 0014 0014 003c 0014 0014 0014 0014 0014 0014 0014 0357
Display	0000 006c 0001 0011 013f 009f 0014 003c 0014 003c 0014 0014 0014 0014 0014 0014 0014 0014 0014 003c 0014 0014 0014 0014 0014 0014 0014 0014 0014 003c 0014 003c 0014 003c 0014 0014 0014 0014 0014 0357
Enter	0000 006c 0001 0011 013f 009f 0014 003c 0014 003c 0014 0014 0014 0014 0014 0014 0014 0014 0014 003c 0014 0014 0014 0014 0014 003c 0014 003c 0014 003c 0014 003c 0014 003c 0014 0014 0014 0014 0014 0307
1	0000 006c 0001 0011 013f 009f 0014 003c 0014 003c 0014 0014 0014 0014 0014 0014 0014 0014 0014 003c 0014 0014 0014 003c 0014 0014 0014 0014 0014 0014 0014 0014 0014 003c 0014 0014 0014 0014 0014 037f
2	0000 006c 0001 0011 013f 009f 0014 003c 0014 003c 0014 0014 0014 0014 0014 0014 0014 0014 0014 003c 0014 0014 0014 0014 0014 003c 0014 0014 0014 0014 0014 0014 0014 003c 0014 0014 0014 0014 0014 037f
3	0000 006c 0001 0011 013f 009f 0014 003c 0014 003c 0014 0014 0014 0014 0014 0014 0014 0014 0014 003c 0014 0014 0014 003c 0014 003c 0014 0014 0014 0014 0014 0014 0014 003c 0014 0014 0014 0014 0014 0357
4	0000 006c 0001 0011 013f 009f 0014 003c 0014 003c 0014 0014 0014 0014 0014 0014 0014 0014 0014 003c 0014 0014 0014 0014 0014 0014 0014 003c 0014 0014 0014 0014 0014 003c 0014 0014 0014 0014 0014 037f
5	0000 006c 0001 0011 013f 009f 0014 003c 0014 003c 0014 0014 0014 0014 0014 0014 0014 0014 0014 003c 0014 0014 0014 003c 0014 0014 0014 003c 0014 0014 0014 0014 0014 003c 0014 0014 0014 0014 0014 0357
6	0000 006c 0001 0011 013f 009f 0014 003c 0014 003c 0014 0014 0014 0014 0014 0014 0014 0014 0014 003c 0014 0014 0014 0014 0014 003c 0014 003c 0014 0014 0014 0014 0014 003c 0014 0014 0014 0014 0014 0357
7	0000 006c 0001 0011 013f 009f 0014 003c 0014 003c 0014 0014 0014 0014 0014 0014 0014 0014 0014 003c 0014 0014 0014 003c 0014 003c 0014 003c 0014 0014 0014 0014 0014 003c 0014 0014 0014 0014 0014 032f
8	0000 006c 0001 0011 013f 009f 0014 003c 0014 003c 0014 0014 0014 0014 0014 0014 0014 0014 0014 003c 0014 0014 0014 0014 0014 0014 0014 0014 0014 003c 0014 0014 0014 003c 0014 0014 0014 0014 0014 037f
9	0000 006c 0001 0011 013f 009f 0014 003c 0014 003c 0014 0014 0014 0014 0014 0014 0014 0014 0014 003c 0014 0014 0014 003c 0014 0014 0014 0014 0014 003c 0014 0014 0014 003c 0014 0014 0014 0014 0014 0357
0	0000 006c 0001 0011 013f 009f 0014 003c 0014 003c 0014 0014 0014 0014 0014 0014 0014 0014 0014 003c 0014 0014 0014 003c 0014 003c 0014 0014 0014 0014 0014 003c 0014 003c 0014 0014 0014 0014 0014 032f
Cancel	0000 006c 0001 0011 013f 009f 0014 003c 0014 003c 0014 0014 0014 0014 0014 0014 0014 0014 0014 003c 0014 0014 0014 0014 0014 003c 0014 003c 0014 0014 0014 003c 0014 003c 0014 0014 0014 0014 0014 032f
Timer	0000 006c 0001 0011 013f 009f 0014 003c 0014 003c 0014 0014 0014 0014 0014 0014 0014 0014 0014 003c 0014 0014 0014 003c 0014 0014 0014 003c 0014 0014 0014 003c 0014 003c 0014 0014 0014 0014 0014 032f
Start+	0000 006c 0001 0011 013f 009f 0014 003c 0014 003c 0014 0014 0014 0014 0014 0014 0014 0014 0014 003c 0014 0014 0014 0014 0014 0014 0014 0014 0014 003c 0014 0014 0014 0014 0014 003c 0014 003c 0014 0357
Start-	0000 006c 0001 0011 013f 009f 0014 003c 0014 003c 0014 0014 0014 0014 0014 0014 0014 0014 0014 003c 0014 0014 0014 003c 0014 0014 0014 0014 0014 003c 0014 0014 0014 0014 0014 003c 0014 003c 0014 032f
Stop+	0000 006c 0001 0011 013f 009f 0014 003c 0014 003c 0014 0014 0014 0014 0014 0014 0014 0014 0014 003c 0014 0014 0014 0014 0014 003c 0014 0014 0014 003c 0014 0014 0014 0014 0014 003c 0014 003c 0014 032f
Stop-	0000 006c 0001 0011 013f 009f 0014 003c 0014 003c 0014 0014 0014 0014 0014 0014 0014 0014 0014 003c 0014 0014 0014 003c 0014 003c 0014 0014 0014 003c 0014 0014 0014 0014 0014 003c 0014 003c 0014 0307
Date+	0000 006c 0001 0011 013f 009f 0014 003c 0014 003c 0014 0014 0014 0014 0014 0014 0014 0014 0014 003c 0014 0014 0014 0014 0014 003c 0014 003c 0014 0014 0014 0014 0014 0014 0014 003c 0014 003c 0014 032f
Date-	0000 006c 0001 0011 013f 009f 0014 003c 0014 003c 0014 0014 0014 0014 0014 0014 0014 0014 0014 003c 0014 0014 0014 003c 0014 003c 0014 003c 0014 0014 0014 0014 0014 0014 0014 003c 0014 003c 0014 0307
Ch+	0000 006c 0001 0011 013f 009f 0014 003c 0014 003c 0014 0014 0014 0014 0014 0014 0014 0014 0014 003c 0014 0014 0014 003c 0014 0014 0014 0014 0014 003c 0014 003c 0014 0014 0014 0014 0014 0014 0014 0357
Ch-	0000 006c 0001 0011 013f 009f 0014 003c 0014 003c 0014 0014 0014 0014 0014 0014 0014 0014 0014 003c 0014 0014 0014 0014 0014 0014 0014 0014 0014 003c 0014 003c 0014 0014 0014 0014 0014 0014 0014 037f
Prog	0000 006c 0001 0011 013f 009f 0014 003c 0014 003c 0014 0014 0014 0014 0014 0014 0014 0014 0014 003c 0014 0014 0014 003c 0014 0014 0014 0014 0014 0014 0014 0014 0014 0014 0014 003c 0014 003c 0014 0357
HS/Std/ls3/sp/ep	0000 006c 0001 0011 013f 009f 0014 003c 0014 003c 0014 0014 0014 0014 0014 0014 0014 0014 0014 003c 0014 0014 0014 003c 0014 0014 0014 0014 0014 0014 0014 003c 0014 003c 0014 0014 0014 0014 0014 0357
Prog Check	0000 006c 0001 0011 013f 009f 0014 003c 0014 003c 0014 0014 0014 0014 0014 0014 0014 0014 0014 003c 0014 0014 0014 003c 0014 0014 0014 003c 0014 003c 0014 003c 0014 003c 0014 0014 0014 0014 0014 0307
Skip Search	0000 006d 0001 0011 013f 009f 0014 003c 0014 003c 0014 0014 0014 0014 0014 0014 0014 0014 0014 003c 0014 0014 0014 0014 0014 003c 0014 003c 0014 0014 0014 003c 0014 0014 0014 0014 0014 003c 0014 032f
Rew	0000 006c 0001 0011 013f 009f 0014 003c 0014 003c 0014 0014 0014 0014 0014 0014 0014 0014 0014 003c 0014 0014 0014 003c 0014 003c 0014 003c 0014 0014 0014 0014 0014 0014 0014 0014 0014 0014 0014 0357
Play	0000 006c 0001 0011 013f 009f 0014 003c 0014 003c 0014 0014 0014 0014 0014 0014 0014 0014 0014 003c 0014 0014 0014 0014 0014 0014 0014 003c 0014 003c 0014 0014 0014 0014 0014 0014 0014 0014 0014 037f
Ffwd	0000 006c 0001 0011 013f 009f 0014 003c 0014 003c 0014 0014 0014 0014 0014 0014 0014 0014 0014 003c 0014 0014 0014 0014 0014 003c 0014 003c 0014 0014 0014 0014 0014 0014 0014 0014 0014 0014 0014 037f
Stop	0000 006c 0001 0011 013f 009f 0014 003c 0014 003c 0014 0014 0014 0014 0014 0014 0014 0014 0014 003c 0014 0014 0014 003c 0014 003c 0014 0014 0014 0014 0014 0014 0014 0014 0014 0014 0014 0014 0014 037f
Pause	0000 006c 0001 0011 013f 009f 0014 003c 0014 003c 0014 0014 0014 0014 0014 0014 0014 0014 0014 003c 0014 0014 0014 003c 0014 0014 0014 003c 0014 003c 0014 0014 0014 0014 0014 0014 0014 0014 0014 0357
TV Ch+	0000 006c 0001 0011 013f 009f 0014 003c 0014 003c 0014 0014 0014 0014 0014 0014 0014 0014 0014 003c 0014 0014 0014 003c 0014 0014 0014 0014 0014 003c 0014 003c 0014 0014 0014 0014 0014 0014 0014 0357
TV Ch-	0000 006c 0001 0011 013f 009f 0014 003c 0014 003c 0014 0014 0014 0014 0014 0014 0014 0014 0014 003c 0014 0014 0014 0014 0014 0014 0014 0014 0014 003c 0014 003c 0014 0014 0014 0014 0014 0014 0014 037f
TV Vol-	0000 006c 0001 0011 013f 009f 0014 003c 0014 003c 0014 0014 0014 0014 0014 0014 0014 0014 0014 003c 0014 0014 0014 003c 0014 0014 0014 003c 0014 0014 0014 003c 0014 0014 0014 0014 0014 0014 0014 0357
TV Vol+	0000 006c 0001 0011 013f 009f 0014 003c 0014 003c 0014 0014 0014 0014 0014 0014 0014 0014 0014 003c 0014 0014 0014 0014 0014 0014 0014 003c 0014 0014 0014 003c 0014 0014 0014 0014 0014 0014 0014 037f
Menu	0000 006c 0001 0011 013f 009f 0014 003c 0014 003c 0014 0014 0014 0014 0014 0014 0014 0014 0014 003c 0014 0014 0014 003c 0014 003c 0014 003c 0014 0014 0014 003c 0014 003c 0014 0014 0014 0014 0014 0307
OK	0000 006c 0001 0011 013f 009f 0014 003c 0014 003c 0014 0014 0014 0014 0014 0014 0014 0014 0014 003c 0014 0014 0014 0014 0014 0014 0014 003c 0014 003c 0014 003c 0014 003c 0014 0014 0014 0014 0014 032f
Navigation	0000 006c 0001 0011 013f 009f 0014 003c 0014 003c 0014 0014 0014 0014 0014 0014 0014 0014 0014 003c 0014 0014 0014 0014 0014 0014 0014 0014 0014 0014 0014 0014 0014 003c 0014 003c 0014 003c 0014 0357
Review	0000 006c 0001 0011 013f 009f 0014 003c 0014 003c 0014 0014 0014 0014 0014 0014 0014 0014 0014 003c 0014 0014 0014 003c 0014 003c 0014 0014 0014 0014 0014 0014 0014 0014 0014 003c 0014 003c 0014 032f
Jog-	0000 006d 0000 0011 0014 003c 0014 003c 0014 0014 0014 0014 0014 0014 0014 0014 0014 003c 0014 0014 0014 003c 0014 003c 0014 003c 0014 0014 0014 003c 0014 003c 0014 0014 0014 003c 0014 02de
Jog+	0000 006d 0000 0011 0014 003c 0014 003c 0014 0014 0014 0014 0014 0014 0014 0014 0014 003c 0014 0014 0014 0014 0014 0014 0014 0014 0014 003c 0014 003c 0014 003c 0014 0014 0014 003c 0014 032e
Shuttle-	0000 006d 0000 0011 0014 003c 0014 003c 0014 0014 0014 0014 0014 0014 0014 0014 0014 003c 0014 0014 0014 003c 0014 003c 0014 003c 0014 003c 0014 0014 0014 003c 0014 0014 0014 003c 0014 02de
Shuttle+	0000 006d 0000 0011 0014 003c 0014 003c 0014 0014 0014 0014 0014 0014 0014 0014 0014 003c 0014 0014 0014 003c 0014 0014 0014 003c 0014 003c 0014 0014 0014 003c 0014 003c 0014 003c 0014 02de
