Power	0000 006d 0001 0011 013f 009f 0014 003c 0014 003c 0014 0014 0014 0014 0014 0014 0014 0014 0014 003c 0014 0014 0014 003c 0014 003c 0014 0014 0014 003c 0014 0014 0014 0014 0014 0014 0014 0014 0014 0357
1	0000 006d 0001 0011 013f 009f 0014 003c 0014 003c 0014 0014 0014 0014 0014 0014 0014 0014 0014 003c 0014 0014 0014 003c 0014 0014 0014 0014 0014 0014 0014 0014 0014 003c 0014 0014 0014 0014 0014 037f
2	0000 006d 0001 0011 013f 009f 0014 003c 0014 003c 0014 0014 0014 0014 0014 0014 0014 0014 0014 003c 0014 0014 0014 0014 0014 003c 0014 0014 0014 0014 0014 0014 0014 003c 0014 0014 0014 0014 0014 037f
3	0000 006d 0001 0011 013f 009f 0014 003c 0014 003c 0014 0014 0014 0014 0014 0014 0014 0014 0014 003c 0014 0014 0014 003c 0014 003c 0014 0014 0014 0014 0014 0014 0014 003c 0014 0014 0014 0014 0014 0357
4	0000 006d 0001 0011 013f 009f 0014 003c 0014 003c 0014 0014 0014 0014 0014 0014 0014 0014 0014 003c 0014 0014 0014 0014 0014 0014 0014 003c 0014 0014 0014 0014 0014 003c 0014 0014 0014 0014 0014 037f
5	0000 006d 0001 0011 013f 009f 0014 003c 0014 003c 0014 0014 0014 0014 0014 0014 0014 0014 0014 003c 0014 0014 0014 003c 0014 0014 0014 003c 0014 0014 0014 0014 0014 003c 0014 0014 0014 0014 0014 0357
6	0000 006d 0001 0011 013f 009f 0014 003c 0014 003c 0014 0014 0014 0014 0014 0014 0014 0014 0014 003c 0014 0014 0014 0014 0014 003c 0014 003c 0014 0014 0014 0014 0014 003c 0014 0014 0014 0014 0014 0357
7	0000 006d 0001 0011 013f 009f 0014 003c 0014 003c 0014 0014 0014 0014 0014 0014 0014 0014 0014 003c 0014 0014 0014 003c 0014 003c 0014 003c 0014 0014 0014 0014 0014 003c 0014 0014 0014 0014 0014 032f
8	0000 006d 0001 0011 013f 009f 0014 003c 0014 003c 0014 0014 0014 0014 0014 0014 0014 0014 0014 003c 0014 0014 0014 0014 0014 0014 0014 0014 0014 003c 0014 0014 0014 003c 0014 0014 0014 0014 0014 037f
9	0000 006d 0001 0011 013f 009f 0014 003c 0014 003c 0014 0014 0014 0014 0014 0014 0014 0014 0014 003c 0014 0014 0014 003c 0014 0014 0014 0014 0014 003c 0014 0014 0014 003c 0014 0014 0014 0014 0014 0357
0	0000 006d 0001 0011 013f 009f 0014 003c 0014 003c 0014 0014 0014 0014 0014 0014 0014 0014 0014 003c 0014 0014 0014 003c 0014 003c 0014 0014 0014 0014 0014 003c 0014 003c 0014 0014 0014 0014 0014 032f
Timer	0000 006d 0001 0011 013f 009f 0014 003c 0014 003c 0014 0014 0014 0014 0014 0014 0014 0014 0014 003c 0014 0014 0014 003c 0014 0014 0014 003c 0014 0014 0014 003c 0014 003c 0014 0014 0014 0014 0014 032f
Cancel	0000 006d 0001 0011 013f 009f 0014 003c 0014 003c 0014 0014 0014 0014 0014 0014 0014 0014 0014 003c 0014 0014 0014 0014 0014 003c 0014 003c 0014 0014 0014 003c 0014 003c 0014 0014 0014 0014 0014 032f
Start+	0000 006d 0001 0011 013f 009f 0014 003c 0014 003c 0014 0014 0014 0014 0014 0014 0014 0014 0014 003c 0014 0014 0014 0014 0014 0014 0014 0014 0014 003c 0014 0014 0014 0014 0014 003c 0014 003c 0014 0357
Start-	0000 006d 0001 0011 013f 009f 0014 003c 0014 003c 0014 0014 0014 0014 0014 0014 0014 0014 0014 003c 0014 0014 0014 003c 0014 0014 0014 0014 0014 003c 0014 0014 0014 0014 0014 003c 0014 003c 0014 032f
Stop+	0000 006d 0001 0011 013f 009f 0014 003c 0014 003c 0014 0014 0014 0014 0014 0014 0014 0014 0014 003c 0014 0014 0014 0014 0014 003c 0014 0014 0014 003c 0014 0014 0014 0014 0014 003c 0014 003c 0014 032f
Stop-	0000 006d 0001 0011 013f 009f 0014 003c 0014 003c 0014 0014 0014 0014 0014 0014 0014 0014 0014 003c 0014 0014 0014 003c 0014 003c 0014 0014 0014 003c 0014 0014 0014 0014 0014 003c 0014 003c 0014 0307
Date+	0000 006d 0001 0011 013f 009f 0014 003c 0014 003c 0014 0014 0014 0014 0014 0014 0014 0014 0014 003c 0014 0014 0014 0014 0014 003c 0014 003c 0014 0014 0014 0014 0014 0014 0014 003c 0014 003c 0014 032f
Date-	0000 006d 0001 0011 013f 009f 0014 003c 0014 003c 0014 0014 0014 0014 0014 0014 0014 0014 0014 003c 0014 0014 0014 003c 0014 003c 0014 003c 0014 0014 0014 0014 0014 0014 0014 003c 0014 003c 0014 0307
Ch+	0000 006d 0001 0011 013f 009f 0014 003c 0014 003c 0014 0014 0014 0014 0014 0014 0014 0014 0014 003c 0014 0014 0014 003c 0014 0014 0014 0014 0014 003c 0014 003c 0014 0014 0014 0014 0014 0014 0014 0357
Ch-	0000 006d 0001 0011 013f 009f 0014 003c 0014 003c 0014 0014 0014 0014 0014 0014 0014 0014 0014 003c 0014 0014 0014 0014 0014 0014 0014 0014 0014 003c 0014 003c 0014 0014 0014 0014 0014 0014 0014 037f
Play	0000 006d 0001 0011 013f 009f 0014 003c 0014 003c 0014 0014 0014 0014 0014 0014 0014 0014 0014 003c 0014 0014 0014 0014 0014 0014 0014 003c 0014 003c 0014 0014 0014 0014 0014 0014 0014 0014 0014 037f
1 Prog	0000 006d 0001 0011 013f 009f 0014 003c 0014 003c 0014 0014 0014 0014 0014 0014 0014 0014 0014 003c 0014 0014 0014 003c 0014 0014 0014 0014 0014 0014 0014 0014 0014 0014 0014 003c 0014 003c 0014 0357
Prog Check	0000 006d 0001 0011 013f 009f 0014 003c 0014 003c 0014 0014 0014 0014 0014 0014 0014 0014 0014 003c 0014 0014 0014 003c 0014 0014 0014 003c 0014 003c 0014 003c 0014 003c 0014 0014 0014 0014 0014 0307
SP/EP	0000 006d 0001 0011 013f 009f 0014 003c 0014 003c 0014 0014 0014 0014 0014 0014 0014 0014 0014 003c 0014 0014 0014 003c 0014 0014 0014 0014 0014 0014 0014 003c 0014 003c 0014 0014 0014 0014 0014 0357
Skip Search	0000 006d 0001 0011 013f 009f 0014 003c 0014 003c 0014 0014 0014 0014 0014 0014 0014 0014 0014 003c 0014 0014 0014 0014 0014 003c 0014 003c 0014 0014 0014 003c 0014 0014 0014 0014 0014 003c 0014 032f
Stop	0000 006d 0001 0011 013f 009f 0014 003c 0014 003c 0014 0014 0014 0014 0014 0014 0014 0014 0014 003c 0014 0014 0014 003c 0014 003c 0014 0014 0014 0014 0014 0014 0014 0014 0014 0014 0014 0014 0014 037f
Pause	0000 006d 0001 0011 013f 009f 0014 003c 0014 003c 0014 0014 0014 0014 0014 0014 0014 0014 0014 003c 0014 0014 0014 003c 0014 0014 0014 003c 0014 003c 0014 0014 0014 0014 0014 0014 0014 0014 0014 0357
Rew	0000 006d 0001 0011 013f 009f 0014 003c 0014 003c 0014 0014 0014 0014 0014 0014 0014 0014 0014 003c 0014 0014 0014 003c 0014 003c 0014 003c 0014 0014 0014 0014 0014 0014 0014 0014 0014 0014 0014 0357
Ffwd	0000 006d 0001 0011 013f 009f 0014 003c 0014 003c 0014 0014 0014 0014 0014 0014 0014 0014 0014 003c 0014 0014 0014 0014 0014 003c 0014 003c 0014 0014 0014 0014 0014 0014 0014 0014 0014 0014 0014 037f
F Srch	0000 006d 0001 0011 013f 009f 0014 003c 0014 003c 0014 0014 0014 0014 0014 0014 0014 0014 0014 003c 0014 0014 0014 0014 0014 0014 0014 003c 0014 0014 0014 003c 0014 0014 0014 0014 0014 0014 0014 037f
R Srch	0000 006d 0001 0011 013f 009f 0014 003c 0014 003c 0014 0014 0014 0014 0014 0014 0014 0014 0014 003c 0014 0014 0014 003c 0014 0014 0014 003c 0014 0014 0014 003c 0014 0014 0014 0014 0014 0014 0014 0357
Record	0000 006d 0001 0011 013f 009f 0014 003c 0014 003c 0014 0014 0014 0014 0014 0014 0014 0014 0014 003c 0014 0014 0014 0014 0014 0014 0014 003c 0014 003c 0014 0014 0014 0014 0014 003c 0014 003c 0014 032f
TV/VCR	0000 006d 0001 0011 013f 009f 0014 003c 0014 003c 0014 0014 0014 0014 0014 0014 0014 0014 0014 003c 0014 0014 0014 003c 0014 003c 0014 0014 0014 0014 0014 003c 0014 0014 0014 0014 0014 0014 0014 0357
Menu	0000 006d 0001 0011 013f 009f 0014 003c 0014 003c 0014 0014 0014 0014 0014 0014 0014 0014 0014 003c 0014 0014 0014 003c 0014 003c 0014 003c 0014 0014 0014 003c 0014 003c 0014 0014 0014 0014 0014 0307
3 OK	0000 006d 0001 0011 013f 009f 0014 003c 0014 003c 0014 0014 0014 0014 0014 0014 0014 0014 0014 003c 0014 0014 0014 0014 0014 0014 0014 003c 0014 003c 0014 003c 0014 003c 0014 0014 0014 0014 0014 032f
 View	0000 006d 0001 0011 013f 009f 0014 003c 0014 003c 0014 0014 0014 0014 0014 0014 0014 0014 0014 003c 0014 0014 0014 003c 0014 003c 0014 0014 0014 0014 0014 0014 0014 0014 0014 003c 0014 003c 0014 032f
Enter/OSD	0000 006d 0001 0011 013f 009f 0014 003c 0014 003c 0014 0014 0014 0014 0014 0014 0014 0014 0014 003c 0014 0014 0014 0014 0014 003c 0014 003c 0014 003c 0014 003c 0014 003c 0014 0014 0014 0014 0014 0307
Display	0000 006d 0001 0011 013f 009f 0014 003c 0014 003c 0014 0014 0014 0014 0014 0014 0014 0014 0014 003c 0014 0014 0014 0014 0014 0014 0014 0014 0014 003c 0014 003c 0014 003c 0014 0014 0014 0014 0014 0357
Audio Monitor	0000 006d 0001 0011 013f 009f 0014 003c 0014 003c 0014 0014 0014 0014 0014 0014 0014 0014 0014 003c 0014 0014 0014 003c 0014 003c 0014 003c 0014 0014 0014 003c 0014 0014 0014 0014 0014 0014 0014 032f
