Power	0000 0074 0001 0011 012e 0096 0014 0038 0014 0038 0014 0014 0014 0014 0014 0014 0014 0014 0014 0038 0014 0014 0014 0038 0014 0038 0014 0014 0014 0038 0014 0014 0014 0014 0014 0014 0014 0014 0014 031d
Review	0000 0074 0001 0011 012e 0096 0014 0038 0014 0038 0014 0014 0014 0014 0014 0014 0014 0014 0014 0038 0014 0014 0014 0038 0014 0038 0014 0014 0014 0014 0014 0014 0014 0014 0014 0038 0014 0038 0014 02f7
TV/VCR	0000 0074 0001 0011 012e 0096 0014 0038 0014 0038 0014 0014 0014 0014 0014 0014 0014 0014 0014 0038 0014 0014 0014 0038 0014 0038 0014 0014 0014 0014 0014 0038 0014 0014 0014 0014 0014 0014 0014 031c
A Monitor	0000 0074 0001 0011 012e 0096 0014 0038 0014 0038 0014 0014 0014 0014 0014 0014 0014 0014 0014 0038 0014 0014 0014 0038 0014 0038 0014 0038 0014 0014 0014 0038 0014 0014 0014 0014 0014 0014 0014 02f7
Display	0000 0074 0001 0011 012e 0096 0014 0038 0014 0038 0014 0014 0014 0014 0014 0014 0014 0014 0014 0038 0014 0014 0014 0014 0014 0014 0014 0014 0014 0038 0014 0038 0014 0038 0014 0014 0014 0014 0014 031d
1	0000 0074 0001 0011 012e 0096 0014 0038 0014 0038 0014 0014 0014 0014 0014 0014 0014 0014 0014 0038 0014 0014 0014 0038 0014 0014 0014 0014 0014 0014 0014 0014 0014 0038 0014 0014 0014 0014 0014 0342
2	0000 0074 0001 0011 012e 0096 0014 0038 0014 0038 0014 0014 0014 0014 0014 0014 0014 0014 0014 0038 0014 0014 0014 0014 0014 0038 0014 0014 0014 0014 0014 0014 0014 0038 0014 0014 0014 0014 0014 0342
3	0000 0074 0001 0011 012e 0096 0014 0038 0014 0038 0014 0014 0014 0014 0014 0014 0014 0014 0014 0038 0014 0014 0014 0038 0014 0038 0014 0014 0014 0014 0014 0014 0014 0038 0014 0014 0014 0014 0014 031d
4	0000 0074 0001 0011 012e 0096 0014 0038 0014 0038 0014 0014 0014 0014 0014 0014 0014 0014 0014 0038 0014 0014 0014 0014 0014 0014 0014 0038 0014 0014 0014 0014 0014 0038 0014 0014 0014 0014 0014 0342
5	0000 0074 0001 0011 012e 0096 0014 0038 0014 0038 0014 0014 0014 0014 0014 0014 0014 0014 0014 0038 0014 0014 0014 0038 0014 0014 0014 0038 0014 0014 0014 0014 0014 0038 0014 0014 0014 0014 0014 031c
6	0000 0074 0001 0011 012e 0096 0014 0038 0014 0038 0014 0014 0014 0014 0014 0014 0014 0014 0014 0038 0014 0014 0014 0014 0014 0038 0014 0038 0014 0014 0014 0014 0014 0038 0014 0014 0014 0014 0014 031c
7	0000 0074 0001 0011 012e 0096 0014 0038 0014 0038 0014 0014 0014 0014 0014 0014 0014 0014 0014 0038 0014 0014 0014 0038 0014 0038 0014 0038 0014 0014 0014 0014 0014 0038 0014 0014 0014 0014 0014 02f7
8	0000 0074 0001 0011 012e 0096 0014 0038 0014 0038 0014 0014 0014 0014 0014 0014 0014 0014 0014 0038 0014 0014 0014 0014 0014 0014 0014 0014 0014 0038 0014 0014 0014 0038 0014 0014 0014 0014 0014 0342
9	0000 0074 0001 0011 012e 0096 0014 0038 0014 0038 0014 0014 0014 0014 0014 0014 0014 0014 0014 0038 0014 0014 0014 0038 0014 0014 0014 0014 0014 0038 0014 0014 0014 0038 0014 0014 0014 0014 0014 031c
0	0000 0074 0001 0011 012e 0096 0014 0038 0014 0038 0014 0014 0014 0014 0014 0014 0014 0014 0014 0038 0014 0014 0014 0038 0014 0038 0014 0014 0014 0014 0014 0038 0014 0038 0014 0014 0014 0014 0014 02f7
Cancel	0000 0074 0001 0011 012e 0096 0014 0038 0014 0038 0014 0014 0014 0014 0014 0014 0014 0014 0014 0038 0014 0014 0014 0014 0014 0038 0014 0038 0014 0014 0014 0038 0014 0038 0014 0014 0014 0014 0014 02f7
Timer	0000 0074 0001 0011 012e 0096 0014 0038 0014 0038 0014 0014 0014 0014 0014 0014 0014 0014 0014 0038 0014 0014 0014 0038 0014 0014 0014 0038 0014 0014 0014 0038 0014 0038 0014 0014 0014 0014 0014 02f7
Start+	0000 0074 0001 0011 012e 0096 0014 0038 0014 0038 0014 0014 0014 0014 0014 0014 0014 0014 0014 0038 0014 0014 0014 0014 0014 0014 0014 0014 0014 0038 0014 0014 0014 0014 0014 0038 0014 0038 0014 031c
Start-	0000 0074 0001 0011 012e 0096 0014 0038 0014 0038 0014 0014 0014 0014 0014 0014 0014 0014 0014 0038 0014 0014 0014 0038 0014 0014 0014 0014 0014 0038 0014 0014 0014 0014 0014 0038 0014 0038 0014 02f7
Stop+	0000 0074 0001 0011 012e 0096 0014 0038 0014 0038 0014 0014 0014 0014 0014 0014 0014 0014 0014 0038 0014 0014 0014 0014 0014 0038 0014 0014 0014 0038 0014 0014 0014 0014 0014 0038 0014 0038 0014 02f7
Stop-	0000 0074 0001 0011 012e 0096 0014 0038 0014 0038 0014 0014 0014 0014 0014 0014 0014 0014 0014 0038 0014 0014 0014 0038 0014 0038 0014 0014 0014 0038 0014 0014 0014 0014 0014 0038 0014 0038 0014 02d1
Date+	0000 0074 0001 0011 012e 0096 0014 0038 0014 0038 0014 0014 0014 0014 0014 0014 0014 0014 0014 0038 0014 0014 0014 0014 0014 0038 0014 0038 0014 0014 0014 0014 0014 0014 0014 0038 0014 0038 0014 02f7
Date-	0000 0074 0001 0011 012e 0097 0014 0038 0014 0038 0014 0014 0014 0014 0014 0014 0014 0014 0014 0038 0014 0014 0014 0038 0014 0038 0014 0038 0014 0014 0014 0014 0014 0014 0014 0038 0014 0038 0014 02d2
Ch+	0000 0074 0001 0011 012e 0096 0014 0038 0014 0038 0014 0014 0014 0014 0014 0014 0014 0014 0014 0038 0014 0014 0014 0038 0014 0014 0014 0014 0014 0038 0014 0038 0014 0014 0014 0014 0014 0014 0014 031c
Ch-	0000 0074 0001 0011 012e 0096 0014 0038 0014 0038 0014 0014 0014 0014 0014 0014 0014 0014 0014 0038 0014 0014 0014 0014 0014 0014 0014 0014 0014 0038 0014 0038 0014 0014 0014 0014 0014 0014 0014 0342
Prog	0000 0074 0001 0011 012e 0096 0014 0038 0014 0038 0014 0014 0014 0014 0014 0014 0014 0014 0014 0038 0014 0014 0014 0038 0014 0014 0014 0014 0014 0014 0014 0014 0014 0014 0014 0038 0014 0038 0014 031d
Prog Check	0000 0074 0001 0011 012e 0096 0014 0038 0014 0038 0014 0014 0014 0014 0014 0014 0014 0014 0014 0038 0014 0014 0014 0038 0014 0014 0014 0038 0014 0038 0014 0038 0014 0038 0014 0014 0014 0014 0014 02d1
SP/EP	0000 0074 0001 0011 012e 0096 0014 0038 0014 0038 0014 0014 0014 0014 0014 0014 0014 0014 0014 0038 0014 0014 0014 0038 0014 0014 0014 0014 0014 0014 0014 0038 0014 0038 0014 0014 0014 0014 0014 031c
Skip Search	0000 0074 0001 0011 012e 0096 0014 0038 0014 0038 0014 0014 0014 0014 0014 0014 0014 0014 0014 0038 0014 0014 0014 0014 0014 0038 0014 0038 0014 0014 0014 0038 0014 0014 0014 0014 0014 0038 0014 02f7
Rew	0000 0074 0001 0011 012e 0096 0014 0038 0014 0038 0014 0014 0014 0014 0014 0014 0014 0014 0014 0038 0014 0014 0014 0038 0014 0038 0014 0038 0014 0014 0014 0014 0014 0014 0014 0014 0014 0014 0014 031d
Play	0000 0074 0001 0011 012e 0096 0014 0038 0014 0038 0014 0014 0014 0014 0014 0014 0014 0014 0014 0038 0014 0014 0014 0014 0014 0014 0014 0038 0014 0038 0014 0014 0014 0014 0014 0014 0014 0014 0014 0342
Ffwd	0000 0074 0001 0011 012e 0096 0014 0038 0014 0038 0014 0014 0014 0014 0014 0014 0014 0014 0014 0038 0014 0014 0014 0014 0014 0038 0014 0038 0014 0014 0014 0014 0014 0014 0014 0014 0014 0014 0014 0342
Stop	0000 0074 0001 0011 012e 0096 0014 0038 0014 0038 0014 0014 0014 0014 0014 0014 0014 0014 0014 0038 0014 0014 0014 0038 0014 0038 0014 0014 0014 0014 0014 0014 0014 0014 0014 0014 0014 0014 0014 0342
Pause	0000 0074 0001 0011 012e 0096 0014 0038 0014 0038 0014 0014 0014 0014 0014 0014 0014 0014 0014 0038 0014 0014 0014 0038 0014 0014 0014 0038 0014 0038 0014 0014 0014 0014 0014 0014 0014 0014 0014 031c
Menu	0000 0074 0001 0011 012e 0096 0014 0038 0014 0038 0014 0014 0014 0014 0014 0014 0014 0014 0014 0038 0014 0014 0014 0038 0014 0038 0014 0038 0014 0014 0014 0038 0014 0038 0014 0014 0014 0014 0014 02d1
OK	0000 0074 0001 0011 012e 0096 0014 0038 0014 0038 0014 0014 0014 0014 0014 0014 0014 0014 0014 0038 0014 0014 0014 0014 0014 0014 0014 0038 0014 0038 0014 0038 0014 0038 0014 0014 0014 0014 0014 02f7
 Ch+	0000 0074 0001 0011 012e 0096 0014 0038 0014 0038 0014 0014 0014 0014 0014 0014 0014 0014 0014 0038 0014 0014 0014 0038 0014 0014 0014 0014 0014 0038 0014 0038 0014 0014 0014 0014 0014 0014 0014 031c
 Ch-	0000 0074 0001 0011 012e 0096 0014 0038 0014 0038 0014 0014 0014 0014 0014 0014 0014 0014 0014 0038 0014 0014 0014 0014 0014 0014 0014 0014 0014 0038 0014 0038 0014 0014 0014 0014 0014 0014 0014 0342
 Vol-	0000 0074 0001 0011 012e 0096 0014 0038 0014 0038 0014 0014 0014 0014 0014 0014 0014 0014 0014 0038 0014 0014 0014 0038 0014 0014 0014 0038 0014 0014 0014 0038 0014 0014 0014 0014 0014 0014 0014 031d
 Vol+	0000 0074 0001 0011 012e 0096 0014 0038 0014 0038 0014 0014 0014 0014 0014 0014 0014 0014 0014 0038 0014 0014 0014 0014 0014 0014 0014 0038 0014 0014 0014 0038 0014 0014 0014 0014 0014 0014 0014 0342
