Power	0000 0063 0001 0011 015f 00af 0017 0041 0017 0041 0017 0017 0017 0017 0017 0017 0017 0017 0017 0041 0017 0017 0017 0041 0017 0041 0017 0017 0017 0041 0017 0017 0017 0017 0017 0017 0017 0017 0017 039e
1	0000 0063 0001 0011 015f 00af 0017 0041 0017 0041 0017 0017 0017 0017 0017 0017 0017 0017 0017 0041 0017 0017 0017 0041 0017 0017 0017 0017 0017 0017 0017 0017 0017 0041 0017 0017 0017 0017 0017 03ca
2	0000 0074 0001 0011 012e 0097 0014 0038 0014 0038 0014 0014 0014 0014 0014 0014 0014 0014 0014 0038 0014 0014 0014 0014 0014 0038 0014 0014 0014 0014 0014 0014 0014 0038 0014 0014 0014 0014 0014 0343
3	0000 0074 0001 0011 012e 0097 0014 0038 0014 0038 0014 0014 0014 0014 0014 0014 0014 0014 0014 0038 0014 0014 0014 0038 0014 0038 0014 0014 0014 0014 0014 0014 0014 0038 0014 0014 0014 0014 0014 031d
4	0000 0063 0001 0011 015f 00af 0017 0041 0017 0041 0017 0017 0017 0017 0017 0017 0017 0017 0017 0041 0017 0017 0017 0017 0017 0017 0017 0041 0017 0017 0017 0017 0017 0041 0017 0017 0017 0017 0017 03ca
5	0000 0063 0001 0011 015f 00af 0017 0041 0017 0041 0017 0017 0017 0017 0017 0017 0017 0017 0017 0041 0017 0017 0017 0041 0017 0017 0017 0041 0017 0017 0017 0017 0017 0041 0017 0017 0017 0017 0017 039e
6	0000 0074 0001 0011 012e 0097 0014 0038 0014 0038 0014 0014 0014 0014 0014 0014 0014 0014 0014 0038 0014 0014 0014 0014 0014 0038 0014 0038 0014 0014 0014 0014 0014 0038 0014 0014 0014 0014 0014 031e
7	0000 0063 0001 0011 015e 00af 0017 0041 0017 0041 0017 0017 0017 0017 0017 0017 0017 0017 0017 0041 0017 0017 0017 0041 0017 0041 0017 0041 0017 0017 0017 0017 0017 0041 0017 0017 0017 0017 0017 0371
8	0000 0063 0001 0011 015f 00af 0017 0041 0017 0041 0017 0017 0017 0017 0017 0017 0017 0017 0017 0041 0017 0017 0017 0017 0017 0017 0017 0017 0017 0041 0017 0017 0017 0041 0017 0017 0017 0017 0017 03ca
9	0000 0074 0001 0011 012e 0097 0014 0038 0014 0038 0014 0014 0014 0014 0014 0014 0014 0014 0014 0038 0014 0014 0014 0038 0014 0014 0014 0014 0014 0038 0014 0014 0014 0038 0014 0014 0014 0014 0014 031e
0	0000 0063 0001 0011 015f 00af 0017 0041 0017 0041 0017 0017 0017 0017 0017 0017 0017 0017 0017 0041 0017 0017 0017 0041 0017 0041 0017 0017 0017 0017 0017 0041 0017 0041 0017 0017 0017 0017 0017 0372
Cancel	0000 0063 0001 0011 015f 00af 0017 0041 0017 0041 0017 0017 0017 0017 0017 0017 0017 0017 0017 0041 0017 0017 0017 0017 0017 0041 0017 0041 0017 0017 0017 0041 0017 0041 0017 0017 0017 0017 0017 0372
Timer	0000 0063 0001 0011 015f 00af 0017 0041 0017 0041 0017 0017 0017 0017 0017 0017 0017 0017 0017 0041 0017 0017 0017 0041 0017 0017 0017 0041 0017 0017 0017 0041 0017 0041 0017 0017 0017 0017 0017 0372
Start+	0000 0074 0001 0011 012e 0097 0014 0038 0014 0038 0014 0014 0014 0014 0014 0014 0014 0014 0014 0038 0014 0014 0014 0014 0014 0014 0014 0014 0014 0038 0014 0014 0014 0014 0014 0038 0014 0038 0014 031e
Start-	0000 0063 0001 0011 015f 00af 0017 0041 0017 0041 0017 0017 0017 0017 0017 0017 0017 0017 0017 0041 0017 0017 0017 0041 0017 0017 0017 0017 0017 0041 0017 0017 0017 0017 0017 0041 0017 0041 0017 0372
Stop+	0000 0063 0001 0011 015f 00af 0017 0041 0017 0041 0017 0017 0017 0017 0017 0017 0017 0017 0017 0041 0017 0017 0017 0017 0017 0041 0017 0017 0017 0041 0017 0017 0017 0017 0017 0041 0017 0041 0017 0372
Stop-	0000 0074 0001 0011 012e 0097 0014 0038 0014 0038 0014 0014 0014 0014 0014 0014 0014 0014 0014 0038 0014 0014 0014 0038 0014 0038 0014 0014 0014 0038 0014 0014 0014 0014 0014 0038 0014 0038 0014 02d2
Date+	0000 0063 0001 0011 015f 00af 0017 0041 0017 0041 0017 0017 0017 0017 0017 0017 0017 0017 0017 0041 0017 0017 0017 0017 0017 0041 0017 0041 0017 0017 0017 0017 0017 0017 0017 0041 0017 0041 0017 0372
Date-	0000 0063 0001 0011 015f 00af 0017 0041 0017 0041 0017 0017 0017 0017 0017 0017 0017 0017 0017 0041 0017 0017 0017 0041 0017 0041 0017 0041 0017 0017 0017 0017 0017 0017 0017 0041 0017 0041 0017 0346
Ch+	0000 0074 0001 0011 012e 0097 0014 0038 0014 0038 0014 0014 0014 0014 0014 0014 0014 0014 0014 0038 0014 0014 0014 0038 0014 0014 0014 0014 0014 0038 0014 0038 0014 0014 0014 0014 0014 0014 0014 031e
Ch-	0000 0063 0001 0011 015f 00af 0017 0041 0017 0041 0017 0017 0017 0017 0017 0017 0017 0017 0017 0041 0017 0017 0017 0017 0017 0017 0017 0017 0017 0041 0017 0041 0017 0017 0017 0017 0017 0017 0017 03ca
Prog	0000 0074 0001 0011 012e 0097 0014 0038 0014 0038 0014 0014 0014 0014 0014 0014 0014 0014 0014 0038 0014 0014 0014 0038 0014 0014 0014 0014 0014 0014 0014 0014 0014 0014 0014 0038 0014 0038 0014 031e
Prog Check	0000 0074 0001 0011 012e 0097 0014 0038 0014 0038 0014 0014 0014 0014 0014 0014 0014 0014 0014 0038 0014 0014 0014 0038 0014 0014 0014 0038 0014 0038 0014 0038 0014 0038 0014 0014 0014 0014 0014 02d2
SP/EP	0000 0063 0001 0011 015f 00af 0017 0041 0017 0041 0017 0017 0017 0017 0017 0017 0017 0017 0017 0041 0017 0017 0017 0041 0017 0017 0017 0017 0017 0017 0017 0041 0017 0041 0017 0017 0017 0017 0017 039e
Skip Search	0000 0073 0001 0011 012f 0097 0014 0038 0014 0038 0014 0014 0014 0014 0014 0014 0014 0014 0014 0038 0014 0014 0014 0014 0014 0038 0014 0038 0014 0014 0014 0038 0014 0014 0014 0014 0014 0038 0014 02fa
Vol+	0000 0074 0001 0011 012e 0097 0014 0038 0014 0038 0014 0014 0014 0014 0014 0014 0014 0014 0014 0038 0014 0014 0014 0014 0014 0014 0014 0038 0014 0014 0014 0038 0014 0014 0014 0014 0014 0014 0014 0343
Vol-	0000 0063 0001 0011 015f 00af 0017 0041 0017 0041 0017 0017 0017 0017 0017 0017 0017 0017 0017 0041 0017 0017 0017 0041 0017 0017 0017 0041 0017 0017 0017 0041 0017 0017 0017 0017 0017 0017 0017 03a0
Play	0000 0063 0001 0011 015f 00af 0017 0041 0017 0041 0017 0017 0017 0017 0017 0017 0017 0017 0017 0041 0017 0017 0017 0017 0017 0017 0017 0041 0017 0041 0017 0017 0017 0017 0017 0017 0017 0017 0017 03ca
Rew	0000 0063 0001 0011 015f 00af 0017 0041 0017 0041 0017 0017 0017 0017 0017 0017 0017 0017 0017 0041 0017 0017 0017 0041 0017 0041 0017 0041 0017 0017 0017 0017 0017 0017 0017 0017 0017 0017 0017 039e
FF	0000 0074 0001 0011 012e 0097 0014 0038 0014 0038 0014 0014 0014 0014 0014 0014 0014 0014 0014 0038 0014 0014 0014 0014 0014 0038 0014 0038 0014 0014 0014 0014 0014 0014 0014 0014 0014 0014 0014 0343
Stop	0000 0063 0001 0011 015f 00af 0017 0041 0017 0041 0017 0017 0017 0017 0017 0017 0017 0017 0017 0041 0017 0017 0017 0041 0017 0041 0017 0017 0017 0017 0017 0017 0017 0017 0017 0017 0017 0017 0017 03ca
Pause	0000 0063 0001 0011 015f 00af 0017 0041 0017 0041 0017 0017 0017 0017 0017 0017 0017 0017 0017 0041 0017 0017 0017 0041 0017 0017 0017 0041 0017 0041 0017 0017 0017 0017 0017 0017 0017 0017 0017 039e
Record	0000 0063 0001 0011 015f 00af 0017 0041 0017 0041 0017 0017 0017 0017 0017 0017 0017 0017 0017 0041 0017 0017 0017 0017 0017 0017 0017 0041 0017 0041 0017 0017 0017 0017 0017 0041 0017 0041 0017 0372
Menu	0000 0063 0001 0011 015f 00af 0017 0041 0017 0041 0017 0017 0017 0017 0017 0017 0017 0017 0017 0041 0017 0017 0017 0041 0017 0041 0017 0041 0017 0017 0017 0041 0017 0041 0017 0017 0017 0017 0017 0346
OK	0000 0074 0001 0011 012e 0097 0014 0038 0014 0038 0014 0014 0014 0014 0014 0014 0014 0014 0014 0038 0014 0014 0014 0014 0014 0014 0014 0038 0014 0038 0014 0038 0014 0038 0014 0014 0014 0014 0014 02f8
TV/VCR	0000 0074 0001 0011 012e 0097 0014 0038 0014 0038 0014 0014 0014 0014 0014 0014 0014 0014 0014 0038 0014 0014 0014 0038 0014 0038 0014 0014 0014 0014 0014 0038 0014 0014 0014 0014 0014 0014 0014 031e
 View	0000 0063 0001 0011 015f 00af 0017 0041 0017 0041 0017 0017 0017 0017 0017 0017 0017 0017 0017 0041 0017 0017 0017 0041 0017 0041 0017 0017 0017 0017 0017 0017 0017 0017 0017 0041 0017 0041 0017 0372
Enter/OSD	0000 0063 0001 0011 015f 00af 0017 0041 0017 0041 0017 0017 0017 0017 0017 0017 0017 0017 0017 0041 0017 0017 0017 0017 0017 0041 0017 0041 0017 0041 0017 0041 0017 0041 0017 0017 0017 0017 0017 0346
Display	0000 0074 0001 0011 012e 0097 0014 0038 0014 0038 0014 0014 0014 0014 0014 0014 0014 0014 0014 0038 0014 0014 0014 0014 0014 0014 0014 0014 0014 0038 0014 0038 0014 0038 0014 0014 0014 0014 0014 031e
