Play	0000 006c 0001 0011 0141 00a1 0014 003c 0014 003c 0014 0014 0014 0014 0014 0014 0014 0014 0014 003c 0014 0014 0014 0014 0014 0014 0014 003c 0014 003c 0014 0014 0014 0014 0014 0014 0014 0014 0014 0388
Stop	0000 006c 0001 0011 0141 00a1 0014 003c 0014 003c 0014 0014 0014 0014 0014 0014 0014 0014 0014 003c 0014 0014 0014 003c 0014 003c 0014 0014 0014 0014 0014 0014 0014 0014 0014 0014 0014 0014 0014 0388
Pause	0000 006c 0001 0011 0142 00a1 0014 003c 0014 003c 0014 0014 0014 0014 0014 0014 0014 0014 0014 003c 0014 0014 0014 003c 0014 0014 0014 003c 0014 003c 0014 0014 0014 0014 0014 0014 0014 0014 0014 0360
Rew	0000 006c 0001 0011 0141 00a1 0014 003c 0014 003c 0014 0014 0014 0014 0014 0014 0014 0014 0014 003c 0014 0014 0014 003c 0014 003c 0014 003c 0014 0014 0014 0014 0014 0014 0014 0014 0014 0014 0014 0361
Ffwd	0000 006c 0001 0011 0141 00a1 0014 003c 0014 003c 0014 0014 0014 0014 0014 0014 0014 0014 0014 003c 0014 0014 0014 0014 0014 003c 0014 003d 0014 0014 0014 0014 0014 0014 0014 0014 0014 0014 0014 0388
Record	0000 006c 0001 0011 0142 00a1 0014 003c 0014 003c 0014 0014 0014 0014 0014 0014 0014 0014 0014 003c 0014 0014 0014 0014 0014 003c 0014 0014 0014 0014 0014 0014 0014 0014 0014 0014 0014 0014 0014 03b1
Power	0000 006c 0002 0011 0141 0c90 0141 00a1 0014 003c 0014 003c 0014 0014 0014 0014 0014 0014 0014 0014 0014 0014 0014 0014 0014 003d 0014 003c 0014 003c 0014 0014 0014 003c 0014 0014 0014 0014 0014 0014 0014 0360
TV/VCR	0000 006c 0001 0011 0141 00a1 0014 003c 0014 003d 0014 0014 0014 0014 0014 0014 0014 0014 0014 003d 0014 0014 0014 003c 0014 003d 0014 0014 0014 0014 0014 003c 0014 0014 0014 0014 0014 0014 0014 0360
Ch-	0000 006c 0001 0011 0142 00a1 0014 003c 0014 003c 0014 0014 0014 0014 0014 0014 0014 0014 0014 003c 0014 0014 0014 0014 0014 0014 0014 0014 0014 003c 0014 003d 0014 0014 0014 0014 0014 0014 0014 0389
Ch+	0000 006c 0001 0011 0142 00a1 0014 003c 0014 003c 0014 0014 0014 0014 0014 0014 0014 0014 0014 003c 0014 0014 0014 003c 0014 0014 0014 0014 0014 003c 0014 003c 0014 0014 0014 0014 0014 0014 0014 0361
1	0000 006c 0001 0011 0141 00a1 0014 003c 0014 003c 0014 0014 0014 0014 0014 0014 0014 0014 0014 003c 0014 0014 0014 003c 0014 0014 0014 0014 0014 0014 0014 0014 0014 003c 0014 0014 0014 0014 0014 0388
2	0000 006c 0001 0011 0142 00a1 0014 003c 0014 003c 0014 0014 0014 0014 0014 0014 0014 0014 0014 003c 0014 0014 0014 0014 0014 003c 0014 0014 0014 0014 0014 0014 0014 003c 0014 0014 0014 0014 0014 0389
3	0000 006c 0001 0011 0141 00a1 0014 003c 0014 003c 0014 0014 0014 0014 0014 0014 0014 0014 0014 003d 0014 0014 0014 003c 0014 003c 0014 0014 0014 0014 0014 0014 0014 003c 0014 0014 0014 0014 0014 0360
4	0000 006c 0001 0011 0141 00a1 0014 003c 0014 003c 0014 0014 0014 0014 0014 0014 0014 0014 0014 003d 0014 0014 0014 0014 0014 0014 0014 003d 0014 0014 0014 0014 0014 003c 0014 0014 0014 0014 0014 0388
5	0000 006c 0001 0011 0141 00a1 0014 003c 0014 003c 0014 0014 0014 0014 0014 0014 0014 0014 0014 003c 0014 0014 0014 003c 0014 0014 0014 003c 0014 0014 0014 0014 0014 003c 0014 0014 0014 0014 0014 0360
6	0000 006c 0001 0011 0141 00a1 0014 003c 0014 003c 0014 0014 0014 0014 0014 0014 0014 0014 0014 003c 0014 0014 0014 0014 0014 003c 0014 003d 0014 0014 0014 0014 0014 003c 0014 0014 0014 0014 0014 0360
7	0000 006c 0001 0011 0141 00a1 0014 003c 0014 003c 0014 0014 0014 0014 0014 0014 0014 0014 0014 003c 0014 0014 0014 003c 0014 003c 0014 003d 0014 0014 0014 0014 0014 003c 0014 0014 0014 0014 0014 0338
8	0000 006b 0001 0011 0145 00a2 0014 003d 0014 003d 0014 0014 0014 0014 0014 0014 0014 0014 0014 003d 0014 0014 0014 0015 0014 0014 0014 0014 0014 003d 0014 0014 0014 003d 0014 0014 0014 0014 0014 0391
9	0000 006c 0001 0011 0141 00a1 0014 003c 0014 003c 0014 0014 0014 0014 0014 0014 0014 0014 0014 003c 0014 0014 0014 003c 0014 0014 0014 0014 0014 003c 0014 0014 0014 003d 0014 0014 0014 0014 0014 0361
0	0000 006b 0001 0011 0145 00a2 0014 003d 0014 003d 0014 0014 0014 0014 0014 0014 0014 0014 0014 003d 0014 0014 0014 003d 0014 003d 0014 0014 0014 0014 0014 003d 0014 003d 0014 0014 0014 0014 0014 0340
R Srch	0000 006c 0001 0011 0141 00a1 0014 003c 0014 003c 0014 0014 0014 0014 0014 0014 0014 0014 0014 003c 0014 0014 0014 003c 0014 0014 0014 003c 0014 0014 0014 003c 0014 0014 0014 0014 0014 0014 0014 0360
F Srch	0000 006c 0001 0011 0141 00a1 0014 003c 0014 003c 0014 0014 0014 0014 0014 0014 0014 0014 0014 003c 0014 0014 0014 0014 0014 0014 0014 003c 0014 0014 0014 003c 0014 0014 0014 0014 0014 0014 0014 0389
Enter	0000 006b 0001 0011 0145 00a2 0014 003d 0014 003d 0014 0014 0014 0014 0014 0014 0014 0014 0014 003d 0014 0014 0014 0014 0014 003d 0014 003d 0014 003d 0014 003d 0014 003d 0014 0014 0014 0014 0014 0317
Skip Srch	0000 006b 0001 0011 0145 00a2 0014 003d 0014 003d 0014 0014 0014 0014 0014 0014 0014 0014 0014 003d 0014 0014 0014 0014 0014 003d 0014 003d 0014 0014 0014 003d 0014 0014 0014 0014 0014 003d 0014 0340
SP/EP	0000 006b 0001 0011 0145 00a2 0014 003d 0014 003d 0014 0014 0014 0014 0014 0014 0014 0014 0014 003d 0014 0014 0014 003d 0014 0014 0014 0014 0014 0014 0014 003d 0014 003d 0014 0014 0014 0014 0014 0368
Menu	0000 006c 0001 0011 0141 00a1 0014 003c 0014 003c 0014 0014 0014 0014 0014 0014 0014 0014 0014 003c 0014 0014 0014 003c 0014 003c 0014 003c 0014 0014 0014 003d 0014 003c 0014 0014 0014 0014 0014 0310
Set-	0000 006b 0001 0011 0145 00a2 0014 003d 0014 003d 0014 0014 0014 0014 0014 0014 0014 0014 0014 003d 0014 0014 0014 0014 0014 0014 0014 0015 0014 003d 0014 003d 0014 0014 0014 0014 0014 0014 0014 0391
Set+	0000 006b 0001 0011 0145 00a2 0014 003d 0014 003d 0014 0014 0014 0014 0014 0014 0014 0015 0014 003d 0014 0014 0014 003d 0014 0014 0014 0014 0014 003d 0014 003d 0014 0014 0014 0014 0014 0014 0014 0369
Select	0000 006b 0001 0011 0145 00a2 0014 003d 0014 003d 0014 0014 0014 0014 0014 0014 0014 0014 0014 003d 0014 0014 0014 0014 0014 0014 0014 003d 0014 003d 0014 003d 0014 003d 0014 0014 0014 0015 0014 0340
Timer	0000 006b 0001 0011 0145 00a2 0014 003d 0014 003d 0014 0014 0014 0014 0014 0014 0014 0014 0014 003d 0014 0014 0014 003d 0014 0014 0014 003d 0014 0014 0014 003d 0014 003d 0014 0014 0014 0015 0014 0340
Cancel/Reset	0000 006c 0001 0011 0141 00a1 0014 003c 0014 003c 0014 0014 0014 0014 0014 0014 0014 0014 0014 003c 0014 0014 0014 0014 0014 003c 0014 003d 0014 0014 0014 003c 0014 003c 0014 0014 0014 0014 0014 0338
Display	0000 006c 0001 0011 0141 00a1 0014 003c 0014 003c 0014 0014 0014 0014 0014 0014 0014 0014 0014 003c 0014 0014 0014 0014 0014 0014 0014 0014 0014 003c 0014 003c 0014 003c 0014 0014 0014 0014 0014 0360
Intro	0000 006c 0001 0011 0141 00a1 0014 003c 0014 003c 0014 0014 0014 0014 0014 0014 0014 0014 0014 003c 0014 0014 0014 003c 0014 003c 0014 003d 0014 0014 0014 003c 0014 0014 0014 0014 0014 003c 0014 0310
Index	0000 006b 0001 0011 0145 00a2 0014 003d 0014 003d 0014 0014 0014 0014 0014 0014 0014 0014 0014 003d 0014 0014 0014 003d 0014 0014 0014 0014 0014 0014 0014 003d 0014 0014 0014 0015 0014 003d 0014 0368
 To	0000 006b 0001 0011 0145 00a2 0014 003d 0014 003d 0014 0014 0014 0014 0014 0014 0014 0014 0014 003d 0014 0014 0014 003d 0014 003d 0014 0014 0014 003d 0014 003d 0014 003d 0014 0014 0014 0014 0014 0317
Record + Play	0000 006c 0001 0011 0141 00a1 0014 003c 0014 003c 0014 0014 0014 0014 0014 0014 0014 0014 0014 003c 0014 0014 0014 0014 0014 0014 0014 003c 0014 003d 0014 0014 0014 0014 0014 003c 0014 003d 0014 0338
