Power	0000 0074 0001 0011 012e 0097 0014 0038 0014 0038 0014 0014 0014 0014 0014 0014 0014 0014 0014 0038 0014 0014 0014 0038 0014 0038 0014 0014 0014 0038 0014 0014 0014 0014 0014 0014 0014 0014 0014 031e
Review	0000 0074 0001 0011 012e 0097 0014 0038 0014 0038 0014 0014 0014 0014 0014 0014 0014 0014 0014 0038 0014 0014 0014 0038 0014 0038 0014 0014 0014 0014 0014 0014 0014 0014 0014 0038 0014 0038 0014 02f8
TV/VCR	0000 0074 0001 0011 012e 0097 0014 0038 0014 0038 0014 0014 0014 0014 0014 0014 0014 0014 0014 0038 0014 0014 0014 0038 0014 0038 0014 0014 0014 0014 0014 0038 0014 0014 0014 0014 0014 0014 0014 031e
A Monitor	0000 0074 0001 0011 012e 0097 0014 0038 0014 0038 0014 0014 0014 0014 0014 0014 0014 0014 0014 0038 0014 0014 0014 0038 0014 0038 0014 0038 0014 0014 0014 0038 0014 0014 0014 0014 0014 0014 0014 02f8
Display	0000 0074 0001 0011 012e 0096 0014 0038 0014 0038 0014 0014 0014 0014 0014 0014 0014 0014 0014 0038 0014 0014 0014 0014 0014 0014 0014 0014 0014 0038 0014 0038 0014 0038 0014 0014 0014 0014 0014 031c
1	0000 0074 0001 0011 012e 0097 0014 0038 0014 0038 0014 0014 0014 0014 0014 0014 0014 0014 0014 0038 0014 0014 0014 0038 0014 0014 0014 0014 0014 0014 0014 0014 0014 0038 0014 0014 0014 0014 0014 0344
2	0000 0074 0001 0011 012e 0097 0014 0038 0014 0038 0014 0014 0014 0014 0014 0014 0014 0014 0014 0038 0014 0014 0014 0014 0014 0038 0014 0014 0014 0014 0014 0014 0014 0038 0014 0014 0014 0014 0014 0344
3	0000 0074 0001 0011 012e 0097 0014 0038 0014 0038 0014 0014 0014 0014 0014 0014 0014 0014 0014 0038 0014 0014 0014 0038 0014 0038 0014 0014 0014 0014 0014 0014 0014 0038 0014 0014 0014 0014 0014 031e
4	0000 0074 0001 0011 012e 0097 0014 0038 0014 0038 0014 0014 0014 0014 0014 0014 0014 0014 0014 0038 0014 0014 0014 0014 0014 0014 0014 0038 0014 0014 0014 0014 0014 0038 0014 0014 0014 0014 0014 0344
5	0000 0074 0001 0011 012e 0097 0014 0038 0014 0038 0014 0014 0014 0014 0014 0014 0014 0014 0014 0038 0014 0014 0014 0038 0014 0014 0014 0038 0014 0014 0014 0014 0014 0038 0014 0014 0014 0014 0014 031e
6	0000 0074 0001 0011 012e 0097 0014 0038 0014 0038 0014 0014 0014 0014 0014 0014 0014 0014 0014 0038 0014 0014 0014 0014 0014 0038 0014 0038 0014 0014 0014 0014 0014 0038 0014 0014 0014 0014 0014 031e
7	0000 0074 0001 0011 012e 0097 0014 0038 0014 0038 0014 0014 0014 0014 0014 0014 0014 0014 0014 0038 0014 0014 0014 0038 0014 0038 0014 0038 0014 0014 0014 0014 0014 0038 0014 0014 0014 0014 0014 02f8
8	0000 0074 0001 0011 012e 0097 0014 0038 0014 0038 0014 0014 0014 0014 0014 0014 0014 0014 0014 0038 0014 0014 0014 0014 0014 0014 0014 0014 0014 0038 0014 0014 0014 0038 0014 0014 0014 0014 0014 0344
9	0000 0074 0001 0011 012e 0097 0014 0038 0014 0038 0014 0014 0014 0014 0014 0014 0014 0014 0014 0038 0014 0014 0014 0038 0014 0014 0014 0014 0014 0038 0014 0014 0014 0038 0014 0014 0014 0014 0014 031e
0	0000 0074 0001 0011 012e 0097 0014 0038 0014 0038 0014 0014 0014 0014 0014 0014 0014 0014 0014 0038 0014 0014 0014 0038 0014 0038 0014 0014 0014 0014 0014 0038 0014 0038 0014 0014 0014 0014 0014 02f8
Cancel	0000 0074 0001 0011 012e 0097 0014 0038 0014 0038 0014 0014 0014 0014 0014 0014 0014 0014 0014 0038 0014 0014 0014 0014 0014 0038 0014 0038 0014 0014 0014 0038 0014 0038 0014 0014 0014 0014 0014 02f8
Timer	0000 0074 0001 0011 012e 0097 0014 0038 0014 0038 0014 0014 0014 0014 0014 0014 0014 0014 0014 0038 0014 0014 0014 0038 0014 0014 0014 0038 0014 0014 0014 0038 0014 0038 0014 0014 0014 0014 0014 02f8
Start+	0000 0074 0001 0011 012e 0097 0014 0038 0014 0038 0014 0014 0014 0014 0014 0014 0014 0014 0014 0038 0014 0014 0014 0014 0014 0014 0014 0014 0014 0038 0014 0014 0014 0014 0014 0038 0014 0038 0014 031e
Start-	0000 0074 0001 0011 012e 0097 0014 0038 0014 0038 0014 0014 0014 0014 0014 0014 0014 0014 0014 0038 0014 0014 0014 0038 0014 0014 0014 0014 0014 0038 0014 0014 0014 0014 0014 0038 0014 0038 0014 02f8
Stop+	0000 0074 0001 0011 012e 0097 0014 0038 0014 0038 0014 0014 0014 0014 0014 0014 0014 0014 0014 0038 0014 0014 0014 0014 0014 0038 0014 0014 0014 0038 0014 0014 0014 0014 0014 0038 0014 0038 0014 02f8
Stop-	0000 0074 0001 0011 012e 0096 0014 0038 0014 0038 0014 0014 0014 0014 0014 0014 0014 0014 0014 0038 0014 0014 0014 0038 0014 0038 0014 0014 0014 0038 0014 0014 0014 0014 0014 0038 0014 0038 0014 02d1
Date+	0000 0074 0001 0011 012e 0097 0014 0038 0014 0038 0014 0014 0014 0014 0014 0014 0014 0014 0014 0038 0014 0014 0014 0014 0014 0038 0014 0038 0014 0014 0014 0014 0014 0014 0014 0038 0014 0038 0014 02f8
Date-	0000 0074 0001 0011 012e 0097 0014 0038 0014 0038 0014 0014 0014 0014 0014 0014 0014 0014 0014 0038 0014 0014 0014 0038 0014 0038 0014 0038 0014 0014 0014 0014 0014 0014 0014 0038 0014 0038 0014 02d2
Ch+	0000 0074 0001 0011 012e 0097 0014 0038 0014 0038 0014 0014 0014 0014 0014 0014 0014 0014 0014 0038 0014 0014 0014 0038 0014 0014 0014 0014 0014 0038 0014 0038 0014 0014 0014 0014 0014 0014 0014 031e
Ch-	0000 0074 0001 0011 012e 0097 0014 0038 0014 0038 0014 0014 0014 0014 0014 0014 0014 0014 0014 0038 0014 0014 0014 0014 0014 0014 0014 0014 0014 0038 0014 0038 0014 0014 0014 0014 0014 0014 0014 0344
Prog	0000 0074 0001 0011 012e 0097 0014 0038 0014 0038 0014 0014 0014 0014 0014 0014 0014 0014 0014 0038 0014 0014 0014 0038 0014 0014 0014 0014 0014 0014 0014 0014 0014 0014 0014 0038 0014 0038 0014 031e
Prog Check	0000 0074 0001 0011 012e 0097 0014 0038 0014 0038 0014 0014 0014 0014 0014 0014 0014 0014 0014 0038 0014 0014 0014 0038 0014 0014 0014 0038 0014 0038 0014 0038 0014 0038 0014 0014 0014 0014 0014 02d3
SP/EP	0000 0074 0001 0011 012e 0097 0014 0038 0014 0038 0014 0014 0014 0014 0014 0014 0014 0014 0014 0038 0014 0014 0014 0038 0014 0014 0014 0014 0014 0014 0014 0038 0014 0038 0014 0014 0014 0014 0014 031e
Skip Search	0000 0074 0001 0011 012e 0097 0014 0038 0014 0038 0014 0014 0014 0014 0014 0014 0014 0014 0014 0038 0014 0014 0014 0014 0014 0038 0014 0038 0014 0014 0014 0038 0014 0014 0014 0014 0014 0038 0014 02f8
Rew	0000 0074 0001 0011 012e 0097 0014 0038 0014 0038 0014 0014 0014 0014 0014 0014 0014 0014 0014 0038 0014 0014 0014 0038 0014 0038 0014 0038 0014 0014 0014 0014 0014 0014 0014 0014 0014 0014 0014 031e
Play	0000 0074 0001 0011 012e 0097 0014 0038 0014 0038 0014 0014 0014 0014 0014 0014 0014 0014 0014 0038 0014 0014 0014 0014 0014 0014 0014 0038 0014 0038 0014 0014 0014 0014 0014 0014 0014 0014 0014 0344
Ffwd	0000 0074 0001 0011 012e 0097 0014 0038 0014 0038 0014 0014 0014 0014 0014 0014 0014 0014 0014 0038 0014 0014 0014 0014 0014 0038 0014 0038 0014 0014 0014 0014 0014 0014 0014 0014 0014 0014 0014 0344
Record	0000 0074 0001 0011 012e 0097 0014 0038 0014 0038 0014 0014 0014 0014 0014 0014 0014 0014 0014 0038 0014 0014 0014 0014 0014 0014 0014 0038 0014 0038 0014 0014 0014 0014 0014 0038 0014 0038 0014 02f8
Stop	0000 0074 0001 0011 012e 0097 0014 0038 0014 0038 0014 0014 0014 0014 0014 0014 0014 0014 0014 0038 0014 0014 0014 0038 0014 0038 0014 0014 0014 0014 0014 0014 0014 0014 0014 0014 0014 0014 0014 0344
Pause	0000 0074 0001 0011 012e 0097 0014 0038 0014 0038 0014 0014 0014 0014 0014 0014 0014 0014 0014 0038 0014 0014 0014 0038 0014 0014 0014 0038 0014 0038 0014 0014 0014 0014 0014 0014 0014 0014 0014 031e
Menu	0000 0074 0001 0011 012e 0097 0014 0038 0014 0038 0014 0014 0014 0014 0014 0014 0014 0014 0014 0038 0014 0014 0014 0038 0014 0038 0014 0038 0014 0014 0014 0038 0014 0038 0014 0014 0014 0014 0014 02d2
Enter	0000 0074 0001 0011 012e 0097 0014 0038 0014 0038 0014 0014 0014 0014 0014 0014 0014 0014 0014 0038 0014 0014 0014 0014 0014 0014 0014 0038 0014 0038 0014 0038 0014 0038 0014 0014 0014 0014 0014 02f8
 Vol-	0000 0074 0001 0011 012e 0097 0014 0038 0014 0038 0014 0014 0014 0014 0014 0014 0014 0014 0014 0038 0014 0014 0014 0038 0014 0014 0014 0038 0014 0014 0014 0038 0014 0014 0014 0014 0014 0014 0014 031e
 Vol+	0000 0074 0001 0011 012e 0097 0014 0038 0014 0038 0014 0014 0014 0014 0014 0014 0014 0014 0014 0038 0014 0014 0014 0014 0014 0014 0014 0038 0014 0014 0014 0038 0014 0014 0014 0014 0014 0014 0014 0344
 Ch+	0000 0074 0001 0011 012e 0097 0014 0038 0014 0038 0014 0014 0014 0014 0014 0014 0014 0014 0014 0038 0014 0014 0014 0038 0014 0014 0014 0014 0014 0038 0014 0038 0014 0014 0014 0014 0014 0014 0014 031e
 Ch-	0000 0074 0001 0011 012e 0097 0014 0038 0014 0038 0014 0014 0014 0014 0014 0014 0014 0014 0014 0038 0014 0014 0014 0014 0014 0014 0014 0014 0014 0038 0014 0038 0014 0014 0014 0014 0014 0014 0014 0344
