Power	0000 006c 0001 0011 0141 00a0 0015 003b 0015 003b 0015 0013 0015 0013 0015 0013 0015 0013 0015 0013 0015 0013 0015 003b 0015 003b 0015 003b 0015 0013 0015 003b 0015 0013 0015 0013 0015 0013 0015 031c
Ch+	0000 006c 0001 0011 0141 00a0 0015 003b 0015 003b 0015 0013 0015 0013 0015 0013 0015 0013 0015 0013 0015 0013 0015 003b 0015 0013 0015 0013 0015 003b 0015 003b 0015 0013 0015 0013 0015 0013 0015 0345
Ch-	0000 006c 0001 0011 0141 00a0 0015 003b 0015 003b 0015 0013 0015 0013 0015 0013 0015 0013 0015 0013 0015 0013 0015 0013 0015 0013 0015 0013 0015 003b 0015 003b 0015 0013 0015 0013 0015 0013 0015 036d
1	0000 006c 0001 0011 0141 00a0 0015 003b 0015 003b 0015 0013 0015 0013 0015 0013 0015 0013 0015 0013 0015 0013 0015 003b 0015 0013 0015 0013 0015 0013 0015 0013 0015 003b 0015 0013 0015 0013 0015 036d
2	0000 006c 0001 0011 0141 00a0 0015 003b 0015 003b 0015 0013 0015 0013 0015 0013 0015 0013 0015 0013 0015 0013 0015 0013 0015 003b 0015 0013 0015 0013 0015 0013 0015 003b 0015 0013 0015 0013 0015 036d
3	0000 006c 0001 0011 0141 00a0 0015 003b 0015 003b 0015 0013 0015 0013 0015 0013 0015 0013 0015 0013 0015 0013 0015 003b 0015 003b 0015 0013 0015 0013 0015 0013 0015 003b 0015 0013 0015 0013 0015 0345
4	0000 006c 0001 0011 0141 00a0 0015 003b 0015 003b 0015 0013 0015 0013 0015 0013 0015 0013 0015 0013 0015 0013 0015 0013 0015 0013 0015 003b 0015 0013 0015 0013 0015 003b 0015 0013 0015 0013 0015 036d
5	0000 006c 0001 0011 0141 00a0 0015 003b 0015 003b 0015 0013 0015 0013 0015 0013 0015 0013 0015 0013 0015 0013 0015 003b 0015 0013 0015 003b 0015 0013 0015 0013 0015 003b 0015 0013 0015 0013 0015 0345
6	0000 006c 0001 0011 0141 00a0 0015 003b 0015 003b 0015 0013 0015 0013 0015 0013 0015 0013 0015 0013 0015 0013 0015 0013 0015 003b 0015 003b 0015 0013 0015 0013 0015 003b 0015 0013 0015 0013 0015 0345
7	0000 006c 0001 0011 0141 00a0 0015 003b 0015 003b 0015 0013 0015 0013 0015 0013 0015 0013 0015 0013 0015 0013 0015 003b 0015 003b 0015 003b 0015 0013 0015 0013 0015 003b 0015 0013 0015 0013 0015 031c
8	0000 006c 0001 0011 0141 00a0 0015 003b 0015 003b 0015 0013 0015 0013 0015 0013 0015 0013 0015 0013 0015 0013 0015 0013 0015 0013 0015 0013 0015 003b 0015 0013 0015 003b 0015 0013 0015 0013 0015 036d
9	0000 006c 0001 0011 0141 00a0 0015 003b 0015 003b 0015 0013 0015 0013 0015 0013 0015 0013 0015 0013 0015 0013 0015 003b 0015 0013 0015 0013 0015 003b 0015 0013 0015 003b 0015 0013 0015 0013 0015 0345
0	0000 006c 0001 0011 0141 00a0 0015 003b 0015 003b 0015 0013 0015 0013 0015 0013 0015 0013 0015 0013 0015 0013 0015 0013 0015 0013 0015 0013 0015 0013 0015 0013 0015 003b 0015 0013 0015 0013 0015 0395
Set+	0000 006c 0001 0011 0141 00a0 0015 003b 0015 003b 0015 0013 0015 0013 0015 0013 0015 0013 0015 0013 0015 0013 0015 003b 0015 0013 0015 0013 0015 003b 0015 003b 0015 0013 0015 0013 0015 0013 0015 0345
Set-	0000 006c 0001 0011 0141 00a0 0015 003b 0015 003b 0015 0013 0015 0013 0015 0013 0015 0013 0015 0013 0015 0013 0015 0013 0015 0013 0015 0013 0015 003b 0015 003b 0015 0013 0015 0013 0015 0013 0015 036d
TV/Video	0000 006c 0001 0011 0141 00a0 0015 003b 0015 003b 0015 0013 0015 0013 0015 0013 0015 0013 0015 0013 0015 0013 0015 003b 0015 003b 0015 0013 0015 0013 0015 003b 0015 0013 0015 0013 0015 0013 0015 0345
