Power	0000 0074 0001 0011 012d 0096 0014 0038 0014 0038 0014 0014 0014 0014 0014 0014 0014 0014 0014 0038 0014 0014 0014 0038 0014 0038 0014 0014 0014 0038 0014 0014 0014 0014 0014 0014 0014 0014 0014 031c
Review	0000 0074 0001 0011 012d 0096 0014 0038 0014 0038 0014 0014 0014 0014 0014 0014 0014 0014 0014 0038 0014 0014 0014 0038 0014 0038 0014 0014 0014 0014 0014 0014 0014 0014 0014 0038 0014 0038 0014 02f6
TV/VCR	0000 0074 0001 0011 012d 0096 0014 0038 0014 0038 0014 0014 0014 0014 0014 0014 0014 0014 0014 0038 0014 0014 0014 0038 0014 0038 0014 0014 0014 0014 0014 0038 0014 0014 0014 0014 0014 0014 0014 031c
Ent/OSD	0000 0074 0001 0011 012d 0096 0014 0038 0014 0038 0014 0014 0014 0014 0014 0014 0014 0014 0014 0038 0014 0014 0014 0014 0014 0038 0014 0038 0014 0038 0014 0038 0014 0038 0014 0014 0014 0014 0014 02d1
Display	0000 0074 0001 0011 012d 0096 0014 0038 0014 0038 0014 0014 0014 0014 0014 0014 0014 0014 0014 0038 0014 0014 0014 0014 0014 0014 0014 0014 0014 0038 0014 0038 0014 0038 0014 0014 0014 0014 0014 031c
1	0000 0074 0001 0011 012d 0096 0014 0038 0014 0038 0014 0014 0014 0014 0014 0014 0014 0014 0014 0038 0014 0014 0014 0038 0014 0014 0014 0014 0014 0014 0014 0014 0014 0038 0014 0014 0014 0014 0014 0342
2	0000 0074 0001 0011 012d 0096 0014 0038 0014 0038 0014 0014 0014 0014 0014 0014 0014 0014 0014 0038 0014 0014 0014 0014 0014 0038 0014 0014 0014 0014 0014 0014 0014 0038 0014 0014 0014 0014 0014 0342
3	0000 0074 0001 0011 012d 0096 0014 0038 0014 0038 0014 0014 0014 0014 0014 0014 0014 0014 0014 0038 0014 0014 0014 0038 0014 0038 0014 0014 0014 0014 0014 0014 0014 0038 0014 0014 0014 0014 0014 031c
4	0000 0074 0001 0011 012d 0096 0014 0038 0014 0038 0014 0014 0014 0014 0014 0014 0014 0014 0014 0038 0014 0014 0014 0014 0014 0014 0014 0038 0014 0014 0014 0014 0014 0038 0014 0014 0014 0014 0014 0342
5	0000 0074 0001 0011 012d 0096 0014 0038 0014 0038 0014 0014 0014 0014 0014 0014 0014 0014 0014 0038 0014 0014 0014 0038 0014 0014 0014 0038 0014 0014 0014 0014 0014 0038 0014 0014 0014 0014 0014 031c
6	0000 0074 0001 0011 012d 0096 0014 0038 0014 0038 0014 0014 0014 0014 0014 0014 0014 0014 0014 0038 0014 0014 0014 0014 0014 0038 0014 0038 0014 0014 0014 0014 0014 0038 0014 0014 0014 0014 0014 031c
7/Dbs	0000 0074 0001 0011 012d 0096 0014 0038 0014 0038 0014 0014 0014 0014 0014 0014 0014 0014 0014 0038 0014 0014 0014 0038 0014 0038 0014 0038 0014 0014 0014 0014 0014 0038 0014 0014 0014 0014 0014 02f6
8/Daily	0000 0074 0001 0011 012d 0096 0014 0038 0014 0038 0014 0014 0014 0014 0014 0014 0014 0014 0014 0038 0014 0014 0014 0014 0014 0014 0014 0014 0014 0038 0014 0014 0014 0038 0014 0014 0014 0014 0014 0342
9/Weekly	0000 0074 0001 0011 012d 0096 0014 0038 0014 0038 0014 0014 0014 0014 0014 0014 0014 0014 0014 0038 0014 0014 0014 0038 0014 0014 0014 0014 0014 0038 0014 0014 0014 0038 0014 0014 0014 0014 0014 031c
0/Aux	0000 0074 0001 0011 012d 0096 0014 0038 0014 0038 0014 0014 0014 0014 0014 0014 0014 0014 0014 0038 0014 0014 0014 0038 0014 0038 0014 0014 0014 0014 0014 0038 0014 0038 0014 0014 0014 0014 0014 02f6
Cancel	0000 0074 0001 0011 012e 0097 0014 0038 0014 0038 0014 0014 0014 0014 0014 0014 0014 0014 0014 0038 0014 0014 0014 0014 0014 0038 0014 0038 0014 0014 0014 0038 0014 0038 0014 0014 0014 0014 0014 02f8
Timer	0000 0074 0001 0011 012e 0097 0014 0038 0014 0038 0014 0014 0014 0014 0014 0014 0014 0014 0014 0038 0014 0014 0014 0038 0014 0014 0014 0038 0014 0014 0014 0038 0014 0038 0014 0014 0014 0014 0014 02f8
Start+	0000 0074 0001 0011 012e 0097 0014 0038 0014 0038 0014 0014 0014 0014 0014 0014 0014 0014 0014 0038 0014 0014 0014 0014 0014 0014 0014 0014 0014 0038 0014 0014 0014 0014 0014 0038 0014 0038 0014 031e
Start-	0000 0074 0001 0011 012e 0097 0014 0038 0014 0038 0014 0014 0014 0014 0014 0014 0014 0014 0014 0038 0014 0014 0014 0038 0014 0014 0014 0014 0014 0038 0014 0014 0014 0014 0014 0038 0014 0038 0014 02f8
Stop+	0000 0074 0001 0011 012e 0097 0014 0038 0014 0038 0014 0014 0014 0014 0014 0014 0014 0014 0014 0038 0014 0014 0014 0014 0014 0038 0014 0014 0014 0038 0014 0014 0014 0014 0014 0038 0014 0038 0014 02f8
Stop-	0000 0074 0001 0011 012e 0097 0014 0038 0014 0038 0014 0014 0014 0014 0014 0014 0014 0014 0014 0038 0014 0014 0014 0038 0014 0038 0014 0014 0014 0038 0014 0014 0014 0014 0014 0038 0014 0038 0014 02d2
Date+	0000 0074 0001 0011 012e 0097 0014 0038 0014 0038 0014 0014 0014 0014 0014 0014 0014 0014 0014 0038 0014 0014 0014 0014 0014 0038 0014 0038 0014 0014 0014 0014 0014 0014 0014 0038 0014 0038 0014 02f8
Date-	0000 0074 0001 0011 012d 0096 0014 0038 0014 0038 0014 0014 0014 0014 0014 0014 0014 0014 0014 0038 0014 0014 0014 0038 0014 0038 0014 0038 0014 0014 0014 0014 0014 0014 0014 0038 0014 0038 0014 02d1
Ch+	0000 0074 0001 0011 012e 0097 0014 0038 0014 0038 0014 0014 0014 0014 0014 0014 0014 0014 0014 0038 0014 0014 0014 0038 0014 0014 0014 0014 0014 0038 0014 0038 0014 0014 0014 0014 0014 0014 0014 031e
Ch-	0000 0074 0001 0011 012e 0097 0014 0038 0014 0038 0014 0014 0014 0014 0014 0014 0014 0014 0014 0038 0014 0014 0014 0014 0014 0014 0014 0014 0014 0038 0014 0038 0014 0014 0014 0014 0014 0014 0014 0344
Prog	0000 0074 0001 0011 012e 0097 0014 0038 0014 0038 0014 0014 0014 0014 0014 0014 0014 0014 0014 0038 0014 0014 0014 0038 0014 0014 0014 0014 0014 0014 0014 0014 0014 0014 0014 0038 0014 0038 0014 031e
Prog CK	0000 0074 0001 0011 012e 0097 0014 0038 0014 0038 0014 0014 0014 0014 0014 0014 0014 0014 0014 0038 0014 0014 0014 0038 0014 0014 0014 0038 0014 0038 0014 0038 0014 0038 0014 0014 0014 0014 0014 02d2
SP/EP	0000 0074 0001 0011 012e 0097 0014 0038 0014 0038 0014 0014 0014 0014 0014 0014 0014 0014 0014 0038 0014 0014 0014 0038 0014 0014 0014 0014 0014 0014 0014 0038 0014 0038 0014 0014 0014 0014 0014 031e
Skp Search	0000 0074 0001 0011 012e 0097 0014 0038 0014 0038 0014 0014 0014 0014 0014 0014 0014 0014 0014 0038 0014 0014 0014 0014 0014 0038 0014 0038 0014 0014 0014 0038 0014 0014 0014 0014 0014 0038 0014 02f8
Play	0000 0074 0001 0011 012e 0097 0014 0038 0014 0038 0014 0014 0014 0014 0014 0014 0014 0014 0014 0038 0014 0014 0014 0014 0014 0014 0014 0038 0014 0038 0014 0014 0014 0014 0014 0014 0014 0014 0014 0344
Rew	0000 0074 0001 0011 012e 0097 0014 0038 0014 0038 0014 0014 0014 0014 0014 0014 0014 0014 0014 0038 0014 0014 0014 0038 0014 0038 0014 0038 0014 0014 0014 0014 0014 0014 0014 0014 0014 0014 0014 031e
Ffwd	0000 0074 0001 0011 012e 0097 0014 0038 0014 0038 0014 0014 0014 0014 0014 0014 0014 0014 0014 0038 0014 0014 0014 0014 0014 0038 0014 0038 0014 0014 0014 0014 0014 0014 0014 0014 0014 0014 0014 0344
Rec	0000 0074 0001 0011 012e 0097 0014 0038 0014 0038 0014 0014 0014 0014 0014 0014 0014 0014 0014 0038 0014 0014 0014 0014 0014 0014 0014 0038 0014 0038 0014 0014 0014 0014 0014 0038 0014 0038 0014 02f8
Stop	0000 0074 0001 0011 012e 0097 0014 0038 0014 0038 0014 0014 0014 0014 0014 0014 0014 0014 0014 0038 0014 0014 0014 0038 0014 0038 0014 0014 0014 0014 0014 0014 0014 0014 0014 0014 0014 0014 0014 0344
Pause	0000 0074 0001 0011 012e 0097 0014 0038 0014 0038 0014 0014 0014 0014 0014 0014 0014 0014 0014 0038 0014 0014 0014 0038 0014 0014 0014 0038 0014 0038 0014 0014 0014 0014 0014 0014 0014 0014 0014 031e
Menu	0000 0074 0001 0011 012e 0097 0014 0038 0014 0038 0014 0014 0014 0014 0014 0014 0014 0014 0014 0038 0014 0014 0014 0038 0014 0038 0014 0038 0014 0014 0014 0038 0014 0038 0014 0014 0014 0014 0014 02d2
OK	0000 0074 0001 0011 012e 0097 0014 0038 0014 0038 0014 0014 0014 0014 0014 0014 0014 0014 0014 0038 0014 0014 0014 0014 0014 0014 0014 0038 0014 0038 0014 0038 0014 0038 0014 0014 0014 0014 0014 02f8
Up	0000 0074 0001 0011 012e 0097 0014 0038 0014 0038 0014 0014 0014 0014 0014 0014 0014 0014 0014 0038 0014 0014 0014 0038 0014 0014 0014 0014 0014 0038 0014 0038 0014 0014 0014 0014 0014 0014 0014 031e
Down	0000 0074 0001 0011 012e 0097 0014 0038 0014 0038 0014 0014 0014 0014 0014 0014 0014 0014 0014 0038 0014 0014 0014 0014 0014 0014 0014 0014 0014 0038 0014 0038 0014 0014 0014 0014 0014 0014 0014 0344
Left/|&lt;&lt;	0000 0074 0001 0011 012e 0097 0014 0038 0014 0038 0014 0014 0014 0014 0014 0014 0014 0014 0014 0038 0014 0014 0014 0038 0014 0014 0014 0038 0014 0014 0014 0038 0014 0014 0014 0014 0014 0014 0014 031e
Right/&gt;&gt;|	0000 0074 0001 0011 012e 0097 0014 0038 0014 0038 0014 0014 0014 0014 0014 0014 0014 0014 0014 0038 0014 0014 0014 0014 0014 0014 0014 0038 0014 0014 0014 0038 0014 0014 0014 0014 0014 0014 0014 0344
