Power	0000 006d 0001 0011 0140 009e 0014 003c 0014 003c 0014 0014 0014 0014 0014 0014 0014 0014 0014 0014 0014 0014 0014 003c 0014 003c 0014 003c 0014 0014 0014 003c 0014 0014 0014 0014 0014 0014 0014 0379
1	0000 006d 0001 0011 0140 009e 0014 003c 0014 003c 0014 0014 0014 0014 0014 0014 0014 0014 0014 0014 0014 0014 0014 003c 0014 0014 0014 0014 0014 0014 0014 0014 0014 003c 0014 0014 0014 0014 0014 0379
2	0000 006d 0001 0011 0140 009e 0014 003c 0014 003c 0014 0014 0014 0014 0014 0014 0014 0014 0014 0014 0014 0014 0014 0014 0014 003c 0014 0014 0014 0014 0014 0014 0014 003c 0014 0014 0014 0014 0014 0379
3	0000 006d 0001 0011 0140 009e 0014 003c 0014 003c 0014 0014 0014 0014 0014 0014 0014 0014 0014 0014 0014 0014 0014 003c 0014 003c 0014 0014 0014 0014 0014 0014 0014 003c 0014 0014 0014 0014 0014 0379
4	0000 006d 0001 0011 0140 009e 0014 003c 0014 003c 0014 0014 0014 0014 0014 0014 0014 0014 0014 0014 0014 0014 0014 0014 0014 0014 0014 003c 0014 0014 0014 0014 0014 003c 0014 0014 0014 0014 0014 0379
5	0000 006d 0001 0011 0140 009e 0014 003c 0014 003c 0014 0014 0014 0014 0014 0014 0014 0014 0014 0014 0014 0014 0014 003c 0014 0014 0014 003c 0014 0014 0014 0014 0014 003c 0014 0014 0014 0014 0014 0379
6	0000 006d 0001 0011 0140 009e 0014 003c 0014 003c 0014 0014 0014 0014 0014 0014 0014 0014 0014 0014 0014 0014 0014 0014 0014 003c 0014 003c 0014 0014 0014 0014 0014 003c 0014 0014 0014 0014 0014 0379
7	0000 006d 0001 0011 0140 009e 0014 003c 0014 003c 0014 0014 0014 0014 0014 0014 0014 0014 0014 0014 0014 0014 0014 003c 0014 003c 0014 003c 0014 0014 0014 0014 0014 003c 0014 0014 0014 0014 0014 0379
8	0000 006d 0001 0011 0140 009e 0014 003c 0014 003c 0014 0014 0014 0014 0014 0014 0014 0014 0014 0014 0014 0014 0014 0014 0014 0014 0014 0014 0014 003c 0014 0014 0014 003c 0014 0014 0014 0014 0014 0379
9	0000 006d 0001 0011 0140 009e 0014 003c 0014 003c 0014 0014 0014 0014 0014 0014 0014 0014 0014 0014 0014 0014 0014 003c 0014 0014 0014 0014 0014 003c 0014 0014 0014 003c 0014 0014 0014 0014 0014 0379
0	0000 006d 0001 0011 0140 009e 0014 003c 0014 003c 0014 0014 0014 0014 0014 0014 0014 0014 0014 0014 0014 0014 0014 0014 0014 0014 0014 0014 0014 0014 0014 0014 0014 003c 0014 0014 0014 0014 0014 0379
Ch+	0000 006c 0001 0011 0140 009e 0015 003b 0015 003b 0015 0013 0015 0013 0015 0013 0015 0013 0015 0013 0015 0013 0015 003b 0015 0013 0015 0013 0015 003b 0015 003b 0015 0013 0015 0013 0015 0013 0015 0364
Ch-	0000 006c 0001 0011 0140 009e 0015 003b 0015 003b 0015 0013 0015 0013 0015 0013 0015 0013 0015 0013 0015 0013 0015 0013 0015 0013 0015 0013 0015 003b 0015 003b 0015 0013 0015 0013 0015 0013 0015 038f
Vol+	0000 006d 0001 0011 0140 009e 0014 003c 0014 003c 0014 0014 0014 0014 0014 0014 0014 0014 0014 0014 0014 0014 0014 0014 0014 003c 0014 003c 0014 003c 0014 003c 0014 0014 0014 0014 0014 0014 0014 0379
Vol-	0000 006d 0001 0011 0140 009e 0014 003c 0014 003c 0014 0014 0014 0014 0014 0014 0014 0014 0014 0014 0014 0014 0014 003c 0014 003c 0014 003c 0014 003c 0014 003c 0014 0014 0014 0014 0014 0014 0014 0379
Mute	0000 006d 0001 0011 0140 009e 0014 003c 0014 003c 0014 0014 0014 0014 0014 0014 0014 0014 0014 0014 0014 0014 0014 0014 0014 0014 0014 003c 0014 003c 0014 003c 0014 0014 0014 0014 0014 0014 0014 0379
Up	0000 006d 0001 0011 0140 009e 0014 003c 0014 003c 0014 0014 0014 0014 0014 0014 0014 0014 0014 0014 0014 0014 0014 0014 0014 0014 0014 003c 0014 003c 0014 003c 0014 003c 0014 003c 0014 0014 0014 0379
Down	0000 006d 0001 0011 0140 009e 0014 003c 0014 003c 0014 0014 0014 0014 0014 0014 0014 0014 0014 0014 0014 0014 0014 003c 0014 003c 0014 0014 0014 003c 0014 003c 0014 003c 0014 003c 0014 0014 0014 0379
Left	0000 006d 0001 0011 0140 009e 0014 003c 0014 003c 0014 0014 0014 0014 0014 0014 0014 0014 0014 0014 0014 0014 0014 003c 0014 003c 0014 0014 0014 003c 0014 003c 0014 0014 0014 003c 0014 0014 0014 0379
Right	0000 006d 0001 0011 0140 009e 0014 003c 0014 003c 0014 0014 0014 0014 0014 0014 0014 0014 0014 0014 0014 0014 0014 0014 0014 003c 0014 0014 0014 003c 0014 003c 0014 0014 0014 003c 0014 0014 0014 0379
Display	0000 006d 0001 0011 0140 009e 0014 003c 0014 003c 0014 0014 0014 0014 0014 0014 0014 0014 0014 0014 0014 0014 0014 0014 0014 0014 0014 003c 0014 0014 0014 0014 0014 0014 0014 0014 0014 0014 0014 0379
TV/Video	0000 006d 0001 0011 0140 009e 0014 003c 0014 003c 0014 0014 0014 0014 0014 0014 0014 0014 0014 0014 0014 0014 0014 003c 0014 003c 0014 0014 0014 0014 0014 003c 0014 0014 0014 0014 0014 0014 0014 0379
Closed Caption	0000 006c 0001 0011 0140 009e 0015 003b 0015 003b 0015 0013 0015 0013 0015 0013 0015 0013 0015 0013 0015 0013 0015 0013 0015 003b 0015 003b 0015 003b 0015 0013 0015 0013 0015 0013 0015 0013 0015 0366
Cc1/Cc2	0000 006c 0001 0011 0140 009f 0015 003b 0015 003b 0015 0013 0015 0013 0015 0013 0015 0013 0015 0013 0015 0013 0015 0013 0015 003b 0015 0013 0015 003b 0015 003b 0015 0013 0015 003b 0015 003b 0015 0314
Theater/Avstatus	0000 006c 0001 0011 0143 00a0 0014 003d 0014 003d 0014 0014 0014 0014 0014 0014 0014 0014 0014 0014 0014 0014 0014 003d 0014 0014 0014 003d 0014 003d 0014 0014 0014 0014 0014 0014 0014 0014 0014 0382
Menu	0000 006c 0001 0011 0140 009e 0015 003b 0015 003b 0015 0013 0015 0013 0015 0013 0015 0013 0015 0013 0015 0013 0015 0013 0015 003b 0015 0013 0015 003b 0015 003b 0015 003b 0015 003b 0015 0013 0015 0316
100+	0000 006d 0001 0011 0140 009e 0014 003c 0014 003c 0014 0014 0014 0014 0014 0014 0014 0014 0014 0014 0014 0014 0014 003c 0014 003c 0014 003c 0014 0014 0014 003c 0014 003c 0014 003c 0014 0014 0014 0379
Return	0000 006c 0001 0011 0140 009e 0015 003b 0015 003b 0015 0013 0015 0013 0015 0013 0015 0013 0015 0013 0015 0013 0015 003b 0015 0013 0015 003b 0015 0013 0015 0013 0015 0013 0015 0013 0015 0013 0015 038f
Main/Sap	0000 006c 0001 0011 0140 009e 0015 003b 0015 003b 0015 0013 0015 0013 0015 0013 0015 0013 0015 0013 0015 0013 0015 0013 0015 0013 0015 0013 0015 0013 0015 0013 0015 0013 0015 0013 0015 0013 0015 03dc
Ant/Cable	0000 006c 0001 0011 0140 009e 0015 003b 0015 003b 0015 0013 0015 0013 0015 0013 0015 0013 0015 0013 0015 0013 0015 003b 0015 003b 0015 0013 0015 003b 0015 0013 0015 0013 0015 0013 0015 0013 0015 0367
Help	0000 006c 0001 0011 0143 00a0 0014 003d 0014 003d 0014 0014 0014 0014 0014 0014 0014 0014 0014 0014 0014 0014 0014 003d 0014 003d 0014 0014 0014 0014 0014 0014 0014 003d 0014 003d 0014 003d 0014 0382
Exit	0000 006d 0001 0011 0140 009e 0014 003c 0014 003c 0014 0014 0014 0014 0014 0014 0014 0014 0014 0014 0014 0014 0014 0014 0014 003c 0014 003c 0014 0014 0014 0014 0014 003c 0014 003c 0014 003c 0014 0379
Recall Choice	0000 006c 0001 0011 0140 009e 0015 003b 0015 003b 0015 0013 0015 0013 0015 0013 0015 0013 0015 0013 0015 0013 0015 0013 0015 0013 0015 003b 0015 003b 0015 003b 0015 003b 0015 0013 0015 0013 0015 033e
