Power	0000 006e 0001 0011 013b 009e 0014 0037 0014 0037 0014 0014 0014 0014 0014 0037 0014 0037 0014 0014 0014 0037 0014 0014 0014 0014 0014 0014 0014 0014 0014 0014 0014 0014 0014 0037 0014 0014 0014 0384
Trk 1	0000 006e 0001 0011 013c 009e 0014 0037 0014 0037 0014 0014 0014 0014 0014 0037 0014 0037 0014 0014 0014 0037 0014 0037 0014 0014 0014 0014 0014 0014 0014 0014 0014 0037 0014 0037 0014 0014 0014 0330
Trk 2	0000 006e 0001 0011 013c 009d 0014 0037 0014 0037 0014 0014 0014 0014 0014 0037 0014 0037 0014 0014 0014 0037 0014 0014 0014 0037 0014 0014 0014 0014 0014 0014 0014 0037 0014 0037 0014 0014 0014 032f
Trk 3	0000 006e 0001 0011 013c 009e 0014 0037 0014 0037 0014 0014 0014 0014 0014 0037 0014 0037 0014 0014 0014 0037 0014 0037 0014 0037 0014 0014 0014 0014 0014 0014 0014 0037 0014 0037 0014 0014 0014 0305
Trk 4	0000 006e 0001 0011 013c 009e 0014 0037 0014 0037 0014 0014 0014 0014 0014 0037 0014 0037 0014 0014 0014 0037 0014 0014 0014 0014 0014 0037 0014 0014 0014 0014 0014 0037 0014 0037 0014 0014 0014 032f
Trk 5	0000 006e 0001 0011 013d 009e 0014 0037 0014 0037 0014 0014 0014 0014 0014 0037 0014 0037 0014 0014 0014 0037 0014 0037 0014 0014 0014 0037 0014 0014 0014 0014 0014 0037 0014 0037 0014 0014 0014 0305
Trk 6	0000 006e 0001 0011 013c 009e 0014 0037 0014 0037 0014 0014 0014 0014 0014 0037 0014 0037 0014 0014 0014 0037 0014 0014 0014 0037 0014 0037 0014 0014 0014 0014 0014 0037 0014 0037 0014 0014 0014 0305
Trk 7	0000 006e 0001 0011 013c 009e 0014 0037 0014 0037 0014 0014 0014 0014 0014 0037 0014 0037 0014 0014 0014 0037 0014 0037 0014 0037 0014 0037 0014 0014 0014 0014 0014 0037 0014 0037 0014 0014 0014 02db
Trk 8	0000 006e 0001 0011 013c 009e 0014 0037 0014 0037 0014 0014 0014 0014 0014 0037 0014 0037 0014 0014 0014 0037 0014 0014 0014 0014 0014 0014 0014 0037 0014 0014 0014 0037 0014 0037 0014 0014 0014 032f
Trk 9	0000 006e 0001 0011 013d 009c 0014 0037 0014 0037 0014 0014 0014 0014 0014 0037 0014 0037 0014 0014 0014 0037 0014 0037 0014 0014 0014 0014 0014 0037 0014 0014 0014 0037 0014 0037 0014 0014 0014 0305
Trk 10	0000 006e 0001 0011 013d 009c 0014 0037 0014 0037 0014 0014 0014 0014 0014 0037 0014 0037 0014 0014 0014 0037 0014 0014 0014 0037 0014 0037 0014 0037 0014 0014 0014 0037 0014 0037 0014 0014 0014 02db
Trk +10	0000 006e 0001 0011 013d 009c 0014 0037 0014 0037 0014 0014 0014 0014 0014 0037 0014 0037 0014 0014 0014 0037 0014 0037 0014 0037 0014 0037 0014 0037 0014 0014 0014 0037 0014 0037 0014 0014 0014 02b1
Disc P	0000 006e 0001 0011 013c 009e 0014 0037 0014 0037 0014 0014 0014 0014 0014 0037 0014 0037 0014 0014 0014 0037 0014 0014 0014 0014 0014 0014 0014 0037 0014 0037 0014 0037 0014 0037 0014 0014 0014 0305
Disc 1	0000 006e 0001 0011 013d 009c 0014 0037 0014 0037 0014 0014 0014 0014 0014 0037 0014 0037 0014 0014 0014 0037 0014 0037 0014 0014 0014 0014 0014 0037 0014 0037 0014 0037 0014 0037 0014 0014 0014 02db
Disc 2	0000 006e 0001 0011 013c 009e 0014 0037 0014 0037 0014 0014 0014 0014 0014 0037 0014 0037 0014 0014 0014 0037 0014 0014 0014 0037 0014 0014 0014 0037 0014 0037 0014 0037 0014 0037 0014 0014 0014 02db
Disc 3	0000 006e 0001 0011 013c 009d 0014 0037 0014 0037 0014 0014 0014 0014 0014 0037 0014 0037 0014 0014 0014 0037 0014 0037 0014 0037 0014 0014 0014 0037 0014 0037 0014 0037 0014 0037 0014 0014 0014 02b1
Disc 4	0000 006e 0001 0011 013c 009e 0014 0037 0014 0037 0014 0014 0014 0014 0014 0037 0014 0037 0014 0014 0014 0037 0014 0014 0014 0014 0014 0037 0014 0037 0014 0037 0014 0037 0014 0037 0014 0014 0014 02db
Disc 5	0000 006e 0001 0011 013b 009e 0014 0037 0014 0037 0014 0014 0014 0014 0014 0037 0014 0037 0014 0014 0014 0037 0014 0037 0014 0014 0014 0037 0014 0037 0014 0037 0014 0037 0014 0037 0014 0014 0014 02b1
Disc 6	0000 006e 0001 0011 013d 009e 0014 0037 0014 0037 0014 0014 0014 0014 0014 0037 0014 0037 0014 0014 0014 0037 0014 0014 0014 0037 0014 0037 0014 0037 0014 0037 0014 0037 0014 0037 0014 0014 0014 02b1
Pause	0000 006e 0001 0011 013c 009e 0014 0037 0014 0037 0014 0014 0014 0014 0014 0037 0014 0037 0014 0014 0014 0037 0014 0037 0014 0014 0014 0037 0014 0037 0014 0014 0014 0014 0014 0037 0014 0014 0014 0305
Play	0000 006e 0001 0011 013c 009d 0014 0037 0014 0037 0014 0014 0014 0014 0014 0037 0014 0037 0014 0014 0014 0037 0014 0014 0014 0014 0014 0037 0014 0037 0014 0014 0014 0014 0014 0037 0014 0014 0014 0330
Stop	0000 006e 0001 0011 013d 009c 0014 0037 0014 0037 0014 0014 0014 0014 0014 0037 0014 0037 0014 0014 0014 0037 0014 0037 0014 0037 0014 0014 0014 0014 0014 0014 0014 0014 0014 0037 0014 0014 0014 032f
M Eject	0000 006e 0001 0011 013c 009d 0014 0037 0014 0037 0014 0014 0014 0014 0014 0037 0014 0037 0014 0014 0014 0037 0014 0037 0014 0037 0014 0014 0014 0037 0014 0014 0014 0014 0014 0037 0014 0014 0014 0305
Opn/Clse	0000 006e 0001 0011 013c 009d 0014 0037 0014 0037 0014 0014 0014 0014 0014 0037 0014 0037 0014 0014 0014 0037 0014 0014 0014 0014 0014 0037 0014 0014 0014 0014 0014 0014 0014 0037 0014 0014 0014 035a
R Trk	0000 006e 0001 0011 013c 009d 0014 0037 0014 0037 0014 0014 0014 0014 0014 0037 0014 0037 0014 0014 0014 0037 0014 0014 0014 0014 0014 0014 0014 0037 0014 0037 0014 0014 0014 0037 0014 0014 0014 032f
F Trk	0000 006e 0001 0011 013c 009e 0014 0037 0014 0037 0014 0014 0014 0014 0014 0037 0014 0037 0014 0014 0014 0037 0014 0037 0014 0014 0014 0014 0014 0037 0014 0037 0014 0014 0014 0037 0014 0014 0014 0305
Continue	0000 006e 0001 0011 013d 009c 0014 0037 0014 0037 0014 0014 0014 0014 0014 0037 0014 0037 0014 0014 0014 0037 0014 0037 0014 0037 0014 0037 0014 0014 0014 0037 0014 0037 0014 0037 0014 0014 0014 02b1
Program	0000 006e 0001 0011 013c 009e 0014 0037 0014 0037 0014 0014 0014 0014 0014 0037 0014 0037 0014 0014 0014 0037 0014 0037 0014 0014 0014 0014 0014 0014 0014 0037 0014 0037 0014 0037 0014 0014 0014 0305
Random	0000 006e 0001 0011 013c 009e 0014 0037 0014 0037 0014 0014 0014 0014 0014 0037 0014 0037 0014 0014 0014 0037 0014 0014 0014 0037 0014 0014 0014 0014 0014 0037 0014 0037 0014 0037 0014 0014 0014 0305
Del Pgm	0000 006e 0001 0011 013d 009c 0014 0037 0014 0037 0014 0014 0014 0014 0014 0037 0014 0037 0014 0014 0014 0037 0014 0014 0014 0037 0014 0014 0014 0037 0014 0014 0014 0014 0014 0014 0014 0037 0014 032f
Cancel	0000 006e 0001 0011 013c 009e 0014 0037 0014 0037 0014 0014 0014 0014 0014 0037 0014 0037 0014 0014 0014 0037 0014 0037 0014 0014 0014 0037 0014 0037 0014 0014 0014 0037 0014 0037 0014 0014 0014 02db
Call	0000 006e 0001 0011 013c 009e 0014 0037 0014 0037 0014 0014 0014 0014 0014 0037 0014 0037 0014 0014 0014 0037 0014 0037 0014 0014 0014 0037 0014 0014 0014 0037 0014 0014 0014 0037 0014 0014 0014 0305
