Continue	0000 006d 0001 0021 013f 009f 0014 003c 0014 003c 0014 0014 0014 0014 0014 003c 0014 003c 0014 0014 0014 003c 0014 0014 0014 0014 0014 0014 0014 0014 0014 0014 0014 0014 0014 0014 0014 0014 0014 0014 0014 0014 0014 0014 0014 0014 0014 0014 0014 0014 0014 0014 0014 0014 0014 003c 0014 003c 0014 003c 0014 0014 0014 003c 0014 003c 0014 003c 0014 0014 0014 0508
One Disc	0000 006d 0001 0021 013f 009f 0014 003c 0014 003c 0014 0014 0014 0014 0014 003c 0014 003c 0014 0014 0014 003c 0014 0014 0014 0014 0014 0014 0014 0014 0014 0014 0014 0014 0014 0014 0014 0014 0014 0014 0014 0014 0014 0014 0014 0014 0014 0014 0014 0014 0014 0014 0014 0014 0014 003c 0014 003c 0014 003c 0014 0014 0014 003c 0014 0014 0014 0014 0014 003c 0014 052f
Program	0000 006d 0001 0021 013f 009f 0014 003c 0014 003c 0014 0014 0014 0014 0014 003c 0014 003c 0014 0014 0014 003c 0014 0014 0014 0014 0014 0014 0014 0014 0014 0014 0014 0014 0014 0014 0014 0014 0014 0014 0014 0014 0014 0014 0014 0014 0014 0014 0014 0014 0014 0014 0014 0014 0014 003c 0014 0014 0014 0014 0014 0014 0014 003c 0014 003c 0014 003c 0014 0014 0014 0557
Open/Close	0000 006d 0001 0021 013f 009f 0014 003c 0014 003c 0014 0014 0014 0014 0014 003c 0014 003c 0014 0014 0014 003c 0014 0014 0014 0014 0014 0014 0014 0014 0014 0014 0014 0014 0014 0014 0014 0014 0014 0014 0014 0014 0014 0014 0014 0014 0014 0014 0014 0014 0014 0014 0014 0014 0014 0014 0014 0014 0014 003c 0014 0014 0014 0014 0014 0014 0014 003c 0014 0014 0014 05a7
Random	0000 006d 0001 0021 013f 009f 0014 003c 0014 003c 0014 0014 0014 0014 0014 003c 0014 003c 0014 0014 0014 003c 0014 0014 0014 0014 0014 0014 0014 0014 0014 0014 0014 0014 0014 0014 0014 0014 0014 0014 0014 0014 0014 0014 0014 0014 0014 0014 0014 0014 0014 0014 0014 0014 0014 0014 0014 003c 0014 0014 0014 0014 0014 003c 0014 003c 0014 003c 0014 0014 0014 0557
Intro	0000 006d 0001 0021 013f 009f 0014 003c 0014 003c 0014 0014 0014 0014 0014 003c 0014 003c 0014 0014 0014 003c 0014 0014 0014 0014 0014 0014 0014 0014 0014 0014 0014 0014 0014 0014 0014 0014 0014 0014 0014 0014 0014 0014 0014 0014 0014 0014 0014 0014 0014 0014 0014 0014 0014 0014 0014 0014 0014 0014 0014 003c 0014 0014 0014 0014 0014 003c 0014 0014 0014 05a7
Repeat	0000 006d 0001 0021 013f 009f 0014 003c 0014 003c 0014 0014 0014 0014 0014 003c 0014 003c 0014 0014 0014 003c 0014 0014 0014 0014 0014 0014 0014 0014 0014 0014 0014 0014 0014 0014 0014 0014 0014 0014 0014 0014 0014 0014 0014 0014 0014 0014 0014 0014 0014 0014 0014 0014 0014 003c 0014 003c 0014 0014 0014 003c 0014 003c 0014 0014 0014 003c 0014 0014 0014 052f
Exchange	0000 006d 0001 0021 013f 009f 0014 003c 0014 003c 0014 0014 0014 0014 0014 003c 0014 003c 0014 0014 0014 003c 0014 0014 0014 0014 0014 0014 0014 0014 0014 0014 0014 0014 0014 0014 0014 0014 0014 0014 0014 0014 0014 0014 0014 0014 0014 0014 0014 0014 0014 0014 0014 0014 0014 003c 0014 003c 0014 0014 0014 0014 0014 003c 0014 0014 0014 0014 0014 003c 0014 0557
Power	0000 006d 0001 0021 013f 009f 0014 003c 0014 003c 0014 0014 0014 0014 0014 003c 0014 003c 0014 0014 0014 003c 0014 0014 0014 0014 0014 0014 0014 0014 0014 0014 0014 0014 0014 0014 0014 0014 0014 0014 0014 0014 0014 0014 0014 0014 0014 0014 0014 0014 0014 0014 0014 0014 0014 0014 0014 0014 0014 0014 0014 0014 0014 0014 0014 0014 0014 003c 0014 0014 0014 05cf
1	0000 006d 0001 0021 013f 009f 0014 003c 0014 003c 0014 0014 0014 0014 0014 003c 0014 003c 0014 0014 0014 003c 0014 0014 0014 0014 0014 0014 0014 0014 0014 0014 0014 0014 0014 0014 0014 0014 0014 0014 0014 0014 0014 0014 0014 0014 0014 0014 0014 0014 0014 0014 0014 0014 0014 003c 0014 0014 0014 0014 0014 0014 0014 0014 0014 003c 0014 003c 0014 0014 0014 057f
2	0000 006d 0001 0021 013f 009f 0014 003c 0014 003c 0014 0014 0014 0014 0014 003c 0014 003c 0014 0014 0014 003c 0014 0014 0014 0014 0014 0014 0014 0014 0014 0014 0014 0014 0014 0014 0014 0014 0014 0014 0014 0014 0014 0014 0014 0014 0014 0014 0014 0014 0014 0014 0014 0014 0014 0014 0014 003c 0014 0014 0014 0014 0014 0014 0014 003c 0014 003c 0014 0014 0014 057f
3	0000 006d 0001 0021 013f 009f 0014 003c 0014 003c 0014 0014 0014 0014 0014 003c 0014 003c 0014 0014 0014 003c 0014 0014 0014 0014 0014 0014 0014 0014 0014 0014 0014 0014 0014 0014 0014 0014 0014 0014 0014 0014 0014 0014 0014 0014 0014 0014 0014 0014 0014 0014 0014 0014 0014 003c 0014 003c 0014 0014 0014 0014 0014 0014 0014 003c 0014 003c 0014 0014 0014 0557
4	0000 006d 0001 0021 013f 009f 0014 003c 0014 003c 0014 0014 0014 0014 0014 003c 0014 003c 0014 0014 0014 003c 0014 0014 0014 0014 0014 0014 0014 0014 0014 0014 0014 0014 0014 0014 0014 0014 0014 0014 0014 0014 0014 0014 0014 0014 0014 0014 0014 0014 0014 0014 0014 0014 0014 0014 0014 0014 0014 003c 0014 0014 0014 0014 0014 003c 0014 003c 0014 0014 0014 057f
5	0000 006d 0001 0021 013f 009f 0014 003c 0014 003c 0014 0014 0014 0014 0014 003c 0014 003c 0014 0014 0014 003c 0014 0014 0014 0014 0014 0014 0014 0014 0014 0014 0014 0014 0014 0014 0014 0014 0014 0014 0014 0014 0014 0014 0014 0014 0014 0014 0014 0014 0014 0014 0014 0014 0014 003c 0014 0014 0014 003c 0014 0014 0014 0014 0014 003c 0014 003c 0014 0014 0014 0557
6	0000 006d 0001 0021 013f 009f 0014 003c 0014 003c 0014 0014 0014 0014 0014 003c 0014 003c 0014 0014 0014 003c 0014 0014 0014 0014 0014 0014 0014 0014 0014 0014 0014 0014 0014 0014 0014 0014 0014 0014 0014 0014 0014 0014 0014 0014 0014 0014 0014 0014 0014 0014 0014 0014 0014 0014 0014 003c 0014 003c 0014 0014 0014 0014 0014 003c 0014 003c 0014 0014 0014 0557
7	0000 006d 0001 0021 013f 009f 0014 003c 0014 003c 0014 0014 0014 0014 0014 003c 0014 003c 0014 0014 0014 003c 0014 0014 0014 0014 0014 0014 0014 0014 0014 0014 0014 0014 0014 0014 0014 0014 0014 0014 0014 0014 0014 0014 0014 0014 0014 0014 0014 0014 0014 0014 0014 0014 0014 003c 0014 003c 0014 003c 0014 0014 0014 0014 0014 003c 0014 003c 0014 0014 0014 052f
8	0000 006d 0001 0021 013f 009f 0014 003c 0014 003c 0014 0014 0014 0014 0014 003c 0014 003c 0014 0014 0014 003c 0014 0014 0014 0014 0014 0014 0014 0014 0014 0014 0014 0014 0014 0014 0014 0014 0014 0014 0014 0014 0014 0014 0014 0014 0014 0014 0014 0014 0014 0014 0014 0014 0014 0014 0014 0014 0014 0014 0014 003c 0014 0014 0014 003c 0014 003c 0014 0014 0014 057f
9	0000 006d 0001 0021 013f 009f 0014 003c 0014 003c 0014 0014 0014 0014 0014 003c 0014 003c 0014 0014 0014 003c 0014 0014 0014 0014 0014 0014 0014 0014 0014 0014 0014 0014 0014 0014 0014 0014 0014 0014 0014 0014 0014 0014 0014 0014 0014 0014 0014 0014 0014 0014 0014 0014 0014 003c 0014 0014 0014 0014 0014 003c 0014 0014 0014 003c 0014 003c 0014 0014 0014 0557
0	0000 006d 0001 0021 013f 009f 0014 003c 0014 003c 0014 0014 0014 0014 0014 003c 0014 003c 0014 0014 0014 003c 0014 0014 0014 0014 0014 0014 0014 0014 0014 0014 0014 0014 0014 0014 0014 0014 0014 0014 0014 0014 0014 0014 0014 0014 0014 0014 0014 0014 0014 0014 0014 0014 0014 0014 0014 0014 0014 0014 0014 0014 0014 0014 0014 003c 0014 003c 0014 0014 0014 05a7
Disc	0000 006d 0001 0021 013f 009f 0014 003c 0014 003c 0014 0014 0014 0014 0014 003c 0014 003c 0014 0014 0014 003c 0014 0014 0014 0014 0014 0014 0014 0014 0014 0014 0014 0014 0014 0014 0014 0014 0014 0014 0014 0014 0014 0014 0014 0014 0014 0014 0014 0014 0014 0014 0014 0014 0014 0014 0014 0014 0014 003c 0014 003c 0014 003c 0014 0014 0014 0014 0014 003c 0014 0557
Track	0000 006d 0001 0021 013f 009f 0014 003c 0014 003c 0014 0014 0014 0014 0014 003c 0014 003c 0014 0014 0014 003c 0014 0014 0014 0014 0014 0014 0014 0014 0014 0014 0014 0014 0014 0014 0014 0014 0014 0014 0014 0014 0014 0014 0014 0014 0014 0014 0014 0014 0014 0014 0014 0014 0014 003c 0014 0014 0014 003c 0014 003c 0014 003c 0014 0014 0014 0014 0014 003c 0014 052f
Stop	0000 006d 0001 0021 013f 009f 0014 003c 0014 003c 0014 0014 0014 0014 0014 003c 0014 003c 0014 0014 0014 003c 0014 0014 0014 0014 0014 0014 0014 0014 0014 0014 0014 0014 0014 0014 0014 0014 0014 0014 0014 0014 0014 0014 0014 0014 0014 0014 0014 0014 0014 0014 0014 0014 0014 003c 0014 003c 0014 0014 0014 0014 0014 0014 0014 0014 0014 003c 0014 0014 0014 057f
Pause	0000 006d 0001 0021 013f 009f 0014 003c 0014 003c 0014 0014 0014 0014 0014 003c 0014 003c 0014 0014 0014 003c 0014 0014 0014 0014 0014 0014 0014 0014 0014 0014 0014 0014 0014 0014 0014 0014 0014 0014 0014 0014 0014 0014 0014 0014 0014 0014 0014 0014 0014 0014 0014 0014 0014 003c 0014 0014 0014 003c 0014 003c 0014 0014 0014 0014 0014 003c 0014 0014 0014 0557
Play	0000 006d 0001 0021 013f 009f 0014 003c 0014 003c 0014 0014 0014 0014 0014 003c 0014 003c 0014 0014 0014 003c 0014 0014 0014 0014 0014 0014 0014 0014 0014 0014 0014 0014 0014 0014 0014 0014 0014 0014 0014 0014 0014 0014 0014 0014 0014 0014 0014 0014 0014 0014 0014 0014 0014 0014 0014 0014 0014 003c 0014 003c 0014 0014 0014 0014 0014 003c 0014 0014 0014 057f
R Search	0000 006d 0001 0021 013f 009f 0014 003c 0014 003c 0014 0014 0014 0014 0014 003c 0014 003c 0014 0014 0014 003c 0014 0014 0014 0014 0014 0014 0014 0014 0014 0014 0014 0014 0014 0014 0014 0014 0014 0014 0014 0014 0014 0014 0014 0014 0014 0014 0014 0014 0014 0014 0014 0014 0014 003c 0014 003c 0014 0014 0014 0014 0014 0014 0014 0014 0014 003c 0014 0014 0014 057f
F Search	0000 006d 0001 0021 013f 009f 0014 003c 0014 003c 0014 0014 0014 0014 0014 003c 0014 003c 0014 0014 0014 003c 0014 0014 0014 0014 0014 0014 0014 0014 0014 0014 0014 0014 0014 0014 0014 0014 0014 0014 0014 0014 0014 0014 0014 0014 0014 0014 0014 0014 0014 0014 0014 0014 0014 0014 0014 003c 0014 003c 0014 0014 0014 003c 0014 003c 0014 003c 0014 0014 0014 052f
R Skip	0000 006d 0001 0021 013f 009f 0014 003c 0014 003c 0014 0014 0014 0014 0014 003c 0014 003c 0014 0014 0014 003c 0014 0014 0014 0014 0014 0014 0014 0014 0014 0014 0014 0014 0014 0014 0014 0014 0014 0014 0014 0014 0014 0014 0014 0014 0014 0014 0014 0014 0014 0014 0014 0014 0014 0014 0014 0014 0014 0014 0014 003c 0014 003c 0014 0014 0014 003c 0014 0014 0014 057f
F Skip	0000 006d 0001 0021 013f 009f 0014 003c 0014 003c 0014 0014 0014 0014 0014 003c 0014 003c 0014 0014 0014 003c 0014 0014 0014 0014 0014 0014 0014 0014 0014 0014 0014 0014 0014 0014 0014 0014 0014 0014 0014 0014 0014 0014 0014 0014 0014 0014 0014 0014 0014 0014 0014 0014 0014 003c 0014 0014 0014 0014 0014 003c 0014 003c 0014 0014 0014 003c 0014 0014 0014 0557
-	0000 006d 0001 0021 013f 009f 0014 003c 0014 003c 0014 0014 0014 0014 0014 003c 0014 003c 0014 0014 0014 003c 0014 0014 0014 0014 0014 0014 0014 0014 0014 0014 0014 0014 0014 0014 0014 0014 0014 0014 0014 0014 0014 0014 0014 0014 0014 0014 0014 0014 0014 0014 0014 0014 0014 003c 0014 003c 0014 003c 0014 0014 0014 0014 0014 0014 0014 0014 0014 003c 0014 0557
+	0000 006d 0001 0021 013f 009f 0014 003c 0014 003c 0014 0014 0014 0014 0014 003c 0014 003c 0014 0014 0014 003c 0014 0014 0014 0014 0014 0014 0014 0014 0014 0014 0014 0014 0014 0014 0014 0014 0014 0014 0014 0014 0014 0014 0014 0014 0014 0014 0014 0014 0014 0014 0014 0014 0014 0014 0014 003c 0014 003c 0014 0014 0014 0014 0014 0014 0014 0014 0014 003c 0014 057f
Call	0000 006d 0001 0021 013f 009f 0014 003c 0014 003c 0014 0014 0014 0014 0014 003c 0014 003c 0014 0014 0014 003c 0014 0014 0014 0014 0014 0014 0014 0014 0014 0014 0014 0014 0014 0014 0014 0014 0014 0014 0014 0014 0014 0014 0014 0014 0014 0014 0014 0014 0014 0014 0014 0014 0014 003c 0014 0014 0014 003c 0014 0014 0014 003c 0014 0014 0014 003c 0014 0014 0014 0557
Cancel	0000 006d 0001 0021 013f 009f 0014 003c 0014 003c 0014 0014 0014 0014 0014 003c 0014 003c 0014 0014 0014 003c 0014 0014 0014 0014 0014 0014 0014 0014 0014 0014 0014 0014 0014 0014 0014 0014 0014 0014 0014 0014 0014 0014 0014 0014 0014 0014 0014 0014 0014 0014 0014 0014 0014 003c 0014 0014 0014 003c 0014 003c 0014 0014 0014 003c 0014 003c 0014 0014 0014 052f
Memory	0000 006d 0001 0021 013f 009f 0014 003c 0014 003c 0014 0014 0014 0014 0014 003c 0014 003c 0014 0014 0014 003c 0014 0014 0014 0014 0014 0014 0014 0014 0014 0014 0014 0014 0014 0014 0014 0014 0014 0014 0014 0014 0014 0014 0014 0014 0014 0014 0014 0014 0014 0014 0014 0014 0014 0014 0014 003c 0014 0014 0014 003c 0014 0014 0014 003c 0014 003c 0014 0014 0014 0557
