Power	0000 006c 0000 0032 0098 004c 0013 0039 0013 0039 0013 0013 0013 0013 0013 0013 0013 0013 0013 0013 0013 0013 0013 0039 0013 0013 0013 0013 0013 0013 0013 0013 0013 0013 0013 0013 0013 0013 0013 0013 0013 0039 0013 0013 0013 0013 0013 0013 0013 0039 0013 0013 0013 0013 0013 0039 0013 0039 0013 0039 0013 0039 0013 0013 0013 0013 0013 0013 0013 0013 0013 0013 0013 0013 0013 0013 0013 0013 0013 0013 0013 0013 0013 0013 0013 0013 0013 0039 0013 0013 0013 0039 0013 0039 0013 0013 0013 0039 0013 0013 0013 0013 0013 03fe
1	0000 006c 0000 0032 0098 004c 0013 0039 0013 0039 0013 0013 0013 0013 0013 0013 0013 0013 0013 0013 0013 0013 0013 0039 0013 0013 0013 0013 0013 0013 0013 0013 0013 0013 0013 0013 0013 0013 0013 0013 0013 0039 0013 0013 0013 0013 0013 0013 0013 0039 0013 0013 0013 0013 0013 0039 0013 0039 0013 0039 0013 0039 0013 0013 0013 0013 0013 0013 0013 0013 0013 0039 0013 0013 0013 0013 0013 0013 0013 0013 0013 0039 0013 0013 0013 0013 0013 0013 0013 0013 0013 0039 0013 0039 0013 0013 0013 0013 0013 0013 0013 0013 0013 03fe
2	0000 006c 0000 0032 0098 004c 0013 0039 0013 0039 0013 0013 0013 0013 0013 0013 0013 0013 0013 0013 0013 0013 0013 0039 0013 0013 0013 0013 0013 0013 0013 0013 0013 0013 0013 0013 0013 0013 0013 0013 0013 0039 0013 0013 0013 0013 0013 0013 0013 0039 0013 0013 0013 0013 0013 0039 0013 0039 0013 0039 0013 0039 0013 0013 0013 0013 0013 0013 0013 0013 0013 0013 0013 0039 0013 0013 0013 0013 0013 0013 0013 0039 0013 0013 0013 0013 0013 0039 0013 0039 0013 0039 0013 0039 0013 0013 0013 0013 0013 0013 0013 0013 0013 03b2
3	0000 006c 0000 0032 0098 004c 0013 0039 0013 0039 0013 0013 0013 0013 0013 0013 0013 0013 0013 0013 0013 0013 0013 0039 0013 0013 0013 0013 0013 0013 0013 0013 0013 0013 0013 0013 0013 0013 0013 0013 0013 0039 0013 0013 0013 0013 0013 0013 0013 0039 0013 0013 0013 0013 0013 0039 0013 0039 0013 0039 0013 0039 0013 0013 0013 0013 0013 0013 0013 0013 0013 0039 0013 0039 0013 0013 0013 0013 0013 0013 0013 0039 0013 0013 0013 0013 0013 0013 0013 0039 0013 0039 0013 0039 0013 0013 0013 0013 0013 0013 0013 0013 0013 03b2
4	0000 006c 0000 0032 0098 004c 0013 0039 0013 0039 0013 0013 0013 0013 0013 0013 0013 0013 0013 0013 0013 0013 0013 0039 0013 0013 0013 0013 0013 0013 0013 0013 0013 0013 0013 0013 0013 0013 0013 0013 0013 0039 0013 0013 0013 0013 0013 0013 0013 0039 0013 0013 0013 0013 0013 0039 0013 0039 0013 0039 0013 0039 0013 0013 0013 0013 0013 0013 0013 0013 0013 0013 0013 0013 0013 0039 0013 0013 0013 0013 0013 0039 0013 0013 0013 0013 0013 0039 0013 0013 0013 0013 0013 0039 0013 0013 0013 0013 0013 0013 0013 0013 0013 03fe
5	0000 006c 0000 0032 0098 004c 0013 0039 0013 0039 0013 0013 0013 0013 0013 0013 0013 0013 0013 0013 0013 0013 0013 0039 0013 0013 0013 0013 0013 0013 0013 0013 0013 0013 0013 0013 0013 0013 0013 0013 0013 0039 0013 0013 0013 0013 0013 0013 0013 0039 0013 0013 0013 0013 0013 0039 0013 0039 0013 0039 0013 0039 0013 0013 0013 0013 0013 0013 0013 0013 0013 0039 0013 0013 0013 0039 0013 0013 0013 0013 0013 0039 0013 0013 0013 0013 0013 0013 0013 0013 0013 0013 0013 0039 0013 0013 0013 0013 0013 0013 0013 0013 0013 03fe
6	0000 006c 0000 0032 0098 004c 0013 0039 0013 0039 0013 0013 0013 0013 0013 0013 0013 0013 0013 0013 0013 0013 0013 0039 0013 0013 0013 0013 0013 0013 0013 0013 0013 0013 0013 0013 0013 0013 0013 0013 0013 0039 0013 0013 0013 0013 0013 0013 0013 0039 0013 0013 0013 0013 0013 0039 0013 0039 0013 0039 0013 0039 0013 0013 0013 0013 0013 0013 0013 0013 0013 0013 0013 0039 0013 0039 0013 0013 0013 0013 0013 0039 0013 0013 0013 0013 0013 0039 0013 0039 0013 0013 0013 0039 0013 0013 0013 0013 0013 0013 0013 0013 0013 03b2
7	0000 006c 0000 0032 0098 004c 0013 0039 0013 0039 0013 0013 0013 0013 0013 0013 0013 0013 0013 0013 0013 0013 0013 0039 0013 0013 0013 0013 0013 0013 0013 0013 0013 0013 0013 0013 0013 0013 0013 0013 0013 0039 0013 0013 0013 0013 0013 0013 0013 0039 0013 0013 0013 0013 0013 0039 0013 0039 0013 0039 0013 0039 0013 0013 0013 0013 0013 0013 0013 0013 0013 0039 0013 0039 0013 0039 0013 0013 0013 0013 0013 0039 0013 0013 0013 0013 0013 0013 0013 0039 0013 0013 0013 0039 0013 0013 0013 0013 0013 0013 0013 0013 0013 03b2
8	0000 006c 0000 0032 0098 004c 0013 0039 0013 0039 0013 0013 0013 0013 0013 0013 0013 0013 0013 0013 0013 0013 0013 0039 0013 0013 0013 0013 0013 0013 0013 0013 0013 0013 0013 0013 0013 0013 0013 0013 0013 0039 0013 0013 0013 0013 0013 0013 0013 0039 0013 0013 0013 0013 0013 0039 0013 0039 0013 0039 0013 0039 0013 0013 0013 0013 0013 0013 0013 0013 0013 0013 0013 0013 0013 0013 0013 0039 0013 0013 0013 0039 0013 0013 0013 0013 0013 0039 0013 0013 0013 0039 0013 0013 0013 0013 0013 0013 0013 0013 0013 0013 0013 03fe
9	0000 006c 0000 0032 0098 004c 0013 0039 0013 0039 0013 0013 0013 0013 0013 0013 0013 0013 0013 0013 0013 0013 0013 0039 0013 0013 0013 0013 0013 0013 0013 0013 0013 0013 0013 0013 0013 0013 0013 0013 0013 0039 0013 0013 0013 0013 0013 0013 0013 0039 0013 0013 0013 0013 0013 0039 0013 0039 0013 0039 0013 0039 0013 0013 0013 0013 0013 0013 0013 0013 0013 0039 0013 0013 0013 0013 0013 0039 0013 0013 0013 0039 0013 0013 0013 0013 0013 0013 0013 0013 0013 0039 0013 0013 0013 0013 0013 0013 0013 0013 0013 0013 0013 03fe
10	0000 006c 0000 0032 0098 004c 0013 0039 0013 0039 0013 0013 0013 0013 0013 0013 0013 0013 0013 0013 0013 0013 0013 0039 0013 0013 0013 0013 0013 0013 0013 0013 0013 0013 0013 0013 0013 0013 0013 0013 0013 0039 0013 0013 0013 0013 0013 0013 0013 0039 0013 0013 0013 0013 0013 0039 0013 0039 0013 0039 0013 0039 0013 0013 0013 0013 0013 0013 0013 0013 0013 0013 0013 0039 0013 0039 0013 0039 0013 0013 0013 0039 0013 0013 0013 0013 0013 0039 0013 0039 0013 0013 0013 0013 0013 0013 0013 0013 0013 0013 0013 0013 0013 03b2
+10	0000 006c 0000 0032 0098 004c 0013 0039 0013 0039 0013 0013 0013 0013 0013 0013 0013 0013 0013 0013 0013 0013 0013 0039 0013 0013 0013 0013 0013 0013 0013 0013 0013 0013 0013 0013 0013 0013 0013 0013 0013 0039 0013 0013 0013 0013 0013 0013 0013 0039 0013 0013 0013 0013 0013 0039 0013 0039 0013 0039 0013 0039 0013 0013 0013 0013 0013 0013 0013 0013 0013 0039 0013 0039 0013 0039 0013 0039 0013 0013 0013 0039 0013 0013 0013 0013 0013 0013 0013 0039 0013 0013 0013 0013 0013 0013 0013 0013 0013 0013 0013 0013 0013 03b2
Cd1	0000 006c 0000 0032 0098 004c 0013 0039 0013 0039 0013 0013 0013 0013 0013 0013 0013 0013 0013 0013 0013 0013 0013 0039 0013 0013 0013 0013 0013 0013 0013 0013 0013 0013 0013 0013 0013 0013 0013 0013 0013 0039 0013 0013 0013 0013 0013 0013 0013 0039 0013 0013 0013 0013 0013 0039 0013 0039 0013 0039 0013 0039 0013 0013 0013 0013 0013 0013 0013 0013 0013 0039 0013 0013 0013 0013 0013 0039 0013 0013 0013 0013 0013 0039 0013 0013 0013 0013 0013 0013 0013 0039 0013 0013 0013 0013 0013 0039 0013 0039 0013 0013 0013 03b2
Cd2	0000 006c 0000 0032 0098 004c 0013 0039 0013 0039 0013 0013 0013 0013 0013 0013 0013 0013 0013 0013 0013 0013 0013 0039 0013 0013 0013 0013 0013 0013 0013 0013 0013 0013 0013 0013 0013 0013 0013 0013 0013 0039 0013 0013 0013 0013 0013 0013 0013 0039 0013 0013 0013 0013 0013 0039 0013 0039 0013 0039 0013 0039 0013 0013 0013 0013 0013 0013 0013 0013 0013 0013 0013 0039 0013 0013 0013 0039 0013 0013 0013 0013 0013 0039 0013 0013 0013 0039 0013 0039 0013 0039 0013 0013 0013 0013 0013 0039 0013 0039 0013 0013 0013 0366
Cd3	0000 006c 0000 0032 0098 004c 0013 0039 0013 0039 0013 0013 0013 0013 0013 0013 0013 0013 0013 0013 0013 0013 0013 0039 0013 0013 0013 0013 0013 0013 0013 0013 0013 0013 0013 0013 0013 0013 0013 0013 0013 0039 0013 0013 0013 0013 0013 0013 0013 0039 0013 0013 0013 0013 0013 0039 0013 0039 0013 0039 0013 0039 0013 0013 0013 0013 0013 0013 0013 0013 0013 0039 0013 0039 0013 0013 0013 0039 0013 0013 0013 0013 0013 0039 0013 0013 0013 0013 0013 0039 0013 0039 0013 0013 0013 0013 0013 0039 0013 0039 0013 0013 0013 0366
Repeat	0000 006c 0000 0032 0098 004c 0013 0039 0013 0039 0013 0013 0013 0013 0013 0013 0013 0013 0013 0013 0013 0013 0013 0039 0013 0013 0013 0013 0013 0013 0013 0013 0013 0013 0013 0013 0013 0013 0013 0013 0013 0039 0013 0013 0013 0013 0013 0013 0013 0039 0013 0013 0013 0013 0013 0039 0013 0039 0013 0039 0013 0039 0013 0013 0013 0013 0013 0013 0013 0013 0013 0013 0013 0013 0013 0013 0013 0013 0013 0039 0013 0039 0013 0013 0013 0013 0013 0039 0013 0013 0013 0039 0013 0039 0013 0039 0013 0013 0013 0013 0013 0013 0013 03b2
Normal	0000 006c 0000 0032 0098 004c 0013 0039 0013 0039 0013 0013 0013 0013 0013 0013 0013 0013 0013 0013 0013 0013 0013 0039 0013 0013 0013 0013 0013 0013 0013 0013 0013 0013 0013 0013 0013 0013 0013 0013 0013 0039 0013 0013 0013 0013 0013 0013 0013 0039 0013 0013 0013 0013 0013 0039 0013 0039 0013 0039 0013 0039 0013 0013 0013 0013 0013 0013 0013 0013 0013 0039 0013 0039 0013 0039 0013 0013 0013 0039 0013 0039 0013 0013 0013 0013 0013 0013 0013 0039 0013 0013 0013 0039 0013 0039 0013 0013 0013 0013 0013 0013 0013 0366
Mix 1	0000 006c 0000 0032 0098 004c 0013 0039 0013 0039 0013 0013 0013 0013 0013 0013 0013 0013 0013 0013 0013 0013 0013 0039 0013 0013 0013 0013 0013 0013 0013 0013 0013 0013 0013 0013 0013 0013 0013 0013 0013 0039 0013 0013 0013 0013 0013 0013 0013 0039 0013 0013 0013 0013 0013 0039 0013 0039 0013 0039 0013 0039 0013 0013 0013 0013 0013 0013 0013 0013 0013 0039 0013 0013 0013 0013 0013 0013 0013 0039 0013 0039 0013 0013 0013 0013 0013 0013 0013 0013 0013 0039 0013 0039 0013 0039 0013 0013 0013 0013 0013 0013 0013 03b2
Mix 2	0000 006c 0000 0032 0098 004c 0013 0039 0013 0039 0013 0013 0013 0013 0013 0013 0013 0013 0013 0013 0013 0013 0013 0039 0013 0013 0013 0013 0013 0013 0013 0013 0013 0013 0013 0013 0013 0013 0013 0013 0013 0039 0013 0013 0013 0013 0013 0013 0013 0039 0013 0013 0013 0013 0013 0039 0013 0039 0013 0039 0013 0039 0013 0013 0013 0013 0013 0013 0013 0013 0013 0013 0013 0039 0013 0013 0013 0013 0013 0039 0013 0039 0013 0013 0013 0013 0013 0039 0013 0039 0013 0039 0013 0039 0013 0039 0013 0013 0013 0013 0013 0013 0013 0366
Mix 3	0000 006c 0000 0032 0098 004c 0013 0039 0013 0039 0013 0013 0013 0013 0013 0013 0013 0013 0013 0013 0013 0013 0013 0039 0013 0013 0013 0013 0013 0013 0013 0013 0013 0013 0013 0013 0013 0013 0013 0013 0013 0039 0013 0013 0013 0013 0013 0013 0013 0039 0013 0013 0013 0013 0013 0039 0013 0039 0013 0039 0013 0039 0013 0013 0013 0013 0013 0013 0013 0013 0013 0039 0013 0039 0013 0013 0013 0013 0013 0039 0013 0039 0013 0013 0013 0013 0013 0013 0013 0039 0013 0039 0013 0039 0013 0039 0013 0013 0013 0013 0013 0013 0013 0366
Random	0000 006c 0000 0032 0098 004c 0013 0039 0013 0039 0013 0013 0013 0013 0013 0013 0013 0013 0013 0013 0013 0013 0013 0039 0013 0013 0013 0013 0013 0013 0013 0013 0013 0013 0013 0013 0013 0013 0013 0013 0013 0039 0013 0013 0013 0013 0013 0013 0013 0039 0013 0013 0013 0013 0013 0039 0013 0039 0013 0039 0013 0039 0013 0013 0013 0013 0013 0013 0013 0013 0013 0013 0013 0013 0013 0039 0013 0013 0013 0039 0013 0039 0013 0013 0013 0013 0013 0039 0013 0013 0013 0013 0013 0039 0013 0039 0013 0013 0013 0013 0013 0013 0013 03b2
CD Pitch-	0000 006c 0000 0032 0098 004c 0013 0039 0013 0039 0013 0013 0013 0013 0013 0013 0013 0013 0013 0013 0013 0013 0013 0039 0013 0013 0013 0013 0013 0013 0013 0013 0013 0013 0013 0013 0013 0013 0013 0013 0013 0039 0013 0013 0013 0013 0013 0013 0013 0039 0013 0013 0013 0013 0013 0039 0013 0039 0013 0039 0013 0039 0013 0013 0013 0013 0013 0013 0013 0013 0013 0039 0013 0013 0013 0013 0013 0013 0013 0013 0013 0013 0013 0039 0013 0013 0013 0013 0013 0013 0013 0039 0013 0039 0013 0013 0013 0039 0013 0039 0013 0013 0013 03b2
CD Pitch+	0000 006c 0000 0032 0098 004c 0013 0039 0013 0039 0013 0013 0013 0013 0013 0013 0013 0013 0013 0013 0013 0013 0013 0039 0013 0013 0013 0013 0013 0013 0013 0013 0013 0013 0013 0013 0013 0013 0013 0013 0013 0039 0013 0013 0013 0013 0013 0013 0013 0039 0013 0013 0013 0013 0013 0039 0013 0039 0013 0039 0013 0039 0013 0013 0013 0013 0013 0013 0013 0013 0013 0013 0013 0013 0013 0013 0013 0013 0013 0013 0013 0013 0013 0039 0013 0013 0013 0039 0013 0013 0013 0039 0013 0039 0013 0013 0013 0039 0013 0039 0013 0013 0013 03b2
CD Pitch Off	0000 006c 0000 0032 0098 004c 0013 0039 0013 0039 0013 0013 0013 0013 0013 0013 0013 0013 0013 0013 0013 0013 0013 0039 0013 0013 0013 0013 0013 0013 0013 0013 0013 0013 0013 0013 0013 0013 0013 0013 0013 0039 0013 0013 0013 0013 0013 0013 0013 0039 0013 0013 0013 0013 0013 0039 0013 0039 0013 0039 0013 0039 0013 0013 0013 0013 0013 0013 0013 0013 0013 0013 0013 0039 0013 0013 0013 0013 0013 0013 0013 0013 0013 0039 0013 0013 0013 0039 0013 0039 0013 0039 0013 0039 0013 0013 0013 0039 0013 0039 0013 0013 0013 0366
Display Mode	0000 006c 0000 0032 0098 004c 0013 0039 0013 0039 0013 0013 0013 0013 0013 0013 0013 0013 0013 0013 0013 0013 0013 0039 0013 0013 0013 0013 0013 0013 0013 0013 0013 0013 0013 0013 0013 0013 0013 0013 0013 0039 0013 0013 0013 0013 0013 0013 0013 0039 0013 0013 0013 0013 0013 0039 0013 0039 0013 0039 0013 0039 0013 0013 0013 0013 0013 0013 0013 0013 0013 0013 0013 0013 0013 0039 0013 0013 0013 0039 0013 0013 0013 0013 0013 0013 0013 0039 0013 0013 0013 0013 0013 0039 0013 0039 0013 0039 0013 0013 0013 0013 0013 03b2
Edit	0000 006c 0000 0032 0098 004c 0013 0039 0013 0039 0013 0013 0013 0013 0013 0013 0013 0013 0013 0013 0013 0013 0013 0039 0013 0013 0013 0013 0013 0013 0013 0013 0013 0013 0013 0013 0013 0013 0013 0013 0013 0039 0013 0013 0013 0013 0013 0013 0013 0039 0013 0013 0013 0013 0013 0039 0013 0039 0013 0039 0013 0039 0013 0013 0013 0013 0013 0013 0013 0013 0013 0013 0013 0013 0013 0013 0013 0013 0013 0039 0013 0013 0013 0039 0013 0013 0013 0039 0013 0013 0013 0039 0013 0039 0013 0039 0013 0039 0013 0039 0013 0013 0013 0366
Skip	0000 006c 0000 0032 0098 004c 0013 0039 0013 0039 0013 0013 0013 0013 0013 0013 0013 0013 0013 0013 0013 0013 0013 0039 0013 0013 0013 0013 0013 0013 0013 0013 0013 0013 0013 0013 0013 0013 0013 0013 0013 0039 0013 0013 0013 0013 0013 0013 0013 0039 0013 0013 0013 0013 0013 0039 0013 0039 0013 0039 0013 0039 0013 0013 0013 0013 0013 0013 0013 0013 0013 0039 0013 0013 0013 0013 0013 0013 0013 0039 0013 0013 0013 0039 0013 0013 0013 0013 0013 0013 0013 0039 0013 0039 0013 0039 0013 0039 0013 0039 0013 0013 0013 0366
1st Trk	0000 006c 0000 0032 0098 004c 0013 0039 0013 0039 0013 0013 0013 0013 0013 0013 0013 0013 0013 0013 0013 0013 0013 0039 0013 0013 0013 0013 0013 0013 0013 0013 0013 0013 0013 0013 0013 0013 0013 0013 0013 0039 0013 0013 0013 0013 0013 0013 0013 0039 0013 0013 0013 0013 0013 0039 0013 0039 0013 0039 0013 0039 0013 0013 0013 0013 0013 0013 0013 0013 0013 0013 0013 0039 0013 0013 0013 0013 0013 0039 0013 0013 0013 0039 0013 0013 0013 0039 0013 0039 0013 0039 0013 0039 0013 0039 0013 0039 0013 0039 0013 0013 0013 031a
CD Rec	0000 006c 0000 0032 0098 004c 0013 0039 0013 0039 0013 0013 0013 0013 0013 0013 0013 0013 0013 0013 0013 0013 0013 0039 0013 0013 0013 0013 0013 0013 0013 0013 0013 0013 0013 0013 0013 0013 0013 0013 0013 0039 0013 0013 0013 0013 0013 0013 0013 0039 0013 0013 0013 0013 0013 0039 0013 0039 0013 0039 0013 0039 0013 0013 0013 0013 0013 0013 0013 0013 0013 0039 0013 0039 0013 0013 0013 0013 0013 0039 0013 0013 0013 0039 0013 0013 0013 0013 0013 0039 0013 0039 0013 0039 0013 0039 0013 0039 0013 0039 0013 0013 0013 031a
Digital	0000 006c 0000 0032 0098 004c 0013 0039 0013 0039 0013 0013 0013 0013 0013 0013 0013 0013 0013 0013 0013 0013 0013 0039 0013 0013 0013 0013 0013 0013 0013 0013 0013 0013 0013 0013 0013 0013 0013 0013 0013 0039 0013 0013 0013 0013 0013 0013 0013 0039 0013 0013 0013 0013 0013 0039 0013 0039 0013 0039 0013 0039 0013 0013 0013 0013 0013 0013 0013 0013 0013 0013 0013 0013 0013 0039 0013 0039 0013 0039 0013 0013 0013 0039 0013 0013 0013 0039 0013 0013 0013 0013 0013 0013 0013 0039 0013 0039 0013 0039 0013 0013 0013 0366
CD Source	0000 006c 0000 0032 0098 004c 0013 0039 0013 0039 0013 0013 0013 0013 0013 0013 0013 0013 0013 0013 0013 0013 0013 0039 0013 0013 0013 0013 0013 0013 0013 0013 0013 0013 0013 0013 0013 0013 0013 0013 0013 0039 0013 0013 0013 0013 0013 0013 0013 0039 0013 0013 0013 0013 0013 0039 0013 0039 0013 0039 0013 0039 0013 0013 0013 0013 0013 0013 0013 0013 0013 0039 0013 0013 0013 0039 0013 0039 0013 0039 0013 0013 0013 0039 0013 0013 0013 0013 0013 0013 0013 0013 0013 0013 0013 0039 0013 0039 0013 0039 0013 0013 0013 0366
Line Source	0000 006c 0000 0032 0098 004c 0013 0039 0013 0039 0013 0013 0013 0013 0013 0013 0013 0013 0013 0013 0013 0013 0013 0039 0013 0013 0013 0013 0013 0013 0013 0013 0013 0013 0013 0013 0013 0013 0013 0013 0013 0039 0013 0013 0013 0013 0013 0013 0013 0039 0013 0013 0013 0013 0013 0039 0013 0039 0013 0039 0013 0039 0013 0013 0013 0013 0013 0013 0013 0013 0013 0013 0013 0039 0013 0039 0013 0039 0013 0039 0013 0013 0013 0039 0013 0013 0013 0039 0013 0039 0013 0013 0013 0013 0013 0039 0013 0039 0013 0039 0013 0013 0013 031a
Mic Source	0000 006c 0000 0032 0098 004c 0013 0039 0013 0039 0013 0013 0013 0013 0013 0013 0013 0013 0013 0013 0013 0013 0013 0039 0013 0013 0013 0013 0013 0013 0013 0013 0013 0013 0013 0013 0013 0013 0013 0013 0013 0039 0013 0013 0013 0013 0013 0013 0013 0039 0013 0013 0013 0013 0013 0039 0013 0039 0013 0039 0013 0039 0013 0013 0013 0013 0013 0013 0013 0013 0013 0039 0013 0039 0013 0039 0013 0039 0013 0039 0013 0013 0013 0039 0013 0013 0013 0013 0013 0039 0013 0013 0013 0013 0013 0039 0013 0039 0013 0039 0013 0013 0013 031a
Rec Pause	0000 006c 0000 0032 0098 004c 0013 0039 0013 0039 0013 0013 0013 0013 0013 0013 0013 0013 0013 0013 0013 0013 0013 0039 0013 0013 0013 0013 0013 0013 0013 0013 0013 0013 0013 0013 0013 0013 0013 0013 0013 0039 0013 0013 0013 0013 0013 0013 0013 0039 0013 0013 0013 0013 0013 0039 0013 0039 0013 0039 0013 0039 0013 0013 0013 0013 0013 0013 0013 0013 0013 0013 0013 0013 0013 0039 0013 0013 0013 0039 0013 0013 0013 0039 0013 0013 0013 0039 0013 0013 0013 0013 0013 0039 0013 0039 0013 0039 0013 0039 0013 0013 0013 0366
Rec Start	0000 006c 0000 0032 0098 004c 0013 0039 0013 0039 0013 0013 0013 0013 0013 0013 0013 0013 0013 0013 0013 0013 0013 0039 0013 0013 0013 0013 0013 0013 0013 0013 0013 0013 0013 0013 0013 0013 0013 0013 0013 0039 0013 0013 0013 0013 0013 0013 0013 0039 0013 0013 0013 0013 0013 0039 0013 0039 0013 0039 0013 0039 0013 0013 0013 0013 0013 0013 0013 0013 0013 0039 0013 0013 0013 0039 0013 0013 0013 0039 0013 0013 0013 0039 0013 0013 0013 0013 0013 0013 0013 0013 0013 0039 0013 0039 0013 0039 0013 0039 0013 0013 0013 0366
Rec Stop	0000 006c 0000 0032 0098 004c 0013 0039 0013 0039 0013 0013 0013 0013 0013 0013 0013 0013 0013 0013 0013 0013 0013 0039 0013 0013 0013 0013 0013 0013 0013 0013 0013 0013 0013 0013 0013 0013 0013 0013 0013 0039 0013 0013 0013 0013 0013 0013 0013 0039 0013 0013 0013 0013 0013 0039 0013 0039 0013 0039 0013 0039 0013 0013 0013 0013 0013 0013 0013 0013 0013 0013 0013 0039 0013 0039 0013 0013 0013 0039 0013 0013 0013 0039 0013 0013 0013 0039 0013 0039 0013 0013 0013 0039 0013 0039 0013 0039 0013 0039 0013 0013 0013 031a
Trk Mark	0000 006c 0000 0032 0098 004c 0013 0039 0013 0039 0013 0013 0013 0013 0013 0013 0013 0013 0013 0013 0013 0013 0013 0039 0013 0013 0013 0013 0013 0013 0013 0013 0013 0013 0013 0013 0013 0013 0013 0013 0013 0039 0013 0013 0013 0013 0013 0013 0013 0039 0013 0013 0013 0013 0013 0039 0013 0039 0013 0039 0013 0039 0013 0013 0013 0013 0013 0013 0013 0013 0013 0013 0013 0039 0013 0013 0013 0039 0013 0039 0013 0039 0013 0013 0013 0013 0013 0039 0013 0039 0013 0039 0013 0013 0013 0039 0013 0013 0013 0013 0013 0013 0013 0366
&lt;&lt;Search	0000 006c 0000 0032 0098 004c 0013 0039 0013 0039 0013 0013 0013 0013 0013 0013 0013 0013 0013 0013 0013 0013 0013 0039 0013 0013 0013 0013 0013 0013 0013 0013 0013 0013 0013 0013 0013 0013 0013 0013 0013 0039 0013 0013 0013 0013 0013 0013 0013 0039 0013 0013 0013 0013 0013 0039 0013 0039 0013 0039 0013 0039 0013 0013 0013 0013 0013 0013 0013 0013 0013 0039 0013 0039 0013 0039 0013 0013 0013 0013 0013 0013 0013 0013 0013 0013 0013 0013 0013 0039 0013 0013 0013 0039 0013 0013 0013 0039 0013 0013 0013 0013 0013 03b2
Search&gt;&gt;	0000 006c 0000 0032 0098 004c 0013 0039 0013 0039 0013 0013 0013 0013 0013 0013 0013 0013 0013 0013 0013 0013 0013 0039 0013 0013 0013 0013 0013 0013 0013 0013 0013 0013 0013 0013 0013 0013 0013 0013 0013 0039 0013 0013 0013 0013 0013 0013 0013 0039 0013 0013 0013 0013 0013 0039 0013 0039 0013 0039 0013 0039 0013 0013 0013 0013 0013 0013 0013 0013 0013 0013 0013 0039 0013 0039 0013 0013 0013 0013 0013 0013 0013 0013 0013 0013 0013 0039 0013 0039 0013 0013 0013 0039 0013 0013 0013 0039 0013 0013 0013 0013 0013 03b2
|&lt;&lt;Track	0000 006c 0000 0032 0098 004c 0013 0039 0013 0039 0013 0013 0013 0013 0013 0013 0013 0013 0013 0013 0013 0013 0013 0039 0013 0013 0013 0013 0013 0013 0013 0013 0013 0013 0013 0013 0013 0013 0013 0013 0013 0039 0013 0013 0013 0013 0013 0013 0013 0039 0013 0013 0013 0013 0013 0039 0013 0039 0013 0039 0013 0039 0013 0013 0013 0013 0013 0013 0013 0013 0013 0013 0013 0013 0013 0013 0013 0039 0013 0039 0013 0013 0013 0013 0013 0013 0013 0039 0013 0013 0013 0039 0013 0013 0013 0039 0013 0039 0013 0013 0013 0013 0013 03b2
Track&gt;&gt;|	0000 006c 0000 0032 0098 004c 0013 0039 0013 0039 0013 0013 0013 0013 0013 0013 0013 0013 0013 0013 0013 0013 0013 0039 0013 0013 0013 0013 0013 0013 0013 0013 0013 0013 0013 0013 0013 0013 0013 0013 0013 0039 0013 0013 0013 0013 0013 0013 0013 0039 0013 0013 0013 0013 0013 0039 0013 0039 0013 0039 0013 0039 0013 0013 0013 0013 0013 0013 0013 0013 0013 0039 0013 0013 0013 0013 0013 0039 0013 0039 0013 0013 0013 0013 0013 0013 0013 0013 0013 0013 0013 0039 0013 0013 0013 0039 0013 0039 0013 0013 0013 0013 0013 03b2
CD	0000 006c 0000 0032 0098 004c 0013 0039 0013 0039 0013 0013 0013 0013 0013 0013 0013 0013 0013 0013 0013 0013 0013 0039 0013 0013 0013 0013 0013 0013 0013 0013 0013 0013 0013 0013 0013 0013 0013 0013 0013 0039 0013 0013 0013 0013 0013 0013 0013 0039 0013 0013 0013 0013 0013 0039 0013 0039 0013 0039 0013 0039 0013 0013 0013 0013 0013 0013 0013 0013 0013 0013 0013 0039 0013 0039 0013 0039 0013 0013 0013 0013 0013 0013 0013 0013 0013 0039 0013 0039 0013 0013 0013 0013 0013 0013 0013 0039 0013 0013 0013 0013 0013 03b2
MD	0000 006c 0000 0032 0098 004c 0013 0039 0013 0039 0013 0013 0013 0013 0013 0013 0013 0013 0013 0013 0013 0013 0013 0039 0013 0013 0013 0013 0013 0013 0013 0013 0013 0013 0013 0013 0013 0013 0013 0013 0013 0039 0013 0013 0013 0013 0013 0013 0013 0039 0013 0013 0013 0013 0013 0039 0013 0039 0013 0039 0013 0039 0013 0013 0013 0013 0013 0013 0013 0013 0013 0039 0013 0039 0013 0039 0013 0039 0013 0013 0013 0013 0013 0013 0013 0013 0013 0013 0013 0039 0013 0013 0013 0013 0013 0013 0013 0039 0013 0013 0013 0013 0013 03b2
Stop	0000 006c 0000 0032 0098 004c 0013 0039 0013 0039 0013 0013 0013 0013 0013 0013 0013 0013 0013 0013 0013 0013 0013 0039 0013 0013 0013 0013 0013 0013 0013 0013 0013 0013 0013 0013 0013 0013 0013 0013 0013 0039 0013 0013 0013 0013 0013 0013 0013 0039 0013 0013 0013 0013 0013 0039 0013 0039 0013 0039 0013 0039 0013 0013 0013 0013 0013 0013 0013 0013 0013 0039 0013 0039 0013 0013 0013 0013 0013 0013 0013 0013 0013 0013 0013 0013 0013 0013 0013 0039 0013 0039 0013 0039 0013 0013 0013 0039 0013 0013 0013 0013 0013 03b2
Play	0000 006c 0000 0032 0098 004c 0013 0039 0013 0039 0013 0013 0013 0013 0013 0013 0013 0013 0013 0013 0013 0013 0013 0039 0013 0013 0013 0013 0013 0013 0013 0013 0013 0013 0013 0013 0013 0013 0013 0013 0013 0039 0013 0013 0013 0013 0013 0013 0013 0039 0013 0013 0013 0013 0013 0039 0013 0039 0013 0039 0013 0039 0013 0013 0013 0013 0013 0013 0013 0013 0013 0013 0013 0013 0013 0039 0013 0039 0013 0013 0013 0013 0013 0013 0013 0013 0013 0039 0013 0013 0013 0013 0013 0013 0013 0013 0013 0039 0013 0013 0013 0013 0013 03fe
