Power	0000 006c 0022 0002 0156 00ac 0015 0040 0016 0015 0015 0015 0016 0015 0016 0015 0015 0015 0016 0015 0016 0040 0016 0040 0015 0040 0016 0015 0015 0015 0016 0040 0015 0040 0016 0040 0016 0015 0016 0040 0016 0040 0015 0040 0016 0015 0015 0015 0016 0015 0016 0015 0015 0015 0016 0015 0016 0015 0015 0015 0016 0040 0015 0040 0016 0040 0016 0040 0015 0040 0016 061a 0157 0056 0015 0e4d
VCR1	0000 006c 0022 0002 0157 00ab 0016 0040 0016 0015 0016 0015 0015 0015 0016 0015 0016 0016 0015 0015 0016 0040 0015 0040 0016 0040 0016 0015 0016 0016 0015 0040 0016 0040 0016 0040 0015 0015 0016 0015 0016 0016 0015 0015 0016 0015 0016 0040 0016 0015 0016 0016 0015 0015 0016 0040 0015 0040 0016 0040 0016 0040 0015 0015 0016 0040 0015 0040 0016 0040 0016 061a 0157 0056 0016 0e4d
VCR2	0000 006c 0022 0002 0157 00ab 0016 0040 0016 0015 0016 0015 0015 0015 0016 0015 0016 0015 0015 0015 0016 0040 0015 0040 0016 0040 0016 0015 0016 0015 0015 0040 0016 0040 0016 0040 0015 0015 0016 0040 0015 0015 0016 0015 0016 0015 0015 0040 0016 0015 0015 0015 0016 0015 0016 0015 0015 0040 0016 0040 0016 0040 0015 0015 0016 0040 0015 0040 0016 0040 0016 061a 0157 0055 0016 0e4c
VCR3	0000 006c 0022 0002 0157 00ab 0016 0040 0015 0015 0016 0015 0016 0016 0015 0015 0016 0015 0016 0016 0015 0040 0016 0040 0016 0040 0015 0015 0016 0015 0016 0040 0016 0040 0015 0040 0016 0015 0015 0015 0016 0040 0015 0015 0016 0015 0016 0040 0016 0015 0016 0015 0015 0015 0016 0040 0015 0015 0016 0040 0015 0040 0016 0015 0015 0040 0016 0040 0016 0040 0015 061b 0156 0056 0016 0e4d
Tuner	0000 006c 0022 0002 0157 00ab 0016 0040 0016 0015 0016 0015 0015 0015 0016 0015 0016 0015 0015 0015 0016 0040 0015 0040 0016 0040 0016 0015 0016 0015 0015 0040 0016 0040 0016 0040 0015 0015 0016 0040 0015 0040 0016 0015 0015 0015 0016 0015 0016 0015 0015 0015 0016 0015 0016 0015 0015 0015 0016 0040 0015 0040 0016 0040 0016 0040 0015 0040 0016 0040 0016 061a 0157 0055 0016 0e4c
Acr1	0000 006c 0022 0002 0157 00ab 0016 0040 0015 0015 0016 0015 0016 0015 0015 0015 0016 0015 0016 0015 0015 0040 0016 0040 0016 0040 0015 0015 0016 0015 0016 0040 0016 0040 0015 0040 0016 0015 0015 0015 0016 0015 0016 0040 0016 0015 0016 0015 0015 0015 0016 0015 0016 0015 0015 0040 0016 0040 0016 0015 0016 0040 0016 0040 0015 0040 0016 0040 0016 0040 0015 061b 0156 0056 0016 0e4c
Phono	0000 006c 0022 0002 0157 00ab 0016 0040 0015 0015 0016 0015 0016 0015 0015 0015 0016 0015 0016 0015 0015 0040 0016 0040 0016 0040 0015 0015 0016 0015 0016 0040 0016 0040 0015 0040 0016 0015 0015 0040 0016 0015 0015 0015 0016 0015 0016 0015 0015 0015 0016 0015 0016 0015 0015 0015 0016 0040 0015 0040 0016 0040 0016 0040 0015 0040 0016 0040 0016 0040 0015 061b 0156 0056 0016 0e4c
CD	0000 006c 0022 0002 0156 00ac 0015 0040 0016 0015 0015 0015 0016 0015 0016 0015 0015 0015 0016 0015 0016 0040 0016 0040 0015 0040 0016 0015 0015 0015 0016 0040 0015 0040 0016 0040 0016 0015 0016 0015 0015 0040 0016 0015 0015 0015 0016 0015 0016 0015 0015 0015 0016 0015 0016 0040 0016 0015 0016 0040 0016 0040 0015 0040 0016 0040 0016 0040 0015 0040 0016 061a 0157 0056 0015 0e4d
Sleep	0000 006c 0022 0002 0157 00ab 0016 0040 0015 0015 0016 0015 0016 0015 0015 0015 0016 0015 0016 0015 0015 0040 0016 0040 0016 0040 0015 0015 0016 0015 0016 0040 0016 0040 0015 0040 0016 0015 0015 0040 0016 0015 0015 0015 0016 0015 0016 0015 0015 0015 0016 0040 0015 0015 0016 0015 0016 0040 0016 0040 0015 0040 0016 0040 0016 0040 0015 0015 0016 0040 0015 061b 0156 0056 0016 0e4c
1	0000 006c 0022 0002 0157 00ab 0016 0040 0015 0015 0016 0015 0016 0015 0015 0015 0016 0015 0016 0015 0015 0040 0016 0040 0016 0040 0015 0015 0016 0015 0016 0040 0016 0040 0015 0040 0016 0015 0015 0040 0016 0040 0016 0040 0015 0015 0016 0040 0015 0015 0016 0015 0016 0015 0015 0015 0016 0015 0016 0015 0015 0040 0016 0015 0015 0040 0016 0040 0016 0040 0015 061b 0156 0056 0016 0e4c
2	0000 006c 0022 0002 0157 00ab 0016 0040 0015 0015 0016 0015 0016 0015 0015 0015 0016 0015 0016 0015 0015 0040 0016 0040 0016 0040 0015 0015 0016 0015 0016 0040 0016 0040 0015 0040 0016 0015 0015 0015 0016 0015 0016 0015 0015 0040 0016 0040 0016 0015 0016 0015 0015 0015 0016 0040 0015 0040 0016 0040 0016 0015 0016 0015 0015 0040 0016 0040 0016 0040 0015 061b 0156 0056 0016 0e4c
3	0000 006c 0022 0002 0157 00ab 0016 0040 0015 0015 0016 0015 0016 0015 0015 0015 0016 0015 0016 0015 0015 0040 0016 0040 0016 0040 0015 0015 0016 0015 0016 0040 0016 0040 0015 0040 0016 0015 0015 0040 0016 0015 0015 0015 0016 0040 0015 0040 0016 0015 0015 0015 0016 0015 0016 0015 0015 0040 0016 0040 0016 0015 0016 0015 0015 0040 0016 0040 0016 0040 0015 061b 0156 0056 0016 0e4c
4	0000 006c 0022 0002 0157 00ab 0016 0040 0015 0015 0016 0015 0016 0015 0015 0015 0016 0015 0016 0015 0015 0040 0016 0040 0016 0040 0015 0015 0016 0015 0016 0040 0016 0040 0015 0040 0016 0015 0015 0015 0016 0040 0015 0015 0016 0040 0015 0040 0016 0015 0015 0015 0016 0015 0016 0040 0016 0015 0016 0040 0016 0015 0016 0015 0015 0040 0016 0040 0016 0040 0015 061b 0156 0056 0016 0e4c
5	0000 006c 0022 0002 0157 00ab 0016 0040 0015 0015 0016 0015 0016 0015 0015 0015 0016 0015 0016 0015 0015 0040 0016 0040 0016 0040 0015 0015 0016 0015 0016 0040 0016 0040 0015 0040 0016 0015 0015 0040 0016 0040 0016 0015 0016 0040 0016 0040 0015 0015 0016 0015 0016 0015 0015 0015 0016 0015 0016 0040 0016 0015 0016 0015 0015 0040 0016 0040 0016 0040 0015 061b 0156 0056 0016 0e4c
6	0000 006c 0022 0002 0157 00ab 0016 0040 0016 0015 0016 0015 0015 0015 0016 0015 0016 0015 0015 0015 0016 0040 0015 0040 0016 0040 0016 0015 0016 0015 0015 0040 0016 0040 0016 0040 0015 0015 0016 0015 0016 0015 0015 0040 0016 0040 0016 0040 0015 0015 0016 0015 0016 0015 0015 0040 0016 0040 0016 0015 0016 0015 0015 0015 0016 0040 0015 0040 0016 0040 0016 061a 0157 0055 0016 0e4c
7	0000 006c 0022 0002 0157 00ab 0016 0040 0016 0015 0016 0015 0015 0015 0016 0015 0016 0015 0015 0015 0016 0040 0015 0040 0016 0040 0016 0015 0016 0015 0015 0040 0016 0040 0016 0040 0015 0015 0016 0040 0015 0015 0016 0040 0015 0040 0016 0040 0016 0015 0016 0015 0015 0015 0016 0015 0016 0040 0016 0015 0016 0015 0015 0015 0016 0040 0015 0040 0016 0040 0016 061a 0157 0055 0016 0e4c
8	0000 006c 0022 0002 0157 00ab 0016 0040 0015 0015 0016 0015 0016 0015 0015 0015 0016 0015 0016 0015 0015 0040 0016 0040 0016 0040 0015 0015 0016 0015 0016 0040 0016 0040 0015 0040 0016 0015 0015 0015 0016 0040 0015 0040 0016 0040 0016 0040 0015 0015 0016 0015 0016 0015 0015 0040 0016 0015 0015 0015 0016 0015 0016 0015 0015 0040 0016 0040 0016 0040 0015 061b 0156 0056 0016 0e4c
9	0000 006c 0022 0002 0156 00ac 0015 0040 0016 0015 0015 0015 0016 0015 0016 0015 0015 0015 0016 0015 0016 0040 0016 0040 0015 0040 0016 0015 0015 0015 0016 0040 0015 0040 0016 0040 0016 0015 0016 0040 0016 0040 0015 0040 0016 0040 0016 0040 0015 0015 0016 0015 0016 0015 0015 0015 0016 0015 0016 0015 0015 0015 0016 0015 0016 0040 0016 0040 0015 0040 0016 061a 0157 0056 0015 0e4d
0	0000 006c 0022 0002 0157 00ab 0016 0040 0015 0015 0016 0015 0016 0015 0015 0015 0016 0015 0016 0015 0015 0040 0016 0040 0016 0040 0015 0015 0016 0015 0016 0040 0016 0040 0015 0040 0016 0015 0015 0015 0016 0015 0016 0015 0015 0015 0016 0015 0016 0015 0015 0040 0016 0015 0015 0040 0016 0040 0016 0040 0015 0040 0016 0040 0016 0040 0015 0015 0016 0040 0015 061b 0156 0056 0016 0e4c
Memory Scan	0000 006c 0022 0002 0156 00ac 0015 0040 0016 0015 0015 0015 0016 0015 0016 0015 0015 0015 0016 0015 0016 0040 0016 0040 0015 0040 0016 0015 0015 0015 0016 0040 0015 0040 0016 0040 0016 0015 0016 0040 0016 0040 0015 0040 0016 0040 0016 0015 0016 0015 0015 0015 0016 0015 0016 0015 0015 0015 0016 0015 0016 0015 0015 0040 0016 0040 0016 0040 0015 0040 0016 061a 0157 0056 0015 0e4d
Direct Tuning	0000 006c 0022 0002 0157 00ab 0016 0040 0015 0015 0016 0015 0016 0015 0015 0015 0016 0015 0016 0015 0015 0040 0016 0040 0016 0040 0015 0015 0016 0015 0016 0040 0016 0040 0015 0040 0016 0015 0015 0040 0016 0040 0016 0040 0015 0015 0016 0015 0016 0015 0015 0040 0016 0015 0015 0015 0016 0015 0016 0015 0015 0040 0016 0040 0016 0040 0015 0015 0016 0040 0015 061b 0156 0056 0016 0e4d
Band	0000 006c 0022 0002 0156 00ac 0015 0040 0016 0015 0015 0015 0016 0015 0016 0015 0015 0015 0016 0015 0016 0040 0016 0040 0015 0040 0016 0015 0015 0015 0016 0040 0015 0040 0016 0040 0016 0015 0016 0015 0015 0040 0016 0015 0015 0040 0016 0015 0015 0015 0016 0015 0016 0015 0015 0040 0016 0016 0015 0040 0016 0016 0015 0040 0016 0040 0016 0040 0015 0040 0016 061b 0157 0056 0015 0e4e
Tune+	0000 006c 0022 0002 0157 00ab 0016 0040 0015 0015 0016 0015 0016 0015 0015 0015 0016 0015 0016 0015 0015 0040 0016 0040 0016 0040 0015 0015 0016 0015 0016 0040 0016 0040 0015 0040 0016 0015 0015 0015 0016 0015 0016 0040 0016 0040 0015 0015 0016 0015 0016 0016 0015 0015 0016 0040 0015 0040 0016 0016 0015 0015 0016 0040 0015 0040 0016 0040 0016 0040 0015 061b 0156 0056 0016 0e4d
Tune-	0000 006c 0022 0002 0157 00ab 0016 0040 0016 0015 0016 0015 0015 0015 0016 0015 0016 0015 0015 0015 0016 0040 0015 0040 0016 0040 0016 0015 0016 0015 0015 0040 0016 0040 0016 0040 0015 0015 0016 0040 0015 0015 0016 0040 0015 0040 0016 0015 0015 0015 0016 0015 0016 0015 0015 0015 0016 0040 0015 0015 0016 0015 0016 0040 0016 0040 0015 0040 0016 0040 0016 061a 0157 0055 0016 0e4d
Test Tone	0000 006c 0022 0002 0157 00ab 0016 0040 0015 0015 0016 0015 0016 0015 0015 0015 0016 0015 0016 0015 0015 0040 0016 0040 0016 0040 0015 0015 0016 0015 0016 0040 0016 0040 0015 0040 0016 0015 0015 0015 0016 0015 0016 0015 0015 0040 0016 0015 0015 0015 0016 0040 0015 0015 0016 0040 0015 0040 0016 0040 0016 0015 0016 0040 0016 0040 0015 0015 0016 0040 0015 061b 0156 0056 0016 0e4c
Surround Mode	0000 006c 0022 0002 0157 00ab 0016 0040 0015 0015 0016 0015 0016 0015 0015 0015 0016 0015 0016 0015 0015 0040 0016 0040 0016 0040 0015 0015 0016 0015 0016 0040 0016 0040 0015 0040 0016 0015 0015 0015 0016 0015 0016 0040 0016 0015 0016 0040 0016 0015 0016 0015 0015 0015 0016 0040 0015 0040 0016 0015 0015 0040 0016 0015 0015 0040 0016 0040 0016 0040 0015 061b 0156 0056 0016 0e4c
Center Mode	0000 006c 0022 0002 0156 00ac 0015 0040 0016 0015 0015 0015 0016 0015 0016 0015 0015 0015 0016 0015 0016 0040 0016 0040 0015 0040 0016 0015 0015 0015 0016 0040 0015 0040 0016 0040 0016 0015 0016 0015 0015 0015 0016 0040 0015 0015 0016 0015 0016 0015 0015 0040 0016 0015 0015 0040 0016 0040 0016 0015 0016 0040 0016 0040 0015 0040 0016 0015 0015 0040 0016 061a 0157 0056 0015 0e4d
Delay Time	0000 006c 0022 0002 0157 00ab 0016 0040 0015 0015 0016 0015 0016 0015 0015 0015 0016 0015 0016 0015 0015 0040 0016 0040 0016 0040 0015 0015 0016 0015 0016 0040 0016 0040 0015 0040 0016 0015 0015 0015 0016 0040 0015 0040 0016 0040 0016 0015 0016 0015 0015 0015 0016 0015 0016 0040 0016 0015 0016 0015 0015 0015 0016 0040 0015 0040 0016 0040 0016 0040 0015 061b 0156 0056 0016 0e4c
Centr+	0000 006c 0022 0002 0156 00ac 0015 0040 0016 0015 0015 0015 0016 0015 0016 0015 0015 0015 0016 0015 0016 0040 0016 0040 0015 0040 0016 0015 0015 0015 0016 0040 0015 0040 0016 0040 0016 0015 0016 0040 0016 0015 0016 0015 0015 0040 0016 0015 0015 0015 0016 0040 0015 0015 0016 0015 0016 0040 0016 0040 0015 0015 0016 0040 0015 0040 0016 0015 0015 0040 0016 061a 0157 0056 0015 0e4d
Centr-	0000 006c 0022 0002 0157 00ab 0016 0040 0016 0015 0016 0015 0015 0015 0016 0015 0016 0015 0015 0015 0016 0040 0015 0040 0016 0040 0016 0015 0016 0015 0015 0040 0016 0040 0016 0040 0015 0015 0016 0015 0016 0040 0016 0015 0016 0040 0016 0015 0016 0015 0015 0040 0016 0015 0015 0040 0016 0015 0015 0040 0016 0015 0015 0040 0016 0040 0016 0015 0016 0040 0016 061a 0157 0055 0016 0e4c
Surr+	0000 006c 0022 0002 0157 00ab 0016 0040 0015 0015 0016 0015 0016 0015 0015 0015 0016 0015 0016 0015 0015 0040 0016 0040 0016 0040 0015 0015 0016 0015 0016 0040 0016 0040 0015 0040 0016 0015 0015 0015 0016 0040 0015 0015 0016 0015 0016 0015 0015 0015 0016 0040 0015 0015 0016 0040 0015 0015 0016 0040 0015 0040 0016 0040 0016 0040 0015 0015 0016 0040 0015 061b 0156 0056 0016 0e4c
Surr-	0000 006c 0022 0002 0157 00ab 0016 0040 0016 0015 0016 0015 0015 0015 0016 0015 0016 0015 0015 0015 0016 0040 0015 0040 0016 0040 0016 0015 0016 0015 0015 0040 0016 0040 0016 0040 0015 0015 0016 0040 0015 0040 0016 0015 0015 0015 0016 0015 0016 0015 0015 0040 0016 0015 0015 0015 0016 0015 0016 0040 0016 0040 0015 0040 0016 0040 0016 0015 0016 0040 0016 061a 0157 0055 0016 0e4c
Vol+	0000 006c 0022 0002 0156 00ac 0015 0040 0016 0015 0015 0015 0016 0015 0016 0015 0015 0015 0016 0015 0016 0040 0016 0040 0015 0040 0016 0015 0015 0015 0016 0040 0015 0040 0016 0040 0016 0015 0016 0040 0016 0015 0016 0040 0016 0015 0016 0015 0015 0015 0016 0015 0016 0015 0015 0015 0016 0040 0015 0015 0016 0040 0015 0040 0016 0040 0016 0040 0015 0040 0016 061a 0157 0056 0015 0e4d
Vol-	0000 006c 0022 0002 0157 00ab 0016 0040 0015 0015 0016 0015 0016 0015 0015 0015 0016 0015 0016 0015 0015 0040 0016 0040 0016 0040 0015 0015 0016 0015 0016 0040 0016 0040 0015 0040 0016 0015 0015 0015 0016 0040 0015 0040 0016 0015 0015 0015 0016 0015 0016 0015 0015 0015 0016 0040 0015 0015 0016 0015 0016 0040 0016 0040 0015 0040 0016 0040 0016 0040 0015 061b 0156 0056 0016 0e4c
Mute	0000 006c 0022 0002 0156 00ac 0015 0040 0016 0015 0015 0015 0016 0015 0016 0015 0015 0015 0016 0015 0016 0040 0016 0040 0015 0040 0016 0015 0015 0015 0016 0040 0015 0040 0016 0040 0016 0015 0016 0015 0015 0015 0016 0015 0016 0040 0016 0015 0016 0015 0015 0015 0016 0015 0016 0040 0016 0040 0015 0040 0016 0015 0015 0040 0016 0040 0016 0040 0015 0040 0016 061a 0157 0056 0015 0e4d
