1	0000 006d 0000 0012 0045 002a 0011 0011 0011 0011 0011 0011 0011 0011 0011 0011 0011 0011 0011 0011 0011 0011 0011 0011 0011 0011 0011 0011 0011 0011 0011 0011 0011 0011 0011 0011 0011 0011 0023 05ba
2	0000 006d 0000 0010 0045 002a 0011 0011 0011 0011 0011 0011 0011 0011 0023 0023 0011 0011 0011 0011 0011 0011 0011 0011 0011 0011 0011 0011 0023 0023 0011 0011 0011 0011 0023 05ba
3	0000 006d 0000 0010 0045 002a 0011 0011 0011 0011 0011 0011 0011 0011 0011 0011 0023 0023 0011 0011 0011 0011 0011 0011 0011 0011 0011 0011 0011 0011 0023 0023 0011 0011 0023 05ba
4	0000 006d 0000 0010 0045 002a 0011 0011 0011 0011 0011 0011 0011 0011 0023 0011 0011 0023 0011 0011 0011 0011 0011 0011 0011 0011 0011 0011 0023 0011 0011 0023 0011 0011 0023 05bb
5	0000 006d 0000 000f 0045 002a 0011 0011 0011 0011 0011 0011 0011 0011 0023 0023 0011 0011 0023 0023 0011 0011 0011 0011 0011 0011 0023 0023 0011 0011 0023 0011 0011 05bb
6	0000 006d 0000 000f 0045 002a 0011 0011 0011 0011 0011 0011 0011 0011 0011 0011 0023 0011 0011 0023 0011 0011 0011 0011 0023 0023 0011 0011 0023 0023 0023 0011 0011 05bc
7	0000 006d 0000 000f 0045 002a 0011 0011 0011 0011 0011 0011 0011 0011 0023 0011 0011 0011 0011 0023 0011 0011 0011 0011 0023 0023 0023 0011 0011 0023 0023 0011 0011 05bc
8	0000 006d 0000 0010 0045 002a 0011 0011 0011 0011 0011 0011 0011 0011 0011 0011 0011 0011 0011 0011 0023 0023 0011 0011 0023 0023 0011 0011 0011 0011 0023 0011 0011 0011 0011 05bb
9	0000 006d 0000 0010 0045 002a 0011 0011 0011 0011 0011 0011 0011 0011 0011 0011 0011 0011 0023 0023 0011 0011 0011 0011 0023 0023 0011 0011 0011 0011 0011 0011 0023 0011 0011 05bb
0	0000 006d 0000 000e 0045 002a 0011 0011 0011 0011 0011 0011 0011 0011 0023 0023 0023 0023 0011 0011 0011 0011 0023 0023 0023 0023 0011 0011 0023 0011 0011 05bb
Enter	0000 006d 0000 000f 0045 002a 0011 0011 0011 0011 0011 0011 0011 0011 0011 0011 0023 0023 0023 0011 0011 0023 0011 0011 0011 0011 0023 0011 0011 0023 0023 0011 0011 05bb
Top	0000 006d 0000 0010 0045 002a 0012 0012 0012 0012 0012 0012 0012 0012 0012 0012 0022 0022 0022 0022 0022 0012 0012 0022 0012 0012 0012 0012 0012 0012 0012 0012 0012 0012 0012 05a9
Bottom	0000 006d 0000 000f 0045 002a 0011 0011 0011 0011 0011 0011 0011 0011 0011 0011 0023 0023 0023 0023 0011 0011 0011 0011 0011 0011 0011 0011 0023 0023 0023 0011 0011 05ba
Back	0000 006d 0000 0010 0045 002a 0011 0011 0011 0011 0011 0011 0011 0011 0011 0011 0023 0011 0011 0023 0011 0011 0011 0011 0011 0011 0011 0011 0011 0011 0023 0011 0011 0023 0023 05bb
Advanced	0000 006d 0000 000f 0045 002a 0011 0011 0011 0011 0011 0011 0011 0011 0023 0011 0011 0023 0023 0023 0011 0011 0023 0023 0023 0011 0011 0011 0011 0011 0011 0011 0011 05bb
Up	0000 006d 0000 000e 0045 002a 0011 0011 0011 0011 0011 0011 0011 0011 0023 0011 0011 0023 0023 0023 0023 0023 0011 0011 0023 0023 0023 0011 0011 0011 0011 05bc
Down	0000 006d 0000 000f 0045 002a 0011 0011 0011 0011 0011 0011 0011 0011 0011 0011 0023 0023 0023 0023 0023 0023 0011 0011 0011 0011 0011 0011 0023 0011 0011 0011 0011 05bb
Left	0000 006d 0000 000f 0045 002a 0011 0011 0011 0011 0011 0011 0011 0011 0011 0011 0023 0023 0023 0023 0011 0011 0023 0023 0011 0011 0023 0011 0011 0011 0011 0011 0011 05bb
Right	0000 006d 0000 0010 0045 002a 0011 0011 0011 0011 0011 0011 0011 0011 0023 0011 0011 0023 0023 0011 0011 0011 0011 0023 0011 0011 0011 0011 0023 0011 0011 0011 0011 0011 0011 05bb
Select	0000 006d 0000 000f 0045 002a 0011 0011 0011 0011 0011 0011 0011 0011 0011 0011 0023 0023 0023 0011 0011 0023 0011 0011 0011 0011 0023 0011 0011 0023 0023 0011 0011 05bb
Song Fwd	0000 006d 0000 0010 0045 002a 0011 0011 0011 0011 0011 0011 0011 0011 0011 0011 0011 0011 0011 0011 0023 0011 0011 0023 0011 0011 0011 0011 0023 0023 0011 0011 0023 0011 0011 05ba
Song Rev	0000 006d 0000 0010 0045 002a 0011 0011 0011 0011 0011 0011 0011 0011 0023 0011 0011 0011 0011 0023 0023 0023 0011 0011 0011 0011 0011 0011 0011 0011 0011 0011 0023 0011 0011 05bb
Track Fwd	0000 006d 0000 000f 0045 002a 0011 0011 0011 0011 0011 0011 0011 0011 0011 0011 0023 0011 0011 0023 0023 0023 0011 0011 0011 0011 0023 0011 0011 0011 0011 0023 0023 05bc
Track Rev	0000 006d 0000 000e 0045 002a 0011 0011 0011 0011 0011 0011 0011 0011 0023 0023 0023 0023 0011 0011 0011 0011 0011 0011 0011 0011 0023 0023 0023 0023 0023 05bb
Play	0000 006d 0000 0010 0045 002a 0011 0011 0011 0011 0011 0011 0011 0011 0023 0011 0011 0011 0011 0023 0011 0011 0011 0011 0011 0011 0011 0011 0023 0011 0011 0011 0011 0023 0023 05bb
Stop	0000 006d 0000 0011 0045 002a 0011 0011 0011 0011 0011 0011 0011 0011 0011 0011 0011 0011 0011 0011 0023 0023 0011 0011 0011 0011 0011 0011 0011 0011 0011 0011 0011 0011 0023 0011 0011 05bb
Pause	0000 006d 0000 0010 0045 002a 0011 0011 0011 0011 0011 0011 0011 0011 0011 0011 0011 0011 0023 0023 0011 0011 0011 0011 0011 0011 0011 0011 0011 0011 0011 0011 0023 0023 0023 05ba
Clear	0000 006d 0000 000e 0045 002a 0011 0011 0011 0011 0011 0011 0011 0011 0023 0023 0023 0023 0023 0023 0011 0011 0011 0011 0011 0011 0023 0011 0011 0023 0023 05bb
Ch/PG Up	0000 006d 0000 000f 0045 002a 0011 0011 0011 0011 0011 0011 0011 0011 0011 0011 0023 0023 0023 0011 0011 0011 0011 0011 0011 0023 0023 0023 0011 0011 0011 0011 0023 05bb
Ch/PG Dn	0000 006d 0000 000f 0045 002a 0011 0011 0011 0011 0011 0011 0011 0011 0011 0011 0023 0023 0023 0011 0011 0023 0023 0023 0023 0011 0011 0011 0011 0011 0011 0011 0011 05bd
Tb100	0000 006d 0000 000e 0045 002a 0011 0011 0011 0011 0011 0011 0011 0011 0023 0023 0023 0023 0011 0011 0023 0023 0011 0011 0023 0011 0011 0011 0011 0023 0023 05bb
Done	0000 006d 0000 000e 0045 002a 0011 0011 0011 0011 0011 0011 0011 0011 0011 0011 0011 0011 0023 0023 0023 0023 0011 0011 0011 0011 0023 0023 0023 0023 0023 05bb
Setup	0000 006d 0000 000f 0045 002a 0011 0011 0011 0011 0011 0011 0011 0011 0011 0011 0011 0011 0023 0023 0011 0011 0023 0023 0011 0011 0011 0011 0023 0011 0011 0023 0023 05bc
