LE Click	0000 006C 0000 0013 0000 002E 0000 0017 0000 002E 0000 002E 0000 0017 0000 0017 0000 0017 0000 0017 0000 0017 0000 0017 0000 0017 0000 0017 0000 0017 0000 0017 0000 0017 0000 0017 0000 002E 0000 0017 0000 1142
Rig Click	0000 006C 0000 0013 0000 002F 0000 002F 0000 0017 0000 002F 0000 0017 0000 0017 0000 0017 0000 0017 0000 0017 0000 0017 0000 0017 0000 0017 0000 0017 0000 0017 0000 0017 0000 002F 0000 0017 0000 0017 0000 1142
Back	0000 006C 0000 0010 0000 002F 0000 0017 0000 0017 0000 0017 0000 0017 0000 0017 0000 0017 0000 002F 0000 0017 0000 0017 0000 0017 0000 0017 0000 0017 0000 0017 0000 002F 0000 1DB6 0000 002F 0000 0017 0000 0017 0000 0017 0000 0017 0000 0017 0000 0017 0000 002F 0000 0017 0000 0017 0000 0017 0000 0017 0000 0017 0000 0017 0000 002F 0000 054B
Play	0000 006C 0000 0010 0000 002F 0000 0017 0000 0017 0000 0017 0000 0017 0000 0017 0000 0017 0000 002F 0000 0017 0000 0017 0000 0017 0000 0017 0000 0017 0000 0017 0000 002F 0000 0543
Stop	0000 006C 0000 0011 0000 002F 0000 0017 0000 0017 0000 0017 0000 0017 0000 0017 0000 0017 0000 0017 0000 002F 0000 0017 0000 0017 0000 0017 0000 0017 0000 0017 0000 0017 0000 0017 0000 054B
Pause	0000 006C 0000 0010 0000 002E 0000 0017 0000 0017 0000 0017 0000 0017 0000 0017 0000 0017 0000 002E 0000 0017 0000 0017 0000 0017 0000 0017 0000 0017 0000 0017 0000 002E 0000 0554
Track-	0000 006C 0000 000E 0000 002F 0000 0017 0000 0017 0000 0017 0000 0017 0000 002F 0000 002F 0000 0017 0000 0017 0000 0017 0000 0017 0000 002F 0000 002F 0000 054D
Track+	0000 006C 0000 000F 0000 002E 0000 0017 0000 0017 0000 0017 0000 0017 0000 0017 0000 0017 0000 002E 0000 002E 0000 0017 0000 0017 0000 0017 0000 0017 0000 002E 0000 0546
Song-	0000 006C 0000 0010 0000 002F 0000 0017 0000 0017 0000 0017 0000 0017 0000 0017 0000 0017 0000 002F 0000 002F 0000 0017 0000 0017 0000 0017 0000 0017 0000 0017 0000 0017 0000 0546
Song+	0000 006C 0000 0010 0000 002F 0000 0017 0000 0017 0000 0017 0000 0017 0000 0017 0000 0017 0000 0017 0000 0017 0000 002F 0000 0017 0000 0017 0000 002F 0000 0017 0000 0017 0000 0546
Done	0000 006C 0000 000E 0000 002E 0000 0017 0000 0017 0000 0017 0000 0017 0000 0017 0000 0017 0000 002E 0000 002E 0000 0017 0000 0017 0000 002E 0000 002E 0000 1DF8 0000 002E 0000 0017 0000 0017 0000 0017 0000 0017 0000 0017 0000 0017 0000 002E 0000 002E 0000 0017 0000 0017 0000 002E 0000 002E 0000 0550
Clear	0000 006C 0000 000E 0000 002F 0000 0017 0000 0017 0000 0017 0000 0017 0000 002F 0000 002F 0000 002F 0000 0017 0000 0017 0000 0017 0000 0017 0000 002F 0000 1DD4 0000 002F 0000 0017 0000 0017 0000 0017 0000 0017 0000 002F 0000 002F 0000 002F 0000 0017 0000 0017 0000 0017 0000 0017 0000 002F 0000 054B
Abc	0000 006C 0000 000F 0000 002F 0000 0017 0000 0017 0000 0017 0000 0017 0000 0017 0000 0017 0000 0017 0000 002F 0000 002F 0000 0017 0000 0017 0000 002F 0000 0017 0000 1D6C 0000 002F 0000 0017 0000 0017 0000 0017 0000 0017 0000 0017 0000 0017 0000 0017 0000 002F 0000 002F 0000 0017 0000 0017 0000 002F 0000 0017 0000 0546
Setup	0000 006C 0000 000F 0000 002F 0000 0017 0000 0017 0000 0017 0000 0017 0000 0017 0000 0017 0000 002F 0000 0017 0000 002F 0000 0017 0000 0017 0000 0017 0000 002F 0000 1DEF 0000 002F 0000 0017 0000 0017 0000 0017 0000 0017 0000 0017 0000 0017 0000 002F 0000 0017 0000 002F 0000 0017 0000 0017 0000 0017 0000 002F 0000 054F
Power	0000 006C 0000 000E 0000 002F 0000 0017 0000 0017 0000 0017 0000 0017 0000 002F 0000 002F 0000 0017 0000 002F 0000 0017 0000 0017 0000 0017 0000 002F 0000 1DC8 0000 002F 0000 0017 0000 0017 0000 0017 0000 0017 0000 002F 0000 002F 0000 0017 0000 002F 0000 0017 0000 0017 0000 0017 0000 002F 0000 0547
N Lock	0000 006C 0000 000E 0000 002F 0000 0017 0000 0017 0000 0017 0000 0017 0000 0017 0000 0017 0000 0017 0000 0017 0000 002F 0000 002F 0000 002F 0000 002F 0000 1E6E 0000 002F 0000 0017 0000 0017 0000 0017 0000 0017 0000 0017 0000 0017 0000 0017 0000 0017 0000 002F 0000 002F 0000 002F 0000 002F 0000 0559
Prtsc	0000 006C 0000 000F 0000 002F 0000 0017 0000 0017 0000 0017 0000 0017 0000 0017 0000 002F 0000 0017 0000 002F 0000 002F 0000 0017 0000 0017 0000 0017 0000 0017 0000 1D03 0000 002F 0000 0017 0000 0017 0000 0017 0000 0017 0000 0017 0000 002F 0000 0017 0000 002F 0000 002F 0000 0017 0000 0017 0000 0017 0000 0017 0000 053C
Scro Lock	0000 006C 0000 0010 0000 002F 0000 0017 0000 0017 0000 0017 0000 0017 0000 0017 0000 0017 0000 0017 0000 0017 0000 0017 0000 0017 0000 002F 0000 0017 0000 0017 0000 002F 0000 1E72 0000 002F 0000 0017 0000 0017 0000 0017 0000 0017 0000 0017 0000 0017 0000 0017 0000 0017 0000 0017 0000 0017 0000 002F 0000 0017 0000 0017 0000 002F 0000 055D
Pau Break	0000 006C 0000 000F 0000 002F 0000 0017 0000 0017 0000 0017 0000 0017 0000 0017 0000 002F 0000 0017 0000 0017 0000 0017 0000 002F 0000 0017 0000 002F 0000 0017 0000 1CF9 0000 002F 0000 0017 0000 0017 0000 0017 0000 0017 0000 0017 0000 002F 0000 0017 0000 0017 0000 0017 0000 002F 0000 0017 0000 002F 0000 0017 0000 0537
1/!	0000 006C 0000 0012 0000 002D 0000 0017 0000 0017 0000 0017 0000 0017 0000 0017 0000 0017 0000 0017 0000 0017 0000 0017 0000 0017 0000 0017 0000 0017 0000 0017 0000 0017 0000 0017 0000 0017 0000 0562
2/@	0000 006C 0000 0010 0000 002D 0000 0017 0000 0017 0000 0017 0000 0017 0000 002D 0000 0017 0000 0017 0000 0017 0000 0017 0000 0017 0000 0017 0000 002D 0000 0017 0000 0017 0000 1E5C 0000 002D 0000 0017 0000 0017 0000 0017 0000 0017 0000 002D 0000 0017 0000 0017 0000 0017 0000 0017 0000 0017 0000 0017 0000 002D 0000 0017 0000 0017 0000 055A
3/#	0000 006C 0000 0010 0000 002F 0000 0017 0000 0017 0000 0017 0000 0017 0000 0017 0000 002F 0000 0017 0000 0017 0000 0017 0000 0017 0000 0017 0000 0017 0000 002F 0000 0017 0000 1E3C 0000 002F 0000 0017 0000 0017 0000 0017 0000 0017 0000 0017 0000 002F 0000 0017 0000 0017 0000 0017 0000 0017 0000 0017 0000 0017 0000 002F 0000 0017 0000 0558
4/$	0000 006C 0000 0010 0000 002F 0000 0017 0000 0017 0000 0017 0000 0017 0000 0017 0000 002F 0000 0017 0000 0017 0000 0017 0000 0017 0000 0017 0000 0017 0000 002F 0000 0017 0000 1E18 0000 002F 0000 0017 0000 0017 0000 0017 0000 0017 0000 0017 0000 002F 0000 0017 0000 0017 0000 0017 0000 0017 0000 0017 0000 0017 0000 002F 0000 0017 0000 0552
5/%	0000 006C 0000 000F 0000 002F 0000 0017 0000 0017 0000 0017 0000 0017 0000 002F 0000 0017 0000 002F 0000 0017 0000 0017 0000 0017 0000 002F 0000 0017 0000 0017 0000 1D53 0000 002F 0000 0017 0000 0017 0000 0017 0000 0017 0000 002F 0000 0017 0000 002F 0000 0017 0000 0017 0000 0017 0000 002F 0000 0017 0000 0017 0000 0544
6/^	0000 006C 0000 000F 0000 002F 0000 0017 0000 0017 0000 0017 0000 0017 0000 0017 0000 0017 0000 002F 0000 0017 0000 0017 0000 002F 0000 0017 0000 002F 0000 0017 0000 1DA8 0000 002F 0000 0017 0000 0017 0000 0017 0000 0017 0000 0017 0000 0017 0000 002F 0000 0017 0000 0017 0000 002F 0000 0017 0000 002F 0000 0017 0000 0548
7/&	0000 006C 0000 000F 0000 002F 0000 0017 0000 0017 0000 0017 0000 0017 0000 0017 0000 0017 0000 002F 0000 0017 0000 0017 0000 002F 0000 0017 0000 002F 0000 0017 0000 1D82 0000 002F 0000 0017 0000 0017 0000 0017 0000 0017 0000 0017 0000 0017 0000 002F 0000 0017 0000 0017 0000 002F 0000 0017 0000 002F 0000 0017 0000 0543
8/*	0000 006C 0000 0010 0000 002E 0000 0017 0000 0017 0000 0017 0000 0017 0000 0017 0000 0017 0000 0017 0000 002E 0000 0017 0000 002E 0000 0017 0000 0017 0000 0017 0000 0017 0000 1D69 0000 002E 0000 0017 0000 0017 0000 0017 0000 0017 0000 0017 0000 0017 0000 0017 0000 002E 0000 0017 0000 002E 0000 0017 0000 0017 0000 0017 0000 0017 0000 0545
9/(	0000 006C 0000 0010 0000 002F 0000 0017 0000 0017 0000 0017 0000 0017 0000 0017 0000 0017 0000 002F 0000 0017 0000 0017 0000 002F 0000 0017 0000 0017 0000 0017 0000 0017 0000 1DEC 0000 002F 0000 0017 0000 0017 0000 0017 0000 0017 0000 0017 0000 0017 0000 002F 0000 0017 0000 0017 0000 002F 0000 0017 0000 0017 0000 0017 0000 0017 0000 0551
0/)	0000 006C 0000 000E 0000 002F 0000 0017 0000 0017 0000 0017 0000 0017 0000 002F 0000 002F 0000 0017 0000 0017 0000 002F 0000 002F 0000 0017 0000 0017 0000 1DC8 0000 002F 0000 0017 0000 0017 0000 0017 0000 0017 0000 002F 0000 002F 0000 0017 0000 0017 0000 002F 0000 002F 0000 0017 0000 0017 0000 054B
Minus/Underscore	0000 006C 0000 000F 0000 002F 0000 0017 0000 0017 0000 0017 0000 0017 0000 0017 0000 0017 0000 002F 0000 0017 0000 002F 0000 0017 0000 0017 0000 002F 0000 0017 0000 1D87 0000 002F 0000 0017 0000 0017 0000 0017 0000 0017 0000 0017 0000 0017 0000 002F 0000 0017 0000 002F 0000 0017 0000 0017 0000 002F 0000 0017 0000 0541
Plus/Equal	0000 006C 0000 0010 0000 002F 0000 0017 0000 0017 0000 0017 0000 0017 0000 0017 0000 0017 0000 0017 0000 0017 0000 0017 0000 002F 0000 0017 0000 0017 0000 002F 0000 0017 0000 1D67 0000 002F 0000 0017 0000 0017 0000 0017 0000 0017 0000 0017 0000 0017 0000 0017 0000 0017 0000 0017 0000 002F 0000 0017 0000 0017 0000 002F 0000 0017 0000 0540
Baskspace	0000 006C 0000 000F 0000 002F 0000 0017 0000 0017 0000 0017 0000 0017 0000 002F 0000 002F 0000 0017 0000 002F 0000 0017 0000 0017 0000 0017 0000 0017 0000 0017 0000 1DCC 0000 002F 0000 0017 0000 0017 0000 0017 0000 0017 0000 002F 0000 002F 0000 0017 0000 002F 0000 0017 0000 0017 0000 0017 0000 0017 0000 0017 0000 054A
Top	0000 006C 0000 000F 0000 002F 0000 0017 0000 0017 0000 0017 0000 0017 0000 0017 0000 002F 0000 002F 0000 0017 0000 002F 0000 0017 0000 0017 0000 0017 0000 0017 0000 1D1D 0000 002F 0000 0017 0000 0017 0000 0017 0000 0017 0000 0017 0000 002F 0000 002F 0000 0017 0000 002F 0000 0017 0000 0017 0000 0017 0000 0017 0000 0541
Arr Right/Left	0000 006C 0000 000F 0000 002F 0000 0017 0000 0017 0000 0017 0000 0017 0000 002F 0000 0017 0000 0017 0000 002F 0000 002F 0000 0017 0000 0017 0000 0017 0000 0017 0000 1D40 0000 002F 0000 0017 0000 0017 0000 0017 0000 0017 0000 002F 0000 0017 0000 0017 0000 002F 0000 002F 0000 0017 0000 0017 0000 0017 0000 0017 0000 053C
Q	0000 006C 0000 0010 0000 002F 0000 0017 0000 0017 0000 0017 0000 0017 0000 0017 0000 0017 0000 0017 0000 0017 0000 002F 0000 0017 0000 0017 0000 002F 0000 0017 0000 0017 0000 1E7D 0000 002F 0000 0017 0000 0017 0000 0017 0000 0017 0000 0017 0000 0017 0000 0017 0000 0017 0000 002F 0000 0017 0000 0017 0000 002F 0000 0017 0000 0017 0000 055D
W	0000 006C 0000 000F 0000 002F 0000 0017 0000 0017 0000 0017 0000 0017 0000 002F 0000 0017 0000 0017 0000 002F 0000 0017 0000 0017 0000 0017 0000 002F 0000 0017 0000 1E5C 0000 002F 0000 0017 0000 0017 0000 0017 0000 0017 0000 002F 0000 0017 0000 0017 0000 002F 0000 0017 0000 0017 0000 0017 0000 002F 0000 0017 0000 0559
E	0000 006C 0000 000F 0000 002E 0000 0017 0000 0017 0000 0017 0000 0017 0000 0017 0000 002E 0000 0017 0000 002E 0000 0017 0000 0017 0000 0017 0000 002E 0000 0017 0000 1E38 0000 002E 0000 0017 0000 0017 0000 0017 0000 0017 0000 0017 0000 002E 0000 0017 0000 002E 0000 0017 0000 0017 0000 0017 0000 002E 0000 0017 0000 0554
R	0000 006C 0000 000F 0000 002F 0000 0017 0000 0017 0000 0017 0000 0017 0000 0017 0000 002F 0000 0017 0000 002F 0000 0017 0000 0017 0000 0017 0000 0017 0000 002F 0000 1E18 0000 002F 0000 0017 0000 0017 0000 0017 0000 0017 0000 0017 0000 002F 0000 0017 0000 002F 0000 0017 0000 0017 0000 0017 0000 0017 0000 002F 0000 0552
T	0000 006C 0000 000F 0000 002F 0000 0017 0000 0017 0000 0017 0000 0017 0000 002F 0000 0017 0000 0017 0000 002F 0000 0017 0000 0017 0000 0017 0000 002F 0000 0017 0000 1D51 0000 002F 0000 0017 0000 0017 0000 0017 0000 0017 0000 002F 0000 0017 0000 0017 0000 002F 0000 0017 0000 0017 0000 0017 0000 002F 0000 0017 0000 0541
Y	0000 006C 0000 000E 0000 002F 0000 0017 0000 0017 0000 0017 0000 0017 0000 0017 0000 0017 0000 002F 0000 002F 0000 002F 0000 0017 0000 002F 0000 0017 0000 1DA3 0000 002F 0000 0017 0000 0017 0000 0017 0000 0017 0000 0017 0000 0017 0000 002F 0000 002F 0000 002F 0000 0017 0000 002F 0000 0017 0000 0544
U	0000 006C 0000 000F 0000 002F 0000 0017 0000 0017 0000 0017 0000 0017 0000 0017 0000 0017 0000 002F 0000 002F 0000 002F 0000 0017 0000 0017 0000 0017 0000 0017 0000 1D81 0000 002F 0000 0017 0000 0017 0000 0017 0000 0017 0000 0017 0000 0017 0000 002F 0000 002F 0000 002F 0000 0017 0000 0017 0000 0017 0000 0017 0000 0541
I	0000 006C 0000 000F 0000 002F 0000 0017 0000 0017 0000 0017 0000 0017 0000 0017 0000 0017 0000 0017 0000 0017 0000 002F 0000 002F 0000 002F 0000 0017 0000 0017 0000 1D64 0000 002F 0000 0017 0000 0017 0000 0017 0000 0017 0000 0017 0000 0017 0000 0017 0000 0017 0000 002F 0000 002F 0000 002F 0000 0017 0000 0017 0000 0542
O	0000 006C 0000 000E 0000 002F 0000 0017 0000 0017 0000 0017 0000 0017 0000 0017 0000 0017 0000 002F 0000 002F 0000 002F 0000 002F 0000 0017 0000 0017 0000 1DE9 0000 002F 0000 0017 0000 0017 0000 0017 0000 0017 0000 0017 0000 0017 0000 002F 0000 002F 0000 002F 0000 002F 0000 0017 0000 0017 0000 054D
P	0000 006C 0000 000D 0000 002F 0000 0017 0000 0017 0000 0017 0000 0017 0000 002F 0000 002F 0000 002F 0000 002F 0000 0017 0000 002F 0000 0017 0000 1DC5 0000 002F 0000 0017 0000 0017 0000 0017 0000 0017 0000 002F 0000 002F 0000 002F 0000 002F 0000 0017 0000 002F 0000 0017 0000 0548
Square/Aquigg Brackets-Open	0000 006C 0000 0010 0000 002F 0000 0017 0000 0017 0000 0017 0000 0017 0000 0017 0000 0017 0000 002F 0000 0017 0000 002F 0000 0017 0000 0017 0000 0017 0000 0017 0000 0017 0000 1DAE 0000 002F 0000 0017 0000 0017 0000 0017 0000 0017 0000 0017 0000 0017 0000 002F 0000 0017 0000 002F 0000 0017 0000 0017 0000 0017 0000 0017 0000 0017 0000 054A
Square/Aquigg Brackets-Close	0000 006C 0000 000F 0000 002F 0000 0017 0000 0017 0000 0017 0000 0017 0000 0017 0000 0017 0000 002F 0000 0017 0000 002F 0000 0017 0000 002F 0000 0017 0000 0017 0000 1D87 0000 002F 0000 0017 0000 0017 0000 0017 0000 0017 0000 0017 0000 0017 0000 002F 0000 0017 0000 002F 0000 0017 0000 002F 0000 0017 0000 0017 0000 0543
BA Slash/PIP	0000 006C 0000 000F 0000 002F 0000 0017 0000 0017 0000 0017 0000 0017 0000 0017 0000 0017 0000 002F 0000 0017 0000 002F 0000 0017 0000 0017 0000 0017 0000 002F 0000 1DE9 0000 002F 0000 0017 0000 0017 0000 0017 0000 0017 0000 0017 0000 0017 0000 002F 0000 0017 0000 002F 0000 0017 0000 0017 0000 0017 0000 002F 0000 054A
PR Page	0000 006C 0000 000F 0000 002F 0000 0017 0000 0017 0000 0017 0000 0017 0000 0017 0000 002F 0000 0017 0000 0017 0000 0017 0000 002F 0000 002F 0000 0017 0000 0017 0000 1D18 0000 002F 0000 0017 0000 0017 0000 0017 0000 0017 0000 0017 0000 002F 0000 0017 0000 0017 0000 0017 0000 002F 0000 002F 0000 0017 0000 0017 0000 053C
CA Lock	0000 006C 0000 000F 0000 002F 0000 0017 0000 0017 0000 0017 0000 0017 0000 002F 0000 0017 0000 002F 0000 0017 0000 002F 0000 0017 0000 0017 0000 0017 0000 0017 0000 1D34 0000 002F 0000 0017 0000 0017 0000 0017 0000 0017 0000 002F 0000 0017 0000 002F 0000 0017 0000 002F 0000 0017 0000 0017 0000 0017 0000 0017 0000 053A
A	0000 006C 0000 0010 0000 002F 0000 0017 0000 0017 0000 0017 0000 0017 0000 0017 0000 0017 0000 0017 0000 0017 0000 0017 0000 002F 0000 0017 0000 0017 0000 002F 0000 0017 0000 1E76 0000 002F 0000 0017 0000 0017 0000 0017 0000 0017 0000 0017 0000 0017 0000 0017 0000 0017 0000 0017 0000 002F 0000 0017 0000 0017 0000 002F 0000 0017 0000 055D
S	0000 006C 0000 000F 0000 002F 0000 0017 0000 0017 0000 0017 0000 0017 0000 002F 0000 0017 0000 0017 0000 0017 0000 002F 0000 0017 0000 0017 0000 002F 0000 0017 0000 1E51 0000 002F 0000 0017 0000 0017 0000 0017 0000 0017 0000 002F 0000 0017 0000 0017 0000 0017 0000 002F 0000 0017 0000 0017 0000 002F 0000 0017 0000 0556
D	0000 006C 0000 000F 0000 002F 0000 0017 0000 0017 0000 0017 0000 0017 0000 0017 0000 002F 0000 0017 0000 0017 0000 002F 0000 0017 0000 0017 0000 0017 0000 002F 0000 1E32 0000 002F 0000 0017 0000 0017 0000 0017 0000 0017 0000 0017 0000 002F 0000 0017 0000 0017 0000 002F 0000 0017 0000 0017 0000 0017 0000 002F 0000 0555
F	0000 006C 0000 000E 0000 002F 0000 0017 0000 0017 0000 0017 0000 0017 0000 0017 0000 002F 0000 0017 0000 0017 0000 002F 0000 0017 0000 002F 0000 002F 0000 1E0D 0000 002F 0000 0017 0000 0017 0000 0017 0000 0017 0000 0017 0000 002F 0000 0017 0000 0017 0000 002F 0000 0017 0000 002F 0000 002F 0000 054F
G	0000 006C 0000 000E 0000 002F 0000 0017 0000 0017 0000 0017 0000 0017 0000 002F 0000 0017 0000 002F 0000 002F 0000 0017 0000 0017 0000 002F 0000 0017 0000 1D46 0000 002F 0000 0017 0000 0017 0000 0017 0000 0017 0000 002F 0000 0017 0000 002F 0000 002F 0000 0017 0000 0017 0000 002F 0000 0017 0000 053E
H	0000 006C 0000 0010 0000 002F 0000 0017 0000 0017 0000 0017 0000 0017 0000 0017 0000 0017 0000 002F 0000 0017 0000 0017 0000 002F 0000 0017 0000 0017 0000 0017 0000 0017 0000 1D9B 0000 002F 0000 0017 0000 0017 0000 0017 0000 0017 0000 0017 0000 0017 0000 002F 0000 0017 0000 0017 0000 002F 0000 0017 0000 0017 0000 0017 0000 0017 0000 0546
J	0000 006C 0000 000F 0000 002F 0000 0017 0000 0017 0000 0017 0000 0017 0000 0017 0000 0017 0000 002F 0000 0017 0000 0017 0000 002F 0000 002F 0000 0017 0000 0017 0000 1D75 0000 002F 0000 0017 0000 0017 0000 0017 0000 0017 0000 0017 0000 0017 0000 002F 0000 0017 0000 0017 0000 002F 0000 002F 0000 0017 0000 0017 0000 053E
K	0000 006C 0000 0010 0000 002F 0000 0017 0000 0017 0000 0017 0000 0017 0000 0017 0000 0017 0000 0017 0000 002F 0000 0017 0000 002F 0000 0017 0000 0017 0000 0017 0000 0017 0000 1D59 0000 002F 0000 0017 0000 0017 0000 0017 0000 0017 0000 0017 0000 0017 0000 0017 0000 002F 0000 0017 0000 002F 0000 0017 0000 0017 0000 0017 0000 0017 0000 0541
L	0000 006C 0000 000F 0000 002F 0000 0017 0000 0017 0000 0017 0000 0017 0000 0017 0000 0017 0000 002F 0000 0017 0000 0017 0000 002F 0000 0017 0000 002F 0000 0017 0000 1DE3 0000 002F 0000 0017 0000 0017 0000 0017 0000 0017 0000 0017 0000 0017 0000 002F 0000 0017 0000 0017 0000 002F 0000 0017 0000 002F 0000 0017 0000 054D
Semicolon/Colon	0000 006C 0000 000E 0000 002F 0000 0017 0000 0017 0000 0017 0000 0017 0000 002F 0000 002F 0000 0017 0000 0017 0000 002F 0000 0017 0000 002F 0000 0017 0000 1DB9 0000 002F 0000 0017 0000 0017 0000 0017 0000 0017 0000 002F 0000 002F 0000 0017 0000 0017 0000 002F 0000 0017 0000 002F 0000 0017 0000 0546
Qoute/Doub Qoute	0000 006C 0000 000F 0000 002F 0000 0017 0000 0017 0000 0017 0000 0017 0000 0017 0000 002F 0000 0017 0000 0017 0000 002F 0000 0017 0000 002F 0000 0017 0000 0017 0000 1D23 0000 002F 0000 0017 0000 0017 0000 0017 0000 0017 0000 0017 0000 002F 0000 0017 0000 0017 0000 002F 0000 0017 0000 002F 0000 0017 0000 0017 0000 0539
Enter	0000 006C 0000 000F 0000 002F 0000 0017 0000 0017 0000 0017 0000 0017 0000 0017 0000 002F 0000 0017 0000 002F 0000 0017 0000 0017 0000 0017 0000 002F 0000 0017 0000 1D2E 0000 002F 0000 0017 0000 0017 0000 0017 0000 0017 0000 0017 0000 002F 0000 0017 0000 002F 0000 0017 0000 0017 0000 0017 0000 002F 0000 0017 0000 053C
NE Page	0000 006C 0000 000F 0000 002F 0000 0017 0000 0017 0000 0017 0000 0017 0000 0017 0000 002F 0000 0017 0000 002F 0000 002F 0000 0017 0000 0017 0000 0017 0000 0017 0000 1D1F 0000 002F 0000 0017 0000 0017 0000 0017 0000 0017 0000 0017 0000 002F 0000 0017 0000 002F 0000 002F 0000 0017 0000 0017 0000 0017 0000 0017 0000 0539
Shi Left	0000 006C 0000 0011 0000 002F 0000 0017 0000 0017 0000 0017 0000 0017 0000 0017 0000 0017 0000 0017 0000 002F 0000 0017 0000 0017 0000 0017 0000 0017 0000 0017 0000 0017 0000 0017 0000 1CAC 0000 002F 0000 0017 0000 0017 0000 0017 0000 0017 0000 0017 0000 0017 0000 0017 0000 002F 0000 0017 0000 0017 0000 0017 0000 0017 0000 0017 0000 0017 0000 0017 0000 0534
Z	0000 006C 0000 0010 0000 002F 0000 0017 0000 0017 0000 0017 0000 0017 0000 0017 0000 0017 0000 0017 0000 0017 0000 0017 0000 002F 0000 0017 0000 0017 0000 002F 0000 0017 0000 1E71 0000 002F 0000 0017 0000 0017 0000 0017 0000 0017 0000 0017 0000 0017 0000 0017 0000 0017 0000 0017 0000 002F 0000 0017 0000 0017 0000 002F 0000 0017 0000 0559
X	0000 006C 0000 000F 0000 002F 0000 0017 0000 0017 0000 0017 0000 0017 0000 002F 0000 0017 0000 0017 0000 0017 0000 002F 0000 0017 0000 0017 0000 0017 0000 002F 0000 1E52 0000 002F 0000 0017 0000 0017 0000 0017 0000 0017 0000 002F 0000 0017 0000 0017 0000 0017 0000 002F 0000 0017 0000 0017 0000 0017 0000 002F 0000 0556
C	0000 006C 0000 000E 0000 002F 0000 0017 0000 0017 0000 0017 0000 0017 0000 0017 0000 002F 0000 0017 0000 0017 0000 002F 0000 0017 0000 002F 0000 002F 0000 1E2E 0000 002F 0000 0017 0000 0017 0000 0017 0000 0017 0000 0017 0000 002F 0000 0017 0000 0017 0000 002F 0000 0017 0000 002F 0000 002F 0000 0551
V	0000 006C 0000 000F 0000 002F 0000 0017 0000 0017 0000 0017 0000 0017 0000 0017 0000 002F 0000 0017 0000 0017 0000 002F 0000 0017 0000 0017 0000 0017 0000 002F 0000 1E0B 0000 002F 0000 0017 0000 0017 0000 0017 0000 0017 0000 0017 0000 002F 0000 0017 0000 0017 0000 002F 0000 0017 0000 0017 0000 0017 0000 002F 0000 054C
B	0000 006C 0000 0010 0000 002F 0000 0017 0000 0017 0000 0017 0000 0017 0000 002F 0000 0017 0000 0017 0000 0017 0000 002F 0000 0017 0000 0017 0000 0017 0000 0017 0000 0017 0000 1D47 0000 002F 0000 0017 0000 0017 0000 0017 0000 0017 0000 002F 0000 0017 0000 0017 0000 0017 0000 002F 0000 0017 0000 0017 0000 0017 0000 0017 0000 0017 0000 053F
N	0000 006C 0000 000F 0000 002F 0000 0017 0000 0017 0000 0017 0000 0017 0000 0017 0000 0017 0000 002F 0000 0017 0000 0017 0000 002F 0000 002F 0000 0017 0000 0017 0000 1D96 0000 002F 0000 0017 0000 0017 0000 0017 0000 0017 0000 0017 0000 0017 0000 002F 0000 0017 0000 0017 0000 002F 0000 002F 0000 0017 0000 0017 0000 0541
M	0000 006C 0000 0010 0000 002F 0000 0017 0000 0017 0000 0017 0000 0017 0000 0017 0000 0017 0000 002F 0000 0017 0000 0017 0000 002F 0000 0017 0000 0017 0000 0017 0000 0017 0000 1D77 0000 002F 0000 0017 0000 0017 0000 0017 0000 0017 0000 0017 0000 0017 0000 002F 0000 0017 0000 0017 0000 002F 0000 0017 0000 0017 0000 0017 0000 0017 0000 053C
Comma/LE Than	0000 006C 0000 0011 0000 002D 0000 0017 0000 0017 0000 0017 0000 0017 0000 0017 0000 0017 0000 0017 0000 0017 0000 0017 0000 0017 0000 002D 0000 0017 0000 0017 0000 0017 0000 0017 0000 1D5A 0000 002D 0000 0017 0000 0017 0000 0017 0000 0017 0000 0017 0000 0017 0000 0017 0000 0017 0000 0017 0000 0017 0000 002D 0000 0017 0000 0017 0000 0017 0000 0017 0000 053D
Period/Great Than	0000 006C 0000 000F 0000 002F 0000 0017 0000 0017 0000 0017 0000 0017 0000 0017 0000 0017 0000 002F 0000 0017 0000 0017 0000 002F 0000 0017 0000 002F 0000 0017 0000 1DDA 0000 002F 0000 0017 0000 0017 0000 0017 0000 0017 0000 0017 0000 0017 0000 002F 0000 0017 0000 0017 0000 002F 0000 0017 0000 002F 0000 0017 0000 0548
Fro Slash/Question-Mark	0000 006C 0000 000F 0000 002F 0000 0017 0000 0017 0000 0017 0000 0017 0000 002F 0000 002F 0000 0017 0000 0017 0000 002F 0000 0017 0000 0017 0000 0017 0000 0017 0000 1DB9 0000 002F 0000 0017 0000 0017 0000 0017 0000 0017 0000 002F 0000 002F 0000 0017 0000 0017 0000 002F 0000 0017 0000 0017 0000 0017 0000 0017 0000 0545
Rig Shift	0000 006C 0000 000F 0000 002F 0000 0017 0000 0017 0000 0017 0000 0017 0000 0017 0000 0017 0000 0017 0000 002F 0000 0017 0000 002F 0000 0017 0000 002F 0000 0017 0000 1CA3 0000 002F 0000 0017 0000 0017 0000 0017 0000 0017 0000 0017 0000 0017 0000 0017 0000 002F 0000 0017 0000 002F 0000 0017 0000 002F 0000 0017 0000 0535
Bottom	0000 006C 0000 000F 0000 002F 0000 0017 0000 0017 0000 0017 0000 0017 0000 0017 0000 002F 0000 002F 0000 0017 0000 0017 0000 0017 0000 0017 0000 002F 0000 0017 0000 1D32 0000 002F 0000 0017 0000 0017 0000 0017 0000 0017 0000 0017 0000 002F 0000 002F 0000 0017 0000 0017 0000 0017 0000 0017 0000 002F 0000 0017 0000 0542
Bla 1	0000 006C 0000 0010 0000 002F 0000 0017 0000 0017 0000 0017 0000 0017 0000 0017 0000 0017 0000 0017 0000 002F 0000 002F 0000 0017 0000 0017 0000 0017 0000 0017 0000 0017 0000 1CE5 0000 002F 0000 0017 0000 0017 0000 0017 0000 0017 0000 0017 0000 0017 0000 0017 0000 002F 0000 002F 0000 0017 0000 0017 0000 0017 0000 0017 0000 0017 0000 0538
Bla 2	0000 006C 0000 000E 0000 002E 0000 0017 0000 0017 0000 0017 0000 0017 0000 002E 0000 0017 0000 002E 0000 0017 0000 002E 0000 0017 0000 002E 0000 0017 0000 1BB7 0000 002E 0000 0017 0000 0017 0000 0017 0000 0017 0000 002E 0000 0017 0000 002E 0000 0017 0000 002E 0000 0017 0000 002E 0000 0017 0000 050C
Bla 3	0000 006C 0000 0010 0000 002F 0000 0017 0000 0017 0000 0017 0000 0017 0000 002F 0000 0017 0000 0017 0000 002F 0000 0017 0000 0017 0000 0017 0000 0017 0000 0017 0000 0017 0000 1CC9 0000 002F 0000 0017 0000 0017 0000 0017 0000 0017 0000 002F 0000 0017 0000 0017 0000 002F 0000 0017 0000 0017 0000 0017 0000 0017 0000 0017 0000 0017 0000 0533
Bla 4	0000 006C 0000 000F 0000 002F 0000 0017 0000 0017 0000 0017 0000 0017 0000 0017 0000 0017 0000 0017 0000 0017 0000 002F 0000 002F 0000 0017 0000 0017 0000 002F 0000 1C7C 0000 002F 0000 0017 0000 0017 0000 0017 0000 0017 0000 0017 0000 0017 0000 0017 0000 0017 0000 002F 0000 002F 0000 0017 0000 0017 0000 002F 0000 052E
Hypen	0000 006C 0000 000E 0000 002F 0000 0017 0000 0017 0000 0017 0000 0017 0000 002F 0000 0017 0000 002F 0000 0017 0000 002F 0000 002F 0000 0017 0000 0017 0000 1D44 0000 002F 0000 0017 0000 0017 0000 0017 0000 0017 0000 002F 0000 0017 0000 002F 0000 0017 0000 002F 0000 002F 0000 0017 0000 0017 0000 053F
Spacebar	0000 006C 0000 000F 0000 002F 0000 0017 0000 0017 0000 0017 0000 0017 0000 0017 0000 0017 0000 002F 0000 0017 0000 002F 0000 0017 0000 002F 0000 0017 0000 0017 0000 1DA8 0000 002F 0000 0017 0000 0017 0000 0017 0000 0017 0000 0017 0000 0017 0000 002F 0000 0017 0000 002F 0000 0017 0000 002F 0000 0017 0000 0017 0000 0545
Bla 5	0000 006C 0000 000E 0000 002F 0000 0017 0000 0017 0000 0017 0000 0017 0000 0017 0000 0017 0000 0017 0000 002F 0000 0017 0000 002F 0000 002F 0000 002F 0000 1C75 0000 002F 0000 0017 0000 0017 0000 0017 0000 0017 0000 0017 0000 0017 0000 0017 0000 002F 0000 0017 0000 002F 0000 002F 0000 002F 0000 052C
Bla 6	0000 006C 0000 000F 0000 002F 0000 0017 0000 0017 0000 0017 0000 0017 0000 0017 0000 0017 0000 0017 0000 002F 0000 0017 0000 002F 0000 0017 0000 002F 0000 0017 0000 1BDA 0000 002F 0000 0017 0000 0017 0000 0017 0000 0017 0000 0017 0000 0017 0000 0017 0000 002F 0000 0017 0000 002F 0000 0017 0000 002F 0000 0017 0000 0512
Bla 7	0000 006C 0000 000F 0000 002F 0000 0017 0000 0017 0000 0017 0000 0017 0000 0017 0000 002F 0000 002F 0000 0017 0000 0017 0000 0017 0000 0017 0000 002F 0000 0017 0000 1D0D 0000 002F 0000 0017 0000 0017 0000 0017 0000 0017 0000 0017 0000 002F 0000 002F 0000 0017 0000 0017 0000 0017 0000 0017 0000 002F 0000 0017 0000 053A
Ins	0000 006C 0000 000E 0000 002F 0000 0017 0000 0017 0000 0017 0000 0017 0000 0017 0000 002F 0000 002F 0000 0017 0000 002F 0000 002F 0000 0017 0000 0017 0000 1CFC 0000 002F 0000 0017 0000 0017 0000 0017 0000 0017 0000 0017 0000 002F 0000 002F 0000 0017 0000 002F 0000 002F 0000 0017 0000 0017 0000 053A
Advanced	0000 006C 0000 000F 0000 002F 0000 0017 0000 0017 0000 0017 0000 0017 0000 0017 0000 002F 0000 002F 0000 0017 0000 002F 0000 0017 0000 0017 0000 0017 0000 0017 0000 1CFE 0000 002F 0000 0017 0000 0017 0000 0017 0000 0017 0000 0017 0000 002F 0000 002F 0000 0017 0000 002F 0000 0017 0000 0017 0000 0017 0000 0017 0000 0536
Up	0000 006C 0000 0000 0000 002F 0000 0018 0000 0018 0000 0018 0000 0018 0000 0018 0000 002F 0000 002F 0000 002F 0000 0018 0000 002F 0000 0018 0000 0018 0000 120D 0000 002F 0000 0018 0000 0018 0000 0018 0000 0018 0000 0018 0000 002F 0000 002F 0000 002F 0000 0018 0000 002F 0000 002F 0000 274A
Down	0000 006C 0000 0000 0000 0030 0000 0018 0000 0018 0000 0018 0000 0018 0000 0018 0000 0030 0000 0030 0000 0030 0000 0018 0000 0018 0000 0018 0000 0018 0000 0018 0000 124E 0000 0030 0000 0018 0000 0018 0000 0018 0000 0018 0000 0018 0000 0030 0000 0030 0000 0030 0000 0030 0000 0018 0000 0030 0000 27AB
Left	0000 006C 0000 0002 0000 0030 0000 0018 0000 0018 0000 0018 0000 0018 0000 0018 0000 0030 0000 0030 0000 0018 0000 0030 0000 0018 0000 0018 0000 0018 0000 0018 0000 0E93 0000 0030 0000 0018 0000 0018 0000 0018 0000 0018 0000 0018 0000 0030 0000 0030 0000 0018 0000 0018 0000 0030
Right	0000 006C 0000 0005 0000 002F 0000 0018 0000 0018 0000 0018 0000 0018 0000 0018 0000 002F 0000 0018 0000 0018 0000 002F 0000 0018 0000 0018 0000 0018 0000 0018 0000 0018 0000 0C99 0000 002F 0000 0018 0000 0018 0000 0018 0000 0018 0000 0018 0000 002F 0000 0018 0000 0018 0000 002F 0000 002F 0000 0018 0000 002F 0000 277A
