LE Click	0000 006c 0028 0000 0045 002f 0012 0017 0024 002f 0024 002f 0012 0017 0012 0017 0012 0017 0012 0017 0012 0017 0012 0017 0012 0017 0012 0017 0012 0017 0012 0017 0012 0017 0012 0017 0024 002f 0024 0017 0012 06f3 0045 002f 0012 0017 0012 0017 0012 0017 0024 002f 0012 0017 0012 0017 0012 0017 0012 0017 0012 0017 0012 0017 0012 0017 0012 0017 0012 0017 0012 0017 0012 0017 0012 0017 0012 0017 0012 0017 0024 0017 0012 0012
Right Click	0000 006c 0028 0000 0045 002f 0024 002f 0012 0017 0024 002f 0012 0017 0012 0017 0012 0017 0012 0017 0012 0017 0012 0017 0012 0017 0012 0017 0012 0017 0012 0017 0012 0017 0024 002f 0012 0017 0024 0017 0012 0509 0045 002f 0012 0017 0012 0017 0012 0017 0024 002f 0012 0017 0012 0017 0012 0017 0012 0017 0012 0017 0012 0017 0012 0017 0012 0017 0012 0017 0012 0017 0012 0017 0012 0017 0012 0017 0012 0017 0024 0017 0012 0012
R-Trk	0000 006c 001f 0000 0046 002f 0012 0017 0012 0017 0012 0017 0012 0017 0024 002f 0024 0017 0012 0017 0012 0017 0012 0017 0012 002f 0012 0017 0012 0017 0024 002f 0024 06fb 0046 002f 0012 0017 0012 0017 0012 0017 0012 0017 0024 002f 0024 0017 0012 0017 0012 0017 0012 0017 0012 0017 0012 002f 0012 0017 0024 0017 0012 0017 0012 0012
Stop	0000 006c 001f 0000 0045 002f 0012 0017 0012 0017 0012 0017 0012 0017 0012 0017 0024 0017 0012 0017 0012 002f 0024 0017 0012 002f 0012 0017 0012 0017 0024 002f 0024 0ff9 0045 002f 0012 0017 0012 0017 0012 0017 0012 0017 0012 0017 0024 0017 0012 0017 0012 002f 0024 0017 0012 0017 0012 002f 0012 0017 0024 0017 0012 0017 0012 0012
Record	0000 006c 001c 0000 0045 002f 0012 0017 0012 0017 0012 0017 0012 0017 0024 002f 0024 0017 0012 0017 0012 002f 0024 002f 0012 0017 0024 002f 0012 0017 0024 100b 0045 002f 0012 0017 0012 0017 0012 0017 0012 0017 0024 002f 0024 0017 0012 0017 0012 002f 0024 0017 0012 002f 0024 002f 0024 0017 0012 0012
Play	0000 006c 001d 0000 0045 002f 0012 0017 0012 0017 0012 0017 0012 0017 0024 002f 0024 0017 0012 002f 0012 0017 0024 002f 0024 002f 0012 0017 0012 0017 0024 100c 0045 002f 0012 0017 0012 0017 0012 0017 0012 0017 0024 002f 0024 0017 0012 002f 0012 0017 0024 0017 0012 0017 0012 002f 0012 0017 0024 0017 0012 0012
F Trk	0000 006c 001f 0000 0045 002e 0012 0017 0012 0017 0012 0017 0012 0017 0024 0017 0012 0017 0012 0017 0012 002e 0012 0017 0024 002e 0024 0017 0012 002e 0012 0017 0024 08c7 0045 002e 0012 0017 0012 0017 0012 0017 0012 0017 0024 0017 0012 0017 0012 0017 0012 002e 0012 0017 0024 0017 0012 0017 0012 0017 0012 002e 0024 0017 0012 0012
Slow	0000 006c 0020 0000 0045 002f 0012 0017 0012 0017 0012 0017 0012 0017 0012 0017 0024 0017 0012 0017 0012 0017 0012 0017 0012 002f 0012 0017 0024 002f 0012 0017 0012 0017 0024 0e30 0045 002f 0012 0017 0012 0017 0012 0017 0012 0017 0012 0017 0024 0017 0012 0017 0012 0017 0012 0017 0012 002f 0024 0017 0012 002f 0012 0017 0024 0017 0012 0012
Menu	0000 006c 001f 0000 0045 002f 0012 0017 0012 0017 0012 0017 0012 0017 0024 0017 0012 0017 0012 0017 0012 0017 0012 0017 0012 002f 0012 0017 0012 0017 0024 002f 0012 0017 0024 0fec 0045 002f 0012 0017 0012 0017 0012 0017 0012 0017 0024 0017 0012 0017 0012 0017 0012 0017 0012 0017 0012 002f 0024 002f 0024 002f 0024 0017 0012 0012
Sleep	0000 006c 001e 0000 0045 002f 0012 0017 0012 0017 0012 0017 0012 0017 0024 0017 0012 0017 0012 0017 0012 002f 0024 002f 0012 0017 0024 002f 0012 0017 0012 0017 0024 0fee 0045 002f 0012 0017 0012 0017 0012 0017 0012 0017 0024 0017 0012 0017 0012 0017 0012 002f 0024 002f 0024 0017 0012 002f 0012 0017 0024 0017 0012 0012
Internet	0000 006c 0021 0000 0045 002f 0012 0017 0012 0017 0012 0017 0012 0017 0024 0017 0012 0017 0012 0017 0012 0017 0012 0017 0012 0017 0012 002f 0012 0017 0024 0017 0012 002f 0024 0c51 0045 002f 0012 0017 0012 0017 0012 0017 0012 0017 0024 0017 0012 0017 0012 0017 0012 0017 0012 0017 0012 0017 0012 0017 0012 002f 0024 0017 0012 0017 0012 0017 0012 0012
Mail	0000 006c 0020 0000 0045 002f 0012 0017 0012 0017 0012 0017 0012 0017 0012 0017 0024 0017 0012 0017 0012 0017 0012 0017 0012 0017 0012 002f 0024 002f 0024 002f 0024 06f6 0045 002f 0012 0017 0012 0017 0012 0017 0012 0017 0012 0017 0024 0017 0012 0017 0012 0017 0012 0017 0012 0017 0012 0017 0012 0017 0012 002f 0024 0017 0012 0017 0012 0012
Cards	0000 006c 001f 0000 0045 002e 0012 0017 0012 0017 0012 0017 0012 0017 0012 0017 0024 0017 0012 0017 0012 0017 0012 002e 0024 002e 0024 0017 0012 002e 0012 0017 0024 052d 0045 002e 0012 0017 0012 0017 0012 0017 0012 0017 0012 0017 0024 0017 0012 0017 0012 0017 0012 002e 0024 0017 0012 0017 0012 0017 0012 002e 0024 0017 0012 0012
TV	0000 006c 001f 0000 0045 002f 0012 0017 0012 0017 0012 0017 0012 0017 0024 002f 0024 0017 0012 0017 0012 0017 0012 002f 0012 0017 0012 0017 0012 0017 0012 0017 0012 0017 0024 0e3d 0045 002f 0012 0017 0012 0017 0012 0017 0012 0017 0024 002f 0024 0017 0012 0017 0012 0017 0012 002f 0024 002f 0012 0017 0012 0017 0024 0017 0012 0012
Camera	0000 006c 0021 0000 0045 002d 0012 0017 0012 0017 0012 0017 0012 0017 0024 0017 0012 0017 0012 0017 0012 002d 0012 0017 0012 0017 0012 0017 0024 0017 0012 0017 0012 0017 0012 0017 0012 052a 0045 002d 0012 0017 0012 0017 0012 0017 0012 0017 0024 0017 0012 0017 0012 0017 0012 002d 0012 0017 0012 0017 0024 0017 0012 0017 0012 0017 0012 002d 0024 0024
Mute	0000 006c 0021 0000 0045 002e 0012 0017 0012 0017 0012 0017 0012 0017 0012 0017 0024 0017 0012 0017 0012 0017 0012 002e 0012 0017 0012 0017 0024 0017 0012 0017 0012 0017 0012 0017 0012 0523 0045 002e 0012 0017 0012 0017 0012 0017 0012 0017 0012 0017 0024 0017 0012 0017 0012 0017 0012 002e 0012 0017 0024 0017 0012 0017 0012 0017 0012 002e 0024 0024
Vol-	0000 006c 0021 0000 0045 002f 0012 0017 0012 0017 0012 0017 0012 0017 0024 0017 0012 0017 0012 0017 0012 0017 0012 002f 0012 0017 0012 0017 0012 0017 0012 0017 0012 0017 0012 0017 0024 06fb 0045 002f 0012 0017 0012 0017 0012 0017 0012 0017 0024 0017 0012 0017 0012 0017 0012 0017 0012 002f 0012 0017 0024 002f 0012 0017 0012 0017 0024 0017 0012 0012
Vol+	0000 006c 001f 0000 0045 002f 0012 0017 0012 0017 0012 0017 0012 0017 0012 0017 0024 0017 0012 0017 0012 002f 0024 002f 0012 0017 0012 0017 0012 0017 0012 0017 0012 0017 0024 0a9a 0045 002f 0012 0017 0012 0017 0012 0017 0012 0017 0012 0017 0024 0017 0012 0017 0012 002f 0024 002f 0024 002f 0012 0017 0012 0017 0024 0017 0012 0012
Escape	0000 006c 0020 0000 0045 002d 0012 0017 0012 0017 0012 0017 0012 0017 0012 0017 0024 0017 0012 002d 0012 0017 0012 0017 0012 0017 0012 0017 0012 0017 0024 0017 0012 002d 0024 052b 0045 002d 0012 0017 0012 0017 0012 0017 0012 0017 0012 0017 0024 0017 0012 002d 0012 0017 0012 0017 0012 0017 0024 002d 0024 0017 0012 0017 0012 0017 0012 0012
F1	0000 006c 0021 0000 0045 002f 0012 0017 0012 0017 0012 0017 0012 0017 0024 0017 0012 0017 0012 002f 0012 0017 0012 0017 0012 0017 0012 0017 0024 0017 0012 0017 0012 002f 0024 070c 0045 002f 0012 0017 0012 0017 0012 0017 0012 0017 0024 0017 0012 0017 0012 002f 0012 0017 0012 0017 0012 0017 0024 0017 0012 0017 0012 0017 0012 0017 0012 0017 0012 0012
F2	0000 006c 0021 0000 0045 002f 0012 0017 0012 0017 0012 0017 0012 0017 0012 0017 0012 0017 0012 0017 0024 002f 0012 0017 0012 0017 0012 0017 0012 0017 0012 0017 0012 0017 0024 0017 0012 0538 0045 002f 0012 0017 0012 0017 0012 0017 0012 0017 0012 0017 0012 0017 0012 0017 0024 002f 0012 0017 0012 0017 0024 002f 0012 0017 0012 0017 0012 0017 0024 0024
F3	0000 006c 0020 0000 0045 002e 0012 0017 0012 0017 0012 0017 0012 0017 0012 0017 0012 0017 0024 002e 0012 0017 0012 0017 0012 0017 0012 0017 0012 0017 0012 0017 0024 002e 0024 071d 0045 002e 0012 0017 0012 0017 0012 0017 0012 0017 0012 0017 0012 0017 0024 002e 0012 0017 0012 0017 0012 0017 0024 002e 0012 0017 0024 0017 0012 0017 0012 0012
F4	0000 006c 001d 0000 0045 002f 0012 0017 0012 0017 0012 0017 0012 0017 0024 002f 0024 002f 0012 0017 0012 0017 0012 0017 0012 0017 0024 002f 0024 002f 0024 0532 0045 002f 0012 0017 0012 0017 0012 0017 0012 0017 0024 002f 0024 002f 0012 0017 0012 0017 0012 0017 0024 0017 0012 002f 0024 0017 0012 0017 0012 0012
F5	0000 006c 001f 0000 0045 002f 0012 0017 0012 0017 0012 0017 0012 0017 0012 0017 0024 0017 0012 002f 0024 002f 0012 0017 0012 0017 0024 0017 0012 0017 0012 002f 0024 070e 0045 002f 0012 0017 0012 0017 0012 0017 0012 0017 0012 0017 0024 0017 0012 002f 0024 002f 0012 0017 0024 0017 0012 0017 0012 0017 0012 0017 0012 0017 0012 0012
F6	0000 006c 001f 0000 0045 002f 0012 0017 0012 0017 0012 0017 0012 0017 0024 0017 0012 0017 0012 002f 0024 002f 0012 0017 0012 0017 0012 0017 0012 0017 0012 0017 0024 0017 0012 0530 0045 002f 0012 0017 0012 0017 0012 0017 0012 0017 0024 0017 0012 0017 0012 002f 0024 002f 0012 0017 0024 002f 0012 0017 0012 0017 0012 0017 0024 0024
F7	0000 006c 0020 0000 0045 002f 0012 0017 0012 0017 0012 0017 0012 0017 0012 0017 0012 0017 0012 0017 0024 0017 0012 002f 0012 0017 0012 0017 0024 002f 0012 0017 0024 0017 0012 0533 0045 002f 0012 0017 0012 0017 0012 0017 0012 0017 0012 0017 0012 0017 0012 0017 0024 0017 0012 002f 0012 0017 0024 0017 0012 002f 0012 0017 0012 0017 0024 0024
F8	0000 006c 001d 0000 0045 002f 0012 0017 0012 0017 0012 0017 0012 0017 0012 0017 0012 0017 0024 002f 0024 002f 0012 0017 0012 0017 0024 002f 0024 002f 0024 0532 0045 002f 0012 0017 0012 0017 0012 0017 0012 0017 0012 0017 0012 0017 0024 002f 0024 002f 0012 0017 0024 0017 0012 002f 0024 0017 0012 0017 0012 0012
F9	0000 006c 001c 0000 0045 002e 0012 0017 0012 0017 0012 0017 0012 0017 0024 002e 0024 002e 0024 002e 0012 0017 0012 0017 0012 0017 0024 0017 0012 002e 0024 0531 0045 002e 0012 0017 0012 0017 0012 0017 0012 0017 0024 002e 0024 002e 0024 002e 0012 0017 0024 002e 0024 0017 0012 0017 0012 0017 0012 0012
F10	0000 006c 001d 0000 0045 002e 0012 0017 0012 0017 0012 0017 0012 0017 0012 0017 0012 0017 0012 0017 0024 002e 0024 002e 0012 0017 0012 0017 0024 002e 0024 0017 0012 0533 0045 002e 0012 0017 0012 0017 0012 0017 0012 0017 0012 0017 0012 0017 0012 0017 0024 002e 0024 002e 0024 002e 0024 002e 0012 0017 0024 0024
F11	0000 006c 001e 0000 0045 002e 0012 0017 0012 0017 0012 0017 0012 0017 0012 0017 0012 0017 0024 002e 0012 0017 0024 002e 0012 0017 0012 0017 0024 0017 0012 002e 0024 0719 0045 002e 0012 0017 0012 0017 0012 0017 0012 0017 0012 0017 0012 0017 0024 002e 0012 0017 0024 002e 0024 002e 0024 0017 0012 0017 0012 0017 0012 0012
F12	0000 006c 001d 0000 0045 002f 0012 0017 0012 0017 0012 0017 0012 0017 0024 002f 0024 002f 0012 0017 0024 002f 0012 0017 0024 0017 0012 0017 0012 002f 0024 0710 0045 002f 0012 0017 0012 0017 0012 0017 0012 0017 0024 002f 0024 002f 0012 0017 0024 002f 0024 0017 0012 0017 0012 0017 0012 0017 0012 0017 0012 0012
Num Lock	0000 006c 001e 0000 0045 002f 0012 0017 0012 0017 0012 0017 0012 0017 0012 0017 0012 0017 0012 0017 0012 0017 0024 002f 0024 002f 0024 002f 0024 002f 0024 0534 0045 002f 0012 0017 0012 0017 0012 0017 0012 0017 0012 0017 0012 0017 0012 0017 0012 0017 0024 002f 0024 0017 0012 0017 0012 002f 0024 0017 0012 0017 0012 0012
Prt SC	0000 006c 001e 0000 0045 002e 0012 0017 0012 0017 0012 0017 0012 0017 0024 0017 0012 002e 0024 0017 0012 002e 0024 002e 0012 0017 0012 0017 0012 0017 0012 0017 0024 0704 0045 002e 0012 0017 0012 0017 0012 0017 0012 0017 0024 0017 0012 002e 0024 0017 0012 002e 0024 0017 0012 002e 0012 0017 0012 0017 0024 0017 0012 0012
Scrool Lock	0000 006c 0021 0000 0045 002f 0012 0017 0012 0017 0012 0017 0012 0017 0012 0017 0012 0017 0012 0017 0012 0017 0012 0017 0012 0017 0024 002f 0012 0017 0012 0017 0024 002f 0024 0539 0045 002f 0012 0017 0012 0017 0012 0017 0012 0017 0012 0017 0012 0017 0012 0017 0012 0017 0012 0017 0012 0017 0024 0017 0012 002f 0012 0017 0024 0017 0012 0017 0012 0012
Pause	0000 006c 001e 0000 0045 002f 0012 0017 0012 0017 0012 0017 0012 0017 0024 0017 0012 002f 0024 0017 0012 0017 0012 0017 0012 002f 0012 0017 0024 002f 0012 0017 0024 052c 0045 002f 0012 0017 0012 0017 0012 0017 0012 0017 0024 0017 0012 002f 0024 0017 0012 0017 0012 0017 0012 0017 0012 002f 0024 002f 0024 0017 0012 0012
1	0000 006c 0023 0000 0045 002d 0012 0017 0012 0017 0012 0017 0012 0017 0012 0017 0012 0017 0012 0017 0012 0017 0012 0017 0012 0017 0012 0017 0012 0017 0012 0017 0012 0017 0012 0017 0012 0017 0024 0534 0045 002d 0012 0017 0012 0017 0012 0017 0012 0017 0012 0017 0012 0017 0012 0017 0012 0017 0012 0017 0012 0017 0012 0017 0024 002d 0012 0017 0012 0017 0024 0017 0012 0012
2	0000 006c 0020 0000 0045 002f 0012 0017 0012 0017 0012 0017 0012 0017 0024 002f 0012 0017 0012 0017 0012 0017 0012 0017 0012 0017 0012 0017 0024 002f 0012 0017 0012 0017 0024 0536 0045 002f 0012 0017 0012 0017 0012 0017 0012 0017 0024 002f 0012 0017 0012 0017 0012 0017 0012 0017 0012 0017 0024 0017 0012 002f 0012 0017 0024 0017 0012 0012
3	0000 006c 001f 0000 0045 002f 0012 0017 0012 0017 0012 0017 0012 0017 0012 0017 0024 002f 0012 0017 0012 0017 0012 0017 0012 0017 0012 0017 0012 0017 0024 002f 0012 0017 0024 0536 0045 002f 0012 0017 0012 0017 0012 0017 0012 0017 0012 0017 0024 002f 0012 0017 0012 0017 0012 0017 0012 0017 0024 002f 0024 002f 0024 0017 0012 0012
4	0000 006c 0020 0000 0045 002f 0012 0017 0012 0017 0012 0017 0012 0017 0024 0017 0012 002f 0012 0017 0012 0017 0012 0017 0012 0017 0012 0017 0024 0017 0012 002f 0012 0017 0024 0523 0045 002f 0012 0017 0012 0017 0012 0017 0012 0017 0024 0017 0012 002f 0012 0017 0012 0017 0012 0017 0012 0017 0024 0017 0012 0017 0012 002f 0024 0017 0012 0012
5	0000 006c 001e 0000 0045 002f 0012 0017 0012 0017 0012 0017 0012 0017 0024 002f 0012 0017 0024 002f 0012 0017 0012 0017 0012 0017 0024 002f 0012 0017 0024 0017 0012 052c 0045 002f 0012 0017 0012 0017 0012 0017 0012 0017 0024 002f 0012 0017 0024 002f 0012 0017 0012 0017 0024 0017 0012 002f 0012 0017 0012 0017 0024 0024
6	0000 006c 001e 0000 0045 002f 0012 0017 0012 0017 0012 0017 0012 0017 0012 0017 0024 0017 0012 002f 0012 0017 0012 0017 0024 002f 0012 0017 0024 002f 0024 0017 0012 052a 0045 002f 0012 0017 0012 0017 0012 0017 0012 0017 0012 0017 0024 0017 0012 002f 0012 0017 0012 0017 0024 0017 0012 002f 0024 002f 0012 0017 0024 0024
7	0000 006c 001f 0000 0045 002e 0012 0017 0012 0017 0012 0017 0012 0017 0024 0017 0012 0017 0012 002e 0012 0017 0012 0017 0024 002e 0024 0017 0012 002e 0024 0017 0012 052e 0045 002e 0012 0017 0012 0017 0012 0017 0012 0017 0024 0017 0012 0017 0012 002e 0012 0017 0012 0017 0024 0017 0012 0017 0012 0017 0012 002e 0012 0017 0024 0024
8	0000 006c 001f 0000 0045 002f 0012 0017 0012 0017 0012 0017 0012 0017 0012 0017 0012 0017 0012 0017 0024 002f 0012 0017 0024 002f 0012 0017 0012 0017 0024 0017 0012 0017 0012 052e 0045 002f 0012 0017 0012 0017 0012 0017 0012 0017 0012 0017 0012 0017 0012 0017 0024 002f 0012 0017 0024 0017 0012 002f 0012 0017 0024 002f 0024 0024
9	0000 006c 0020 0000 0045 002f 0012 0017 0012 0017 0012 0017 0012 0017 0012 0017 0012 0017 0024 002f 0012 0017 0012 0017 0024 002f 0012 0017 0012 0017 0012 0017 0024 0017 0012 0535 0045 002f 0012 0017 0012 0017 0012 0017 0012 0017 0012 0017 0012 0017 0024 002f 0012 0017 0012 0017 0024 0017 0012 002f 0012 0017 0012 0017 0012 0017 0024 0024
0	0000 006c 001d 0000 0045 002f 0012 0017 0012 0017 0012 0017 0012 0017 0024 002f 0024 002f 0012 0017 0012 0017 0024 002f 0024 002f 0012 0017 0024 0017 0012 052a 0045 002f 0012 0017 0012 0017 0012 0017 0012 0017 0024 002f 0024 002f 0012 0017 0012 0017 0024 0017 0012 0017 0012 002f 0012 0017 0012 0017 0024 0024
-	0000 006c 001d 0000 0045 002f 0012 0017 0012 0017 0012 0017 0012 0017 0024 0017 0012 0017 0012 002f 0024 0017 0012 002f 0012 0017 0012 0017 0024 002f 0024 0017 0012 0709 0045 002f 0012 0017 0012 0017 0012 0017 0012 0017 0024 0017 0012 0017 0012 002f 0024 0017 0012 002f 0024 002f 0024 002f 0012 0017 0024 0024
Equals	0000 006c 0020 0000 0045 002f 0012 0017 0012 0017 0012 0017 0012 0017 0012 0017 0012 0017 0012 0017 0024 0017 0012 0017 0012 002f 0012 0017 0024 0017 0012 002f 0024 0017 0012 052d 0045 002f 0012 0017 0012 0017 0012 0017 0012 0017 0012 0017 0012 0017 0012 0017 0024 0017 0012 0017 0012 002f 0024 0017 0012 0017 0012 002f 0012 0017 0024 0024
Backspace	0000 006c 001d 0000 0045 002e 0012 0017 0012 0017 0012 0017 0012 0017 0024 002e 0024 002e 0024 0017 0012 002e 0012 0017 0012 0017 0012 0017 0012 0017 0024 0017 0012 0714 0045 002e 0012 0017 0012 0017 0012 0017 0012 0017 0024 002e 0024 002e 0024 0017 0012 002e 0024 002e 0012 0017 0012 0017 0012 0017 0024 0024
Home	0000 006c 001e 0000 0045 002f 0012 0017 0012 0017 0012 0017 0012 0017 0012 0017 0024 002f 0024 002f 0024 0017 0012 002f 0012 0017 0012 0017 0012 0017 0012 0017 0024 0709 0045 002f 0012 0017 0012 0017 0012 0017 0012 0017 0012 0017 0024 002f 0024 002f 0024 0017 0012 0017 0012 002f 0012 0017 0012 0017 0024 0017 0012 0012
Tab	0000 006c 001d 0000 0045 002f 0012 0017 0012 0017 0012 0017 0012 0017 0024 002f 0012 0017 0024 0017 0012 002f 0024 002f 0012 0017 0024 0017 0012 0017 0012 0017 0012 0705 0045 002f 0012 0017 0012 0017 0012 0017 0012 0017 0024 002f 0012 0017 0024 0017 0012 002f 0024 0017 0012 002f 0024 0017 0012 002f 0024 0024
Q	0000 006c 0020 0000 0045 002f 0012 0017 0012 0017 0012 0017 0012 0017 0012 0017 0012 0017 0012 0017 0012 0017 0024 002f 0012 0017 0012 0017 0024 002f 0012 0017 0012 0017 0024 052f 0045 002f 0012 0017 0012 0017 0012 0017 0012 0017 0012 0017 0012 0017 0012 0017 0012 0017 0024 002f 0012 0017 0024 0017 0012 002f 0012 0017 0024 0017 0012 0012
W	0000 006c 001d 0000 0045 002f 0012 0017 0012 0017 0012 0017 0012 0017 0024 002f 0012 0017 0012 0017 0024 002f 0012 0017 0012 0017 0012 0017 0024 002f 0012 0017 0024 0535 0045 002f 0012 0017 0012 0017 0012 0017 0012 0017 0024 002f 0012 0017 0012 0017 0024 002f 0012 0017 0024 002f 0024 002f 0024 0017 0012 0012
E	0000 006c 001e 0000 0045 002f 0012 0017 0012 0017 0012 0017 0012 0017 0012 0017 0024 002f 0012 0017 0024 002f 0012 0017 0012 0017 0024 0017 0012 002f 0012 0017 0024 0906 0045 002f 0012 0017 0012 0017 0012 0017 0012 0017 0012 0017 0024 002f 0012 0017 0024 002f 0012 0017 0024 0017 0012 0017 0012 002f 0024 0017 0012 0012
R	0000 006c 001e 0000 0045 002e 0012 0017 0012 0017 0012 0017 0012 0017 0024 0017 0012 002e 0012 0017 0024 002e 0012 0017 0012 0017 0012 0017 0012 0017 0024 002e 0024 0533 0045 002e 0012 0017 0012 0017 0012 0017 0012 0017 0024 0017 0012 002e 0012 0017 0024 002e 0012 0017 0024 002e 0012 0017 0024 0017 0012 0017 0012 0012
T	0000 006c 001d 0000 0045 002e 0012 0017 0012 0017 0012 0017 0012 0017 0024 002e 0012 0017 0024 0017 0012 002e 0012 0017 0012 0017 0012 0017 0024 002e 0024 0017 0012 0530 0045 002e 0012 0017 0012 0017 0012 0017 0012 0017 0024 002e 0012 0017 0024 0017 0012 002e 0012 0017 0024 002e 0024 002e 0012 0017 0024 0024
Y	0000 006c 001d 0000 0045 002f 0012 0017 0012 0017 0012 0017 0012 0017 0012 0017 0024 0017 0012 002f 0024 002f 0024 002f 0024 0017 0012 002f 0024 0017 0012 070e 0045 002f 0012 0017 0012 0017 0012 0017 0012 0017 0012 0017 0024 0017 0012 002f 0024 002f 0024 0017 0012 0017 0012 0017 0012 002f 0012 0017 0024 0024
U	0000 006c 001d 0000 0045 002f 0012 0017 0012 0017 0012 0017 0012 0017 0024 0017 0012 0017 0012 002f 0024 002f 0024 002f 0012 0017 0012 0017 0024 0017 0012 0017 0012 052c 0045 002f 0012 0017 0012 0017 0012 0017 0012 0017 0024 0017 0012 0017 0012 002f 0024 002f 0024 0017 0012 002f 0012 0017 0024 002f 0024 0024
I	0000 006c 001e 0000 0045 002f 0012 0017 0012 0017 0012 0017 0012 0017 0012 0017 0012 0017 0012 0017 0024 0017 0012 002f 0024 002f 0024 002f 0024 0017 0012 0017 0012 0ac0 0045 002f 0012 0017 0012 0017 0012 0017 0012 0017 0012 0017 0012 0017 0012 0017 0024 0017 0012 002f 0024 0017 0012 0017 0012 002f 0024 002f 0024 0024
O	0000 006c 001d 0000 0045 002e 0012 0017 0012 0017 0012 0017 0012 0017 0012 0017 0012 0017 0024 002e 0024 002e 0024 002e 0024 002e 0012 0017 0024 0017 0012 0ade 0045 002e 0012 0017 0012 0017 0012 0017 0012 0017 0012 0017 0012 0017 0024 002e 0024 002e 0024 0017 0012 0017 0012 002e 0012 0017 0012 0017 0024 0024
P	0000 006c 001a 0000 0045 002f 0012 0017 0012 0017 0012 0017 0012 0017 0024 002f 0024 002f 0024 002f 0024 002f 0012 0017 0024 002f 0024 0017 0012 0711 0045 002f 0012 0017 0012 0017 0012 0017 0012 0017 0024 002f 0024 002f 0024 002f 0024 0017 0012 002f 0024 002f 0012 0017 0024 0024
Open Square Brackets	0000 006c 001f 0000 0045 002e 0012 0017 0012 0017 0012 0017 0012 0017 0012 0017 0024 0017 0012 002e 0012 0017 0024 002e 0012 0017 0012 0017 0012 0017 0012 0017 0024 0017 0012 08f4 0045 002e 0012 0017 0012 0017 0012 0017 0012 0017 0012 0017 0024 0017 0012 002e 0012 0017 0024 002e 0024 002e 0012 0017 0012 0017 0012 0017 0024 0024
Close Square Brackets	0000 006c 001e 0000 0045 002f 0012 0017 0012 0017 0012 0017 0012 0017 0024 0017 0012 0017 0012 002f 0012 0017 0024 002f 0012 0017 0024 002f 0012 0017 0024 0017 0012 0ca4 0045 002f 0012 0017 0012 0017 0012 0017 0012 0017 0024 0017 0012 0017 0012 002f 0012 0017 0024 002f 0024 0017 0012 002f 0012 0017 0012 0017 0024 0024
Slash	0000 006c 001f 0000 0045 002f 0012 0017 0012 0017 0012 0017 0012 0017 0012 0017 0012 0017 0024 002f 0024 0017 0012 002f 0012 0017 0024 0017 0012 0017 0012 002f 0024 0713 0045 002f 0012 0017 0012 0017 0012 0017 0012 0017 0012 0017 0012 0017 0024 002f 0024 0017 0012 002f 0024 0017 0012 0017 0012 0017 0012 0017 0012 0017 0012 0012
Page Up	0000 006c 001f 0000 0045 002f 0012 0017 0012 0017 0012 0017 0012 0017 0012 0017 0024 002f 0024 0017 0012 0017 0012 0017 0012 002f 0024 002f 0012 0017 0012 0017 0024 08da 0045 002f 0012 0017 0012 0017 0012 0017 0012 0017 0012 0017 0024 002f 0024 0017 0012 0017 0012 0017 0012 0017 0012 0017 0012 002f 0012 0017 0024 0017 0012 0012
Caps Lock	0000 006c 001e 0000 0045 002f 0012 0017 0012 0017 0012 0017 0012 0017 0024 002f 0012 0017 0024 002f 0024 0017 0012 002f 0024 0017 0012 0017 0012 0017 0012 0017 0012 08da 0045 002f 0012 0017 0012 0017 0012 0017 0012 0017 0024 002f 0012 0017 0024 002f 0024 0017 0012 0017 0012 0017 0012 0017 0012 0017 0012 002f 0024 0024
A	0000 006c 001f 0000 0045 002f 0012 0017 0012 0017 0012 0017 0012 0017 0012 0017 0012 0017 0012 0017 0012 0017 0012 0017 0024 002f 0012 0017 0012 0017 0024 002f 0012 0017 0024 0538 0045 002f 0012 0017 0012 0017 0012 0017 0012 0017 0012 0017 0012 0017 0012 0017 0012 0017 0012 0017 0024 002f 0024 002f 0024 002f 0024 0017 0012 0012
S	0000 006c 001e 0000 0045 002e 0012 0017 0012 0017 0012 0017 0012 0017 0024 002e 0012 0017 0012 0017 0012 0017 0024 002e 0012 0017 0024 0017 0012 002e 0012 0017 0024 090a 0045 002e 0012 0017 0012 0017 0012 0017 0012 0017 0024 002e 0012 0017 0012 0017 0012 0017 0024 002e 0024 0017 0012 0017 0012 002e 0024 0017 0012 0012
D	0000 006c 001e 0000 0045 002f 0012 0017 0012 0017 0012 0017 0012 0017 0012 0017 0024 002f 0012 0017 0012 0017 0024 002f 0012 0017 0012 0017 0012 0017 0024 002f 0024 052c 0045 002f 0012 0017 0012 0017 0012 0017 0012 0017 0012 0017 0024 002f 0012 0017 0012 0017 0024 002f 0024 002f 0012 0017 0024 0017 0012 0017 0012 0012
F	0000 006c 001d 0000 0045 002f 0012 0017 0012 0017 0012 0017 0012 0017 0024 0017 0012 002f 0012 0017 0012 0017 0024 002f 0012 0017 0024 002f 0024 002f 0024 08fe 0045 002f 0012 0017 0012 0017 0012 0017 0012 0017 0024 0017 0012 002f 0012 0017 0012 0017 0024 002f 0024 0017 0012 002f 0024 0017 0012 0017 0012 0012
G	0000 006c 001c 0000 0045 002f 0012 0017 0012 0017 0012 0017 0012 0017 0024 002f 0012 0017 0024 002f 0024 002f 0012 0017 0024 0017 0012 002f 0024 0017 0012 08e0 0045 002f 0012 0017 0012 0017 0012 0017 0012 0017 0024 002f 0012 0017 0024 002f 0024 002f 0024 0017 0012 0017 0012 002f 0012 0017 0024 0024
H	0000 006c 001f 0000 0045 002e 0012 0017 0012 0017 0012 0017 0012 0017 0012 0017 0024 0017 0012 002e 0012 0017 0024 0017 0012 002e 0012 0017 0012 0017 0024 0017 0012 0017 0012 070f 0045 002e 0012 0017 0012 0017 0012 0017 0012 0017 0012 0017 0024 0017 0012 002e 0012 0017 0024 0017 0012 0017 0012 002e 0012 0017 0024 002e 0024 0024
J	0000 006c 001e 0000 0045 002f 0012 0017 0012 0017 0012 0017 0012 0017 0024 0017 0012 0017 0012 002f 0012 0017 0024 0017 0012 002f 0024 002f 0024 0017 0012 0017 0012 0ac0 0045 002f 0012 0017 0012 0017 0012 0017 0012 0017 0024 0017 0012 0017 0012 002f 0012 0017 0024 0017 0012 0017 0012 0017 0012 002f 0024 002f 0024 0024
K	0000 006c 001f 0000 0045 002e 0012 0017 0012 0017 0012 0017 0012 0017 0012 0017 0012 0017 0012 0017 0024 002e 0024 0017 0012 002e 0012 0017 0024 0017 0012 0017 0012 0017 0012 0527 0045 002e 0012 0017 0012 0017 0012 0017 0012 0017 0012 0017 0012 0017 0012 0017 0024 002e 0024 0017 0012 0017 0012 002e 0024 0017 0012 002e 0024 0024
L	0000 006c 001e 0000 0045 002f 0012 0017 0012 0017 0012 0017 0012 0017 0012 0017 0012 0017 0024 002f 0012 0017 0024 0017 0012 002f 0012 0017 0024 002f 0024 0017 0012 0532 0045 002f 0012 0017 0012 0017 0012 0017 0012 0017 0012 0017 0012 0017 0024 002f 0012 0017 0024 0017 0012 0017 0012 002f 0024 002f 0012 0017 0024 0024
Semicolon	0000 006c 001d 0000 0045 002f 0012 0017 0012 0017 0012 0017 0012 0017 0024 002f 0024 002f 0012 0017 0024 0017 0012 002f 0024 0017 0012 002f 0024 0017 0012 052d 0045 002f 0012 0017 0012 0017 0012 0017 0012 0017 0024 002f 0024 002f 0012 0017 0024 0017 0012 0017 0012 0017 0012 0017 0012 002f 0012 0017 0024 0024
Quote	0000 006c 001d 0000 0045 002f 0012 0017 0012 0017 0012 0017 0012 0017 0012 0017 0024 002f 0024 0017 0012 0017 0012 002f 0012 0017 0024 002f 0024 0017 0012 0017 0012 0701 0045 002f 0012 0017 0012 0017 0012 0017 0012 0017 0012 0017 0024 002f 0024 0017 0012 0017 0012 002f 0024 0017 0012 002f 0024 002f 0024 0024
Enter	0000 006c 001e 0000 0045 002f 0012 0017 0012 0017 0012 0017 0012 0017 0012 0017 0024 002f 0024 0017 0012 002f 0012 0017 0012 0017 0024 0017 0012 002f 0024 0017 0012 052d 0045 002f 0012 0017 0012 0017 0012 0017 0012 0017 0012 0017 0024 002f 0024 0017 0012 002f 0012 0017 0024 0017 0012 0017 0012 002f 0012 0017 0024 0024
Page Down	0000 006c 001e 0000 0045 002f 0012 0017 0012 0017 0012 0017 0012 0017 0012 0017 0024 002f 0024 0017 0012 002f 0024 002f 0024 0017 0012 0017 0012 0017 0012 0017 0012 0702 0045 002f 0012 0017 0012 0017 0012 0017 0012 0017 0012 0017 0024 002f 0024 0017 0012 002f 0024 0017 0012 0017 0012 0017 0012 0017 0012 002f 0024 0024
Z	0000 006c 0020 0000 0045 002d 0012 0017 0012 0017 0012 0017 0012 0017 0012 0017 0012 0017 0012 0017 0012 0017 0024 0017 0012 002d 0012 0017 0024 0017 0012 002d 0012 0017 0024 090e 0045 002d 0012 0017 0012 0017 0012 0017 0012 0017 0012 0017 0012 0017 0012 0017 0012 0017 0024 0017 0012 002d 0024 0017 0012 0017 0012 002d 0024 0017 0012 0012
X	0000 006c 001e 0000 0045 002e 0012 0017 0012 0017 0012 0017 0012 0017 0024 002e 0012 0017 0012 0017 0024 0017 0012 002e 0012 0017 0012 0017 0012 0017 0024 002e 0024 0af5 0045 002e 0012 0017 0012 0017 0012 0017 0012 0017 0024 002e 0012 0017 0012 0017 0024 0017 0012 002e 0024 002e 0012 0017 0024 0017 0012 0017 0012 0012
C	0000 006c 001d 0000 0045 002e 0012 0017 0012 0017 0012 0017 0012 0017 0012 0017 0024 002e 0012 0017 0024 0017 0012 002e 0012 0017 0024 002e 0024 002e 0024 0903 0045 002e 0012 0017 0012 0017 0012 0017 0012 0017 0012 0017 0024 002e 0012 0017 0024 0017 0012 002e 0024 0017 0012 002e 0024 0017 0012 0017 0012 0012
V	0000 006c 001e 0000 0045 002e 0012 0017 0012 0017 0012 0017 0012 0017 0024 0017 0012 002e 0012 0017 0024 0017 0012 002e 0012 0017 0012 0017 0024 0017 0012 002e 0024 0714 0045 002e 0012 0017 0012 0017 0012 0017 0012 0017 0024 0017 0012 002e 0012 0017 0024 0017 0012 002e 0024 002e 0024 0017 0012 0017 0012 0017 0012 0012
B	0000 006c 001e 0000 0045 002f 0012 0017 0012 0017 0012 0017 0012 0017 0024 002f 0012 0017 0024 0017 0012 0017 0012 002f 0012 0017 0012 0017 0012 0017 0024 0017 0012 0017 0012 0708 0045 002f 0012 0017 0012 0017 0012 0017 0012 0017 0024 002f 0012 0017 0024 0017 0012 0017 0012 002f 0024 002f 0012 0017 0024 002f 0024 0024
N	0000 006c 001e 0000 0045 002f 0012 0017 0012 0017 0012 0017 0012 0017 0012 0017 0024 0017 0012 002f 0024 0017 0012 0017 0012 002f 0024 002f 0024 0017 0012 0017 0012 070a 0045 002f 0012 0017 0012 0017 0012 0017 0012 0017 0012 0017 0024 0017 0012 002f 0024 0017 0012 0017 0012 0017 0012 0017 0012 002f 0024 002f 0024 0024
M	0000 006c 001f 0000 0046 002f 0012 0017 0012 0017 0012 0017 0012 0017 0024 0017 0012 0017 0012 002f 0024 0017 0012 0017 0012 002f 0012 0017 0024 0017 0012 0017 0012 0017 0012 0704 0046 002f 0012 0017 0012 0017 0012 0017 0012 0017 0024 0017 0012 0017 0012 002f 0024 0017 0012 0017 0012 0017 0012 002f 0024 0017 0012 002f 0024 0024
Comma	0000 006c 0022 0000 0045 002d 0012 0017 0012 0017 0012 0017 0012 0017 0012 0017 0012 0017 0012 0017 0024 0017 0012 0017 0012 0017 0012 002d 0024 0017 0012 0017 0012 0017 0012 0017 0012 052b 0045 002d 0012 0017 0012 0017 0012 0017 0012 0017 0012 0017 0012 0017 0012 0017 0024 0017 0012 0017 0012 0017 0012 0017 0012 0017 0012 0017 0012 0017 0012 002d 0024 0024
Period	0000 006c 001f 0000 0045 002f 0012 0017 0012 0017 0012 0017 0012 0017 0012 0017 0012 0017 0024 002f 0024 0017 0012 0017 0012 002f 0024 0017 0012 002f 0024 0017 0012 0711 0045 002f 0012 0017 0012 0017 0012 0017 0012 0017 0012 0017 0012 0017 0024 002f 0024 0017 0012 0017 0012 0017 0012 0017 0012 0017 0012 002f 0012 0017 0024 0024
Back Slash	0000 006c 001d 0000 0045 002f 0012 0017 0012 0017 0012 0017 0012 0017 0024 002f 0024 002f 0024 0017 0012 0017 0012 002f 0012 0017 0012 0017 0024 0017 0012 0017 0012 052c 0045 002f 0012 0017 0012 0017 0012 0017 0012 0017 0024 002f 0024 002f 0024 0017 0012 0017 0012 0017 0012 002f 0012 0017 0024 002f 0024 0024
Left Shift	0000 006c 0020 0000 0045 002d 0012 0017 0012 0017 0012 0017 0012 0017 0012 0017 0024 0017 0012 0017 0012 002d 0012 0017 0012 0017 0012 0017 0012 0017 0024 0017 0012 0017 0012 0017 0012 0527 0045 002d 0012 0017 0012 0017 0012 0017 0012 0017 0012 0017 0024 0017 0012 0017 0012 002d 0012 0017 0012 0017 0024 002d 0024 0017 0012 002d 0024 0024
Rig Shift	0000 006c 001e 0000 0045 002f 0012 0017 0012 0017 0012 0017 0012 0017 0012 0017 0024 0017 0012 0017 0012 002f 0012 0017 0024 002f 0012 0017 0024 002f 0012 0017 0024 08cb 0045 002f 0012 0017 0012 0017 0012 0017 0012 0017 0012 0017 0024 0017 0012 0017 0012 002f 0012 0017 0024 0017 0012 002f 0024 002f 0024 0017 0012 0012
Up	0000 006c 001b 0000 0045 002f 0012 0017 0012 0017 0012 0017 0012 0017 0024 0017 0012 002f 0024 002f 0024 002f 0012 0017 0024 002f 0024 0017 0012 0017 0012 0700 0045 002f 0012 0017 0012 0017 0012 0017 0012 0017 0024 0017 0012 002f 0024 002f 0024 002f 0024 0017 0012 002f 0024 002f 0024 0024
End	0000 006c 001d 0000 0045 002f 0012 0017 0012 0017 0012 0017 0012 0017 0012 0017 0024 002f 0024 002f 0012 0017 0012 0017 0012 0017 0012 0017 0024 002f 0024 0017 0012 0524 0045 002f 0012 0017 0012 0017 0012 0017 0012 0017 0012 0017 0024 002f 0024 002f 0012 0017 0012 0017 0024 002f 0024 002f 0012 0017 0024 0024
Ctrl	0000 006c 001e 0000 0045 002e 0012 0017 0012 0017 0012 0017 0012 0017 0012 0017 0012 0017 0024 0017 0012 002e 0024 002e 0012 0017 0012 0017 0024 0017 0012 0017 0012 0017 0012 0527 0045 002e 0012 0017 0012 0017 0012 0017 0012 0017 0012 0017 0012 0017 0024 0017 0012 002e 0024 002e 0024 002e 0024 0017 0012 002e 0024 0024
FN	0000 006c 001d 0000 0045 002f 0012 0017 0012 0017 0012 0017 0012 0017 0024 002f 0024 0017 0012 002f 0024 0017 0012 002f 0024 0017 0012 002f 0012 0017 0024 050f 0045 002f 0012 0017 0012 0017 0012 0017 0012 0017 0024 002f 0024 0017 0012 002f 0024 0017 0012 0017 0012 0017 0012 0017 0012 002f 0024 0017 0012 0012
Comp Menu	0000 006c 001e 0000 0045 002f 0012 0017 0012 0017 0012 0017 0012 0017 0024 002f 0024 0017 0012 0017 0012 002f 0012 0017 0012 0017 0012 0017 0024 0017 0012 0017 0012 0017 0012 051e 0045 002f 0012 0017 0012 0017 0012 0017 0012 0017 0024 002f 0024 0017 0012 0017 0012 002f 0012 0017 0024 002f 0024 0017 0012 002f 0024 0024
Hypen	0000 006c 001c 0000 0045 002f 0012 0017 0012 0017 0012 0017 0012 0017 0024 002f 0012 0017 0024 002f 0012 0017 0024 002f 0024 002f 0024 0017 0012 0017 0012 0528 0045 002f 0012 0017 0012 0017 0012 0017 0012 0017 0024 002f 0012 0017 0024 002f 0012 0017 0024 0017 0012 0017 0012 002f 0024 002f 0024 0024
Spacebar	0000 006c 001e 0000 0045 002f 0012 0017 0012 0017 0012 0017 0012 0017 0012 0017 0024 0017 0012 002f 0024 0017 0012 002f 0012 0017 0024 002f 0012 0017 0024 0017 0012 0525 0045 002f 0012 0017 0012 0017 0012 0017 0012 0017 0012 0017 0024 0017 0012 002f 0024 0017 0012 002f 0024 0017 0012 002f 0012 0017 0012 0017 0024 0024
Left Alt	0000 006c 001f 0000 0045 002f 0012 0017 0012 0017 0012 0017 0012 0017 0024 0017 0012 0017 0012 0017 0012 0017 0012 002f 0024 002f 0012 0017 0012 0017 0024 002f 0024 051e 0045 002f 0012 0017 0012 0017 0012 0017 0012 0017 0024 0017 0012 0017 0012 0017 0012 0017 0012 002f 0024 0017 0012 002f 0012 0017 0024 0017 0012 0017 0012 0012
Right Alt	0000 006c 001e 0000 0045 002e 0012 0017 0012 0017 0012 0017 0012 0017 0024 0017 0012 0017 0012 0017 0012 002e 0024 0017 0012 002e 0024 002e 0024 002e 0024 08bf 0045 002e 0012 0017 0012 0017 0012 0017 0012 0017 0024 0017 0012 0017 0012 0017 0012 002e 0024 0017 0012 0017 0012 0017 0012 002e 0024 0017 0012 0017 0012 0012
Comp Menu 2	0000 006c 001e 0000 0045 002f 0012 0017 0012 0017 0012 0017 0012 0017 0012 0017 0012 0017 0024 0017 0012 002f 0024 0017 0012 002f 0012 0017 0024 002f 0012 0017 0024 06d4 0045 002f 0012 0017 0012 0017 0012 0017 0012 0017 0012 0017 0012 0017 0024 0017 0012 002f 0024 0017 0012 0017 0012 002f 0024 002f 0024 0017 0012 0012
Menu2	0000 006c 001e 0000 0045 002e 0012 0017 0012 0017 0012 0017 0012 0017 0024 0017 0012 002e 0024 002e 0012 0017 0012 0017 0012 0017 0024 0017 0012 002e 0024 0017 0012 08d7 0045 002e 0012 0017 0012 0017 0012 0017 0012 0017 0024 0017 0012 002e 0024 002e 0012 0017 0012 0017 0024 0017 0012 0017 0012 002e 0012 0017 0024 0024
Ins	0000 006c 001d 0000 0045 002f 0012 0017 0012 0017 0012 0017 0012 0017 0024 0017 0012 002f 0024 002f 0024 0017 0012 002f 0024 002f 0012 0017 0012 0017 0024 0527 0045 002f 0012 0017 0012 0017 0012 0017 0012 0017 0024 0017 0012 002f 0024 002f 0024 0017 0012 0017 0012 0017 0012 002f 0012 0017 0024 0017 0012 0012
Delete	0000 006c 001e 0000 0045 002e 0012 0017 0012 0017 0012 0017 0012 0017 0024 0017 0012 002e 0024 002e 0012 0017 0024 002e 0024 0017 0012 0017 0012 0017 0012 0017 0012 08d3 0045 002e 0012 0017 0012 0017 0012 0017 0012 0017 0024 0017 0012 002e 0024 002e 0012 0017 0024 0017 0012 0017 0012 0017 0012 0017 0012 002e 0024 0024
Left	0000 006c 001d 0000 0045 002f 0012 0017 0012 0017 0012 0017 0012 0017 0012 0017 0024 002f 0024 002f 0012 0017 0024 002f 0012 0017 0024 0017 0012 0017 0012 0017 0012 052f 0045 002f 0012 0017 0012 0017 0012 0017 0012 0017 0012 0017 0024 002f 0024 002f 0012 0017 0024 0017 0012 002f 0024 0017 0012 002f 0024 0024
Down	0000 006c 001c 0000 0045 002f 0012 0017 0012 0017 0012 0017 0012 0017 0012 0017 0024 002f 0024 002f 0024 002f 0012 0017 0012 0017 0012 0017 0024 0017 0012 0017 0012 0529 0045 002f 0012 0017 0012 0017 0012 0017 0012 0017 0012 0017 0024 002f 0024 002f 0024 002f 0024 002f 0012 0017 0024 002f 0024 0024
Right	0000 006c 001e 0000 0045 002f 0012 0017 0012 0017 0012 0017 0012 0017 0024 0017 0012 002f 0024 0017 0012 0017 0012 002f 0012 0017 0012 0017 0024 0017 0012 0017 0012 0017 0012 06ff 0045 002f 0012 0017 0012 0017 0012 0017 0012 0017 0024 0017 0012 002f 0024 0017 0012 0017 0012 002f 0024 002f 0024 0017 0012 002f 0024 0024
!	0000 006c 0039 0000 0045 002f 0012 0017 0012 0017 0012 0017 0012 0017 0012 0017 0024 0017 0012 0017 0012 002f 0012 0017 0012 0017 0012 0017 0012 0017 0024 0017 0012 0017 0012 0017 0012 054b 0045 002f 0012 0017 0012 0017 0012 0017 0012 0017 0012 0017 0012 0017 0012 0017 0012 0017 0012 0017 0012 0017 0012 0017 0012 0017 0012 0017 0012 0017 0012 0017 0012 0017 0024 054b 0045 002f 0024 002f 0012 0017 0012 0017 0012 0017 0012 0017 0012 0017 0012 0017 0012 0017 0012 0017 0012 0017 0024 002f 0024 0017 0012 0017 0012 002f 0012 0017 0012 0017 0024 002f 0012 0017 0012 0017 0012 0017 0024 0024
@	0000 006c 0037 0000 0045 002f 0012 0017 0012 0017 0012 0017 0012 0017 0012 0017 0024 0017 0012 0017 0012 002f 0012 0017 0012 0017 0012 0017 0012 0017 0024 0017 0012 0017 0012 0017 0012 0569 0045 002f 0024 002f 0012 0017 0012 0017 0024 002f 0012 0017 0012 0017 0012 0017 0012 0017 0012 0017 0012 0017 0012 0017 0024 0017 0012 0017 0012 002f 0012 0017 0012 0017 0024 0017 0012 002f 0012 0017 0024 0017 0012 045c 0045 002f 0012 0017 0012 0017 0012 0017 0012 0017 0024 002f 0012 0017 0012 0017 0012 0017 0012 0017 0012 0017 0024 0017 0012 002f 0012 0017 0024 0017 0012 0012
#	0000 006c 0035 0000 0046 002f 0012 0017 0012 0017 0012 0017 0012 0017 0012 0017 0024 0017 0012 0017 0012 002f 0012 0017 0012 0017 0012 0017 0012 0017 0024 0017 0012 0017 0012 0017 0012 0554 0046 002f 0012 0017 0012 0017 0012 0017 0012 0017 0012 0017 0024 002f 0012 0017 0012 0017 0012 0017 0012 0017 0012 0017 0012 0017 0024 002f 0012 0017 0024 0554 0046 002f 0024 002f 0012 0017 0012 0017 0012 0017 0024 002f 0012 0017 0012 0017 0012 0017 0012 0017 0024 002f 0024 0017 0012 0017 0012 002f 0012 0017 0012 0017 0024 002f 0024 002f 0012 0017 0024 0024
$	0000 006c 0036 0000 0045 002f 0012 0017 0012 0017 0012 0017 0012 0017 0012 0017 0024 0017 0012 0017 0012 002f 0012 0017 0012 0017 0012 0017 0012 0017 0024 0017 0012 0017 0012 0017 0012 0558 0045 002f 0012 0017 0012 0017 0012 0017 0012 0017 0024 0017 0012 002f 0012 0017 0012 0017 0012 0017 0012 0017 0012 0017 0024 0017 0012 002f 0012 0017 0024 0558 0045 002f 0024 002f 0012 0017 0012 0017 0024 0017 0012 002f 0012 0017 0012 0017 0012 0017 0012 0017 0024 002f 0024 0017 0012 0017 0012 002f 0012 0017 0012 0017 0024 0017 0012 0017 0012 002f 0012 0017 0024 0024
%	0000 006c 0033 0000 0045 002f 0012 0017 0012 0017 0012 0017 0012 0017 0012 0017 0024 0017 0012 0017 0012 002f 0012 0017 0012 0017 0012 0017 0012 0017 0024 0017 0012 0017 0012 0017 0012 0551 0045 002f 0012 0017 0012 0017 0012 0017 0012 0017 0024 002f 0012 0017 0024 002f 0012 0017 0012 0017 0012 0017 0024 002f 0012 0017 0024 0017 0012 0551 0045 002f 0024 002f 0012 0017 0012 0017 0024 002f 0012 0017 0024 002f 0012 0017 0012 0017 0024 002f 0024 0017 0012 0017 0012 002f 0012 0017 0012 0017 0024 002f 0024 002f 0024 0017 0012 0012
^	0000 006c 003e 0000 0045 002f 0012 0017 0012 0017 0012 0017 0012 0017 0012 0017 0024 0017 0012 0017 0012 002f 0012 0017 0012 0017 0012 0017 0012 0017 0024 0017 0012 0017 0012 0017 0012 0518 0045 002f 0012 0017 0012 0017 0012 0017 0012 0017 0012 0017 0024 0017 0012 002f 0012 0017 0012 0017 0024 002f 0012 0017 0024 002f 0024 0017 0012 0518 0045 002f 0012 0017 0012 0017 0012 0017 0012 0017 0012 0017 0024 0017 0012 0017 0012 002f 0012 0017 0012 0017 0024 002f 0024 0017 0012 002f 0024 0518 0045 002f 0012 0017 0012 0017 0012 0017 0012 0017 0012 0017 0024 0017 0012 002f 0012 0017 0012 0017 0024 0017 0012 002f 0024 002f 0012 0017 0024 0024
&	0000 006c 003f 0000 0045 002f 0012 0017 0012 0017 0012 0017 0012 0017 0012 0017 0024 0017 0012 0017 0012 002f 0012 0017 0012 0017 0012 0017 0012 0017 0024 0017 0012 0017 0012 0017 0012 0509 0045 002f 0012 0017 0012 0017 0012 0017 0012 0017 0024 0017 0012 0017 0012 002f 0012 0017 0012 0017 0024 002f 0024 0017 0012 002f 0024 0017 0012 0509 0045 002f 0012 0017 0012 0017 0012 0017 0012 0017 0024 0017 0012 0017 0012 002f 0012 0017 0012 0017 0024 0017 0012 0017 0012 0017 0012 002f 0012 0017 0024 0509 0045 002f 0012 0017 0012 0017 0012 0017 0012 0017 0012 0017 0024 0017 0012 0017 0012 002f 0012 0017 0012 0017 0024 002f 0024 0017 0012 002f 0024 0024
*	0000 006c 0036 0000 0045 002f 0012 0017 0012 0017 0012 0017 0012 0017 0012 0017 0024 0017 0012 0017 0012 002f 0012 0017 0012 0017 0012 0017 0012 0017 0024 0017 0012 0017 0012 0017 0012 0549 0045 002f 0012 0017 0012 0017 0012 0017 0012 0017 0012 0017 0012 0017 0012 0017 0024 002f 0012 0017 0024 002f 0012 0017 0012 0017 0024 0017 0012 0017 0012 0549 0045 002f 0024 002f 0012 0017 0012 0017 0012 0017 0012 0017 0012 0017 0024 002f 0012 0017 0024 0017 0012 002f 0024 0017 0012 0017 0012 002f 0012 0017 0012 0017 0024 0017 0012 002f 0024 0017 0012 0017 0012 0012
(	0000 006c 0036 0000 0045 002e 0012 0017 0012 0017 0012 0017 0012 0017 0012 0017 0024 0017 0012 0017 0012 002e 0012 0017 0012 0017 0012 0017 0012 0017 0024 0017 0012 0017 0012 0017 0012 0562 0045 002e 0012 0017 0012 0017 0012 0017 0012 0017 0012 0017 0012 0017 0024 002e 0012 0017 0012 0017 0024 002e 0012 0017 0012 0017 0012 0017 0024 0017 0012 0562 0045 002e 0024 002e 0012 0017 0012 0017 0012 0017 0012 0017 0024 002e 0012 0017 0012 0017 0024 0017 0012 002e 0024 0017 0012 0017 0012 002e 0012 0017 0012 0017 0024 0017 0012 002e 0012 0017 0024 0017 0012 0012
)	0000 006c 003d 0000 0045 002f 0012 0017 0012 0017 0012 0017 0012 0017 0012 0017 0024 0017 0012 0017 0012 002f 0012 0017 0012 0017 0012 0017 0012 0017 0024 0017 0012 0017 0012 0017 0012 051a 0045 002f 0012 0017 0012 0017 0012 0017 0012 0017 0024 002f 0024 002f 0012 0017 0012 0017 0024 002f 0024 002f 0012 0017 0024 0017 0012 051a 0045 002f 0012 0017 0012 0017 0012 0017 0012 0017 0024 002f 0024 002f 0012 0017 0012 0017 0024 0017 0012 0017 0012 002f 0012 0017 0012 0017 0024 051a 0045 002f 0012 0017 0012 0017 0012 0017 0012 0017 0012 0017 0024 0017 0012 0017 0012 002f 0012 0017 0012 0017 0024 002f 0024 0017 0012 002f 0024 0024
	0000 006c 0034 0000 0046 002f 0012 0017 0012 0017 0012 0017 0012 0017 0012 0017 0024 0017 0012 0017 0012 002f 0012 0017 0012 0017 0012 0017 0012 0017 0024 0017 0012 0017 0012 0017 0012 0552 0046 002f 0012 0017 0012 0017 0012 0017 0012 0017 0024 0017 0012 0017 0012 002f 0024 0017 0012 002f 0012 0017 0012 0017 0024 002f 0024 0017 0012 0552 0046 002f 0024 002f 0012 0017 0012 0017 0012 0017 0024 0017 0012 0017 0012 002f 0012 0017 0012 0017 0024 0017 0012 0017 0012 0017 0012 002f 0024 0017 0012 002f 0024 002f 0024 002f 0024 0017 0012 0012
+	0000 006c 0036 0000 0045 002f 0012 0017 0012 0017 0012 0017 0012 0017 0012 0017 0024 0017 0012 0017 0012 002f 0012 0017 0012 0017 0012 0017 0012 0017 0024 0017 0012 0017 0012 0017 0012 0554 0045 002f 0012 0017 0012 0017 0012 0017 0012 0017 0012 0017 0012 0017 0012 0017 0024 0017 0012 0017 0012 002f 0012 0017 0024 0017 0012 002f 0024 0017 0012 0554 0045 002f 0024 002f 0012 0017 0012 0017 0012 0017 0024 0017 0012 0017 0012 002f 0012 0017 0012 0017 0024 002f 0012 0017 0012 0017 0024 0017 0012 0017 0012 002f 0024 002f 0012 0017 0024 0017 0012 0017 0012 0012
}	0000 006c 003e 0000 0045 002e 0012 0017 0012 0017 0012 0017 0012 0017 0012 0017 0024 0017 0012 0017 0012 002e 0012 0017 0012 0017 0012 0017 0012 0017 0024 0017 0012 0017 0012 0017 0012 0517 0045 002e 0012 0017 0012 0017 0012 0017 0012 0017 0024 0017 0012 0017 0012 002e 0012 0017 0024 002e 0012 0017 0024 002e 0012 0017 0024 0017 0012 0517 0045 002e 0012 0017 0012 0017 0012 0017 0012 0017 0024 0017 0012 0017 0012 002e 0012 0017 0024 002e 0024 0017 0012 002e 0012 0017 0012 0017 0024 0517 0045 002e 0012 0017 0012 0017 0012 0017 0012 0017 0012 0017 0024 0017 0012 0017 0012 002e 0012 0017 0012 0017 0024 002e 0024 0017 0012 002e 0024 0024
{	0000 006c 0035 0000 0045 002f 0012 0017 0012 0017 0012 0017 0012 0017 0012 0017 0024 0017 0012 0017 0012 002f 0012 0017 0012 0017 0012 0017 0012 0017 0024 0017 0012 0017 0012 0017 0012 0566 0045 002f 0012 0017 0012 0017 0012 0017 0012 0017 0012 0017 0024 0017 0012 002f 0012 0017 0024 002f 0012 0017 0012 0017 0012 0017 0012 0017 0024 0017 0012 0566 0045 002f 0024 002f 0012 0017 0012 0017 0012 0017 0024 0017 0012 002f 0012 0017 0024 002f 0024 002f 0024 0017 0012 0017 0012 002f 0012 0017 0012 0017 0024 0017 0012 002f 0012 0017 0024 0017 0012 0012
Pipe	0000 006c 0034 0000 0045 002e 0012 0017 0012 0017 0012 0017 0012 0017 0012 0017 0024 0017 0012 0017 0012 002e 0012 0017 0012 0017 0012 0017 0012 0017 0024 0017 0012 0017 0012 0017 0012 055c 0045 002e 0012 0017 0012 0017 0012 0017 0012 0017 0012 0017 0012 0017 0024 002e 0024 0017 0012 002e 0012 0017 0024 0017 0012 0017 0012 002e 0024 055c 0045 002e 0024 002e 0012 0017 0012 0017 0012 0017 0012 0017 0024 002e 0024 0017 0012 002e 0024 002e 0024 0017 0012 0017 0012 002e 0012 0017 0012 0017 0024 0017 0012 0017 0012 0017 0012 002e 0024 0024
:	0000 006c 0033 0000 0045 002f 0012 0017 0012 0017 0012 0017 0012 0017 0012 0017 0024 0017 0012 0017 0012 002f 0012 0017 0012 0017 0012 0017 0012 0017 0024 0017 0012 0017 0012 0017 0012 053b 0045 002f 0012 0017 0012 0017 0012 0017 0012 0017 0024 002f 0024 002f 0012 0017 0024 0017 0012 002f 0024 0017 0012 002f 0024 0017 0012 053b 0045 002f 0024 002f 0012 0017 0012 0017 0024 002f 0024 002f 0012 0017 0024 0017 0012 0017 0012 002f 0024 0017 0012 0017 0012 002f 0012 0017 0012 0017 0024 002f 0012 0017 0024 0017 0012 0017 0012 0012
Double Qoutes	0000 006c 0034 0000 0045 002f 0012 0017 0012 0017 0012 0017 0012 0017 0012 0017 0024 0017 0012 0017 0012 002f 0012 0017 0012 0017 0012 0017 0012 0017 0024 0017 0012 0017 0012 0017 0012 0552 0045 002f 0012 0017 0012 0017 0012 0017 0012 0017 0012 0017 0024 002f 0024 0017 0012 0017 0012 002f 0012 0017 0024 002f 0024 0017 0012 0017 0012 0552 0045 002f 0024 002f 0012 0017 0012 0017 0012 0017 0024 0017 0012 0017 0012 002f 0012 0017 0012 0017 0024 002f 0024 002f 0024 0017 0012 0017 0012 002f 0024 002f 0024 0017 0012 0017 0012 0017 0012 0012
&lt;	0000 006c 0038 0000 0045 002d 0012 0017 0012 0017 0012 0017 0012 0017 0012 0017 0024 0017 0012 0017 0012 002d 0012 0017 0012 0017 0012 0017 0012 0017 0024 0017 0012 0017 0012 0017 0012 0550 0045 002d 0012 0017 0012 0017 0012 0017 0012 0017 0012 0017 0012 0017 0012 0017 0024 0017 0012 0017 0012 0017 0012 002d 0024 0017 0012 0017 0012 0017 0012 0017 0012 0550 0045 002d 0024 002d 0012 0017 0012 0017 0012 0017 0024 0017 0012 0017 0012 002d 0012 0017 0012 0017 0024 002d 0012 0017 0012 0017 0024 0017 0012 0017 0012 0017 0012 0017 0012 002d 0012 0017 0012 0017 0012 0017 0024 0024
&gt;	0000 006c 0035 0000 0045 002f 0012 0017 0012 0017 0012 0017 0012 0017 0012 0017 0024 0017 0012 0017 0012 002f 0012 0017 0012 0017 0012 0017 0012 0017 0024 0017 0012 0017 0012 0017 0012 054a 0045 002f 0012 0017 0012 0017 0012 0017 0012 0017 0012 0017 0012 0017 0024 002f 0024 0017 0012 0017 0012 002f 0024 0017 0012 002f 0024 0017 0012 054a 0045 002f 0024 002f 0012 0017 0012 0017 0012 0017 0012 0017 0024 002f 0024 0017 0012 0017 0012 0017 0012 002f 0024 0017 0012 0017 0012 002f 0012 0017 0012 0017 0024 002f 0012 0017 0024 0017 0012 0017 0012 0012
?	0000 006c 0034 0000 0045 002f 0012 0017 0012 0017 0012 0017 0012 0017 0012 0017 0024 0017 0012 0017 0012 002f 0012 0017 0012 0017 0012 0017 0012 0017 0024 0017 0012 0017 0012 0017 0012 055a 0045 002f 0012 0017 0012 0017 0012 0017 0012 0017 0024 002f 0024 002f 0024 0017 0012 0017 0012 002f 0012 0017 0012 0017 0024 0017 0012 0017 0012 055a 0045 002f 0024 002f 0012 0017 0012 0017 0024 002f 0024 002f 0024 0017 0012 0017 0012 0017 0012 002f 0024 0017 0012 0017 0012 002f 0012 0017 0012 0017 0024 0017 0012 002f 0024 0017 0012 0017 0012 0012
~	0000 006c 0033 0000 0045 002f 0012 0017 0012 0017 0012 0017 0012 0017 0012 0017 0024 0017 0012 0017 0012 002f 0012 0017 0012 0017 0012 0017 0012 0017 0024 0017 0012 0017 0012 0017 0012 054c 0045 002f 0012 0017 0012 0017 0012 0017 0012 0017 0024 002f 0012 0017 0024 002f 0012 0017 0024 002f 0024 002f 0024 0017 0012 0017 0012 054c 0045 002f 0024 002f 0012 0017 0012 0017 0024 002f 0012 0017 0024 002f 0012 0017 0024 0017 0012 002f 0024 0017 0012 0017 0012 002f 0012 0017 0012 0017 0024 002f 0024 0017 0012 0017 0012 0017 0012 0012
