Power	0000 0071 0000 0032 0080 0040 0010 0010 0010 0030 0010 0010 0010 0010 0010 0010 0010 0010 0010 0010 0010 0010 0010 0010 0010 0010 0010 0010 0010 0010 0010 0010 0010 0030 0010 0010 0010 0010 0010 0010 0010 0010 0010 0010 0010 0010 0010 0010 0010 0010 0010 0010 0010 0030 0010 0010 0010 0010 0010 0010 0010 0010 0010 0010 0010 0010 0010 0010 0010 0010 0010 0030 0010 0010 0010 0030 0010 0030 0010 0030 0010 0030 0010 0010 0010 0010 0010 0030 0010 0010 0010 0030 0010 0030 0010 0030 0010 0030 0010 0010 0010 0030 0010 0a97
Std	0000 0071 0000 0032 0080 0040 0010 0010 0010 0030 0010 0010 0010 0010 0010 0010 0010 0010 0010 0010 0010 0010 0010 0010 0010 0010 0010 0010 0010 0010 0010 0010 0010 0030 0010 0010 0010 0010 0010 0010 0010 0010 0010 0010 0010 0010 0010 0010 0010 0010 0010 0010 0010 0030 0010 0010 0010 0010 0010 0010 0010 0010 0010 0010 0010 0010 0010 0010 0010 0010 0010 0010 0010 0010 0010 0030 0010 0030 0010 0010 0010 0010 0010 0010 0010 0010 0010 0010 0010 0010 0010 0030 0010 0030 0010 0010 0010 0010 0010 0010 0010 0030 0010 0a97
Input	0000 0071 0000 0032 0080 003f 0011 000f 0011 002f 0011 000f 0011 000f 0011 000f 0011 000f 0011 000f 0011 000f 0011 000f 0011 000f 0011 000f 0011 000f 0011 000f 0011 002f 0011 000f 0011 000f 0011 000f 0011 000f 0011 000f 0011 000f 0011 000f 0011 000f 0011 000f 0011 002f 0011 000f 0011 000f 0011 000f 0011 000f 0011 000f 0011 000f 0011 000f 0011 000f 0011 002f 0011 000f 0011 002f 0011 000f 0011 000f 0011 000f 0011 000f 0011 000f 0011 002f 0011 000f 0011 002f 0011 000f 0011 000f 0011 000f 0011 000f 0011 002f 0011 0a97
Menu	0000 0071 0000 0032 0080 0040 0010 0010 0010 0030 0010 0010 0010 0010 0010 0010 0010 0010 0010 0010 0010 0010 0010 0010 0010 0010 0010 0010 0010 0010 0010 0010 0010 0030 0010 0010 0010 0010 0010 0010 0010 0010 0010 0010 0010 0010 0010 0010 0010 0010 0010 0010 0010 0030 0010 0010 0010 0010 0010 0010 0010 0010 0010 0010 0010 0010 0010 0010 0010 0010 0010 0010 0010 0030 0010 0010 0010 0010 0010 0030 0010 0010 0010 0030 0010 0010 0010 0010 0010 0030 0010 0010 0010 0010 0010 0030 0010 0010 0010 0030 0010 0030 0010 0a97
Up	0000 0071 0000 0032 0080 0040 0010 0010 0010 0030 0010 0010 0010 0010 0010 0010 0010 0010 0010 0010 0010 0010 0010 0010 0010 0010 0010 0010 0010 0010 0010 0010 0010 0030 0010 0010 0010 0010 0010 0010 0010 0010 0010 0010 0010 0010 0010 0010 0010 0010 0010 0010 0010 0030 0010 0010 0010 0010 0010 0010 0010 0010 0010 0010 0010 0010 0010 0010 0010 0010 0010 0010 0010 0030 0010 0010 0010 0030 0010 0010 0010 0010 0010 0030 0010 0010 0010 0010 0010 0030 0010 0010 0010 0030 0010 0010 0010 0010 0010 0030 0010 0030 0010 0a97
Down	0000 0071 0000 0032 0080 0040 0010 0010 0010 0030 0010 0010 0010 0010 0010 0010 0010 0010 0010 0010 0010 0010 0010 0010 0010 0010 0010 0010 0010 0010 0010 0010 0010 0030 0010 0010 0010 0010 0010 0010 0010 0010 0010 0010 0010 0010 0010 0010 0010 0010 0010 0010 0010 0030 0010 0010 0010 0010 0010 0010 0010 0010 0010 0010 0010 0010 0010 0010 0010 0010 0010 0030 0010 0030 0010 0010 0010 0030 0010 0010 0010 0010 0010 0030 0010 0010 0010 0030 0010 0030 0010 0010 0010 0030 0010 0010 0010 0010 0010 0030 0010 0030 0010 0a97
Left	0000 0071 0000 0032 0080 0040 0010 0010 0010 0030 0010 0010 0010 0010 0010 0010 0010 0010 0010 0010 0010 0010 0010 0010 0010 0010 0010 0010 0010 0010 0010 0010 0010 0030 0010 0010 0010 0010 0010 0010 0010 0010 0010 0010 0010 0010 0010 0010 0010 0010 0010 0010 0010 0030 0010 0010 0010 0010 0010 0010 0010 0010 0010 0010 0010 0010 0010 0010 0010 0010 0010 0010 0010 0030 0010 0030 0010 0030 0010 0010 0010 0010 0010 0030 0010 0010 0010 0010 0010 0030 0010 0030 0010 0030 0010 0010 0010 0010 0010 0030 0010 0030 0010 0a97
Right	0000 0071 0000 0032 0080 0040 0010 0010 0010 0030 0010 0010 0010 0010 0010 0010 0010 0010 0010 0010 0010 0010 0010 0010 0010 0010 0010 0010 0010 0010 0010 0010 0010 0030 0010 0010 0010 0010 0010 0010 0010 0010 0010 0010 0010 0010 0010 0010 0010 0010 0010 0010 0010 0030 0010 0010 0010 0010 0010 0010 0010 0010 0010 0010 0010 0010 0010 0010 0010 0010 0010 0030 0010 0030 0010 0030 0010 0030 0010 0010 0010 0010 0010 0030 0010 0010 0010 0030 0010 0030 0010 0030 0010 0030 0010 0010 0010 0010 0010 0030 0010 0030 0010 0a97
Vol+	0000 0071 0000 0032 0080 0040 0010 0010 0010 0030 0010 0010 0010 0010 0010 0010 0010 0010 0010 0010 0010 0010 0010 0010 0010 0010 0010 0010 0010 0010 0010 0010 0010 0030 0010 0010 0010 0010 0010 0010 0010 0010 0010 0010 0010 0010 0010 0010 0010 0010 0010 0010 0010 0030 0010 0010 0010 0010 0010 0010 0010 0010 0010 0010 0010 0010 0010 0010 0010 0010 0010 0010 0010 0010 0010 0010 0010 0010 0010 0010 0010 0030 0010 0010 0010 0010 0010 0010 0010 0010 0010 0010 0010 0010 0010 0010 0010 0030 0010 0010 0010 0030 0010 0a97
Vol-	0000 0071 0000 0032 0080 003f 0011 000f 0011 002f 0011 000f 0011 000f 0011 000f 0011 000f 0011 000f 0011 000f 0011 000f 0011 000f 0011 000f 0011 000f 0011 000f 0011 002f 0011 000f 0011 000f 0011 000f 0011 000f 0011 000f 0011 000f 0011 000f 0011 000f 0011 000f 0011 002f 0011 000f 0011 000f 0011 000f 0011 000f 0011 000f 0011 000f 0011 000f 0011 000f 0011 002f 0011 000f 0011 000f 0011 000f 0011 000f 0011 002f 0011 000f 0011 000f 0011 002f 0011 000f 0011 000f 0011 000f 0011 000f 0011 002f 0011 000f 0011 002f 0011 0a97
Mute	0000 0071 0000 0032 0080 003f 0011 000f 0011 002f 0011 000f 0011 000f 0011 000f 0011 000f 0011 000f 0011 000f 0011 000f 0011 000f 0011 000f 0011 000f 0011 000f 0011 002f 0011 000f 0011 000f 0011 000f 0011 000f 0011 000f 0011 000f 0011 000f 0011 000f 0011 000f 0011 002f 0011 000f 0011 000f 0011 000f 0011 000f 0011 000f 0011 000f 0011 000f 0011 000f 0011 000f 0011 002f 0011 000f 0011 000f 0011 002f 0011 002f 0011 000f 0011 000f 0011 000f 0011 002f 0011 000f 0011 000f 0011 002f 0011 002f 0011 000f 0011 002f 0011 0a97
Top Button	0000 0070 0000 001a 003c 001e 000f 002d 000f 000f 000f 002d 000f 000f 000f 002d 000f 000f 000f 000f 000f 000f 000f 000f 000f 000f 000f 000f 000f 000f 000f 000f 000f 000f 000f 000f 000f 002d 000f 000f 000f 000f 000f 000f 000f 000f 000f 000f 000f 000f 000f 002d 000f 000f 000f 01c1
Bottom Button	0000 0070 0000 001a 003c 001e 000f 002d 000f 000f 000f 002d 000f 000f 000f 002d 000f 000f 000f 000f 000f 000f 000f 000f 000f 000f 000f 000f 000f 000f 000f 000f 000f 000f 000f 002d 000f 000f 000f 000f 000f 000f 000f 000f 000f 000f 000f 000f 000f 000f 000f 000f 000f 002d 000f 01c1
