Av1	0000 006C 0000 001D 0000 0020 0000 0020 0000 0020 0000 00A1 0000 0020 0000 0020 0000 0020 0000 00A1 0000 0020 0000 00A1 0000 0020 0000 0020 0000 0020 0000 00BF 0000 0020 0000 005D 0000 00C0 0000 003F 0000 0020 0000 0020 0000 00A1 0000 003F 0000 00A1 0000 0020 0000 0020 0000 0020 0000 00BF 0000 005D 0000 0A8D
Av2	0000 006C 0000 001E 0000 0020 0000 0020 0000 0020 0000 00A1 0000 0020 0000 0020 0000 0020 0000 00A1 0000 0020 0000 00A1 0000 0020 0000 0020 0000 0020 0000 00BF 0000 0020 0000 005D 0000 00C0 0000 003F 0000 0020 0000 0020 0000 00A1 0000 0020 0000 003F 0000 00A1 0000 0020 0000 0020 0000 0020 0000 00BF 0000 005D 0000 0A6D
Av3	0000 006C 0000 001E 0000 0020 0000 0020 0000 0020 0000 00A1 0000 0020 0000 0020 0000 0020 0000 00A1 0000 0020 0000 00A1 0000 0020 0000 0020 0000 0020 0000 00BF 0000 0020 0000 005D 0000 00C0 0000 003F 0000 0020 0000 0020 0000 00A1 0000 0020 0000 003F 0000 00A1 0000 0020 0000 0020 0000 0020 0000 00BF 0000 005D 0000 0A6D
Av4	0000 006C 0000 001E 0000 0020 0000 0020 0000 0020 0000 00A1 0000 0020 0000 0020 0000 0020 0000 00A1 0000 0020 0000 00A1 0000 0020 0000 0020 0000 0020 0000 00BF 0000 0020 0000 005D 0000 00C0 0000 003F 0000 0020 0000 0020 0000 00A1 0000 003F 0000 003F 0000 00A1 0000 0020 0000 0020 0000 0020 0000 00BF 0000 005D 0000 0A4D
Av5	0000 006C 0000 001E 0000 0020 0000 0020 0000 0020 0000 00A1 0000 0020 0000 0020 0000 0020 0000 00A1 0000 0020 0000 00A1 0000 0020 0000 0020 0000 0020 0000 00BF 0000 0020 0000 005D 0000 00C0 0000 003F 0000 0020 0000 0020 0000 00A1 0000 0020 0000 003F 0000 00A1 0000 0020 0000 0020 0000 0020 0000 00BF 0000 005D 0000 0A6D
Av6	0000 006C 0000 001F 0000 0020 0000 0020 0000 0020 0000 00A1 0000 0020 0000 0020 0000 0020 0000 00A1 0000 0020 0000 00A1 0000 0020 0000 0020 0000 0020 0000 00BF 0000 0020 0000 005D 0000 00C0 0000 003F 0000 0020 0000 0020 0000 00A1 0000 0020 0000 0020 0000 003F 0000 00A1 0000 0020 0000 0020 0000 0020 0000 00BF 0000 005D 0000 0A4D
Av7	0000 006C 0000 001E 0000 0020 0000 0020 0000 0020 0000 00A1 0000 0020 0000 0020 0000 0020 0000 00A1 0000 0020 0000 00A1 0000 0020 0000 0020 0000 0020 0000 00BF 0000 0020 0000 005D 0000 00C0 0000 003F 0000 0020 0000 0020 0000 00A1 0000 003F 0000 003F 0000 00A1 0000 0020 0000 0020 0000 0020 0000 00BF 0000 005D 0000 0A4D
Av8	0000 006C 0000 001E 0000 0020 0000 0020 0000 0020 0000 00A1 0000 0020 0000 0020 0000 0020 0000 00A1 0000 0020 0000 00A1 0000 0020 0000 0020 0000 0020 0000 00BF 0000 0020 0000 005D 0000 00C0 0000 003F 0000 0020 0000 0020 0000 00A1 0000 005D 0000 003F 0000 00A1 0000 0020 0000 0020 0000 0020 0000 00BF 0000 005D 0000 0A2D
A/V Split	0000 006C 0000 001D 0000 0020 0000 0020 0000 0020 0000 00A1 0000 0020 0000 0020 0000 0020 0000 00A1 0000 0020 0000 00A1 0000 0020 0000 0020 0000 0020 0000 00BF 0000 0020 0000 005D 0000 00C0 0000 003F 0000 0020 0000 0020 0000 00A1 0000 0020 0000 00C0 0000 0020 0000 0020 0000 0020 0000 00BF 0000 005D 0000 0A8D
RF Select	0000 006C 0000 001E 0000 0020 0000 0020 0000 0020 0000 00A1 0000 0020 0000 0020 0000 0020 0000 00A1 0000 0020 0000 00A1 0000 0020 0000 0020 0000 0020 0000 00BF 0000 0020 0000 005D 0000 00C0 0000 003F 0000 0020 0000 0020 0000 00A1 0000 0020 0000 0020 0000 00A1 0000 0020 0000 0020 0000 0020 0000 00BF 0000 005D 0000 0A8D
RF A/B	0000 006C 0000 001F 0000 0020 0000 0020 0000 0020 0000 00A1 0000 0020 0000 0020 0000 0020 0000 00A1 0000 0020 0000 00A1 0000 0020 0000 0020 0000 0020 0000 00BF 0000 0020 0000 005D 0000 00C0 0000 003F 0000 0020 0000 0020 0000 00A1 0000 0020 0000 0020 0000 0020 0000 00A1 0000 0020 0000 0020 0000 0020 0000 00BF 0000 005D 0000 0A6D
Off	0000 006C 0000 001D 0000 0020 0000 0020 0000 0020 0000 00A1 0000 0020 0000 0020 0000 0020 0000 00A1 0000 0020 0000 00A1 0000 0020 0000 0020 0000 0020 0000 00BF 0000 0020 0000 005D 0000 00C0 0000 003F 0000 0020 0000 0020 0000 00A1 0000 005D 0000 00A1 0000 0020 0000 0020 0000 0020 0000 00BF 0000 005D 0000 0A6D
Out1	0000 006C 0000 001D 0000 0020 0000 0020 0000 0020 0000 00A1 0000 0020 0000 0020 0000 0020 0000 00A1 0000 00A1 0000 0020 0000 0020 0000 0020 0000 00BF 0000 0020 0000 005D 0000 00C0 0000 003F 0000 0020 0000 0020 0000 00A1 0000 003F 0000 0020 0000 00A1 0000 0020 0000 0020 0000 0020 0000 00BF 0000 005D 0000 0A8D
Out2	0000 006C 0000 001E 0000 0020 0000 0020 0000 0020 0000 00A1 0000 0020 0000 0020 0000 0020 0000 00A1 0000 0020 0000 00A1 0000 0020 0000 0020 0000 0020 0000 00BF 0000 0020 0000 005D 0000 00C0 0000 003F 0000 0020 0000 0020 0000 00A1 0000 003F 0000 0020 0000 00A1 0000 0020 0000 0020 0000 0020 0000 00BF 0000 005D 0000 0A6D
Out3	0000 006C 0000 001E 0000 0020 0000 0020 0000 0020 0000 00A1 0000 0020 0000 0020 0000 0020 0000 00A1 0000 0020 0000 00A1 0000 0020 0000 0020 0000 0020 0000 00BF 0000 0020 0000 005D 0000 00C0 0000 003F 0000 0020 0000 0020 0000 00A1 0000 003F 0000 0020 0000 00A1 0000 0020 0000 0020 0000 0020 0000 00BF 0000 005D 0000 0A6D
