Timer/Clock	0000 006c 002a 0000 0155 00ab 0015 0015 0015 0015 0015 0015 0015 0015 0015 0015 0015 0015 0015 0040 0015 0015 0015 0040 0015 0040 0015 0040 0015 0040 0015 0040 0015 0040 0015 0015 0015 0040 0015 0040 0015 0015 0015 0040 0015 0015 0015 0040 0015 0015 0015 0015 0015 0015 0015 0015 0015 0040 0015 0015 0015 0040 0015 0015 0015 0040 0015 0040 0015 0040 0015 05ec 0155 0055 0015 0e41 0155 0055 0015 0e41 0155 0055 0015 0e41 0155 0055 0015 0015
Recall	0000 006c 002a 0000 0155 00ab 0016 0016 0016 0016 0016 0016 0016 0016 0016 0016 0016 0016 0016 0040 0016 0016 0016 0040 0016 0040 0016 0040 0016 0040 0016 0040 0016 0040 0016 0016 0016 0040 0016 0016 0016 0016 0016 0040 0016 0040 0016 0040 0016 0016 0016 0016 0016 0016 0016 0040 0016 0040 0016 0016 0016 0016 0016 0016 0016 0040 0016 0040 0016 0040 0016 05ec 0155 0055 0016 0e41 0155 0055 0016 0e41 0155 0055 0016 0e41 0155 0055 0016 0016
Power	0000 006c 002a 0000 0155 00ab 0016 0016 0016 0016 0016 0016 0016 0016 0016 0016 0016 0016 0016 0040 0016 0016 0016 0040 0016 0040 0016 0040 0016 0040 0016 0040 0016 0040 0016 0016 0016 0040 0016 0016 0016 0040 0016 0016 0016 0016 0016 0040 0016 0016 0016 0016 0016 0016 0016 0040 0016 0016 0016 0040 0016 0040 0016 0016 0016 0040 0016 0040 0016 0040 0016 05ec 0155 0055 0016 0e41 0155 0055 0016 0e41 0155 0055 0016 0e41 0155 0055 0016 0016
TV/Video	0000 006c 002a 0000 0155 00aa 0015 0015 0015 0015 0015 0015 0015 0015 0015 0015 0015 0015 0015 0040 0015 0015 0015 0040 0015 0040 0015 0040 0015 0040 0015 0040 0015 0040 0015 0015 0015 0040 0015 0040 0015 0040 0015 0040 0015 0040 0015 0015 0015 0015 0015 0015 0015 0015 0015 0015 0015 0015 0015 0015 0015 0015 0015 0040 0015 0040 0015 0040 0015 0040 0015 05ec 0155 0055 0015 0e41 0155 0055 0015 0e41 0155 0055 0015 0e41 0155 0055 0015 0015
TV/Catv	0000 006c 002a 0000 0155 00aa 0016 0016 0016 0016 0016 0016 0016 0016 0016 0016 0016 0016 0016 0040 0016 0016 0016 0040 0016 0040 0016 0040 0016 0040 0016 0040 0016 0040 0016 0016 0016 0040 0016 0016 0016 0016 0016 0016 0016 0040 0016 0040 0016 0016 0016 0016 0016 0016 0016 0040 0016 0040 0016 0040 0016 0016 0016 0016 0016 0040 0016 0040 0016 0040 0016 05ec 0155 0055 0016 0e41 0155 0055 0016 0e41 0155 0055 0016 0e41 0155 0055 0016 0016
Rf1/2	0000 006c 002a 0000 0155 00ab 0016 0016 0016 0016 0016 0016 0016 0016 0016 0016 0016 0016 0016 0040 0016 0016 0016 0040 0016 0040 0016 0040 0016 0040 0016 0040 0016 0040 0016 0016 0016 0040 0016 0040 0016 0040 0016 0016 0016 0040 0016 0016 0016 0016 0016 0016 0016 0016 0016 0016 0016 0016 0016 0040 0016 0016 0016 0040 0016 0040 0016 0040 0016 0040 0016 05ec 0155 0055 0016 0e41 0155 0055 0016 0e41 0155 0055 0016 0e41 0155 0055 0016 0016
Mute	0000 006c 002a 0000 0155 00aa 0015 0015 0015 0015 0015 0015 0015 0015 0015 0015 0015 0015 0015 0040 0015 0015 0015 0040 0015 0040 0015 0040 0015 0040 0015 0040 0015 0040 0015 0015 0015 0040 0015 0015 0015 0015 0015 0015 0015 0015 0015 0040 0015 0015 0015 0015 0015 0015 0015 0040 0015 0040 0015 0040 0015 0040 0015 0015 0015 0040 0015 0040 0015 0040 0015 05ec 0155 0055 0015 0e41 0155 0055 0015 0e41 0155 0055 0015 0e41 0155 0055 0015 0015
Ch Return	0000 006c 002a 0000 0155 00aa 0015 0015 0015 0015 0015 0015 0015 0015 0015 0015 0015 0015 0015 0040 0015 0015 0015 0040 0015 0040 0015 0040 0015 0040 0015 0040 0015 0040 0015 0015 0015 0040 0015 0040 0015 0040 0015 0040 0015 0015 0015 0040 0015 0015 0015 0015 0015 0015 0015 0015 0015 0015 0015 0015 0015 0040 0015 0015 0015 0040 0015 0040 0015 0040 0015 05ec 0155 0055 0015 0e41 0155 0055 0015 0e41 0155 0055 0015 0e41 0155 0055 0015 0015
Mts	0000 006c 002a 0000 0155 00ab 0015 0015 0015 0015 0015 0015 0015 0015 0015 0015 0015 0015 0015 0040 0015 0015 0015 0040 0015 0040 0015 0040 0015 0040 0015 0040 0015 0040 0015 0015 0015 0040 0015 0040 0015 0040 0015 0015 0015 0015 0015 0040 0015 0015 0015 0015 0015 0015 0015 0015 0015 0015 0015 0040 0015 0040 0015 0015 0015 0040 0015 0040 0015 0040 0015 05ec 0155 0055 0015 0e41 0155 0055 0015 0e41 0155 0055 0015 0e41 0155 0055 0015 0015
Vol+	0000 006c 002a 0000 0155 00ab 0016 0016 0016 0016 0016 0016 0016 0016 0016 0016 0016 0016 0016 0040 0016 0016 0016 0040 0016 0040 0016 0040 0016 0040 0016 0040 0016 0040 0016 0016 0016 0040 0016 0016 0016 0040 0016 0016 0016 0040 0016 0040 0016 0016 0016 0016 0016 0016 0016 0040 0016 0016 0016 0040 0016 0016 0016 0016 0016 0040 0016 0040 0016 0040 0016 05ec 0155 0055 0016 0e41 0155 0055 0016 0e41 0155 0055 0016 0e41 0155 0055 0016 0016
Vol-	0000 006c 002a 0000 0155 00aa 0015 0015 0015 0015 0015 0015 0015 0015 0015 0015 0015 0015 0015 0040 0015 0015 0015 0040 0015 0040 0015 0040 0015 0040 0015 0040 0015 0040 0015 0015 0015 0040 0015 0015 0015 0040 0015 0040 0015 0040 0015 0040 0015 0015 0015 0015 0015 0015 0015 0040 0015 0015 0015 0015 0015 0015 0015 0015 0015 0040 0015 0040 0015 0040 0015 05ec 0155 0055 0015 0e41 0155 0055 0015 0e41 0155 0055 0015 0e41 0155 0055 0015 0015
1	0000 006c 002a 0000 0155 00ab 0016 0016 0016 0016 0016 0016 0016 0016 0016 0016 0016 0016 0016 0040 0016 0016 0016 0040 0016 0040 0016 0040 0016 0040 0016 0040 0016 0040 0016 0016 0016 0040 0016 0040 0016 0016 0016 0016 0016 0016 0016 0016 0016 0016 0016 0016 0016 0016 0016 0016 0016 0040 0016 0040 0016 0040 0016 0040 0016 0040 0016 0040 0016 0040 0016 05ec 0155 0055 0016 0e41 0155 0055 0016 0e41 0155 0055 0016 0e41 0155 0055 0016 0016
2	0000 006c 002a 0000 0155 00aa 0015 0015 0015 0015 0015 0015 0015 0015 0015 0015 0015 0015 0015 0040 0015 0015 0015 0040 0015 0040 0015 0040 0015 0040 0015 0040 0015 0040 0015 0015 0015 0040 0015 0015 0015 0040 0015 0015 0015 0015 0015 0015 0015 0015 0015 0015 0015 0015 0015 0040 0015 0015 0015 0040 0015 0040 0015 0040 0015 0040 0015 0040 0015 0040 0015 05ed 0155 0055 0015 0e41 0155 0055 0015 0e41 0155 0055 0015 0e41 0155 0055 0015 0015
3	0000 006c 002a 0000 0155 00ab 0015 0015 0015 0015 0015 0015 0015 0015 0015 0015 0015 0015 0015 0040 0015 0015 0015 0040 0015 0040 0015 0040 0015 0040 0015 0040 0015 0040 0015 0015 0015 0040 0015 0040 0015 0040 0015 0015 0015 0015 0015 0015 0015 0015 0015 0015 0015 0015 0015 0015 0015 0015 0015 0040 0015 0040 0015 0040 0015 0040 0015 0040 0015 0040 0015 05ec 0155 0055 0015 0e41 0155 0055 0015 0e41 0155 0055 0015 0e41 0155 0055 0015 0015
4	0000 006c 002a 0000 0155 00ab 0015 0015 0015 0015 0015 0015 0015 0015 0015 0015 0015 0015 0015 0040 0015 0015 0015 0040 0015 0040 0015 0040 0015 0040 0015 0040 0015 0040 0015 0015 0015 0040 0015 0015 0015 0015 0015 0040 0015 0015 0015 0015 0015 0015 0015 0015 0015 0015 0015 0040 0015 0040 0015 0015 0015 0040 0015 0040 0015 0040 0015 0040 0015 0040 0015 05ec 0155 0055 0015 0e41 0155 0055 0015 0e41 0155 0055 0015 0e41 0155 0055 0015 0015
5	0000 006c 002a 0000 0155 00aa 0016 0016 0016 0016 0016 0016 0016 0016 0016 0016 0016 0016 0016 0040 0016 0016 0016 0040 0016 0040 0016 0040 0016 0040 0016 0040 0016 0040 0016 0016 0016 0040 0016 0040 0016 0016 0016 0040 0016 0016 0016 0016 0016 0016 0016 0016 0016 0016 0016 0016 0016 0040 0016 0016 0016 0040 0016 0040 0016 0040 0016 0040 0016 0040 0016 05ec 0155 0055 0016 0e41 0155 0055 0016 0e41 0155 0055 0016 0e41 0155 0055 0016 0016
6	0000 006c 002a 0000 0155 00aa 0015 0015 0015 0015 0015 0015 0015 0015 0015 0015 0015 0015 0015 0040 0015 0015 0015 0040 0015 0040 0015 0040 0015 0040 0015 0040 0015 0040 0015 0015 0015 0040 0015 0015 0015 0040 0015 0040 0015 0015 0015 0015 0015 0015 0015 0015 0015 0015 0015 0040 0015 0015 0015 0015 0015 0040 0015 0040 0015 0040 0015 0040 0015 0040 0015 05ec 0155 0055 0015 0e41 0155 0055 0015 0e41 0155 0055 0015 0e41 0155 0055 0015 0015
7	0000 006c 002a 0000 0155 00aa 0016 0016 0016 0016 0016 0016 0016 0016 0016 0016 0016 0016 0016 0040 0016 0016 0016 0040 0016 0040 0016 0040 0016 0040 0016 0040 0016 0040 0016 0016 0016 0040 0016 0040 0016 0040 0016 0040 0016 0016 0016 0016 0016 0016 0016 0016 0016 0016 0016 0016 0016 0016 0016 0016 0016 0040 0016 0040 0016 0040 0016 0040 0016 0040 0016 05ec 0155 0055 0016 0e41 0155 0055 0016 0e41 0155 0055 0016 0e41 0155 0055 0016 0016
8	0000 006c 002a 0000 0155 00ab 0016 0016 0016 0016 0016 0016 0016 0016 0016 0016 0016 0016 0016 0040 0016 0016 0016 0040 0016 0040 0016 0040 0016 0040 0016 0040 0016 0040 0016 0016 0016 0040 0016 0016 0016 0016 0016 0016 0016 0040 0016 0016 0016 0016 0016 0016 0016 0016 0016 0040 0016 0040 0016 0040 0016 0016 0016 0040 0016 0040 0016 0040 0016 0040 0016 05ec 0155 0055 0016 0e41 0155 0055 0016 0e41 0155 0055 0016 0e41 0155 0055 0016 0016
9	0000 006c 002a 0000 0155 00aa 0015 0015 0015 0015 0015 0015 0015 0015 0015 0015 0015 0015 0015 0040 0015 0015 0015 0040 0015 0040 0015 0040 0015 0040 0015 0040 0015 0040 0015 0015 0015 0040 0015 0040 0015 0015 0015 0015 0015 0040 0015 0015 0015 0015 0015 0015 0015 0015 0015 0015 0015 0040 0015 0040 0015 0015 0015 0040 0015 0040 0015 0040 0015 0040 0015 05ed 0155 0055 0015 0e41 0155 0055 0015 0e41 0155 0055 0015 0e41 0155 0055 0015 0015
0	0000 006c 002a 0000 0155 00aa 0015 0015 0015 0015 0015 0015 0015 0015 0015 0015 0015 0015 0015 0040 0015 0015 0015 0040 0015 0040 0015 0040 0015 0040 0015 0040 0015 0040 0015 0015 0015 0040 0015 0015 0015 0015 0015 0015 0015 0015 0015 0015 0015 0015 0015 0015 0015 0015 0015 0040 0015 0040 0015 0040 0015 0040 0015 0040 0015 0040 0015 0040 0015 0040 0015 05ed 0155 0055 0015 0e41 0155 0055 0015 0e41 0155 0055 0015 0e41 0155 0055 0015 0015
100	0000 006c 002a 0000 0155 00aa 0015 0015 0015 0015 0015 0015 0015 0015 0015 0015 0015 0015 0015 0040 0015 0015 0015 0040 0015 0040 0015 0040 0015 0040 0015 0040 0015 0040 0015 0015 0015 0040 0015 0015 0015 0040 0015 0015 0015 0040 0015 0015 0015 0015 0015 0015 0015 0015 0015 0040 0015 0015 0015 0040 0015 0015 0015 0040 0015 0040 0015 0040 0015 0040 0015 05ec 0155 0055 0015 0e41 0155 0055 0015 0e41 0155 0055 0015 0e41 0155 0055 0015 0015
Ch Lock	0000 006c 002a 0000 0155 00aa 0015 0015 0015 0015 0015 0015 0015 0015 0015 0015 0015 0015 0015 0040 0015 0015 0015 0040 0015 0040 0015 0040 0015 0040 0015 0040 0015 0040 0015 0015 0015 0040 0015 0015 0015 0015 0015 0015 0015 0040 0015 0015 0015 0015 0015 0040 0015 0015 0015 0040 0015 0040 0015 0040 0015 0015 0015 0040 0015 0040 0015 0015 0015 0040 0015 05ed 0155 0055 0015 0e41 0155 0055 0015 0e41 0155 0055 0015 0e41 0155 0055 0015 0015
Ch+	0000 006c 002a 0000 0155 00ab 0015 0015 0015 0015 0015 0015 0015 0015 0015 0015 0015 0015 0015 0040 0015 0015 0015 0040 0015 0040 0015 0040 0015 0040 0015 0040 0015 0040 0015 0015 0015 0040 0015 0040 0015 0040 0015 0015 0015 0040 0015 0040 0015 0015 0015 0015 0015 0015 0015 0015 0015 0015 0015 0040 0015 0015 0015 0015 0015 0040 0015 0040 0015 0040 0015 05ec 0155 0055 0015 0e41 0155 0055 0015 0e41 0155 0055 0015 0e41 0155 0055 0015 0015
Ch-	0000 006c 002a 0000 0155 00ab 0015 0015 0015 0015 0015 0015 0015 0015 0015 0015 0015 0015 0015 0040 0015 0015 0015 0040 0015 0040 0015 0040 0015 0040 0015 0040 0015 0040 0015 0015 0015 0040 0015 0040 0015 0040 0015 0040 0015 0040 0015 0040 0015 0015 0015 0015 0015 0015 0015 0015 0015 0015 0015 0015 0015 0015 0015 0015 0015 0040 0015 0040 0015 0040 0015 05ec 0155 0055 0015 0e41 0155 0055 0015 0e41 0155 0055 0015 0e41 0155 0055 0015 0015
Reset	0000 006c 002a 0000 0155 00aa 0015 0015 0015 0015 0015 0015 0015 0015 0015 0015 0015 0015 0015 0040 0015 0015 0015 0040 0015 0040 0015 0040 0015 0040 0015 0040 0015 0040 0015 0015 0015 0040 0015 0015 0015 0015 0015 0040 0015 0040 0015 0015 0015 0015 0015 0015 0015 0015 0015 0040 0015 0040 0015 0015 0015 0015 0015 0040 0015 0040 0015 0040 0015 0040 0015 05ed 0155 0055 0015 0e41 0155 0055 0015 0e41 0155 0055 0015 0e41 0155 0055 0015 0015
Audio	0000 006c 002a 0000 0155 00aa 0015 0015 0015 0015 0015 0015 0015 0015 0015 0015 0015 0015 0015 0040 0015 0015 0015 0040 0015 0040 0015 0040 0015 0040 0015 0040 0015 0040 0015 0015 0015 0040 0015 0040 0015 0015 0015 0040 0015 0040 0015 0015 0015 0015 0015 0015 0015 0015 0015 0015 0015 0040 0015 0015 0015 0015 0015 0040 0015 0040 0015 0040 0015 0040 0015 05ec 0155 0055 0015 0e41 0155 0055 0015 0e41 0155 0055 0015 0e41 0155 0055 0015 0015
Pict	0000 006c 002a 0000 0155 00aa 0016 0016 0016 0016 0016 0016 0016 0016 0016 0016 0016 0016 0016 0040 0016 0016 0016 0040 0016 0040 0016 0040 0016 0040 0016 0040 0016 0040 0016 0016 0016 0040 0016 0016 0016 0040 0016 0040 0016 0040 0016 0016 0016 0016 0016 0016 0016 0016 0016 0040 0016 0016 0016 0016 0016 0016 0016 0040 0016 0040 0016 0040 0016 0040 0016 05ec 0155 0055 0016 0e41 0155 0055 0016 0e41 0155 0055 0016 0e41 0155 0055 0016 0016
Pict-	0000 006c 002a 0000 0155 00aa 0015 0015 0015 0015 0015 0015 0015 0015 0015 0015 0015 0015 0015 0040 0015 0015 0015 0040 0015 0040 0015 0040 0015 0040 0015 0040 0015 0040 0015 0015 0015 0040 0015 0040 0015 0015 0015 0040 0015 0040 0015 0040 0015 0015 0015 0015 0015 0015 0015 0015 0015 0040 0015 0015 0015 0015 0015 0015 0015 0040 0015 0040 0015 0040 0015 05ed 0155 0055 0015 0e41 0155 0055 0015 0e41 0155 0055 0015 0e41 0155 0055 0015 0015
Pict+	0000 006c 002a 0000 0155 00ab 0015 0015 0015 0015 0015 0015 0015 0015 0015 0015 0015 0015 0015 0040 0015 0015 0015 0040 0015 0040 0015 0040 0015 0040 0015 0040 0015 0040 0015 0015 0015 0040 0015 0040 0015 0015 0015 0015 0015 0040 0015 0040 0015 0015 0015 0015 0015 0015 0015 0015 0015 0040 0015 0040 0015 0015 0015 0015 0015 0040 0015 0040 0015 0040 0015 05ec 0155 0055 0015 0e41 0155 0055 0015 0e41 0155 0055 0015 0e41 0155 0055 0015 0015
TV/VCR	0000 006c 002a 0000 0155 00aa 0015 0015 0015 0015 0015 0040 0015 0015 0015 0015 0015 0015 0015 0040 0015 0015 0015 0040 0015 0040 0015 0015 0015 0040 0015 0040 0015 0040 0015 0015 0015 0040 0015 0040 0015 0015 0015 0015 0015 0015 0015 0040 0015 0015 0015 0015 0015 0015 0015 0015 0015 0040 0015 0040 0015 0040 0015 0015 0015 0040 0015 0040 0015 0040 0015 05ed 0155 0055 0015 0e41 0155 0055 0015 0e41 0155 0055 0015 0e41 0155 0055 0015 0015
VCR Ch-	0000 006c 002a 0000 0155 00ab 0015 0015 0015 0015 0015 0040 0015 0015 0015 0015 0015 0015 0015 0040 0015 0015 0015 0040 0015 0040 0015 0015 0015 0040 0015 0040 0015 0040 0015 0015 0015 0040 0015 0040 0015 0040 0015 0040 0015 0040 0015 0040 0015 0015 0015 0015 0015 0015 0015 0015 0015 0015 0015 0015 0015 0015 0015 0015 0015 0040 0015 0040 0015 0040 0015 05ec 0155 0055 0015 0e41 0155 0055 0015 0e41 0155 0055 0015 0e41 0155 0055 0015 0015
VCR Ch+	0000 006c 002a 0000 0155 00aa 0015 0015 0015 0015 0015 0040 0015 0015 0015 0015 0015 0015 0015 0040 0015 0015 0015 0040 0015 0040 0015 0015 0015 0040 0015 0040 0015 0040 0015 0015 0015 0040 0015 0040 0015 0040 0015 0015 0015 0040 0015 0040 0015 0015 0015 0015 0015 0015 0015 0015 0015 0015 0015 0040 0015 0015 0015 0015 0015 0040 0015 0040 0015 0040 0015 05ed 0155 0055 0015 0e41 0155 0055 0015 0e41 0155 0055 0015 0e41 0155 0055 0015 0015
VCR Power	0000 006c 002a 0000 0155 00aa 0015 0015 0015 0015 0015 0040 0015 0015 0015 0015 0015 0015 0015 0040 0015 0015 0015 0040 0015 0040 0015 0015 0015 0040 0015 0040 0015 0040 0015 0015 0015 0040 0015 0015 0015 0040 0015 0015 0015 0015 0015 0040 0015 0015 0015 0015 0015 0015 0015 0040 0015 0015 0015 0040 0015 0040 0015 0015 0015 0040 0015 0040 0015 0040 0015 05ec 0155 0055 0015 0e41 0155 0055 0015 0e41 0155 0055 0015 0e41 0155 0055 0015 0015
Record	0000 006c 002a 0000 0155 00aa 0015 0015 0015 0015 0015 0040 0015 0015 0015 0015 0015 0015 0015 0040 0015 0015 0015 0040 0015 0040 0015 0015 0015 0040 0015 0040 0015 0040 0015 0015 0015 0040 0015 0015 0015 0015 0015 0015 0015 0040 0015 0040 0015 0015 0015 0015 0015 0015 0015 0040 0015 0040 0015 0040 0015 0015 0015 0015 0015 0040 0015 0040 0015 0040 0015 05ed 0155 0055 0015 0e41 0155 0055 0015 0e41 0155 0055 0015 0e41 0155 0055 0015 0015
Pause	0000 006c 002a 0000 0155 00aa 0015 0015 0015 0015 0015 0040 0015 0015 0015 0015 0015 0015 0015 0040 0015 0015 0015 0040 0015 0040 0015 0015 0015 0040 0015 0040 0015 0040 0015 0015 0015 0040 0015 0015 0015 0015 0015 0015 0015 0015 0015 0040 0015 0015 0015 0015 0015 0015 0015 0040 0015 0040 0015 0040 0015 0040 0015 0015 0015 0040 0015 0040 0015 0040 0015 05ed 0155 0055 0015 0e41 0155 0055 0015 0e41 0155 0055 0015 0e41 0155 0055 0015 0015
SL Adv	0000 006c 002a 0000 0155 00ab 0015 0015 0015 0015 0015 0040 0015 0015 0015 0015 0015 0015 0015 0040 0015 0015 0015 0040 0015 0040 0015 0015 0015 0040 0015 0040 0015 0040 0015 0015 0015 0040 0015 0040 0015 0015 0015 0040 0015 0040 0015 0015 0015 0015 0015 0015 0015 0015 0015 0015 0015 0040 0015 0015 0015 0015 0015 0040 0015 0040 0015 0040 0015 0040 0015 05ec 0155 0055 0015 0e41 0155 0055 0015 0e41 0155 0055 0015 0e41 0155 0055 0015 0015
Rew	0000 006c 002a 0000 0155 00ab 0015 0015 0015 0015 0015 0040 0015 0015 0015 0015 0015 0015 0015 0040 0015 0015 0015 0040 0015 0040 0015 0015 0015 0040 0015 0040 0015 0040 0015 0015 0015 0040 0015 0040 0015 0015 0015 0015 0015 0040 0015 0040 0015 0015 0015 0015 0015 0015 0015 0015 0015 0040 0015 0040 0015 0015 0015 0015 0015 0040 0015 0040 0015 0040 0015 05ec 0155 0055 0015 0e41 0155 0055 0015 0e41 0155 0055 0015 0e41 0155 0055 0015 0015
Play	0000 006c 002a 0000 0155 00aa 0015 0015 0015 0015 0015 0040 0015 0015 0015 0015 0015 0015 0015 0040 0015 0015 0015 0040 0015 0040 0015 0015 0015 0040 0015 0040 0015 0040 0015 0015 0015 0040 0015 0040 0015 0015 0015 0040 0015 0015 0015 0040 0015 0015 0015 0015 0015 0015 0015 0015 0015 0040 0015 0015 0015 0040 0015 0015 0015 0040 0015 0040 0015 0040 0015 05ec 0155 0055 0015 0e41 0155 0055 0015 0e41 0155 0055 0015 0e41 0155 0055 0015 0015
Ffwd	0000 006c 002a 0000 0155 00ab 0015 0015 0015 0015 0015 0040 0015 0015 0015 0015 0015 0015 0015 0040 0015 0015 0015 0040 0015 0040 0015 0015 0015 0040 0015 0040 0015 0040 0015 0015 0015 0040 0015 0040 0015 0040 0015 0015 0015 0015 0015 0040 0015 0015 0015 0015 0015 0015 0015 0015 0015 0015 0015 0040 0015 0040 0015 0015 0015 0040 0015 0040 0015 0040 0015 05ec 0155 0055 0015 0e41 0155 0055 0015 0e41 0155 0055 0015 0e41 0155 0055 0015 0015
Stop	0000 006c 002a 0000 0155 00aa 0015 0015 0015 0015 0015 0040 0015 0015 0015 0015 0015 0015 0015 0040 0015 0015 0015 0040 0015 0040 0015 0015 0015 0040 0015 0040 0015 0040 0015 0015 0015 0040 0015 0015 0015 0015 0015 0040 0015 0015 0015 0040 0015 0015 0015 0015 0015 0015 0015 0040 0015 0040 0015 0015 0015 0040 0015 0015 0015 0040 0015 0040 0015 0040 0015 05ec 0155 0055 0015 0e41 0155 0055 0015 0e41 0155 0055 0015 0e41 0155 0055 0015 0015
