Set	0000 006c 0022 0002 0156 00ac 0015 0015 0015 0040 0015 0015 0015 0015 0015 0015 0015 0015 0015 0040 0015 0015 0015 0040 0015 0015 0015 0040 0015 0040 0015 0040 0015 0040 0015 0015 0015 0040 0015 0015 0015 0015 0015 0040 0015 0040 0015 0040 0015 0015 0015 0040 0015 0040 0015 0040 0015 0040 0015 0015 0015 0015 0015 0015 0015 0040 0015 0015 0015 0015 0015 05f1 0156 0056 0015 0e4e
Reset	0000 006c 0022 0002 0157 00ab 0016 0016 0016 0040 0016 0016 0016 0016 0016 0016 0016 0016 0016 0040 0016 0016 0016 0040 0016 0016 0016 0040 0016 0040 0016 0040 0016 0040 0016 0016 0016 0040 0016 0040 0016 0016 0016 0040 0016 0040 0016 0040 0016 0016 0016 0040 0016 0040 0016 0016 0016 0040 0016 0016 0016 0016 0016 0016 0016 0040 0016 0016 0016 0016 0016 05f0 0157 0056 0016 0e4e
Sat/TV	0000 006c 0022 0002 0157 00ab 0015 0015 0015 0040 0015 0015 0015 0015 0015 0015 0015 0015 0015 0040 0015 0015 0015 0040 0015 0015 0015 0040 0015 0040 0015 0040 0015 0040 0015 0015 0015 0040 0015 0015 0015 0040 0015 0040 0015 0040 0015 0015 0015 0015 0015 0015 0015 0040 0015 0040 0015 0015 0015 0015 0015 0015 0015 0040 0015 0040 0015 0040 0015 0015 0015 05f0 0157 0055 0015 0e4d
Audio	0000 006c 0022 0002 0156 00ac 0015 0015 0015 0040 0015 0015 0015 0015 0015 0015 0015 0015 0015 0040 0015 0015 0015 0040 0015 0015 0015 0040 0015 0040 0015 0040 0015 0040 0015 0015 0015 0040 0015 0015 0015 0015 0015 0040 0015 0040 0015 0015 0015 0015 0015 0015 0015 0040 0015 0040 0015 0040 0015 0015 0015 0015 0015 0040 0015 0040 0015 0040 0015 0015 0015 05f1 0156 0056 0015 0e4e
Function	0000 006c 0022 0002 0156 00ac 0015 0015 0015 0040 0015 0015 0015 0015 0015 0015 0015 0015 0015 0040 0015 0015 0015 0040 0015 0015 0015 0040 0015 0040 0015 0040 0015 0040 0015 0015 0015 0040 0015 0015 0015 0015 0015 0040 0015 0015 0015 0040 0015 0015 0015 0040 0015 0040 0015 0040 0015 0040 0015 0015 0015 0040 0015 0015 0015 0040 0015 0015 0015 0015 0015 05f1 0156 0056 0015 0e4e
Mute	0000 006c 0022 0002 0157 00ab 0015 0015 0015 0040 0015 0015 0015 0015 0015 0015 0015 0015 0015 0040 0015 0015 0015 0040 0015 0015 0015 0040 0015 0040 0015 0040 0015 0040 0015 0015 0015 0040 0015 0040 0015 0040 0015 0015 0015 0015 0015 0040 0015 0015 0015 0015 0015 0040 0015 0015 0015 0015 0015 0040 0015 0040 0015 0015 0015 0040 0015 0040 0015 0015 0015 05f0 0157 0056 0015 0e4e
Power	0000 006c 0022 0002 0157 00ab 0015 0015 0015 0040 0015 0015 0015 0015 0015 0015 0015 0015 0015 0040 0015 0015 0015 0040 0015 0015 0015 0040 0015 0040 0015 0040 0015 0040 0015 0015 0015 0040 0015 0015 0015 0040 0015 0015 0015 0015 0015 0040 0015 0015 0015 0015 0015 0040 0015 0040 0015 0015 0015 0040 0015 0040 0015 0015 0015 0040 0015 0040 0015 0015 0015 05f0 0157 0055 0015 0e4d
C-Sat	0000 006c 0022 0002 0157 00ab 0017 0017 0017 0040 0017 0017 0017 0017 0017 0017 0017 0017 0017 0040 0017 0017 0017 0040 0017 0017 0017 0040 0017 0040 0017 0040 0017 0040 0017 0017 0017 0040 0017 0040 0017 0017 0017 0040 0017 0017 0017 0040 0017 0017 0017 0040 0017 0040 0017 0017 0017 0040 0017 0017 0017 0040 0017 0017 0017 0040 0017 0017 0017 0017 0017 05f0 0157 0055 0017 0e4d
 Sat	0000 006c 0022 0002 0157 00ab 0015 0015 0015 003f 0015 0015 0015 0015 0015 0015 0015 0015 0015 003f 0015 0015 0015 003f 0015 0015 0015 003f 0015 003f 0015 003f 0015 003f 0015 0015 0015 003f 0015 0015 0015 003f 0015 003f 0015 0015 0015 003f 0015 0015 0015 003f 0015 003f 0015 003f 0015 0015 0015 0015 0015 003f 0015 0015 0015 003f 0015 0015 0015 0015 0015 05f0 0157 0055 0015 0e4d
Favorite	0000 006c 0022 0002 0157 00ab 0015 0015 0015 003f 0015 0015 0015 0015 0015 0015 0015 0015 0015 003f 0015 0015 0015 003f 0015 0015 0015 003f 0015 003f 0015 003f 0015 003f 0015 0015 0015 003f 0015 003f 0015 003f 0015 003f 0015 0015 0015 003f 0015 0015 0015 003f 0015 003f 0015 0015 0015 0015 0015 0015 0015 003f 0015 0015 0015 003f 0015 0015 0015 0015 0015 05f0 0157 0055 0015 0e4d
1	0000 006c 0022 0002 0156 00ac 0015 0015 0015 0040 0015 0015 0015 0015 0015 0015 0015 0015 0015 0040 0015 0015 0015 0040 0015 0015 0015 0040 0015 0040 0015 0040 0015 0040 0015 0015 0015 0040 0015 0040 0015 0015 0015 0015 0015 0015 0015 0015 0015 0015 0015 0015 0015 0040 0015 0015 0015 0040 0015 0040 0015 0040 0015 0040 0015 0040 0015 0040 0015 0015 0015 05f1 0156 0056 0015 0e4e
2	0000 006c 0022 0002 0157 00ab 0015 0015 0015 0040 0015 0015 0015 0015 0015 0015 0015 0015 0015 0040 0015 0015 0015 0040 0015 0015 0015 0040 0015 0040 0015 0040 0015 0040 0015 0015 0015 0040 0015 0015 0015 0040 0015 0015 0015 0015 0015 0015 0015 0015 0015 0015 0015 0040 0015 0040 0015 0015 0015 0040 0015 0040 0015 0040 0015 0040 0015 0040 0015 0015 0015 05f0 0157 0056 0015 0e4e
3	0000 006c 0022 0002 0157 00ab 0015 0015 0015 0040 0015 0015 0015 0015 0015 0015 0015 0015 0015 0040 0015 0015 0015 0040 0015 0015 0015 0040 0015 0040 0015 0040 0015 0040 0015 0015 0015 0040 0015 0040 0015 0040 0015 0015 0015 0015 0015 0015 0015 0015 0015 0015 0015 0040 0015 0015 0015 0015 0015 0040 0015 0040 0015 0040 0015 0040 0015 0040 0015 0015 0015 05f0 0157 0056 0015 0e4e
4	0000 006c 0022 0002 0156 00ac 0015 0015 0015 0040 0015 0015 0015 0015 0015 0015 0015 0015 0015 0040 0015 0015 0015 0040 0015 0015 0015 0040 0015 0040 0015 0040 0015 0040 0015 0015 0015 0040 0015 0015 0015 0015 0015 0040 0015 0015 0015 0015 0015 0015 0015 0015 0015 0040 0015 0040 0015 0040 0015 0015 0015 0040 0015 0040 0015 0040 0015 0040 0015 0015 0015 05f1 0156 0056 0015 0e4e
5	0000 006c 0022 0002 0157 00ab 0015 0015 0015 0040 0015 0015 0015 0015 0015 0015 0015 0015 0015 0040 0015 0015 0015 0040 0015 0015 0015 0040 0015 0040 0015 0040 0015 0040 0015 0015 0015 0040 0015 0040 0015 0015 0015 0040 0015 0015 0015 0015 0015 0015 0015 0015 0015 0040 0015 0015 0015 0040 0015 0015 0015 0040 0015 0040 0015 0040 0015 0040 0015 0015 0015 05f0 0157 0055 0015 0e4d
6	0000 006c 0022 0002 0156 00ac 0015 0015 0015 0040 0015 0015 0015 0015 0015 0015 0015 0015 0015 0040 0015 0015 0015 0040 0015 0015 0015 0040 0015 0040 0015 0040 0015 0040 0015 0015 0015 0040 0015 0015 0015 0040 0015 0040 0015 0015 0015 0015 0015 0015 0015 0015 0015 0040 0015 0040 0015 0015 0015 0015 0015 0040 0015 0040 0015 0040 0015 0040 0015 0015 0015 05f1 0156 0056 0015 0e4e
7	0000 006c 0022 0002 0156 00ac 0017 0017 0017 0040 0017 0017 0017 0017 0017 0017 0017 0017 0017 0040 0017 0017 0017 0040 0017 0017 0017 0040 0017 0040 0017 0040 0017 0040 0017 0017 0017 0040 0017 0040 0017 0040 0017 0040 0017 0017 0017 0017 0017 0017 0017 0017 0017 0040 0017 0017 0017 0017 0017 0017 0017 0040 0017 0040 0017 0040 0017 0040 0017 0017 0017 05f1 0156 0056 0017 0e4e
8	0000 006c 0022 0002 0157 00ab 0015 0015 0015 0040 0015 0015 0015 0015 0015 0015 0015 0015 0015 0040 0015 0015 0015 0040 0015 0015 0015 0040 0015 0040 0015 0040 0015 0040 0015 0015 0015 0040 0015 0015 0015 0015 0015 0015 0015 0040 0015 0015 0015 0015 0015 0015 0015 0040 0015 0040 0015 0040 0015 0040 0015 0015 0015 0040 0015 0040 0015 0040 0015 0015 0015 05f0 0157 0056 0015 0e4e
9	0000 006c 0022 0002 0156 00ac 0015 0015 0015 0040 0015 0015 0015 0015 0015 0015 0015 0015 0015 0040 0015 0015 0015 0040 0015 0015 0015 0040 0015 0040 0015 0040 0015 0040 0015 0015 0015 0040 0015 0040 0015 0015 0015 0015 0015 0040 0015 0015 0015 0015 0015 0015 0015 0040 0015 0015 0015 0040 0015 0040 0015 0015 0015 0040 0015 0040 0015 0040 0015 0015 0015 05f1 0156 0056 0015 0e4e
0	0000 006c 0022 0002 0157 00ab 0015 0015 0015 0040 0015 0015 0015 0015 0015 0015 0015 0015 0015 0040 0015 0015 0015 0040 0015 0015 0015 0040 0015 0040 0015 0040 0015 0040 0015 0015 0015 0040 0015 0015 0015 0040 0015 0015 0015 0040 0015 0015 0015 0015 0015 0015 0015 0040 0015 0040 0015 0015 0015 0040 0015 0015 0015 0040 0015 0040 0015 0040 0015 0015 0015 05f0 0157 0055 0015 0e4d
Ch+	0000 006c 0022 0002 0157 00ab 0017 0017 0017 0040 0017 0017 0017 0017 0017 0017 0017 0017 0017 0040 0017 0017 0017 0040 0017 0017 0017 0040 0017 0040 0017 0040 0017 0040 0017 0017 0017 0040 0017 0040 0017 0040 0017 0017 0017 0040 0017 0040 0017 0017 0017 0017 0017 0040 0017 0017 0017 0017 0017 0040 0017 0017 0017 0017 0017 0040 0017 0040 0017 0017 0017 05f0 0157 0055 0017 0e4d
Ch-	0000 006c 0022 0002 0157 00ab 0015 0015 0015 0040 0015 0015 0015 0015 0015 0015 0015 0015 0015 0040 0015 0015 0015 0040 0015 0015 0015 0040 0015 0040 0015 0040 0015 0040 0015 0015 0015 0040 0015 0040 0015 0040 0015 0040 0015 0040 0015 0040 0015 0015 0015 0015 0015 0040 0015 0015 0015 0015 0015 0015 0015 0015 0015 0015 0015 0040 0015 0040 0015 0015 0015 05f0 0157 0055 0015 0e4d
Vol+	0000 006c 0022 0002 0157 00ab 0015 0015 0015 0041 0015 0015 0015 0015 0015 0015 0015 0015 0015 0041 0015 0015 0015 0041 0015 0015 0015 0041 0015 0041 0015 0041 0015 0041 0015 0015 0015 0041 0015 0015 0015 0041 0015 0041 0015 0015 0015 0041 0015 0015 0015 0015 0015 0041 0015 0041 0015 0015 0015 0015 0015 0041 0015 0015 0015 0041 0015 0041 0015 0015 0015 05f0 0157 0056 0015 0e4e
Vol-	0000 006c 0022 0002 0157 00ab 0017 0017 0017 0040 0017 0017 0017 0017 0017 0017 0017 0017 0017 0040 0017 0017 0017 0040 0017 0017 0017 0040 0017 0040 0017 0040 0017 0040 0017 0017 0017 0040 0017 0040 0017 0040 0017 0040 0017 0017 0017 0040 0017 0017 0017 0017 0017 0040 0017 0017 0017 0017 0017 0017 0017 0040 0017 0017 0017 0040 0017 0040 0017 0017 0017 05f0 0157 0055 0017 0e4d
Up	0000 006c 0022 0002 0156 00ac 0015 0015 0015 0040 0015 0015 0015 0015 0015 0015 0015 0015 0015 0040 0015 0015 0015 0040 0015 0015 0015 0040 0015 0040 0015 0040 0015 0040 0015 0015 0015 0040 0015 0015 0015 0015 0015 0015 0015 0040 0015 0040 0015 0015 0015 0015 0015 0040 0015 0040 0015 0040 0015 0040 0015 0015 0015 0015 0015 0040 0015 0040 0015 0015 0015 05f1 0156 0056 0015 0e4e
Down	0000 006c 0022 0002 0157 00ab 0015 0015 0015 0041 0015 0015 0015 0015 0015 0015 0015 0015 0015 0041 0015 0015 0015 0041 0015 0015 0015 0041 0015 0041 0015 0041 0015 0041 0015 0015 0015 0041 0015 0041 0015 0015 0015 0015 0015 0041 0015 0041 0015 0015 0015 0015 0015 0041 0015 0015 0015 0041 0015 0041 0015 0015 0015 0015 0015 0041 0015 0041 0015 0015 0015 05f0 0157 0056 0015 0e4e
Next	0000 006c 0022 0002 0157 00ab 0015 0015 0015 0040 0015 0015 0015 0015 0015 0015 0015 0015 0015 0040 0015 0015 0015 0040 0015 0015 0015 0040 0015 0040 0015 0040 0015 0040 0015 0015 0015 0040 0015 0040 0015 0040 0015 0040 0015 0040 0015 0015 0015 0015 0015 0040 0015 0040 0015 0015 0015 0015 0015 0015 0015 0015 0015 0040 0015 0040 0015 0015 0015 0015 0015 05f0 0157 0056 0015 0e4e
S Up	0000 006c 0022 0002 0157 00ab 0015 0015 0015 0040 0015 0015 0015 0015 0015 0015 0015 0015 0015 0040 0015 0015 0015 0040 0015 0015 0015 0040 0015 0040 0015 0040 0015 0040 0015 0015 0015 0040 0015 0015 0015 0040 0015 0040 0015 0040 0015 0015 0015 0015 0015 0040 0015 0040 0015 0040 0015 0015 0015 0015 0015 0015 0015 0040 0015 0040 0015 0015 0015 0015 0015 05f0 0157 0055 0015 0e4d
Help	0000 006c 0022 0002 0156 00ac 0015 0015 0015 0040 0015 0015 0015 0015 0015 0015 0015 0015 0015 0040 0015 0015 0015 0040 0015 0015 0015 0040 0015 0040 0015 0040 0015 0040 0015 0015 0015 0040 0015 0040 0015 0015 0015 0040 0015 0040 0015 0015 0015 0015 0015 0040 0015 0040 0015 0015 0015 0040 0015 0015 0015 0015 0015 0040 0015 0040 0015 0015 0015 0015 0015 05f1 0156 0056 0015 0e4e
View	0000 006c 0022 0002 0157 00ab 0015 0015 0015 0040 0015 0015 0015 0015 0015 0015 0015 0015 0015 0040 0015 0015 0015 0040 0015 0015 0015 0040 0015 0040 0015 0040 0015 0040 0015 0015 0015 0040 0015 0015 0015 0015 0015 0040 0015 0040 0015 0015 0015 0015 0015 0040 0015 0040 0015 0040 0015 0040 0015 0015 0015 0015 0015 0040 0015 0040 0015 0015 0015 0015 0015 05f0 0157 0056 0015 0e4e
Cancel	0000 006c 0022 0002 0156 00ac 0015 0015 0015 0040 0015 0015 0015 0015 0015 0015 0015 0015 0015 0040 0015 0015 0015 0040 0015 0015 0015 0040 0015 0040 0015 0040 0015 0040 0015 0015 0015 0040 0015 0040 0015 0015 0015 0015 0015 0015 0015 0040 0015 0015 0015 0015 0015 0040 0015 0015 0015 0040 0015 0040 0015 0040 0015 0015 0015 0040 0015 0040 0015 0015 0015 05f1 0156 0056 0015 0e4e
Text	0000 006c 0022 0002 0157 00ab 0015 0015 0015 0040 0015 0015 0015 0015 0015 0015 0015 0015 0015 0040 0015 0015 0015 0040 0015 0015 0015 0040 0015 0040 0015 0040 0015 0040 0015 0015 0015 0040 0015 0015 0015 0015 0015 0015 0015 0015 0015 0040 0015 0015 0015 0040 0015 0040 0015 0040 0015 0040 0015 0040 0015 0040 0015 0015 0015 0040 0015 0015 0015 0015 0015 05f0 0157 0055 0015 0e4d
Message	0000 006c 0022 0002 0157 00ab 0015 0015 0015 0040 0015 0015 0015 0015 0015 0015 0015 0015 0015 0040 0015 0015 0015 0040 0015 0015 0015 0040 0015 0040 0015 0040 0015 0040 0015 0015 0015 0040 0015 0015 0015 0040 0015 0015 0015 0015 0015 0040 0015 0015 0015 0040 0015 0040 0015 0040 0015 0015 0015 0040 0015 0040 0015 0015 0015 0040 0015 0015 0015 0015 0015 05f0 0157 0056 0015 0e4e
Enter	0000 006c 0022 0002 0157 00ab 0015 0015 0015 0040 0015 0015 0015 0015 0015 0015 0015 0015 0015 0040 0015 0015 0015 0040 0015 0015 0015 0040 0015 0040 0015 0040 0015 0040 0015 0015 0015 0040 0015 0015 0015 0015 0015 0015 0015 0015 0015 0040 0015 0015 0015 0015 0015 0040 0015 0040 0015 0040 0015 0040 0015 0040 0015 0015 0015 0040 0015 0040 0015 0015 0015 05f0 0157 0056 0015 0e4e
Left	0000 006c 0022 0002 0157 00ab 0015 0015 0015 0040 0015 0015 0015 0015 0015 0015 0015 0015 0015 0040 0015 0015 0015 0040 0015 0015 0015 0040 0015 0040 0015 0040 0015 0040 0015 0015 0015 0040 0015 0040 0015 0040 0015 0015 0015 0040 0015 0015 0015 0015 0015 0040 0015 0040 0015 0015 0015 0015 0015 0040 0015 0015 0015 0040 0015 0040 0015 0015 0015 0015 0015 05f0 0157 0056 0015 0e4e
Right	0000 006c 0022 0002 0156 00ac 0017 0017 0017 0040 0017 0017 0017 0017 0017 0017 0017 0017 0017 0040 0017 0017 0017 0040 0017 0017 0017 0040 0017 0040 0017 0040 0017 0040 0017 0017 0017 0040 0017 0017 0017 0040 0017 0017 0017 0040 0017 0017 0017 0017 0017 0040 0017 0040 0017 0040 0017 0017 0017 0040 0017 0017 0017 0040 0017 0040 0017 0017 0017 0017 0017 05f1 0156 0056 0017 0e4e
