Power	0000 006B 0000 0002 0000 00AC 0000 0015 0000 0015 0000 0040 0000 0015 0000 0015 0000 0015 0000 0040 0000 0015 0000 0040 0000 0040 0000 0015 0000 0040 0000 0040 0000 0040 0000 0015 0000 0040 0000 0015 0000 0040 0000 0015 0000 0015 0000 0040 0000 0015 0000 0015 0000 0015 0000 0040 0000 0015 0000 0040 0000 0040 0000 0015 0000 0040 0000 0040 0000 0040 0000 05EF 0000 0056 0000 0E4A
Input	0000 006B 0000 0002 0000 00AC 0000 0015 0000 0015 0000 0040 0000 0015 0000 0015 0000 0015 0000 0040 0000 0015 0000 0040 0000 0040 0000 0015 0000 0040 0000 0040 0000 0040 0000 0015 0000 0040 0000 0040 0000 0040 0000 0040 0000 0040 0000 0040 0000 0015 0000 0040 0000 0015 0000 0015 0000 0015 0000 0015 0000 0015 0000 0015 0000 0040 0000 0015 0000 0040 0000 05EF 0000 0056 0000 0E4A
TV/VCR	0000 006B 0000 0002 0000 00AC 0000 0015 0000 0015 0000 0040 0000 0015 0000 0015 0000 0015 0000 0040 0000 0015 0000 0040 0000 0040 0000 0015 0000 0040 0000 0040 0000 0040 0000 0015 0000 0040 0000 0040 0000 0015 0000 0015 0000 0015 0000 0040 0000 0015 0000 0015 0000 0015 0000 0015 0000 0040 0000 0040 0000 0040 0000 0015 0000 0040 0000 0040 0000 0040 0000 05EF 0000 0056 0000 0E4A
Reset	0000 006B 0000 0002 0000 00AC 0000 0015 0000 0015 0000 0040 0000 0015 0000 0015 0000 0015 0000 0040 0000 0015 0000 0040 0000 0040 0000 0015 0000 0040 0000 0040 0000 0040 0000 0015 0000 0040 0000 0015 0000 0040 0000 0040 0000 0015 0000 0040 0000 0015 0000 0015 0000 0040 0000 0040 0000 0015 0000 0015 0000 0040 0000 0015 0000 0040 0000 0040 0000 0015 0000 05EF 0000 0056 0000 0E4A
Display	0000 006B 0000 0002 0000 00AC 0000 0015 0000 0015 0000 0040 0000 0015 0000 0015 0000 0015 0000 0040 0000 0015 0000 0040 0000 0040 0000 0015 0000 0040 0000 0040 0000 0040 0000 0015 0000 0040 0000 0015 0000 0040 0000 0040 0000 0015 0000 0040 0000 0015 0000 0015 0000 0015 0000 0040 0000 0015 0000 0015 0000 0040 0000 0015 0000 0040 0000 0040 0000 0040 0000 05EF 0000 0056 0000 0E4A
1	0000 006B 0000 0022 0000 00AC 0000 0015 0000 0015 0000 0040 0000 0015 0000 0015 0000 0015 0000 0040 0000 0015 0000 0040 0000 0040 0000 0015 0000 0040 0000 0040 0000 0040 0000 0015 0000 0040 0000 0040 0000 0015 0000 0015 0000 0015 0000 0015 0000 0015 0000 0015 0000 0015 0000 0015 0000 0040 0000 0040 0000 0040 0000 0040 0000 0040 0000 0040 0000 0040 0000 0D1F
2	0000 006B 0000 0022 0000 00AC 0000 0015 0000 0015 0000 0040 0000 0015 0000 0015 0000 0015 0000 0040 0000 0015 0000 0040 0000 0040 0000 0015 0000 0040 0000 0040 0000 0040 0000 0015 0000 0040 0000 0015 0000 0040 0000 0015 0000 0015 0000 0015 0000 0015 0000 0015 0000 0015 0000 0040 0000 0015 0000 0040 0000 0040 0000 0040 0000 0040 0000 0040 0000 0040 0000 0D1F
3	0000 006B 0000 0022 0000 00AC 0000 0015 0000 0015 0000 0040 0000 0015 0000 0015 0000 0015 0000 0040 0000 0015 0000 0040 0000 0040 0000 0015 0000 0040 0000 0040 0000 0040 0000 0015 0000 0040 0000 0040 0000 0040 0000 0015 0000 0015 0000 0015 0000 0015 0000 0015 0000 0015 0000 0015 0000 0015 0000 0040 0000 0040 0000 0040 0000 0040 0000 0040 0000 0040 0000 0D1F
4	0000 006B 0000 0022 0000 00AC 0000 0015 0000 0015 0000 0040 0000 0015 0000 0015 0000 0015 0000 0040 0000 0015 0000 0040 0000 0040 0000 0015 0000 0040 0000 0040 0000 0040 0000 0015 0000 0040 0000 0015 0000 0015 0000 0040 0000 0015 0000 0015 0000 0015 0000 0015 0000 0015 0000 0040 0000 0040 0000 0015 0000 0040 0000 0040 0000 0040 0000 0040 0000 0040 0000 0D1F
5	0000 006B 0000 0022 0000 00AC 0000 0015 0000 0015 0000 0040 0000 0015 0000 0015 0000 0015 0000 0040 0000 0015 0000 0040 0000 0040 0000 0015 0000 0040 0000 0040 0000 0040 0000 0015 0000 0040 0000 0040 0000 0015 0000 0040 0000 0015 0000 0015 0000 0015 0000 0015 0000 0015 0000 0015 0000 0040 0000 0015 0000 0040 0000 0040 0000 0040 0000 0040 0000 0040 0000 0D1F
6	0000 006B 0000 0022 0000 00AC 0000 0015 0000 0015 0000 0040 0000 0015 0000 0015 0000 0015 0000 0040 0000 0015 0000 0040 0000 0040 0000 0015 0000 0040 0000 0040 0000 0040 0000 0015 0000 0040 0000 0015 0000 0040 0000 0040 0000 0015 0000 0015 0000 0015 0000 0015 0000 0015 0000 0040 0000 0015 0000 0015 0000 0040 0000 0040 0000 0040 0000 0040 0000 0040 0000 0D1F
7	0000 006B 0000 0022 0000 00AC 0000 0015 0000 0015 0000 0040 0000 0015 0000 0015 0000 0015 0000 0040 0000 0015 0000 0040 0000 0040 0000 0015 0000 0040 0000 0040 0000 0040 0000 0015 0000 0040 0000 0040 0000 0040 0000 0040 0000 0015 0000 0015 0000 0015 0000 0015 0000 0015 0000 0015 0000 0015 0000 0015 0000 0040 0000 0040 0000 0040 0000 0040 0000 0040 0000 0D1F
8	0000 006B 0000 0022 0000 00AC 0000 0015 0000 0015 0000 0040 0000 0015 0000 0015 0000 0015 0000 0040 0000 0015 0000 0040 0000 0040 0000 0015 0000 0040 0000 0040 0000 0040 0000 0015 0000 0040 0000 0015 0000 0015 0000 0015 0000 0040 0000 0015 0000 0015 0000 0015 0000 0015 0000 0040 0000 0040 0000 0040 0000 0015 0000 0040 0000 0040 0000 0040 0000 0040 0000 0D1F
9	0000 006B 0000 0022 0000 00AC 0000 0015 0000 0015 0000 0040 0000 0015 0000 0015 0000 0015 0000 0040 0000 0015 0000 0040 0000 0040 0000 0015 0000 0040 0000 0040 0000 0040 0000 0015 0000 0040 0000 0040 0000 0015 0000 0015 0000 0040 0000 0015 0000 0015 0000 0015 0000 0015 0000 0015 0000 0040 0000 0040 0000 0015 0000 0040 0000 0040 0000 0040 0000 0040 0000 0D1F
0	0000 006B 0000 0022 0000 00AC 0000 0015 0000 0015 0000 0040 0000 0015 0000 0015 0000 0015 0000 0040 0000 0015 0000 0040 0000 0040 0000 0015 0000 0040 0000 0040 0000 0040 0000 0015 0000 0040 0000 0015 0000 0040 0000 0015 0000 0040 0000 0015 0000 0015 0000 0015 0000 0015 0000 0040 0000 0015 0000 0040 0000 0015 0000 0040 0000 0040 0000 0040 0000 0040 0000 0D1F
100	0000 006B 0000 0022 0000 00AC 0000 0015 0000 0015 0000 0040 0000 0015 0000 0015 0000 0015 0000 0040 0000 0015 0000 0040 0000 0040 0000 0015 0000 0040 0000 0040 0000 0040 0000 0015 0000 0040 0000 0040 0000 0040 0000 0015 0000 0040 0000 0015 0000 0015 0000 0015 0000 0015 0000 0015 0000 0015 0000 0040 0000 0015 0000 0040 0000 0040 0000 0040 0000 0040 0000 0D1F
VCR+	0000 006B 0000 002C 0000 00AC 0000 0015 0000 0015 0000 0040 0000 0015 0000 0015 0000 0015 0000 0040 0000 0015 0000 0040 0000 0040 0000 0015 0000 0040 0000 0040 0000 0040 0000 0015 0000 0040 0000 0015 0000 0015 0000 0040 0000 0040 0000 0040 0000 0040 0000 0040 0000 0040 0000 0040 0000 0040 0000 0015 0000 0015 0000 0015 0000 0015 0000 0015 0000 0015 0000 05EF 0000 0055 0000 0E4A 0000 0055 0000 0E4A 0000 0055 0000 0E4A 0000 0055 0000 0E4A 0000 0055 0000 12E6
Ch+	0000 006B 0000 0002 0000 00AC 0000 0015 0000 0015 0000 0040 0000 0015 0000 0015 0000 0015 0000 0040 0000 0015 0000 0040 0000 0040 0000 0015 0000 0040 0000 0040 0000 0040 0000 0015 0000 0040 0000 0040 0000 0040 0000 0015 0000 0040 0000 0040 0000 0015 0000 0015 0000 0015 0000 0015 0000 0015 0000 0040 0000 0015 0000 0015 0000 0040 0000 0040 0000 0040 0000 05EF 0000 0056 0000 0E4B
Ch-	0000 006B 0000 0002 0000 00AC 0000 0015 0000 0015 0000 0040 0000 0015 0000 0015 0000 0015 0000 0040 0000 0015 0000 0040 0000 0040 0000 0015 0000 0040 0000 0040 0000 0040 0000 0015 0000 0040 0000 0040 0000 0040 0000 0040 0000 0040 0000 0040 0000 0015 0000 0015 0000 0015 0000 0015 0000 0015 0000 0015 0000 0015 0000 0015 0000 0040 0000 0040 0000 0040 0000 05EF 0000 0056 0000 0E4B
R Step	0000 006B 0000 0002 0000 00AC 0000 0015 0000 0015 0000 0040 0000 0015 0000 0015 0000 0015 0000 0040 0000 0015 0000 0040 0000 0040 0000 0015 0000 0040 0000 0040 0000 0040 0000 0015 0000 0040 0000 0040 0000 0040 0000 0040 0000 0040 0000 0040 0000 0015 0000 0015 0000 0040 0000 0015 0000 0015 0000 0015 0000 0015 0000 0015 0000 0040 0000 0040 0000 0015 0000 05EF 0000 0056 0000 0E4A
F Step	0000 006B 0000 0002 0000 00AC 0000 0015 0000 0015 0000 0040 0000 0015 0000 0015 0000 0015 0000 0040 0000 0015 0000 0040 0000 0040 0000 0015 0000 0040 0000 0040 0000 0040 0000 0015 0000 0040 0000 0015 0000 0040 0000 0040 0000 0040 0000 0040 0000 0015 0000 0015 0000 0040 0000 0040 0000 0015 0000 0015 0000 0015 0000 0015 0000 0040 0000 0040 0000 0015 0000 05EF 0000 0056 0000 0E4A
A Select	0000 006B 0000 0002 0000 00AC 0000 0015 0000 0015 0000 0040 0000 0015 0000 0015 0000 0015 0000 0040 0000 0015 0000 0040 0000 0040 0000 0015 0000 0040 0000 0040 0000 0040 0000 0015 0000 0040 0000 0040 0000 0040 0000 0015 0000 0015 0000 0040 0000 0015 0000 0040 0000 0015 0000 0015 0000 0015 0000 0040 0000 0040 0000 0015 0000 0040 0000 0015 0000 0040 0000 05EF 0000 0056 0000 0E4A
SP/Slp	0000 006B 0000 0002 0000 00AC 0000 0015 0000 0015 0000 0040 0000 0015 0000 0015 0000 0015 0000 0040 0000 0015 0000 0040 0000 0040 0000 0015 0000 0040 0000 0040 0000 0040 0000 0015 0000 0040 0000 0040 0000 0015 0000 0040 0000 0040 0000 0040 0000 0015 0000 0040 0000 0015 0000 0015 0000 0040 0000 0015 0000 0015 0000 0015 0000 0040 0000 0015 0000 0040 0000 05EF 0000 0056 0000 0E4A
Record	0000 006B 0000 0002 0000 00AC 0000 0015 0000 0015 0000 0040 0000 0015 0000 0015 0000 0015 0000 0040 0000 0015 0000 0040 0000 0040 0000 0015 0000 0040 0000 0040 0000 0040 0000 0015 0000 0040 0000 0015 0000 0015 0000 0015 0000 0040 0000 0040 0000 0015 0000 0015 0000 0015 0000 0040 0000 0040 0000 0040 0000 0015 0000 0015 0000 0040 0000 0040 0000 0040 0000 05EF 0000 0056 0000 0E4A
Timer	0000 006B 0000 0002 0000 00AC 0000 0015 0000 0015 0000 0040 0000 0015 0000 0015 0000 0015 0000 0040 0000 0015 0000 0040 0000 0040 0000 0015 0000 0040 0000 0040 0000 0040 0000 0015 0000 0040 0000 0040 0000 0040 0000 0040 0000 0040 0000 0015 0000 0015 0000 0040 0000 0015 0000 0015 0000 0015 0000 0015 0000 0015 0000 0040 0000 0040 0000 0015 0000 0040 0000 05EF 0000 0056 0000 0E4A
Slow	0000 006B 0000 0002 0000 00AC 0000 0015 0000 0015 0000 0040 0000 0015 0000 0015 0000 0015 0000 0040 0000 0015 0000 0040 0000 0040 0000 0015 0000 0040 0000 0040 0000 0040 0000 0015 0000 0040 0000 0040 0000 0015 0000 0040 0000 0040 0000 0015 0000 0015 0000 0015 0000 0015 0000 0015 0000 0040 0000 0015 0000 0015 0000 0040 0000 0040 0000 0040 0000 0040 0000 05EF 0000 0056 0000 0E4A
Pause	0000 006B 0000 0002 0000 00AC 0000 0015 0000 0015 0000 0040 0000 0015 0000 0015 0000 0015 0000 0040 0000 0015 0000 0040 0000 0040 0000 0015 0000 0040 0000 0040 0000 0040 0000 0015 0000 0040 0000 0015 0000 0015 0000 0015 0000 0015 0000 0040 0000 0015 0000 0015 0000 0015 0000 0040 0000 0040 0000 0040 0000 0040 0000 0015 0000 0040 0000 0040 0000 0040 0000 05EF 0000 0056 0000 0E4A
Play	0000 006B 0000 0002 0000 00AC 0000 0015 0000 0015 0000 0040 0000 0015 0000 0015 0000 0015 0000 0040 0000 0015 0000 0040 0000 0040 0000 0015 0000 0040 0000 0040 0000 0040 0000 0015 0000 0040 0000 0040 0000 0015 0000 0040 0000 0015 0000 0040 0000 0015 0000 0015 0000 0015 0000 0015 0000 0040 0000 0015 0000 0040 0000 0015 0000 0040 0000 0040 0000 0040 0000 05EF 0000 0056 0000 0E4A
Ffwd	0000 006B 0000 0002 0000 00AC 0000 0015 0000 0015 0000 0040 0000 0015 0000 0015 0000 0015 0000 0040 0000 0015 0000 0040 0000 0040 0000 0015 0000 0040 0000 0040 0000 0040 0000 0015 0000 0040 0000 0040 0000 0040 0000 0015 0000 0015 0000 0040 0000 0015 0000 0015 0000 0015 0000 0015 0000 0015 0000 0040 0000 0040 0000 0015 0000 0040 0000 0040 0000 0040 0000 05EF 0000 0056 0000 0E4A
Stop	0000 006B 0000 0002 0000 00AC 0000 0015 0000 0015 0000 0040 0000 0015 0000 0015 0000 0015 0000 0040 0000 0015 0000 0040 0000 0040 0000 0015 0000 0040 0000 0040 0000 0040 0000 0015 0000 0040 0000 0015 0000 0015 0000 0040 0000 0015 0000 0040 0000 0015 0000 0015 0000 0015 0000 0040 0000 0040 0000 0015 0000 0040 0000 0015 0000 0040 0000 0040 0000 0040 0000 05EF 0000 0056 0000 0E4A
Rew	0000 006B 0000 0002 0000 00AC 0000 0015 0000 0015 0000 0040 0000 0015 0000 0015 0000 0015 0000 0040 0000 0015 0000 0040 0000 0040 0000 0015 0000 0040 0000 0040 0000 0040 0000 0015 0000 0040 0000 0040 0000 0015 0000 0015 0000 0040 0000 0040 0000 0015 0000 0015 0000 0015 0000 0015 0000 0040 0000 0040 0000 0015 0000 0015 0000 0040 0000 0040 0000 0040 0000 05EF 0000 0056 0000 0E4B
Prog	0000 006B 0000 0002 0000 00AC 0000 0015 0000 0015 0000 0040 0000 0015 0000 0015 0000 0015 0000 0040 0000 0015 0000 0040 0000 0040 0000 0015 0000 0040 0000 0040 0000 0040 0000 0015 0000 0040 0000 0015 0000 0015 0000 0040 0000 0040 0000 0040 0000 0015 0000 0040 0000 0015 0000 0040 0000 0040 0000 0015 0000 0015 0000 0015 0000 0040 0000 0015 0000 0040 0000 05EF 0000 0056 0000 0E4B
Cancel	0000 006B 0000 0002 0000 00AC 0000 0015 0000 0015 0000 0040 0000 0015 0000 0015 0000 0015 0000 0040 0000 0015 0000 0040 0000 0040 0000 0015 0000 0040 0000 0040 0000 0040 0000 0015 0000 0040 0000 0040 0000 0040 0000 0040 0000 0040 0000 0015 0000 0040 0000 0040 0000 0040 0000 0015 0000 0015 0000 0015 0000 0015 0000 0040 0000 0015 0000 0015 0000 0015 0000 05EF 0000 0056 0000 0E4B
Enter	0000 006B 0000 0022 0000 00AC 0000 0015 0000 0015 0000 0040 0000 0015 0000 0015 0000 0015 0000 0040 0000 0015 0000 0040 0000 0040 0000 0015 0000 0040 0000 0040 0000 0040 0000 0015 0000 0040 0000 0015 0000 0040 0000 0040 0000 0040 0000 0015 0000 0015 0000 0040 0000 0015 0000 0040 0000 0015 0000 0015 0000 0015 0000 0040 0000 0040 0000 0015 0000 0040 0000 0D1F
Eject	0000 006B 0000 0002 0000 00AC 0000 0015 0000 0015 0000 0040 0000 0015 0000 0015 0000 0015 0000 0040 0000 0015 0000 0040 0000 0040 0000 0015 0000 0040 0000 0040 0000 0040 0000 0015 0000 0040 0000 0040 0000 0015 0000 0040 0000 0015 0000 0040 0000 0040 0000 0040 0000 0040 0000 0015 0000 0040 0000 0015 0000 0040 0000 0015 0000 0015 0000 0015 0000 0015 0000 05EF 0000 0056 0000 0E4A
Shift Left	0000 006B 0000 0002 0000 00AC 0000 0015 0000 0015 0000 0040 0000 0015 0000 0015 0000 0015 0000 0040 0000 0015 0000 0040 0000 0040 0000 0015 0000 0040 0000 0040 0000 0040 0000 0015 0000 0040 0000 0040 0000 0015 0000 0015 0000 0015 0000 0040 0000 0015 0000 0040 0000 0015 0000 0015 0000 0040 0000 0040 0000 0040 0000 0015 0000 0040 0000 0015 0000 0040 0000 05EF 0000 0055 0000 0E4A
Shift Right	0000 006B 0000 0002 0000 00AC 0000 0015 0000 0015 0000 0040 0000 0015 0000 0015 0000 0015 0000 0040 0000 0015 0000 0040 0000 0040 0000 0015 0000 0040 0000 0040 0000 0040 0000 0015 0000 0040 0000 0040 0000 0015 0000 0040 0000 0040 0000 0015 0000 0015 0000 0040 0000 0015 0000 0015 0000 0040 0000 0015 0000 0015 0000 0040 0000 0040 0000 0015 0000 0040 0000 05EF 0000 0055 0000 0E4A
Power Cable	0000 006B 0000 0022 0000 00AC 0000 0015 0000 0015 0000 0040 0000 0015 0000 0015 0000 0015 0000 0040 0000 0015 0000 0040 0000 0040 0000 0015 0000 0040 0000 0040 0000 0040 0000 0015 0000 0040 0000 0015 0000 0040 0000 0040 0000 0015 0000 0040 0000 0040 0000 0015 0000 0040 0000 0040 0000 0015 0000 0015 0000 0040 0000 0015 0000 0015 0000 0040 0000 0015 0000 0D1F
Ch+ Cable	0000 006B 0000 0022 0000 00AC 0000 0015 0000 0015 0000 0040 0000 0015 0000 0015 0000 0015 0000 0040 0000 0015 0000 0040 0000 0040 0000 0015 0000 0040 0000 0040 0000 0040 0000 0015 0000 0040 0000 0040 0000 0040 0000 0040 0000 0015 0000 0040 0000 0040 0000 0015 0000 0040 0000 0015 0000 0015 0000 0015 0000 0040 0000 0015 0000 0015 0000 0040 0000 0015 0000 0D1F
  Cable	0000 006B 0000 0022 0000 00AC 0000 0015 0000 0015 0000 0040 0000 0015 0000 0015 0000 0015 0000 0040 0000 0015 0000 0040 0000 0040 0000 0015 0000 0040 0000 0040 0000 0040 0000 0015 0000 0040 0000 0015 0000 0015 0000 0015 0000 0040 0000 0040 0000 0040 0000 0015 0000 0040 0000 0040 0000 0040 0000 0040 0000 0015 0000 0015 0000 0015 0000 0040 0000 0015 0000 0D1F
