Power	0000 006B 0000 0002 0000 00AC 0000 0015 0000 0015 0000 0040 0000 0015 0000 0015 0000 0015 0000 0040 0000 0015 0000 0040 0000 0040 0000 0015 0000 0040 0000 0040 0000 0040 0000 0015 0000 0040 0000 0015 0000 0040 0000 0015 0000 0015 0000 0040 0000 0015 0000 0015 0000 0015 0000 0040 0000 0015 0000 0040 0000 0040 0000 0015 0000 0040 0000 0040 0000 0040 0000 05EB 0000 0055 0000 0E42
Play	0000 006B 0000 0002 0000 00AC 0000 0015 0000 0015 0000 0040 0000 0015 0000 0015 0000 0015 0000 0040 0000 0015 0000 0040 0000 0040 0000 0015 0000 0040 0000 0040 0000 0040 0000 0015 0000 0040 0000 0040 0000 0015 0000 0040 0000 0015 0000 0040 0000 0015 0000 0015 0000 0015 0000 0015 0000 0040 0000 0015 0000 0040 0000 0015 0000 0040 0000 0040 0000 0040 0000 05EE 0000 0055 0000 0E45
Stop	0000 006B 0000 0002 0000 00AC 0000 0015 0000 0015 0000 0040 0000 0015 0000 0015 0000 0015 0000 0040 0000 0015 0000 0040 0000 0040 0000 0015 0000 0040 0000 0040 0000 0040 0000 0015 0000 0040 0000 0015 0000 0015 0000 0040 0000 0015 0000 0040 0000 0015 0000 0015 0000 0015 0000 0040 0000 0040 0000 0015 0000 0040 0000 0015 0000 0040 0000 0040 0000 0040 0000 05EE 0000 0055 0000 0E45
Pause	0000 006B 0000 0002 0000 00AC 0000 0015 0000 0015 0000 0040 0000 0015 0000 0015 0000 0015 0000 0040 0000 0015 0000 0040 0000 0040 0000 0015 0000 0040 0000 0040 0000 0040 0000 0015 0000 0040 0000 0015 0000 0015 0000 0015 0000 0015 0000 0040 0000 0015 0000 0015 0000 0015 0000 0040 0000 0040 0000 0040 0000 0040 0000 0015 0000 0040 0000 0040 0000 0040 0000 05EB 0000 0055 0000 0E42
Rew	0000 006B 0000 0002 0000 00AC 0000 0015 0000 0015 0000 0040 0000 0015 0000 0015 0000 0015 0000 0040 0000 0015 0000 0040 0000 0040 0000 0015 0000 0040 0000 0040 0000 0040 0000 0015 0000 0040 0000 0040 0000 0015 0000 0015 0000 0040 0000 0040 0000 0015 0000 0015 0000 0015 0000 0015 0000 0040 0000 0040 0000 0015 0000 0015 0000 0040 0000 0040 0000 0040 0000 05EB 0000 0055 0000 0E42
Ffwd	0000 006B 0000 0002 0000 00AC 0000 0015 0000 0015 0000 0040 0000 0015 0000 0015 0000 0015 0000 0040 0000 0015 0000 0040 0000 0040 0000 0015 0000 0040 0000 0040 0000 0040 0000 0015 0000 0040 0000 0040 0000 0040 0000 0015 0000 0015 0000 0040 0000 0015 0000 0015 0000 0015 0000 0015 0000 0015 0000 0040 0000 0040 0000 0015 0000 0040 0000 0040 0000 0040 0000 05EB 0000 0055 0000 0E42
F Step	0000 006B 0000 0002 0000 00AC 0000 0015 0000 0015 0000 0040 0000 0015 0000 0015 0000 0015 0000 0040 0000 0015 0000 0040 0000 0040 0000 0015 0000 0040 0000 0040 0000 0040 0000 0015 0000 0040 0000 0040 0000 0015 0000 0040 0000 0040 0000 0015 0000 0015 0000 0015 0000 0015 0000 0015 0000 0040 0000 0015 0000 0015 0000 0040 0000 0040 0000 0040 0000 0040 0000 05EB 0000 0055 0000 0E42
Record	0000 006B 0000 0002 0000 00AC 0000 0015 0000 0015 0000 0040 0000 0015 0000 0015 0000 0015 0000 0040 0000 0015 0000 0040 0000 0040 0000 0015 0000 0040 0000 0040 0000 0040 0000 0015 0000 0040 0000 0015 0000 0015 0000 0015 0000 0040 0000 0040 0000 0015 0000 0015 0000 0015 0000 0040 0000 0040 0000 0040 0000 0015 0000 0015 0000 0040 0000 0040 0000 0040 0000 05EB 0000 0055 0000 0E42
1	0000 006B 0000 0022 0000 00AC 0000 0015 0000 0015 0000 0040 0000 0015 0000 0015 0000 0015 0000 0040 0000 0015 0000 0040 0000 0040 0000 0015 0000 0040 0000 0040 0000 0040 0000 0015 0000 0040 0000 0040 0000 0015 0000 0015 0000 0015 0000 0015 0000 0015 0000 0015 0000 0015 0000 0015 0000 0040 0000 0040 0000 0040 0000 0040 0000 0040 0000 0040 0000 0040 0000 0D1F
2	0000 006B 0000 0022 0000 00AC 0000 0015 0000 0015 0000 0040 0000 0015 0000 0015 0000 0015 0000 0040 0000 0015 0000 0040 0000 0040 0000 0015 0000 0040 0000 0040 0000 0040 0000 0015 0000 0040 0000 0015 0000 0040 0000 0015 0000 0015 0000 0015 0000 0015 0000 0015 0000 0015 0000 0040 0000 0015 0000 0040 0000 0040 0000 0040 0000 0040 0000 0040 0000 0040 0000 0D1F
3	0000 006B 0000 0022 0000 00AC 0000 0015 0000 0015 0000 0040 0000 0015 0000 0015 0000 0015 0000 0040 0000 0015 0000 0040 0000 0040 0000 0015 0000 0040 0000 0040 0000 0040 0000 0015 0000 0040 0000 0040 0000 0040 0000 0015 0000 0015 0000 0015 0000 0015 0000 0015 0000 0015 0000 0015 0000 0015 0000 0040 0000 0040 0000 0040 0000 0040 0000 0040 0000 0040 0000 0D1F
4	0000 006B 0000 0022 0000 00AC 0000 0015 0000 0015 0000 0040 0000 0015 0000 0015 0000 0015 0000 0040 0000 0015 0000 0040 0000 0040 0000 0015 0000 0040 0000 0040 0000 0040 0000 0015 0000 0040 0000 0015 0000 0015 0000 0040 0000 0015 0000 0015 0000 0015 0000 0015 0000 0015 0000 0040 0000 0040 0000 0015 0000 0040 0000 0040 0000 0040 0000 0040 0000 0040 0000 0D1F
5	0000 006B 0000 0022 0000 00AC 0000 0015 0000 0015 0000 0040 0000 0015 0000 0015 0000 0015 0000 0040 0000 0015 0000 0040 0000 0040 0000 0015 0000 0040 0000 0040 0000 0040 0000 0015 0000 0040 0000 0040 0000 0015 0000 0040 0000 0015 0000 0015 0000 0015 0000 0015 0000 0015 0000 0015 0000 0040 0000 0015 0000 0040 0000 0040 0000 0040 0000 0040 0000 0040 0000 0D1F
6	0000 006B 0000 0022 0000 00AC 0000 0015 0000 0015 0000 0040 0000 0015 0000 0015 0000 0015 0000 0040 0000 0015 0000 0040 0000 0040 0000 0015 0000 0040 0000 0040 0000 0040 0000 0015 0000 0040 0000 0015 0000 0040 0000 0040 0000 0015 0000 0015 0000 0015 0000 0015 0000 0015 0000 0040 0000 0015 0000 0015 0000 0040 0000 0040 0000 0040 0000 0040 0000 0040 0000 0D1F
7	0000 006B 0000 0022 0000 00AC 0000 0015 0000 0015 0000 0040 0000 0015 0000 0015 0000 0015 0000 0040 0000 0015 0000 0040 0000 0040 0000 0015 0000 0040 0000 0040 0000 0040 0000 0015 0000 0040 0000 0040 0000 0040 0000 0040 0000 0015 0000 0015 0000 0015 0000 0015 0000 0015 0000 0015 0000 0015 0000 0015 0000 0040 0000 0040 0000 0040 0000 0040 0000 0040 0000 0D1F
8	0000 006B 0000 0022 0000 00AC 0000 0015 0000 0015 0000 0040 0000 0015 0000 0015 0000 0015 0000 0040 0000 0015 0000 0040 0000 0040 0000 0015 0000 0040 0000 0040 0000 0040 0000 0015 0000 0040 0000 0015 0000 0015 0000 0015 0000 0040 0000 0015 0000 0015 0000 0015 0000 0015 0000 0040 0000 0040 0000 0040 0000 0015 0000 0040 0000 0040 0000 0040 0000 0040 0000 0D1F
9	0000 006B 0000 0022 0000 00AC 0000 0015 0000 0015 0000 0040 0000 0015 0000 0015 0000 0015 0000 0040 0000 0015 0000 0040 0000 0040 0000 0015 0000 0040 0000 0040 0000 0040 0000 0015 0000 0040 0000 0040 0000 0015 0000 0015 0000 0040 0000 0015 0000 0015 0000 0015 0000 0015 0000 0015 0000 0040 0000 0040 0000 0015 0000 0040 0000 0040 0000 0040 0000 0040 0000 0D1F
0	0000 006B 0000 0022 0000 00AC 0000 0015 0000 0015 0000 0040 0000 0015 0000 0015 0000 0015 0000 0040 0000 0015 0000 0040 0000 0040 0000 0015 0000 0040 0000 0040 0000 0040 0000 0015 0000 0040 0000 0015 0000 0040 0000 0015 0000 0040 0000 0015 0000 0015 0000 0015 0000 0015 0000 0040 0000 0015 0000 0040 0000 0015 0000 0040 0000 0040 0000 0040 0000 0040 0000 0D1F
Enter	0000 006B 0000 0022 0000 00AC 0000 0015 0000 0015 0000 0040 0000 0015 0000 0015 0000 0015 0000 0040 0000 0015 0000 0040 0000 0040 0000 0015 0000 0040 0000 0040 0000 0040 0000 0015 0000 0040 0000 0040 0000 0040 0000 0015 0000 0040 0000 0015 0000 0015 0000 0015 0000 0015 0000 0015 0000 0015 0000 0040 0000 0015 0000 0040 0000 0040 0000 0040 0000 0040 0000 0D1F
TV/VCR	0000 006B 0000 0002 0000 00AC 0000 0015 0000 0015 0000 0040 0000 0015 0000 0015 0000 0015 0000 0040 0000 0015 0000 0040 0000 0040 0000 0015 0000 0040 0000 0040 0000 0040 0000 0015 0000 0040 0000 0040 0000 0015 0000 0015 0000 0015 0000 0040 0000 0015 0000 0015 0000 0015 0000 0015 0000 0040 0000 0040 0000 0040 0000 0015 0000 0040 0000 0040 0000 0040 0000 05EB 0000 0055 0000 0E42
Ch+	0000 006B 0000 0002 0000 00AC 0000 0015 0000 0015 0000 0040 0000 0015 0000 0015 0000 0015 0000 0040 0000 0015 0000 0040 0000 0040 0000 0015 0000 0040 0000 0040 0000 0040 0000 0015 0000 0040 0000 0040 0000 0040 0000 0015 0000 0040 0000 0040 0000 0015 0000 0015 0000 0015 0000 0015 0000 0015 0000 0040 0000 0015 0000 0015 0000 0040 0000 0040 0000 0040 0000 05EB 0000 0055 0000 0E42
Ch-	0000 006B 0000 0002 0000 00AC 0000 0015 0000 0015 0000 0040 0000 0015 0000 0015 0000 0015 0000 0040 0000 0015 0000 0040 0000 0040 0000 0015 0000 0040 0000 0040 0000 0040 0000 0015 0000 0040 0000 0040 0000 0040 0000 0040 0000 0040 0000 0040 0000 0015 0000 0015 0000 0015 0000 0015 0000 0015 0000 0015 0000 0015 0000 0015 0000 0040 0000 0040 0000 0040 0000 05EB 0000 0055 0000 0E42
