Power	0000 006D 0000 0044 0000 00AA 0000 0015 0000 0015 0000 0015 0000 0015 0000 0040 0000 003F 0000 0015 0000 0015 0000 0040 0000 003F 0000 0040 0000 0040 0000 0015 0000 0015 0000 0040 0000 0040 0000 0015 0000 0015 0000 0015 0000 0015 0000 0015 0000 0015 0000 0015 0000 0015 0000 0040 0000 0040 0000 003F 0000 0040 0000 0040 0000 003F 0000 0040 0000 0040 0000 0D18 0000 00AA 0000 0015 0000 0015 0000 0015 0000 0015 0000 003F 0000 0040 0000 0015 0000 0015 0000 0015 0000 0040 0000 003F 0000 0040 0000 0015 0000 0015 0000 003F 0000 0040 0000 0040 0000 003F 0000 0040 0000 0040 0000 003F 0000 0040 0000 0040 0000 003F 0000 0015 0000 0015 0000 0015 0000 0015 0000 0015 0000 0015 0000 0015 0000 0015 0000 0D3C
Freeze	0000 006D 0000 0002 0000 00AB 0000 0015 0000 0015 0000 0015 0000 0015 0000 0040 0000 0040 0000 0015 0000 0015 0000 0040 0000 0040 0000 003F 0000 0040 0000 0015 0000 0015 0000 003F 0000 0040 0000 0040 0000 003F 0000 0015 0000 0015 0000 0015 0000 0015 0000 003F 0000 0015 0000 0015 0000 0015 0000 0040 0000 0040 0000 003F 0000 0040 0000 0015 0000 0040 0000 05E8 0000 0055 0000 0E3A
Mute	0000 006D 0000 0002 0000 00AB 0000 0015 0000 0015 0000 0015 0000 0015 0000 0040 0000 0040 0000 0015 0000 0015 0000 0040 0000 0040 0000 003F 0000 0040 0000 0015 0000 0015 0000 003F 0000 0040 0000 0040 0000 003F 0000 0015 0000 003F 0000 0015 0000 0015 0000 0015 0000 0015 0000 0015 0000 0015 0000 0040 0000 0015 0000 0040 0000 0040 0000 003F 0000 0040 0000 05E8 0000 0055 0000 0E3A
System	0000 006D 0000 0002 0000 00AA 0000 0015 0000 0015 0000 0015 0000 0015 0000 0040 0000 003F 0000 0015 0000 0015 0000 0040 0000 003F 0000 0040 0000 0040 0000 0015 0000 0015 0000 0040 0000 0040 0000 0015 0000 0040 0000 0015 0000 0015 0000 0015 0000 0015 0000 0040 0000 0015 0000 0040 0000 0015 0000 0040 0000 003F 0000 0040 0000 0040 0000 0015 0000 0040 0000 05E7 0000 0055 0000 0E3A
Mode	0000 006D 0000 0002 0000 00AB 0000 0015 0000 0015 0000 0015 0000 0015 0000 0040 0000 0040 0000 0015 0000 0015 0000 0040 0000 0040 0000 003F 0000 0040 0000 0015 0000 0015 0000 003F 0000 0040 0000 0040 0000 0015 0000 0040 0000 0015 0000 0015 0000 0015 0000 0015 0000 0015 0000 0015 0000 003F 0000 0015 0000 003F 0000 0040 0000 0040 0000 003F 0000 0040 0000 05E8 0000 0055 0000 0E3A
Normal	0000 006D 0000 0002 0000 00AA 0000 0015 0000 0015 0000 0015 0000 0015 0000 0040 0000 003F 0000 0015 0000 0015 0000 0040 0000 003F 0000 0040 0000 0040 0000 0015 0000 0015 0000 0040 0000 0040 0000 003F 0000 0040 0000 0040 0000 003F 0000 0040 0000 0015 0000 0015 0000 0015 0000 0015 0000 0015 0000 0015 0000 0015 0000 0015 0000 003F 0000 0040 0000 0040 0000 05E7 0000 0055 0000 0E3A
Menu	0000 006D 0000 0002 0000 00AA 0000 0015 0000 0015 0000 0015 0000 0015 0000 003F 0000 0040 0000 0015 0000 0015 0000 003F 0000 0040 0000 0040 0000 003F 0000 0015 0000 0015 0000 0040 0000 003F 0000 0015 0000 0015 0000 0040 0000 003F 0000 0040 0000 0015 0000 0015 0000 0015 0000 0040 0000 003F 0000 0015 0000 0015 0000 0015 0000 0040 0000 0040 0000 003F 0000 05E8 0000 0055 0000 0E3A
Vol+	0000 006D 0000 0002 0000 00AA 0000 0015 0000 0015 0000 0015 0000 0015 0000 003F 0000 0040 0000 0015 0000 0015 0000 003F 0000 0040 0000 0040 0000 003F 0000 0015 0000 0015 0000 0040 0000 003F 0000 0040 0000 0015 0000 0015 0000 003F 0000 0015 0000 0015 0000 0015 0000 0015 0000 0015 0000 0040 0000 003F 0000 0015 0000 003F 0000 0040 0000 0040 0000 003F 0000 05E8 0000 0055 0000 0E3A
Vol-	0000 006D 0000 0002 0000 00AA 0000 0015 0000 0015 0000 0015 0000 0015 0000 003F 0000 0040 0000 0015 0000 0015 0000 003F 0000 0040 0000 0040 0000 003F 0000 0015 0000 0015 0000 0040 0000 003F 0000 0015 0000 003F 0000 0015 0000 003F 0000 0015 0000 0015 0000 0015 0000 0015 0000 003F 0000 0015 0000 003F 0000 0015 0000 003F 0000 0040 0000 0040 0000 003F 0000 05E8 0000 0055 0000 0E3A
Zoom	0000 006D 0000 0002 0000 00AA 0000 0015 0000 0015 0000 0015 0000 0015 0000 003F 0000 0040 0000 0015 0000 0015 0000 003F 0000 0040 0000 0040 0000 003F 0000 0015 0000 0015 0000 0040 0000 003F 0000 0015 0000 0015 0000 0015 0000 0015 0000 0015 0000 0015 0000 0015 0000 003F 0000 0040 0000 0040 0000 003F 0000 0040 0000 0040 0000 003F 0000 0040 0000 0015 0000 05E8 0000 0055 0000 0E3A
Focus	0000 006D 0000 0002 0000 00AA 0000 0015 0000 0015 0000 0015 0000 0015 0000 003F 0000 0040 0000 0015 0000 0015 0000 003F 0000 0040 0000 0040 0000 003F 0000 0015 0000 0015 0000 0040 0000 003F 0000 0040 0000 0040 0000 003F 0000 0015 0000 0015 0000 0015 0000 0015 0000 003F 0000 0015 0000 0015 0000 0015 0000 0040 0000 0040 0000 003F 0000 0040 0000 0015 0000 05E8 0000 0055 0000 0E3A
Fine Sync+	0000 006D 0000 0002 0000 00AA 0000 0015 0000 0015 0000 0015 0000 0015 0000 003F 0000 0040 0000 0015 0000 0015 0000 003F 0000 0040 0000 0040 0000 003F 0000 0015 0000 0015 0000 0040 0000 003F 0000 0040 0000 0015 0000 0015 0000 003F 0000 0015 0000 0015 0000 0040 0000 0015 0000 0015 0000 0040 0000 0040 0000 0015 0000 0040 0000 003F 0000 0015 0000 003F 0000 05E8 0000 0055 0000 0E3A
Fine Sync-	0000 006D 0000 0002 0000 00AA 0000 0015 0000 0015 0000 0015 0000 0015 0000 003F 0000 0040 0000 0015 0000 0015 0000 003F 0000 0040 0000 0040 0000 003F 0000 0015 0000 0015 0000 0040 0000 003F 0000 0040 0000 0015 0000 0040 0000 0040 0000 0015 0000 0015 0000 0040 0000 0015 0000 0015 0000 003F 0000 0015 0000 0015 0000 0040 0000 003F 0000 0015 0000 003F 0000 05E8 0000 0055 0000 0E3A
