Power	0000 006d 0005 0008 0023 00ae 0023 0047 0023 0005 0023 0023 0023 0023 0023 0023 0023 0023 0023 0e23 0023 00ae 0023 0047 0023 0023 0023 0023 0023 0005
Stby	0000 006d 0007 0008 0023 00ae 0023 0047 0023 0005 0023 0023 0023 0023 0023 0023 0023 0023 0023 0e23 0023 00ae 0023 0025 0023 0023 0023 0046 0023 0005 0023 0047 0023 0005
Input Cycle	0000 006d 0007 0008 0023 00ae 0023 0047 0023 0005 0023 0023 0023 0023 0023 0023 0023 0023 0023 0e23 0023 00ae 0023 0047 0023 0023 0023 0005 0023 0046 0023 0023 0023 0005
1	0000 006d 0006 0008 0023 00ae 0023 0047 0023 0005 0023 0023 0023 0023 0023 0023 0023 0023 0023 0e23 0023 00ae 0023 0025 0023 0023 0023 0046 0023 0023 0023 0005
2	0000 006d 0006 0008 0023 00ae 0023 0047 0023 0005 0023 0023 0023 0023 0023 0023 0023 0023 0023 0e23 0023 00ae 0023 0048 0023 0005 0023 0046 0023 0023 0023 0005
3	0000 006d 0006 0008 0023 00ae 0023 0047 0023 0005 0023 0023 0023 0023 0023 0023 0023 0023 0023 0e23 0023 00ae 0023 0025 0023 0046 0023 0023 0023 0023 0023 0005
4	0000 006d 0007 0008 0023 00ae 0023 0047 0023 0005 0023 0023 0023 0023 0023 0023 0023 0023 0023 0e23 0023 00ae 0023 0047 0023 0023 0023 0023 0023 0005 0023 0047 0023 0005
5	0000 006d 0007 0008 0023 00ae 0023 0047 0023 0005 0023 0023 0023 0023 0023 0023 0023 0023 0023 0e23 0023 00ae 0023 0025 0023 0046 0023 0023 0023 0005 0023 0047 0023 0005
6	0000 006d 0007 0008 0023 00ae 0023 0047 0023 0005 0023 0023 0023 0023 0023 0023 0023 0023 0023 0e23 0023 00ae 0023 0048 0023 0005 0023 0047 0023 0005 0023 0047 0023 0005
7	0000 006d 0007 0008 0023 00ae 0023 0047 0023 0005 0023 0023 0023 0023 0023 0023 0023 0023 0023 0e23 0023 00ae 0023 0047 0023 0023 0023 0005 0023 0023 0023 0046 0023 0005
8	0000 006d 0007 0008 0023 00ae 0023 0047 0023 0005 0023 0023 0023 0023 0023 0023 0023 0023 0023 0e23 0023 00ae 0023 0025 0023 0046 0023 0005 0023 0023 0023 0046 0023 0005
9	0000 006d 0007 0008 0023 00ae 0023 0047 0023 0005 0023 0023 0023 0023 0023 0023 0023 0023 0023 0e23 0023 00ae 0023 0048 0023 0005 0023 0023 0023 0023 0023 0046 0023 0005
0	0000 006d 0004 0008 0023 00ae 0023 0047 0023 0005 0023 0023 0023 0023 0023 0023 0023 0023 0023 0e23 0023 00ae 0023 0025 0023 0023 0023 0046
Up	0000 006d 0007 0008 0023 00ae 0023 0047 0023 0005 0023 0023 0023 0023 0023 0023 0023 0023 0023 0e23 0023 00ae 0023 0048 0023 0005 0023 0023 0023 0046 0023 0005 0023 0046
Down	0000 006d 0007 0008 0023 00ae 0023 0047 0023 0005 0023 0023 0023 0023 0023 0023 0023 0023 0023 0e23 0023 00ae 0023 0048 0023 0005 0023 0023 0023 0023 0023 0023 0023 0046
Left	0000 006d 0007 0008 0023 00ae 0023 0047 0023 0005 0023 0023 0023 0023 0023 0023 0023 0023 0023 0e23 0023 00ae 0023 0025 0023 0023 0023 0046 0023 0005 0023 0023 0023 0046
Right	0000 006d 0007 0008 0023 00ae 0023 0047 0023 0005 0023 0023 0023 0023 0023 0023 0023 0023 0023 0e23 0023 00ae 0023 0025 0023 0046 0023 0023 0023 0005 0023 0023 0023 0046
Vol+	0000 006d 0005 0008 0023 00ae 0023 0047 0023 0005 0023 0023 0023 0023 0023 0023 0023 0023 0023 0e23 0023 00ae 0023 0048 0023 0005 0023 0047 0023 0005
Foc+	0000 006d 0006 0008 0023 00ae 0023 0047 0023 0005 0023 0023 0023 0023 0023 0023 0023 0023 0023 0e23 0023 00ae 0023 0048 0023 0005 0023 0023 0023 0023 0023 0046
Blank	0000 006d 0006 0008 0023 00ae 0023 0047 0023 0005 0023 0023 0023 0023 0023 0023 0023 0023 0023 0e23 0023 00ae 0023 0025 0023 0046 0023 0005 0023 0023 0023 0046
Bri+	0000 006d 0007 0008 0023 00ae 0023 0047 0023 0005 0023 0023 0023 0023 0023 0023 0023 0023 0023 0e23 0023 00ae 0023 0025 0023 0046 0023 0005 0023 0046 0023 0023 0023 0005
Cont+	0000 006d 0007 0008 0023 00ae 0023 0047 0023 0005 0023 0023 0023 0023 0023 0023 0023 0023 0023 0e23 0023 00ae 0023 0048 0023 0005 0023 0023 0023 0046 0023 0023 0023 0005
Proj	0000 006d 0005 0008 0023 00ae 0023 0047 0023 0005 0023 0023 0023 0023 0023 0023 0023 0023 0023 0e23 0023 00ae 0023 0025 0023 0023 0023 0023 0023 0046
*	0000 006d 0005 0008 0023 00ae 0023 0047 0023 0005 0023 0023 0023 0023 0023 0023 0023 0023 0023 0e23 0023 00ae 0023 0048 0023 0005 0023 0023 0023 0046
Pin	0000 006d 0005 0008 0023 00ae 0023 0047 0023 0005 0023 0023 0023 0023 0023 0023 0023 0023 0023 0e23 0023 00ae 0023 0025 0023 0046 0023 0005 0023 0046
F Sync	0000 006d 0005 0008 0023 00ae 0023 0047 0023 0005 0023 0023 0023 0023 0023 0023 0023 0023 0023 0e23 0023 00ae 0023 0047 0023 0023 0023 0005 0023 0046
Bow	0000 006d 0006 0008 0023 00ae 0023 0047 0023 0005 0023 0023 0023 0023 0023 0023 0023 0023 0023 0e23 0023 00ae 0023 0025 0023 0023 0023 0046 0023 0005 0023 0046
H Hold	0000 006d 0006 0008 0023 00ae 0023 0047 0023 0005 0023 0023 0023 0023 0023 0023 0023 0023 0023 0e23 0023 00ae 0023 0048 0023 0005 0023 0047 0023 0005 0023 0046
V Hold	0000 006d 0006 0008 0023 00ae 0023 0047 0023 0005 0023 0023 0023 0023 0023 0023 0023 0023 0023 0e23 0023 00ae 0023 0025 0023 0046 0023 0023 0023 0005 0023 0046
Size	0000 006d 0006 0008 0023 00ae 0023 0047 0023 0005 0023 0023 0023 0023 0023 0023 0023 0023 0023 0e23 0023 00ae 0023 0047 0023 0023 0023 0023 0023 0005 0023 0046
Move	0000 006d 0006 0008 0023 00ae 0023 0047 0023 0005 0023 0023 0023 0023 0023 0023 0023 0023 0023 0e23 0023 00ae 0023 0025 0023 0023 0023 0023 0023 0023 0023 0046
Key	0000 006d 0006 0008 0023 00ae 0023 0047 0023 0005 0023 0023 0023 0023 0023 0023 0023 0023 0023 0e23 0023 00ae 0023 0047 0023 0023 0023 0005 0023 0023 0023 0046
Conv	0000 006d 0007 0008 0023 00ae 0023 0047 0023 0005 0023 0023 0023 0023 0023 0023 0023 0023 0023 0e23 0023 00ae 0023 0025 0023 0023 0023 0046 0023 0023 0023 0005 0023 0046
Exit	0000 006d 0007 0008 0023 00ae 0023 0047 0023 0005 0023 0023 0023 0023 0023 0023 0023 0023 0023 0e23 0023 00ae 0023 0047 0023 0023 0023 0023 0023 0023 0023 0005 0023 0046
Color	0000 006d 0007 0008 0023 00ae 0023 0047 0023 0005 0023 0023 0023 0023 0023 0023 0023 0023 0023 0e23 0023 00ae 0023 0025 0023 0023 0023 0023 0023 0046 0023 0023 0023 0005
Help	0000 006d 0006 0008 0023 00ae 0023 0047 0023 0005 0023 0023 0023 0023 0023 0023 0023 0023 0023 0e23 0023 00ae 0023 0047 0023 0023 0023 0023 0023 0023 0023 0005
Recall	0000 006d 0007 0008 0023 00ae 0023 0047 0023 0005 0023 0023 0023 0023 0023 0023 0023 0023 0023 0e23 0023 00ae 0023 0025 0023 0023 0023 0023 0023 0023 0023 0046 0023 0005
#	0000 006d 0003 0008 0023 00ae 0023 0047 0023 0005 0023 0023 0023 0023 0023 0023 0023 0023 0023 0e23 0023 00ae 0023 0047 0023 0023
Tint	0000 006d 0004 0008 0023 00ae 0023 0047 0023 0005 0023 0023 0023 0023 0023 0023 0023 0023 0023 0e23 0023 00ae 0023 0048 0023 0005 0023 0046
Detail	0000 006d 0003 0008 0023 00ae 0023 0047 0023 0005 0023 0023 0023 0023 0023 0023 0023 0023 0023 0e23 0023 00ae 0023 0025 0023 0046
Reset	0000 006d 0005 0008 0023 00ae 0023 0047 0023 0005 0023 0023 0023 0023 0023 0023 0023 0023 0023 0e23 0023 00ae 0023 0025 0023 0023 0023 0046 0023 0005
Mute	0000 006d 0005 0008 0023 00ae 0023 0047 0023 0005 0023 0023 0023 0023 0023 0023 0023 0023 0023 0e23 0023 00ae 0023 0025 0023 0046 0023 0023 0023 0005
