Power	0000 006C 0000 0032 0000 003F 0000 0010 0000 0010 0000 0030 0000 0010 0000 0030 0000 0010 0000 0010 0000 0010 0000 0030 0000 0030 0000 0010 0000 0010 0000 0010 0000 0030 0000 0030 0000 0010 0000 0010 0000 0010 0000 0010 0000 0010 0000 0010 0000 0010 0000 0010 0000 0010 0000 0010 0000 0030 0000 0030 0000 0010 0000 0010 0000 0010 0000 0010 0000 0030 0000 0010 0000 0030 0000 0030 0000 0010 0000 0010 0000 0010 0000 0010 0000 0030 0000 0010 0000 0010 0000 0010 0000 0010 0000 0010 0000 0010 0000 0010 0000 0010 0000 0623
Source	0000 006C 0000 0032 0000 003F 0000 0010 0000 0010 0000 0030 0000 0010 0000 0030 0000 0010 0000 0010 0000 0010 0000 0030 0000 0030 0000 0010 0000 0010 0000 0010 0000 0030 0000 0030 0000 0010 0000 0010 0000 0010 0000 0010 0000 0010 0000 0010 0000 0010 0000 0010 0000 0010 0000 0010 0000 0030 0000 0030 0000 0010 0000 0010 0000 0010 0000 0010 0000 0030 0000 0010 0000 0030 0000 0030 0000 0010 0000 0010 0000 0010 0000 0010 0000 0030 0000 0010 0000 0010 0000 0010 0000 0010 0000 0030 0000 0010 0000 0010 0000 0010 0000 0627
Rgb1	0000 006C 0000 0032 0000 003F 0000 0010 0000 0010 0000 0030 0000 0010 0000 0030 0000 0010 0000 0010 0000 0010 0000 0030 0000 0030 0000 0010 0000 0010 0000 0010 0000 0030 0000 0030 0000 0010 0000 0010 0000 0010 0000 0010 0000 0010 0000 0010 0000 0010 0000 0010 0000 0010 0000 0010 0000 0030 0000 0030 0000 0010 0000 0010 0000 0010 0000 0010 0000 0030 0000 0010 0000 0030 0000 0030 0000 0010 0000 0010 0000 0010 0000 0010 0000 0030 0000 0010 0000 0010 0000 0010 0000 0030 0000 0010 0000 0010 0000 0010 0000 0010 0000 0624
Rgb2	0000 006C 0000 0032 0000 003F 0000 0010 0000 0010 0000 0030 0000 0010 0000 0030 0000 0010 0000 0010 0000 0010 0000 0030 0000 0030 0000 0010 0000 0010 0000 0010 0000 0030 0000 0030 0000 0010 0000 0010 0000 0010 0000 0010 0000 0010 0000 0010 0000 0010 0000 0010 0000 0010 0000 0010 0000 0030 0000 0030 0000 0010 0000 0010 0000 0010 0000 0010 0000 0030 0000 0010 0000 0030 0000 0030 0000 0010 0000 0010 0000 0010 0000 0010 0000 0030 0000 0030 0000 0010 0000 0010 0000 0030 0000 0010 0000 0010 0000 0010 0000 0010 0000 0626
Video1	0000 006C 0000 0032 0000 003F 0000 0010 0000 0010 0000 0030 0000 0010 0000 0030 0000 0010 0000 0010 0000 0010 0000 0030 0000 0030 0000 0010 0000 0010 0000 0010 0000 0030 0000 0030 0000 0010 0000 0010 0000 0010 0000 0010 0000 0010 0000 0010 0000 0010 0000 0010 0000 0010 0000 0010 0000 0030 0000 0030 0000 0010 0000 0010 0000 0010 0000 0010 0000 0030 0000 0010 0000 0030 0000 0030 0000 0010 0000 0010 0000 0010 0000 0010 0000 0030 0000 0030 0000 0010 0000 0030 0000 0010 0000 0010 0000 0010 0000 0010 0000 0010 0000 0637
S-Video	0000 006C 0000 0032 0000 003F 0000 0010 0000 0010 0000 0030 0000 0010 0000 0030 0000 0010 0000 0010 0000 0010 0000 0030 0000 0030 0000 0010 0000 0010 0000 0010 0000 0030 0000 0030 0000 0010 0000 0010 0000 0010 0000 0010 0000 0010 0000 0010 0000 0010 0000 0010 0000 0010 0000 0010 0000 0030 0000 0030 0000 0010 0000 0010 0000 0010 0000 0010 0000 0030 0000 0010 0000 0030 0000 0030 0000 0010 0000 0010 0000 0010 0000 0010 0000 0030 0000 0030 0000 0010 0000 0030 0000 0030 0000 0010 0000 0010 0000 0010 0000 0010 0000 063B
Blank	0000 006C 0000 0032 0000 003F 0000 0010 0000 0010 0000 0030 0000 0010 0000 0030 0000 0010 0000 0010 0000 0010 0000 0030 0000 0030 0000 0010 0000 0010 0000 0010 0000 0030 0000 0030 0000 0010 0000 0010 0000 0010 0000 0010 0000 0010 0000 0010 0000 0010 0000 0010 0000 0010 0000 0010 0000 0030 0000 0030 0000 0010 0000 0010 0000 0010 0000 0010 0000 0030 0000 0010 0000 0030 0000 0030 0000 0010 0000 0010 0000 0010 0000 0010 0000 0030 0000 0010 0000 0030 0000 0010 0000 0030 0000 0010 0000 0030 0000 0010 0000 0010 0000 0632
ZO Pan	0000 006A 0000 0032 0000 0040 0000 0010 0000 0010 0000 0030 0000 0010 0000 0030 0000 0010 0000 0010 0000 0010 0000 0030 0000 0030 0000 0010 0000 0010 0000 0010 0000 0030 0000 0030 0000 0010 0000 0010 0000 0010 0000 0010 0000 0010 0000 0010 0000 0010 0000 0010 0000 0010 0000 0010 0000 0030 0000 0030 0000 0010 0000 0010 0000 0010 0000 0010 0000 0030 0000 0010 0000 0030 0000 0030 0000 0010 0000 0010 0000 0010 0000 0010 0000 0030 0000 0030 0000 0030 0000 0030 0000 0030 0000 0030 0000 0030 0000 0010 0000 0010 0000 0724
Up	0000 006A 0000 0030 0000 002E 0000 0017 0000 0017 0000 0017 0000 0017 0000 0017 0000 0017 0000 0017 0000 0017 0000 0017 0000 0017 0000 0017 0000 0017 0000 0017 0000 0017 0000 0101 0000 002E 0000 0017 0000 0017 0000 0017 0000 0017 0000 0017 0000 0017 0000 0017 0000 0017 0000 0017 0000 0017 0000 0017 0000 0017 0000 0017 0000 002E 0000 00EB 0000 002E 0000 0017 0000 0017 0000 0017 0000 0017 0000 0017 0000 0017 0000 0017 0000 0017 0000 0017 0000 0017 0000 0017 0000 0017 0000 0017 0000 0017 0000 0CC1
Down	0000 006A 0000 0030 0000 002E 0000 0017 0000 0017 0000 0017 0000 0017 0000 0017 0000 0017 0000 0017 0000 0017 0000 0017 0000 0017 0000 0017 0000 0017 0000 0017 0000 0017 0000 0101 0000 002E 0000 0017 0000 0017 0000 0017 0000 0017 0000 0017 0000 0017 0000 0017 0000 0017 0000 0017 0000 0017 0000 0017 0000 0017 0000 0017 0000 002E 0000 00EA 0000 002E 0000 0017 0000 0017 0000 0017 0000 0017 0000 0017 0000 0017 0000 0017 0000 0017 0000 0017 0000 0017 0000 0017 0000 0017 0000 0017 0000 0017 0000 0CC1
Left	0000 006A 0000 0030 0000 002E 0000 0017 0000 0017 0000 0017 0000 0017 0000 0017 0000 0017 0000 002E 0000 0017 0000 0017 0000 0017 0000 0017 0000 0017 0000 0017 0000 0017 0000 00EB 0000 002E 0000 0017 0000 0017 0000 0017 0000 0017 0000 0017 0000 002E 0000 0017 0000 0017 0000 0017 0000 0017 0000 0017 0000 0017 0000 0017 0000 0017 0000 00EB 0000 002E 0000 0017 0000 0017 0000 0017 0000 0017 0000 0017 0000 0017 0000 002E 0000 0017 0000 0017 0000 0017 0000 0017 0000 0017 0000 0017 0000 0017 0000 0CA1
Right	0000 006A 0000 0030 0000 002E 0000 0017 0000 0017 0000 0017 0000 0017 0000 0017 0000 0017 0000 002E 0000 0017 0000 0017 0000 0017 0000 0017 0000 0017 0000 0017 0000 0017 0000 00EC 0000 002E 0000 0017 0000 0017 0000 0017 0000 0017 0000 0017 0000 0017 0000 002E 0000 0017 0000 0017 0000 0017 0000 0017 0000 0017 0000 0017 0000 0017 0000 00EA 0000 002E 0000 0017 0000 0017 0000 0017 0000 0017 0000 0017 0000 002E 0000 0017 0000 0017 0000 0017 0000 0017 0000 0017 0000 0017 0000 0017 0000 0017 0000 0CA1
Enter	0000 006A 0000 0011 0000 0017 0000 002E 0000 0017 0000 0017 0000 0017 0000 0017 0000 0017 0000 0017 0000 0017 0000 0017 0000 0017 0000 0017 0000 0017 0000 0017 0000 0017 0000 0017 0000 11C1
Menu	0000 006C 0000 0032 0000 003F 0000 0010 0000 0010 0000 0030 0000 0010 0000 0030 0000 0010 0000 0010 0000 0010 0000 0030 0000 0030 0000 0010 0000 0010 0000 0010 0000 0030 0000 0030 0000 0010 0000 0010 0000 0010 0000 0010 0000 0010 0000 0010 0000 0010 0000 0010 0000 0010 0000 0010 0000 0030 0000 0030 0000 0010 0000 0010 0000 0010 0000 0010 0000 0030 0000 0010 0000 0030 0000 0030 0000 0010 0000 0010 0000 0010 0000 0010 0000 0030 0000 0010 0000 0010 0000 0010 0000 0010 0000 0010 0000 0010 0000 0030 0000 0010 0000 0641
Default	0000 006A 0000 0032 0000 0040 0000 0010 0000 0010 0000 0030 0000 0010 0000 0030 0000 0010 0000 0010 0000 0010 0000 0030 0000 0030 0000 0010 0000 0010 0000 0010 0000 0030 0000 0030 0000 0010 0000 0010 0000 0010 0000 0010 0000 0010 0000 0010 0000 0010 0000 0010 0000 0010 0000 0010 0000 0030 0000 0030 0000 0010 0000 0010 0000 0010 0000 0010 0000 0030 0000 0010 0000 0030 0000 0030 0000 0010 0000 0010 0000 0010 0000 0010 0000 0030 0000 0010 0000 0010 0000 0030 0000 0010 0000 0010 0000 0030 0000 0010 0000 0010 0000 07A4
ZM+	0000 006C 0000 0032 0000 003F 0000 0010 0000 0010 0000 0030 0000 0010 0000 0030 0000 0010 0000 0010 0000 0010 0000 0030 0000 0030 0000 0010 0000 0010 0000 0010 0000 0030 0000 0030 0000 0010 0000 0010 0000 0010 0000 0010 0000 0010 0000 0010 0000 0010 0000 0010 0000 0010 0000 0010 0000 0030 0000 0030 0000 0010 0000 0010 0000 0010 0000 0010 0000 0030 0000 0010 0000 0030 0000 0030 0000 0010 0000 0010 0000 0010 0000 0010 0000 0030 0000 0030 0000 0030 0000 0030 0000 0010 0000 0030 0000 0010 0000 0010 0000 0010 0000 062A
ZM-	0000 006C 0000 0032 0000 003F 0000 0010 0000 0010 0000 0030 0000 0010 0000 0030 0000 0010 0000 0010 0000 0010 0000 0030 0000 0030 0000 0010 0000 0010 0000 0010 0000 0030 0000 0030 0000 0010 0000 0010 0000 0010 0000 0010 0000 0010 0000 0010 0000 0010 0000 0010 0000 0010 0000 0010 0000 0030 0000 0030 0000 0010 0000 0010 0000 0010 0000 0010 0000 0030 0000 0010 0000 0030 0000 0030 0000 0010 0000 0010 0000 0010 0000 0010 0000 0030 0000 0010 0000 0010 0000 0010 0000 0030 0000 0030 0000 0010 0000 0010 0000 0010 0000 062B
Foc+	0000 006C 0000 0032 0000 003F 0000 0010 0000 0010 0000 0030 0000 0010 0000 0030 0000 0010 0000 0010 0000 0010 0000 0030 0000 0030 0000 0010 0000 0010 0000 0010 0000 0030 0000 0030 0000 0010 0000 0010 0000 0010 0000 0010 0000 0010 0000 0010 0000 0010 0000 0010 0000 0010 0000 0010 0000 0030 0000 0030 0000 0010 0000 0010 0000 0010 0000 0010 0000 0030 0000 0010 0000 0030 0000 0030 0000 0010 0000 0010 0000 0010 0000 0010 0000 0030 0000 0030 0000 0010 0000 0030 0000 0010 0000 0030 0000 0010 0000 0010 0000 0010 0000 063E
Foc-	0000 006C 0000 0032 0000 003F 0000 0010 0000 0010 0000 0030 0000 0010 0000 0030 0000 0010 0000 0010 0000 0010 0000 0030 0000 0030 0000 0010 0000 0010 0000 0010 0000 0030 0000 0030 0000 0010 0000 0010 0000 0010 0000 0010 0000 0010 0000 0010 0000 0010 0000 0010 0000 0010 0000 0010 0000 0030 0000 0030 0000 0010 0000 0010 0000 0010 0000 0010 0000 0030 0000 0010 0000 0030 0000 0030 0000 0010 0000 0010 0000 0010 0000 0010 0000 0030 0000 0010 0000 0030 0000 0030 0000 0010 0000 0030 0000 0010 0000 0010 0000 0010 0000 0640
Vol+	0000 006C 0000 0032 0000 003F 0000 0010 0000 0010 0000 0030 0000 0010 0000 0030 0000 0010 0000 0010 0000 0010 0000 0030 0000 0030 0000 0010 0000 0010 0000 0010 0000 0030 0000 0030 0000 0010 0000 0010 0000 0010 0000 0010 0000 0010 0000 0010 0000 0010 0000 0010 0000 0010 0000 0010 0000 0030 0000 0030 0000 0010 0000 0010 0000 0010 0000 0010 0000 0030 0000 0010 0000 0030 0000 0030 0000 0010 0000 0010 0000 0010 0000 0010 0000 0030 0000 0030 0000 0010 0000 0010 0000 0010 0000 0030 0000 0010 0000 0030 0000 0010 0000 062A
Vol-	0000 006C 0000 0032 0000 003F 0000 0010 0000 0010 0000 0030 0000 0010 0000 0030 0000 0010 0000 0010 0000 0010 0000 0030 0000 0030 0000 0010 0000 0010 0000 0010 0000 0030 0000 0030 0000 0010 0000 0010 0000 0010 0000 0010 0000 0010 0000 0010 0000 0010 0000 0010 0000 0010 0000 0010 0000 0030 0000 0030 0000 0010 0000 0010 0000 0010 0000 0010 0000 0030 0000 0010 0000 0030 0000 0030 0000 0010 0000 0010 0000 0010 0000 0010 0000 0030 0000 0030 0000 0010 0000 0010 0000 0010 0000 0030 0000 0030 0000 0010 0000 0010 0000 062D
Status	0000 006A 0000 0032 0000 0040 0000 0010 0000 0010 0000 0030 0000 0010 0000 0030 0000 0010 0000 0010 0000 0010 0000 0030 0000 0030 0000 0010 0000 0010 0000 0010 0000 0030 0000 0030 0000 0010 0000 0010 0000 0010 0000 0010 0000 0010 0000 0010 0000 0010 0000 0010 0000 0010 0000 0010 0000 0030 0000 0030 0000 0010 0000 0010 0000 0010 0000 0010 0000 0030 0000 0010 0000 0030 0000 0030 0000 0010 0000 0010 0000 0010 0000 0010 0000 0030 0000 0010 0000 0030 0000 0010 0000 0030 0000 0030 0000 0010 0000 0030 0000 0010 0000 0767
Mute	0000 006C 0000 0032 0000 003F 0000 0010 0000 0010 0000 0030 0000 0010 0000 0030 0000 0010 0000 0010 0000 0010 0000 0030 0000 0030 0000 0010 0000 0010 0000 0010 0000 0030 0000 0030 0000 0010 0000 0010 0000 0010 0000 0010 0000 0010 0000 0010 0000 0010 0000 0010 0000 0010 0000 0010 0000 0030 0000 0030 0000 0010 0000 0010 0000 0010 0000 0010 0000 0030 0000 0010 0000 0030 0000 0030 0000 0010 0000 0010 0000 0010 0000 0010 0000 0030 0000 0010 0000 0030 0000 0010 0000 0010 0000 0030 0000 0030 0000 0010 0000 0010 0000 062F
Click1	0000 006A 0000 0010 0000 002E 0000 0017 0000 0017 0000 0017 0000 0017 0000 0017 0000 0017 0000 0017 0000 002E 0000 0017 0000 0017 0000 0017 0000 0017 0000 0017 0000 0017 0000 11C1
Click2	0000 006A 0000 0011 0000 002E 0000 0017 0000 0017 0000 0017 0000 0017 0000 0017 0000 0017 0000 0017 0000 0017 0000 0017 0000 0017 0000 0017 0000 0017 0000 0017 0000 0017 0000 0017 0000 11C1
