Power	0000 006D 0000 0022 0000 00AA 0000 003F 0000 0015 0000 003F 0000 003F 0000 0015 0000 003F 0000 0015 0000 0015 0000 003F 0000 0015 0000 003F 0000 003F 0000 0015 0000 003F 0000 0015 0000 0015 0000 0015 0000 0015 0000 0015 0000 0015 0000 003F 0000 003F 0000 0015 0000 0015 0000 003F 0000 003F 0000 003F 0000 003F 0000 0015 0000 0015 0000 003F 0000 003F 0000 0695
Eject	0000 006D 0000 0022 0000 00AA 0000 003F 0000 0015 0000 003F 0000 003F 0000 0015 0000 003F 0000 0015 0000 0015 0000 003F 0000 0015 0000 003F 0000 003F 0000 0015 0000 003F 0000 0015 0000 0015 0000 0015 0000 003F 0000 003F 0000 0015 0000 003F 0000 003F 0000 0015 0000 0015 0000 003F 0000 0015 0000 0015 0000 003F 0000 0015 0000 0015 0000 003F 0000 003F 0000 0D13
Setup	0000 006D 0000 0022 0000 00AA 0000 003F 0000 0015 0000 003F 0000 003F 0000 0015 0000 003F 0000 0015 0000 0015 0000 003F 0000 0015 0000 003F 0000 003F 0000 0015 0000 003F 0000 0015 0000 0015 0000 0015 0000 003F 0000 003F 0000 0015 0000 003F 0000 0015 0000 003F 0000 0015 0000 003F 0000 0015 0000 0015 0000 003F 0000 0015 0000 003F 0000 0015 0000 003F 0000 0D13
Rpt	0000 006D 0000 0022 0000 00AA 0000 003F 0000 0015 0000 003F 0000 003F 0000 0015 0000 003F 0000 0015 0000 0015 0000 003F 0000 0015 0000 003F 0000 003F 0000 0015 0000 003F 0000 0015 0000 0015 0000 003F 0000 003F 0000 0015 0000 0015 0000 003F 0000 0015 0000 003F 0000 0015 0000 0015 0000 0015 0000 003F 0000 003F 0000 0015 0000 003F 0000 0015 0000 003F 0000 0D13
Rpt A/B	0000 006D 0000 0022 0000 00A9 0000 003F 0000 0015 0000 003F 0000 003F 0000 0015 0000 003F 0000 0015 0000 0015 0000 003F 0000 0015 0000 003F 0000 003F 0000 0015 0000 003F 0000 0015 0000 0015 0000 003F 0000 0015 0000 003F 0000 0015 0000 003F 0000 0015 0000 003F 0000 0015 0000 0015 0000 003F 0000 0015 0000 003F 0000 0015 0000 003F 0000 0015 0000 003F 0000 0695
Random	0000 006D 0000 0022 0000 00A9 0000 003F 0000 0015 0000 003F 0000 003F 0000 0015 0000 003F 0000 0015 0000 0015 0000 003F 0000 0015 0000 003F 0000 003F 0000 0015 0000 003F 0000 0015 0000 0015 0000 003F 0000 0015 0000 0015 0000 0015 0000 003F 0000 0015 0000 003F 0000 0015 0000 0015 0000 003F 0000 003F 0000 003F 0000 0015 0000 003F 0000 0015 0000 003F 0000 0D13
Audio	0000 006D 0000 0022 0000 00AA 0000 003F 0000 0015 0000 003F 0000 003F 0000 0015 0000 003F 0000 0015 0000 0015 0000 003F 0000 0015 0000 003F 0000 003F 0000 0015 0000 003F 0000 0015 0000 0015 0000 003F 0000 003F 0000 003F 0000 003F 0000 0015 0000 0015 0000 003F 0000 0015 0000 0015 0000 0015 0000 0015 0000 0015 0000 003F 0000 003F 0000 0015 0000 003F 0000 0D13
Subtitle	0000 006D 0000 0022 0000 00A9 0000 003F 0000 0015 0000 003F 0000 003F 0000 0015 0000 003F 0000 0015 0000 0015 0000 003F 0000 0015 0000 003F 0000 003F 0000 0015 0000 003F 0000 0015 0000 0015 0000 0015 0000 0015 0000 0015 0000 0015 0000 003F 0000 0015 0000 003F 0000 0015 0000 003F 0000 003F 0000 003F 0000 003F 0000 0015 0000 003F 0000 0015 0000 003F 0000 0695
Angle	0000 006D 0000 0022 0000 00AA 0000 003F 0000 0015 0000 003F 0000 003F 0000 0015 0000 003F 0000 0015 0000 0015 0000 003F 0000 0015 0000 003F 0000 003F 0000 0015 0000 003F 0000 0015 0000 0015 0000 0015 0000 0015 0000 003F 0000 003F 0000 0015 0000 0015 0000 003F 0000 0015 0000 003F 0000 003F 0000 0015 0000 0015 0000 003F 0000 003F 0000 0015 0000 003F 0000 0694
Sound	0000 006D 0000 0022 0000 00A9 0000 003F 0000 0015 0000 003F 0000 003F 0000 0015 0000 003F 0000 0015 0000 0015 0000 003F 0000 0015 0000 003F 0000 003F 0000 0015 0000 003F 0000 0015 0000 0015 0000 003F 0000 003F 0000 0015 0000 0015 0000 0015 0000 003F 0000 003F 0000 0015 0000 0015 0000 0015 0000 003F 0000 003F 0000 003F 0000 0015 0000 0015 0000 003F 0000 0D13
Title	0000 006D 0000 0022 0000 00A9 0000 003F 0000 0015 0000 003F 0000 003F 0000 0015 0000 003F 0000 0015 0000 0015 0000 003F 0000 0015 0000 003F 0000 003F 0000 0015 0000 003F 0000 0015 0000 0015 0000 0015 0000 003F 0000 0015 0000 003F 0000 0015 0000 0015 0000 003F 0000 0015 0000 003F 0000 0015 0000 003F 0000 0015 0000 003F 0000 003F 0000 0015 0000 003F 0000 0D13
Menu	0000 006D 0000 0022 0000 00AA 0000 003F 0000 0015 0000 003F 0000 003F 0000 0015 0000 003F 0000 0015 0000 0015 0000 003F 0000 0015 0000 003F 0000 003F 0000 0015 0000 003F 0000 0015 0000 0015 0000 003F 0000 003F 0000 0015 0000 003F 0000 0015 0000 0015 0000 003F 0000 0015 0000 0015 0000 0015 0000 003F 0000 0015 0000 003F 0000 003F 0000 0015 0000 003F 0000 0694
Up	0000 006D 0000 0022 0000 00AA 0000 003F 0000 0015 0000 003F 0000 003F 0000 0015 0000 003F 0000 0015 0000 0015 0000 003F 0000 0015 0000 003F 0000 003F 0000 0015 0000 003F 0000 0015 0000 0015 0000 003F 0000 003F 0000 003F 0000 0015 0000 0015 0000 0015 0000 003F 0000 0015 0000 0015 0000 0015 0000 0015 0000 003F 0000 003F 0000 003F 0000 0015 0000 003F 0000 0D13
Left	0000 006D 0000 0022 0000 00A9 0000 003F 0000 0015 0000 003F 0000 003F 0000 0015 0000 003F 0000 0015 0000 0015 0000 003F 0000 0015 0000 003F 0000 003F 0000 0015 0000 003F 0000 0015 0000 0015 0000 003F 0000 0015 0000 0015 0000 003F 0000 003F 0000 0015 0000 003F 0000 0015 0000 0015 0000 003F 0000 003F 0000 0015 0000 0015 0000 003F 0000 0015 0000 003F 0000 0D13
Enter	0000 006D 0000 0022 0000 00A9 0000 003F 0000 0015 0000 003F 0000 003F 0000 0015 0000 003F 0000 0015 0000 0015 0000 003F 0000 0015 0000 003F 0000 003F 0000 0015 0000 003F 0000 0015 0000 0015 0000 0015 0000 0015 0000 0015 0000 003F 0000 003F 0000 0015 0000 003F 0000 0015 0000 003F 0000 003F 0000 003F 0000 0015 0000 0015 0000 003F 0000 0015 0000 003F 0000 0D13
Right	0000 006D 0000 0022 0000 00A9 0000 003F 0000 0015 0000 003F 0000 003F 0000 0015 0000 003F 0000 0015 0000 0015 0000 003F 0000 0015 0000 003F 0000 003F 0000 0015 0000 003F 0000 0015 0000 0015 0000 0015 0000 003F 0000 0015 0000 003F 0000 003F 0000 0015 0000 003F 0000 0015 0000 003F 0000 0015 0000 003F 0000 0015 0000 0015 0000 003F 0000 0015 0000 003F 0000 0D13
Down	0000 006D 0000 0025 0000 00AA 0000 003F 0000 0015 0000 003F 0000 003F 0000 0015 0000 003F 0000 0015 0000 0015 0000 003F 0000 0015 0000 003F 0000 003F 0000 0015 0000 003F 0000 0015 0000 0015 0000 0015 0000 0015 0000 0015 0000 003F 0000 0015 0000 0015 0000 003F 0000 0015 0000 003F 0000 003F 0000 003F 0000 0015 0000 003F 0000 003F 0000 0015 0000 003F 0000 0695 0000 00AA 0000 0015 0000 1293
Display	0000 006D 0000 0022 0000 00AA 0000 003F 0000 0015 0000 003F 0000 003F 0000 0015 0000 003F 0000 0015 0000 0015 0000 003F 0000 0015 0000 003F 0000 003F 0000 0015 0000 003F 0000 0015 0000 0015 0000 0015 0000 003F 0000 0015 0000 003F 0000 003F 0000 003F 0000 0015 0000 0015 0000 003F 0000 0015 0000 003F 0000 0015 0000 0015 0000 0015 0000 003F 0000 003F 0000 0694
Return	0000 006D 0000 0022 0000 00A9 0000 003F 0000 0015 0000 003F 0000 003F 0000 0015 0000 003F 0000 0015 0000 0015 0000 003F 0000 0015 0000 003F 0000 003F 0000 0015 0000 003F 0000 0015 0000 0015 0000 003F 0000 0015 0000 003F 0000 0015 0000 0015 0000 0015 0000 003F 0000 0015 0000 0015 0000 003F 0000 0015 0000 003F 0000 003F 0000 003F 0000 0015 0000 003F 0000 0D13
Zoom	0000 006D 0000 0022 0000 00AA 0000 003F 0000 0015 0000 003F 0000 003F 0000 0015 0000 003F 0000 0015 0000 0015 0000 003F 0000 0015 0000 003F 0000 003F 0000 0015 0000 003F 0000 0015 0000 0015 0000 0015 0000 0015 0000 003F 0000 0015 0000 0015 0000 003F 0000 003F 0000 0015 0000 003F 0000 003F 0000 0015 0000 003F 0000 003F 0000 0015 0000 0015 0000 003F 0000 0695
Mark Search-	0000 006D 0000 0022 0000 00AA 0000 003F 0000 0015 0000 003F 0000 003F 0000 0015 0000 003F 0000 0015 0000 0015 0000 003F 0000 0015 0000 003F 0000 003F 0000 0015 0000 003F 0000 0015 0000 0015 0000 003F 0000 0015 0000 0015 0000 0015 0000 0015 0000 003F 0000 003F 0000 0015 0000 0015 0000 003F 0000 003F 0000 003F 0000 003F 0000 0015 0000 0015 0000 003F 0000 0695
Mark Search+	0000 006D 0000 0022 0000 00AA 0000 003F 0000 0015 0000 003F 0000 003F 0000 0015 0000 003F 0000 0015 0000 0015 0000 003F 0000 0015 0000 003F 0000 003F 0000 0015 0000 003F 0000 0015 0000 0015 0000 0015 0000 003F 0000 0015 0000 0015 0000 0015 0000 003F 0000 003F 0000 0015 0000 003F 0000 0015 0000 003F 0000 003F 0000 003F 0000 0015 0000 0015 0000 003F 0000 0D13
R Srch	0000 006D 0000 0022 0000 00A9 0000 003F 0000 0015 0000 003F 0000 003F 0000 0015 0000 003F 0000 0015 0000 0015 0000 003F 0000 0015 0000 003F 0000 003F 0000 0015 0000 003F 0000 0015 0000 0015 0000 0015 0000 003F 0000 0015 0000 0015 0000 003F 0000 003F 0000 0015 0000 0015 0000 003F 0000 0015 0000 003F 0000 003F 0000 0015 0000 0015 0000 003F 0000 003F 0000 0D13
F Srch	0000 006D 0000 0022 0000 00AA 0000 003F 0000 0015 0000 003F 0000 003F 0000 0015 0000 003F 0000 0015 0000 0015 0000 003F 0000 0015 0000 003F 0000 003F 0000 0015 0000 003F 0000 0015 0000 0015 0000 003F 0000 003F 0000 0015 0000 0015 0000 003F 0000 003F 0000 0015 0000 0015 0000 0015 0000 0015 0000 003F 0000 003F 0000 0015 0000 0015 0000 003F 0000 003F 0000 0D13
Play	0000 006D 0000 0022 0000 00AA 0000 003F 0000 0015 0000 003F 0000 003F 0000 0015 0000 003F 0000 0015 0000 0015 0000 003F 0000 0015 0000 003F 0000 003F 0000 0015 0000 003F 0000 0015 0000 0015 0000 003F 0000 0015 0000 0015 0000 0015 0000 003F 0000 003F 0000 0015 0000 0015 0000 0015 0000 003F 0000 003F 0000 003F 0000 0015 0000 0015 0000 003F 0000 003F 0000 0D13
Stop	0000 006D 0000 0005 0000 00A9 0000 003F 0000 0015 0000 003F 0000 003F 0000 0015 0000 003F 0000 0015 0000 0015 0000 003F 0000 0015 0000 003F 0000 003F 0000 0015 0000 003F 0000 0015 0000 0015 0000 003F 0000 0015 0000 0015 0000 003F 0000 003F 0000 003F 0000 0015 0000 0015 0000 0015
R Step	0000 006D 0000 0022 0000 00A9 0000 003F 0000 0015 0000 003F 0000 003F 0000 0015 0000 003F 0000 0015 0000 0015 0000 003F 0000 0015 0000 003F 0000 003F 0000 0015 0000 003F 0000 0015 0000 0015 0000 003F 0000 0015 0000 003F 0000 0015 0000 003F 0000 003F 0000 0015 0000 0015 0000 0015 0000 003F 0000 0015 0000 003F 0000 0015 0000 0015 0000 003F 0000 003F 0000 0D13
F Step	0000 006D 0000 0022 0000 00AA 0000 003F 0000 0015 0000 003F 0000 003F 0000 0015 0000 003F 0000 0015 0000 0015 0000 003F 0000 0015 0000 003F 0000 003F 0000 0015 0000 003F 0000 0015 0000 0015 0000 0015 0000 0015 0000 003F 0000 0015 0000 003F 0000 003F 0000 0015 0000 0015 0000 003F 0000 003F 0000 0015 0000 003F 0000 0015 0000 0015 0000 003F 0000 003F 0000 0D13
Resume	0000 006D 0000 0022 0000 00A9 0000 003F 0000 0015 0000 003F 0000 003F 0000 0015 0000 003F 0000 0015 0000 0015 0000 003F 0000 0015 0000 003F 0000 003F 0000 0015 0000 003F 0000 0015 0000 0015 0000 003F 0000 0015 0000 0015 0000 003F 0000 0015 0000 0015 0000 003F 0000 0015 0000 0015 0000 003F 0000 003F 0000 0015 0000 003F 0000 003F 0000 0015 0000 003F 0000 0695
Pause	0000 006D 0000 0022 0000 00AA 0000 003F 0000 0015 0000 003F 0000 003F 0000 0015 0000 003F 0000 0015 0000 0015 0000 003F 0000 0015 0000 003F 0000 003F 0000 0015 0000 003F 0000 0015 0000 0015 0000 0015 0000 0015 0000 0015 0000 003F 0000 003F 0000 003F 0000 0015 0000 0015 0000 003F 0000 003F 0000 003F 0000 0015 0000 0015 0000 0015 0000 003F 0000 003F 0000 0695
Slow-	0000 006D 0000 0022 0000 00A9 0000 003F 0000 0015 0000 003F 0000 003F 0000 0015 0000 003F 0000 0015 0000 0015 0000 003F 0000 0015 0000 003F 0000 003F 0000 0015 0000 003F 0000 0015 0000 0015 0000 0015 0000 0015 0000 0015 0000 0015 0000 0015 0000 003F 0000 003F 0000 0015 0000 003F 0000 003F 0000 003F 0000 003F 0000 003F 0000 0015 0000 0015 0000 003F 0000 0D13
Slow+	0000 006D 0000 0022 0000 00AA 0000 003F 0000 0015 0000 003F 0000 003F 0000 0015 0000 003F 0000 0015 0000 0015 0000 003F 0000 0015 0000 003F 0000 003F 0000 0015 0000 003F 0000 0015 0000 0015 0000 003F 0000 003F 0000 003F 0000 0015 0000 003F 0000 003F 0000 0015 0000 0015 0000 0015 0000 0015 0000 0015 0000 003F 0000 0015 0000 0015 0000 003F 0000 003F 0000 0695
1	0000 006D 0000 0022 0000 00AA 0000 003F 0000 0015 0000 003F 0000 003F 0000 0015 0000 003F 0000 0015 0000 0015 0000 003F 0000 0015 0000 003F 0000 003F 0000 0015 0000 003F 0000 0015 0000 0015 0000 003F 0000 003F 0000 0015 0000 003F 0000 003F 0000 003F 0000 0015 0000 0015 0000 0015 0000 0015 0000 003F 0000 0015 0000 0015 0000 0015 0000 003F 0000 003F 0000 0D13
2	0000 006D 0000 0022 0000 00AA 0000 003F 0000 0015 0000 003F 0000 003F 0000 0015 0000 003F 0000 0015 0000 0015 0000 003F 0000 0015 0000 003F 0000 003F 0000 0015 0000 003F 0000 0015 0000 0015 0000 0015 0000 0015 0000 003F 0000 003F 0000 003F 0000 003F 0000 0015 0000 0015 0000 003F 0000 003F 0000 0015 0000 0015 0000 0015 0000 0015 0000 003F 0000 003F 0000 0D13
3	0000 006D 0000 0022 0000 00A9 0000 003F 0000 0015 0000 003F 0000 003F 0000 0015 0000 003F 0000 0015 0000 0015 0000 003F 0000 0015 0000 003F 0000 003F 0000 0015 0000 003F 0000 0015 0000 0015 0000 003F 0000 0015 0000 003F 0000 003F 0000 003F 0000 003F 0000 0015 0000 0015 0000 0015 0000 003F 0000 0015 0000 0015 0000 0015 0000 0015 0000 003F 0000 003F 0000 0D13
4	0000 006D 0000 0022 0000 00AA 0000 003F 0000 0015 0000 003F 0000 003F 0000 0015 0000 003F 0000 0015 0000 0015 0000 003F 0000 0015 0000 003F 0000 003F 0000 0015 0000 003F 0000 0015 0000 0015 0000 0015 0000 003F 0000 003F 0000 003F 0000 003F 0000 003F 0000 0015 0000 0015 0000 003F 0000 0015 0000 0015 0000 0015 0000 0015 0000 0015 0000 003F 0000 003F 0000 0D13
5	0000 006D 0000 0022 0000 00AA 0000 003F 0000 0015 0000 003F 0000 003F 0000 0015 0000 003F 0000 0015 0000 0015 0000 003F 0000 0015 0000 003F 0000 003F 0000 0015 0000 003F 0000 0015 0000 0015 0000 003F 0000 003F 0000 003F 0000 003F 0000 003F 0000 003F 0000 0015 0000 0015 0000 0015 0000 0015 0000 0015 0000 0015 0000 0015 0000 0015 0000 003F 0000 003F 0000 0D13
6	0000 006D 0000 0022 0000 00A9 0000 003F 0000 0015 0000 003F 0000 003F 0000 0015 0000 003F 0000 0015 0000 0015 0000 003F 0000 0015 0000 003F 0000 003F 0000 0015 0000 003F 0000 0015 0000 0015 0000 0015 0000 0015 0000 0015 0000 0015 0000 0015 0000 0015 0000 003F 0000 0015 0000 003F 0000 003F 0000 003F 0000 003F 0000 003F 0000 003F 0000 0015 0000 003F 0000 0D13
7	0000 006D 0000 0022 0000 00A9 0000 003F 0000 0015 0000 003F 0000 003F 0000 0015 0000 003F 0000 0015 0000 0015 0000 003F 0000 0015 0000 003F 0000 003F 0000 0015 0000 003F 0000 0015 0000 0015 0000 003F 0000 0015 0000 0015 0000 0015 0000 0015 0000 0015 0000 003F 0000 0015 0000 0015 0000 003F 0000 003F 0000 003F 0000 003F 0000 003F 0000 0015 0000 003F 0000 0D13
8	0000 006D 0000 0022 0000 00AA 0000 003F 0000 0015 0000 003F 0000 003F 0000 0015 0000 003F 0000 0015 0000 0015 0000 003F 0000 0015 0000 003F 0000 003F 0000 0015 0000 003F 0000 0015 0000 0015 0000 0015 0000 003F 0000 0015 0000 0015 0000 0015 0000 0015 0000 003F 0000 0015 0000 003F 0000 0015 0000 003F 0000 003F 0000 003F 0000 003F 0000 0015 0000 003F 0000 0D13
9	0000 006D 0000 0022 0000 00AA 0000 003F 0000 0015 0000 003F 0000 003F 0000 0015 0000 003F 0000 0015 0000 0015 0000 003F 0000 0015 0000 003F 0000 003F 0000 0015 0000 003F 0000 0015 0000 0015 0000 003F 0000 003F 0000 0015 0000 0015 0000 0015 0000 0015 0000 003F 0000 0015 0000 0015 0000 0015 0000 003F 0000 003F 0000 003F 0000 003F 0000 0015 0000 003F 0000 0D13
0	0000 006D 0000 0022 0000 00A9 0000 003F 0000 0015 0000 003F 0000 003F 0000 0015 0000 003F 0000 0015 0000 0015 0000 003F 0000 0015 0000 003F 0000 003F 0000 0015 0000 003F 0000 0015 0000 0015 0000 0015 0000 0015 0000 003F 0000 0015 0000 0015 0000 0015 0000 003F 0000 0015 0000 003F 0000 003F 0000 0015 0000 003F 0000 003F 0000 003F 0000 0015 0000 003F 0000 0D13
Clear	0000 006D 0000 0022 0000 00AA 0000 003F 0000 0015 0000 003F 0000 003F 0000 0015 0000 003F 0000 0015 0000 0015 0000 003F 0000 0015 0000 003F 0000 003F 0000 0015 0000 003F 0000 0015 0000 0015 0000 0015 0000 003F 0000 003F 0000 0015 0000 0015 0000 0015 0000 003F 0000 0015 0000 003F 0000 0015 0000 0015 0000 003F 0000 003F 0000 003F 0000 0015 0000 003F 0000 0D13
Program	0000 006D 0000 0022 0000 00A9 0000 003F 0000 0015 0000 003F 0000 003F 0000 0015 0000 003F 0000 0015 0000 0015 0000 003F 0000 0015 0000 003F 0000 003F 0000 0015 0000 003F 0000 0015 0000 0015 0000 003F 0000 003F 0000 003F 0000 0015 0000 003F 0000 0015 0000 003F 0000 0015 0000 0015 0000 0015 0000 0015 0000 003F 0000 0015 0000 003F 0000 0015 0000 003F 0000 0D13
