Power	0000 0067 0000 0013 0000 00CE 0000 00CE 0000 0014 0000 00A6 0000 0014 0000 00A6 0000 00CE 0000 0014 0000 00A6 0000 00CE 0000 0014 0000 00A6 0000 00CE 0000 00CE 0000 0014 0000 00A6 0000 00CE 0000 0014 0000 09D5
1	0000 0067 0000 0013 0000 00CE 0000 0014 0000 00A6 0000 00CE 0000 00CE 0000 0014 0000 00A6 0000 00CE 0000 0014 0000 00A6 0000 00CE 0000 0014 0000 00A6 0000 0014 0000 00A6 0000 00CE 0000 00CE 0000 0014 0000 09D5
2	0000 0067 0000 0013 0000 00CE 0000 0014 0000 00A6 0000 00CE 0000 00CE 0000 0014 0000 00A6 0000 00CE 0000 0014 0000 00A6 0000 0014 0000 00A6 0000 00CE 0000 00CE 0000 0014 0000 00A6 0000 00CE 0000 0014 0000 09D5
3	0000 0067 0000 0013 0000 00CE 0000 0014 0000 00A6 0000 00CE 0000 00CE 0000 0014 0000 00A6 0000 00CE 0000 0014 0000 00A6 0000 0014 0000 00A6 0000 00CE 0000 0014 0000 00A6 0000 00CE 0000 00CE 0000 0014 0000 09D5
4	0000 0067 0000 0013 0000 00CE 0000 0014 0000 00A6 0000 00CE 0000 00CE 0000 0014 0000 00A6 0000 0014 0000 00A6 0000 00CE 0000 00CE 0000 0014 0000 00A6 0000 00CE 0000 0014 0000 00A6 0000 00CE 0000 0014 0000 09D5
5	0000 0067 0000 0013 0000 00CE 0000 0014 0000 00A6 0000 00CE 0000 00CE 0000 0014 0000 00A6 0000 0014 0000 00A6 0000 00CE 0000 00CE 0000 0014 0000 00A6 0000 0014 0000 00A6 0000 00CE 0000 00CE 0000 0014 0000 09D5
6	0000 0067 0000 0013 0000 00CE 0000 0014 0000 00A6 0000 00CE 0000 00CE 0000 0014 0000 00A6 0000 0014 0000 00A6 0000 00CE 0000 0014 0000 00A6 0000 00CE 0000 00CE 0000 0014 0000 00A6 0000 00CE 0000 0014 0000 09D5
7	0000 0067 0000 0013 0000 00CE 0000 0014 0000 00A6 0000 00CE 0000 00CE 0000 0014 0000 00A6 0000 0014 0000 00A6 0000 00CE 0000 0014 0000 00A6 0000 00CE 0000 0014 0000 00A6 0000 00CE 0000 00CE 0000 0014 0000 09D5
8	0000 0067 0000 0013 0000 00CE 0000 0014 0000 00A6 0000 00CE 0000 0014 0000 00A6 0000 00CE 0000 00CE 0000 0014 0000 00A6 0000 00CE 0000 0014 0000 00A6 0000 00CE 0000 0014 0000 00A6 0000 00CE 0000 0014 0000 09D5
9	0000 0067 0000 0013 0000 00CE 0000 0014 0000 00A6 0000 00CE 0000 0014 0000 00A6 0000 00CE 0000 00CE 0000 0014 0000 00A6 0000 00CE 0000 0014 0000 00A6 0000 0014 0000 00A6 0000 00CE 0000 00CE 0000 0014 0000 09D5
0	0000 0067 0000 0013 0000 00CE 0000 0014 0000 00A6 0000 00CE 0000 00CE 0000 0014 0000 00A6 0000 00CE 0000 0014 0000 00A6 0000 00CE 0000 0014 0000 00A6 0000 00CE 0000 0014 0000 00A6 0000 00CE 0000 0014 0000 09D5
Minus	0000 0067 0000 0013 0000 00CE 0000 00CE 0000 0014 0000 00A6 0000 00CE 0000 0014 0000 00A6 0000 00CE 0000 0014 0000 00A6 0000 0014 0000 00A6 0000 00CE 0000 00CE 0000 0014 0000 00A6 0000 00CE 0000 0014 0000 09D5
Select	0000 0067 0000 0013 0000 00CE 0000 0014 0000 00A6 0000 00CE 0000 0014 0000 00A6 0000 00CE 0000 0014 0000 00A6 0000 00CE 0000 00CE 0000 0014 0000 00A6 0000 00CE 0000 0014 0000 00A6 0000 00CE 0000 0014 0000 09D5
Mute	0000 0067 0000 0013 0000 00CE 0000 00CE 0000 0014 0000 00A6 0000 0014 0000 00A6 0000 00CE 0000 00CE 0000 0014 0000 00A6 0000 0014 0000 00A6 0000 00CE 0000 0014 0000 00A6 0000 00CE 0000 0014 0000 00A6 0000 09FD
Vol+	0000 0067 0000 0013 0000 00CE 0000 00CE 0000 0014 0000 00A6 0000 0014 0000 00A6 0000 00CE 0000 00CE 0000 0014 0000 00A6 0000 0014 0000 00A6 0000 00CE 0000 00CE 0000 0014 0000 00A6 0000 0014 0000 00A6 0000 09FD
Vol-	0000 0067 0000 0013 0000 00CE 0000 00CE 0000 0014 0000 00A6 0000 00CE 0000 0014 0000 00A6 0000 00CE 0000 0014 0000 00A6 0000 0014 0000 00A6 0000 00CE 0000 00CE 0000 0014 0000 00A6 0000 0014 0000 00A6 0000 09FD
Page Up	0000 0067 0000 0013 0000 00CE 0000 00CE 0000 0014 0000 00A6 0000 0014 0000 00A6 0000 00CE 0000 00CE 0000 0014 0000 00A6 0000 00CE 0000 0014 0000 00A6 0000 0014 0000 00A6 0000 00CE 0000 00CE 0000 0014 0000 09D5
Page Dn	0000 0067 0000 0013 0000 00CE 0000 00CE 0000 0014 0000 00A6 0000 00CE 0000 0014 0000 00A6 0000 00CE 0000 0014 0000 00A6 0000 00CE 0000 0014 0000 00A6 0000 0014 0000 00A6 0000 00CE 0000 00CE 0000 0014 0000 09D5
Ratio	0000 0067 0000 0013 0000 00CE 0000 00CE 0000 0014 0000 00A6 0000 00CE 0000 0014 0000 00A6 0000 0014 0000 00A6 0000 00CE 0000 0014 0000 00A6 0000 00CE 0000 0014 0000 00A6 0000 00CE 0000 00CE 0000 0014 0000 09D5
Signal	0000 0067 0000 0013 0000 00CE 0000 00CE 0000 0014 0000 00A6 0000 0014 0000 00A6 0000 00CE 0000 00CE 0000 0014 0000 00A6 0000 00CE 0000 0014 0000 00A6 0000 00CE 0000 0014 0000 00A6 0000 00CE 0000 0014 0000 09D5
SD/HD	0000 0067 0000 0013 0000 00CE 0000 00CE 0000 0014 0000 00A6 0000 00CE 0000 0014 0000 00A6 0000 0014 0000 00A6 0000 00CE 0000 00CE 0000 0014 0000 00A6 0000 00CE 0000 0014 0000 00A6 0000 00CE 0000 0014 0000 09D5
Flashback	0000 0067 0000 0013 0000 00CE 0000 0014 0000 00A6 0000 00CE 0000 0014 0000 00A6 0000 00CE 0000 00CE 0000 0014 0000 00A6 0000 0014 0000 00A6 0000 00CE 0000 0014 0000 00A6 0000 00CE 0000 00CE 0000 0014 0000 09D5
CC/Date	0000 0067 0000 0013 0000 00CE 0000 00CE 0000 0014 0000 00A6 0000 0014 0000 00A6 0000 00CE 0000 00CE 0000 0014 0000 00A6 0000 0014 0000 00A6 0000 00CE 0000 0014 0000 00A6 0000 00CE 0000 00CE 0000 0014 0000 09D5
Menu	0000 0067 0000 0013 0000 00CE 0000 0014 0000 00A6 0000 00CE 0000 0014 0000 00A6 0000 00CE 0000 0014 0000 00A6 0000 00CE 0000 0014 0000 00A6 0000 00CE 0000 0014 0000 00A6 0000 00CE 0000 00CE 0000 0014 0000 09D5
Guide	0000 0067 0000 0013 0000 00CE 0000 00CE 0000 0014 0000 00A6 0000 0014 0000 00A6 0000 00CE 0000 0014 0000 00A6 0000 00CE 0000 00CE 0000 0014 0000 00A6 0000 0014 0000 00A6 0000 00CE 0000 00CE 0000 0014 0000 09D5
Surf	0000 0067 0000 0013 0000 00CE 0000 00CE 0000 0014 0000 00A6 0000 00CE 0000 0014 0000 00A6 0000 0014 0000 00A6 0000 00CE 0000 00CE 0000 0014 0000 00A6 0000 0014 0000 00A6 0000 00CE 0000 00CE 0000 0014 0000 09D5
Info	0000 0067 0000 0013 0000 00CE 0000 0014 0000 00A6 0000 00CE 0000 0014 0000 00A6 0000 00CE 0000 0014 0000 00A6 0000 00CE 0000 00CE 0000 0014 0000 00A6 0000 0014 0000 00A6 0000 00CE 0000 00CE 0000 0014 0000 09D5
Up	0000 0067 0000 0013 0000 00CE 0000 00CE 0000 0014 0000 00A6 0000 0014 0000 00A6 0000 00CE 0000 0014 0000 00A6 0000 00CE 0000 0014 0000 00A6 0000 00CE 0000 0014 0000 00A6 0000 00CE 0000 00CE 0000 0014 0000 09D5
Left	0000 0067 0000 0013 0000 00CE 0000 00CE 0000 0014 0000 00A6 0000 0014 0000 00A6 0000 00CE 0000 0014 0000 00A6 0000 00CE 0000 00CE 0000 0014 0000 00A6 0000 00CE 0000 0014 0000 00A6 0000 00CE 0000 0014 0000 09D5
Enter	0000 0067 0000 0013 0000 00CE 0000 0014 0000 00A6 0000 00CE 0000 0014 0000 00A6 0000 00CE 0000 0014 0000 00A6 0000 00CE 0000 00CE 0000 0014 0000 00A6 0000 00CE 0000 0014 0000 00A6 0000 00CE 0000 0014 0000 09D5
Right	0000 0067 0000 0013 0000 00CE 0000 0014 0000 00A6 0000 00CE 0000 0014 0000 00A6 0000 00CE 0000 0014 0000 00A6 0000 00CE 0000 0014 0000 00A6 0000 00CE 0000 00CE 0000 0014 0000 00A6 0000 00CE 0000 0014 0000 09D5
Down	0000 0067 0000 0013 0000 00CE 0000 00CE 0000 0014 0000 00A6 0000 00CE 0000 0014 0000 00A6 0000 0014 0000 00A6 0000 00CE 0000 0014 0000 00A6 0000 00CE 0000 00CE 0000 0014 0000 00A6 0000 00CE 0000 0014 0000 09D5
Help	0000 0067 0000 0013 0000 00CE 0000 0014 0000 00A6 0000 00CE 0000 0014 0000 00A6 0000 00CE 0000 00CE 0000 0014 0000 00A6 0000 0014 0000 00A6 0000 00CE 0000 00CE 0000 0014 0000 00A6 0000 00CE 0000 0014 0000 09D5
Exit	0000 0067 0000 0013 0000 00CE 0000 00CE 0000 0014 0000 00A6 0000 00CE 0000 0014 0000 00A6 0000 00CE 0000 0014 0000 00A6 0000 0014 0000 00A6 0000 00CE 0000 0014 0000 00A6 0000 00CE 0000 00CE 0000 0014 0000 09D5
Record	0000 0067 0000 0016 0000 00CE 0000 0014 0000 00A6 0000 00CE 0000 0014 0000 00A6 0000 00CE 0000 0014 0000 00A6 0000 00CE 0000 0014 0000 00A6 0000 00CE 0000 00CE 0000 0014 0000 00A6 0000 00CE 0000 0014 0000 00A6 0000 00CE 0000 0014 0000 0852
Stop	0000 0067 0000 0016 0000 00CE 0000 00CE 0000 0014 0000 00A6 0000 00CE 0000 0014 0000 00A6 0000 0014 0000 00A6 0000 00CE 0000 00CE 0000 0014 0000 00A6 0000 00CE 0000 0014 0000 00A6 0000 00CE 0000 0014 0000 00A6 0000 00CE 0000 0014 0000 0852
Pause	0000 0067 0000 0016 0000 00CE 0000 0014 0000 00A6 0000 00CE 0000 0014 0000 00A6 0000 00CE 0000 00CE 0000 0014 0000 00A6 0000 0014 0000 00A6 0000 00CE 0000 0014 0000 00A6 0000 00CE 0000 00CE 0000 0014 0000 00A6 0000 00CE 0000 0014 0000 0852
Rew	0000 0067 0000 0016 0000 00CE 0000 00CE 0000 0014 0000 00A6 0000 00CE 0000 0014 0000 00A6 0000 00CE 0000 0014 0000 00A6 0000 0014 0000 00A6 0000 00CE 0000 0014 0000 00A6 0000 00CE 0000 00CE 0000 0014 0000 00A6 0000 00CE 0000 0014 0000 0852
Play	0000 0067 0000 0016 0000 00CE 0000 00CE 0000 0014 0000 00A6 0000 00CE 0000 0014 0000 00A6 0000 0014 0000 00A6 0000 00CE 0000 00CE 0000 0014 0000 00A6 0000 0014 0000 00A6 0000 00CE 0000 00CE 0000 0014 0000 00A6 0000 00CE 0000 0014 0000 0852
Ffwd	0000 0067 0000 0016 0000 00CE 0000 00CE 0000 0014 0000 00A6 0000 0014 0000 00A6 0000 00CE 0000 0014 0000 00A6 0000 00CE 0000 00CE 0000 0014 0000 00A6 0000 00CE 0000 0014 0000 00A6 0000 00CE 0000 0014 0000 00A6 0000 00CE 0000 0014 0000 0852
