Power	0000 0067 0000 0011 0000 0014 0000 00A4 0000 00CC 0000 0014 0000 00A4 0000 0014 0000 00A4 0000 00CC 0000 0014 0000 00A4 0000 00CC 0000 0014 0000 00A4 0000 00CC 0000 00CC 0000 0014 0000 0BA5
Menu	0000 0067 0000 0011 0000 0014 0000 00A4 0000 0014 0000 00A4 0000 00CC 0000 0014 0000 00A4 0000 00CC 0000 0014 0000 00A4 0000 00CC 0000 0014 0000 00A4 0000 00CC 0000 0014 0000 00A4 0000 0BCD
Adjust	0000 0067 0000 0011 0000 0014 0000 00A4 0000 00CC 0000 0014 0000 00A4 0000 0014 0000 00A4 0000 00CC 0000 0014 0000 00A4 0000 00CC 0000 0014 0000 00A4 0000 00CC 0000 0014 0000 00A4 0000 0BCD
Ch+	0000 0067 0000 0011 0000 0014 0000 00A4 0000 00CC 0000 0014 0000 00A4 0000 0014 0000 00A4 0000 00CC 0000 00CC 0000 0014 0000 00A4 0000 00CC 0000 0014 0000 00A4 0000 0014 0000 00A4 0000 0BCD
Ch-	0000 0067 0000 0011 0000 0014 0000 00A4 0000 00CC 0000 0014 0000 00A4 0000 00CC 0000 0014 0000 00A4 0000 00CC 0000 0014 0000 00A4 0000 00CC 0000 0014 0000 00A4 0000 0014 0000 00A4 0000 0BCD
Vol+	0000 0067 0000 0011 0000 0014 0000 00A4 0000 00CC 0000 0014 0000 00A4 0000 0014 0000 00A4 0000 00CC 0000 00CC 0000 0014 0000 00A4 0000 0014 0000 00A4 0000 00CC 0000 00CC 0000 0014 0000 0BA5
Vol-	0000 0067 0000 0011 0000 0014 0000 00A4 0000 00CC 0000 0014 0000 00A4 0000 00CC 0000 0014 0000 00A4 0000 00CC 0000 0014 0000 00A4 0000 0014 0000 00A4 0000 00CC 0000 00CC 0000 0014 0000 0BA5
Mute	0000 0067 0000 0011 0000 0014 0000 00A4 0000 00CC 0000 0014 0000 00A4 0000 0014 0000 00A4 0000 00CC 0000 00CC 0000 0014 0000 00A4 0000 0014 0000 00A4 0000 00CC 0000 0014 0000 00A4 0000 0BCD
1	0000 0067 0000 0011 0000 0014 0000 00A4 0000 0014 0000 00A4 0000 00CC 0000 00CC 0000 0014 0000 00A4 0000 00CC 0000 0014 0000 00A4 0000 00CC 0000 0014 0000 00A4 0000 0014 0000 00A4 0000 0BCD
2	0000 0067 0000 0011 0000 0014 0000 00A4 0000 0014 0000 00A4 0000 00CC 0000 00CC 0000 0014 0000 00A4 0000 00CC 0000 0014 0000 00A4 0000 0014 0000 00A4 0000 00CC 0000 00CC 0000 0014 0000 0BA5
3	0000 0067 0000 0011 0000 0014 0000 00A4 0000 0014 0000 00A4 0000 00CC 0000 00CC 0000 0014 0000 00A4 0000 00CC 0000 0014 0000 00A4 0000 0014 0000 00A4 0000 00CC 0000 0014 0000 00A4 0000 0BCD
4	0000 0067 0000 0011 0000 0014 0000 00A4 0000 0014 0000 00A4 0000 00CC 0000 00CC 0000 0014 0000 00A4 0000 0014 0000 00A4 0000 00CC 0000 00CC 0000 0014 0000 00A4 0000 00CC 0000 0014 0000 0BA5
5	0000 0067 0000 0011 0000 0014 0000 00A4 0000 0014 0000 00A4 0000 00CC 0000 00CC 0000 0014 0000 00A4 0000 0014 0000 00A4 0000 00CC 0000 00CC 0000 0014 0000 00A4 0000 0014 0000 00A4 0000 0BCD
6	0000 0067 0000 0011 0000 0014 0000 00A4 0000 0014 0000 00A4 0000 00CC 0000 00CC 0000 0014 0000 00A4 0000 0014 0000 00A4 0000 00CC 0000 0014 0000 00A4 0000 00CC 0000 00CC 0000 0014 0000 0BA5
7	0000 0067 0000 0011 0000 0014 0000 00A4 0000 0014 0000 00A4 0000 00CC 0000 00CC 0000 0014 0000 00A4 0000 0014 0000 00A4 0000 00CC 0000 0014 0000 00A4 0000 00CC 0000 0014 0000 00A4 0000 0BCD
8	0000 0067 0000 0011 0000 0014 0000 00A4 0000 0014 0000 00A4 0000 00CC 0000 0014 0000 00A4 0000 00CC 0000 00CC 0000 0014 0000 00A4 0000 00CC 0000 0014 0000 00A4 0000 00CC 0000 0014 0000 0BA5
9	0000 0067 0000 0011 0000 0014 0000 00A4 0000 0014 0000 00A4 0000 00CC 0000 0014 0000 00A4 0000 00CC 0000 00CC 0000 0014 0000 00A4 0000 00CC 0000 0014 0000 00A4 0000 0014 0000 00A4 0000 0BCD
0	0000 0067 0000 0011 0000 0014 0000 00A4 0000 0014 0000 00A4 0000 00CC 0000 00CC 0000 0014 0000 00A4 0000 00CC 0000 0014 0000 00A4 0000 00CC 0000 0014 0000 00A4 0000 00CC 0000 0014 0000 0BA5
Enter	0000 0067 0000 0011 0000 0014 0000 00A4 0000 0014 0000 00A4 0000 00CC 0000 0014 0000 00A4 0000 00CC 0000 0014 0000 00A4 0000 00CC 0000 00CC 0000 0014 0000 00A4 0000 00CC 0000 0014 0000 0BA5
Flashback	0000 0067 0000 0011 0000 0014 0000 00A4 0000 0014 0000 00A4 0000 00CC 0000 0014 0000 00A4 0000 00CC 0000 00CC 0000 0014 0000 00A4 0000 0014 0000 00A4 0000 00CC 0000 0014 0000 00A4 0000 0BCD
