Sleep	0000 006d 0000 0006 0011 01a2 0011 01a2 0011 01a2 0011 01a2 0011 0118 0011 0373
Mem Add/Del	0000 006d 0000 0006 0011 01a2 0011 01a2 0011 01a2 0011 01a2 0011 01a2 0011 0373
FT Dn	0000 006d 0000 0006 0011 0118 0011 01a2 0011 01a2 0011 01a2 0011 0118 0011 0373
FT Up	0000 006d 0000 0006 0011 0118 0011 01a2 0011 01a2 0011 01a2 0011 01a2 0011 0373
Power	0000 006d 0000 0006 0011 01a2 0011 01a2 0011 01a2 0011 0118 0011 01a2 0011 0373
Mute	0000 006d 0000 0006 0011 0118 0011 01a2 0011 01a2 0011 0118 0011 0118 0011 0373
1	0000 006d 0000 0006 0011 01a2 0011 01a2 0011 0118 0011 01a2 0011 01a2 0011 0373
2	0000 006d 0000 0006 0011 01a2 0011 01a2 0011 0118 0011 01a2 0011 0118 0011 0373
3	0000 006d 0000 0006 0011 01a2 0011 01a2 0011 0118 0011 0118 0011 01a2 0011 0373
4	0000 006d 0000 0006 0011 01a2 0011 0118 0011 01a2 0011 01a2 0011 01a2 0011 0373
5	0000 006d 0000 0006 0011 01a2 0011 0118 0011 01a2 0011 01a2 0011 0118 0011 0373
6	0000 006d 0000 0006 0011 01a2 0011 0118 0011 01a2 0011 0118 0011 01a2 0011 0373
7	0000 006d 0000 0006 0011 01a2 0011 0118 0011 0118 0011 01a2 0011 01a2 0011 0373
8	0000 006d 0000 0006 0011 01a2 0011 0118 0011 0118 0011 01a2 0011 0118 0011 0373
9	0000 006d 0000 0006 0011 01a2 0011 0118 0011 0118 0011 0118 0011 01a2 0011 0373
0	0000 006d 0000 0006 0011 0118 0011 01a2 0011 01a2 0011 0118 0011 01a2 0011 0373
Prev Chan	0000 006d 0000 0006 0011 0118 0011 01a2 0011 0118 0011 0118 0011 01a2 0011 0373
Mem Scan	0000 006d 0000 0006 0011 0118 0011 01a2 0011 0118 0011 0118 0011 0118 0011 0373
Vol+	0000 006d 0000 0006 0011 01a2 0011 0118 0011 01a2 0011 0118 0011 0118 0011 0373
Vol-	0000 006d 0000 0006 0011 01a2 0011 0118 0011 0118 0011 0118 0011 0118 0011 0373
Ch+	0000 006d 0000 0006 0011 0118 0011 01a2 0011 0118 0011 01a2 0011 0118 0011 0373
Ch-	0000 006d 0000 0006 0011 0118 0011 01a2 0011 0118 0011 01a2 0011 01a2 0011 0373
