VCR	0000 006c 0022 0002 0154 00aa 0016 0016 0016 003f 0016 003f 0016 003f 0016 0016 0016 003f 0016 003f 0016 0016 0016 003f 0016 0016 0016 0016 0016 0016 0016 003f 0016 0016 0016 0016 0016 003f 0016 003f 0016 0016 0016 0016 0016 0016 0016 003f 0016 003f 0016 003f 0016 003f 0016 0016 0016 003f 0016 003f 0016 003f 0016 0016 0016 0016 0016 0016 0016 0016 0016 05ef 0154 0056 0016 0e39
DVD	0000 006c 0022 0003 00aa 00aa 0016 003f 0016 0016 0016 003f 0016 003f 0016 0016 0016 003f 0016 0016 0016 0016 0016 003f 0016 0016 0016 003f 0016 003f 0016 0016 0016 003f 0016 0016 0016 0016 0016 003f 0016 0016 0016 0016 0016 0016 0016 003f 0016 003f 0016 003f 0016 003f 0016 0016 0016 003f 0016 003f 0016 003f 0016 0016 0016 0016 0016 0016 0016 0016 0016 0699 00aa 00aa 0016 0016 0016 0e63
Power	0000 006c 0022 0003 00aa 00aa 0016 003f 0016 0016 0016 003f 0016 003f 0016 0016 0016 003f 0016 0016 0016 0016 0016 003f 0016 0016 0016 003f 0016 003f 0016 0016 0016 003f 0016 0016 0016 0016 0016 0016 0016 0016 0016 0016 0016 0016 0016 003f 0016 003f 0016 0016 0016 0016 0016 003f 0016 003f 0016 003f 0016 003f 0016 0016 0016 0016 0016 003f 0016 003f 0016 0699 00aa 00aa 0016 0016 0016 0e63
Eject	0000 006c 0022 0003 00aa 00aa 0016 003f 0016 0016 0016 003f 0016 003f 0016 0016 0016 003f 0016 0016 0016 0016 0016 003f 0016 0016 0016 003f 0016 003f 0016 0016 0016 003f 0016 0016 0016 0016 0016 0016 0016 003f 0016 003f 0016 0016 0016 003f 0016 003f 0016 0016 0016 0016 0016 003f 0016 0016 0016 0016 0016 003f 0016 0016 0016 0016 0016 003f 0016 003f 0016 0699 00aa 00aa 0016 0016 0016 0e63
TV/VCR	0000 006c 0022 0002 0154 00aa 0016 0016 0016 003f 0016 003f 0016 003f 0016 0016 0016 003f 0016 003f 0016 0016 0016 003f 0016 0016 0016 0016 0016 0016 0016 003f 0016 0016 0016 0016 0016 003f 0016 003f 0016 0016 0016 003f 0016 0016 0016 003f 0016 0016 0016 0016 0016 0016 0016 0016 0016 003f 0016 0016 0016 003f 0016 0016 0016 003f 0016 003f 0016 003f 0016 05ef 0154 0056 0016 0e39
Input	0000 006c 0022 0002 0154 00aa 0016 0016 0016 003f 0016 003f 0016 003f 0016 0016 0016 003f 0016 003f 0016 0016 0016 003f 0016 0016 0016 0016 0016 0016 0016 003f 0016 0016 0016 0016 0016 003f 0016 0016 0016 003f 0016 003f 0016 0016 0016 003f 0016 0016 0016 003f 0016 0016 0016 003f 0016 0016 0016 0016 0016 003f 0016 0016 0016 003f 0016 0016 0016 003f 0016 05ef 0154 0056 0016 0e39
Program	0000 006c 0022 0003 00aa 00aa 0016 003f 0016 0016 0016 003f 0016 003f 0016 0016 0016 003f 0016 0016 0016 0016 0016 003f 0016 0016 0016 003f 0016 003f 0016 0016 0016 003f 0016 0016 0016 0016 0016 003f 0016 003f 0016 003f 0016 0016 0016 003f 0016 0016 0016 003f 0016 0016 0016 0016 0016 0016 0016 0016 0016 003f 0016 0016 0016 003f 0016 0016 0016 003f 0016 0699 00aa 00aa 0016 0016 0016 0e63
Clear	0000 006c 0022 0003 00aa 00aa 0016 003f 0016 0016 0016 003f 0016 003f 0016 0016 0016 003f 0016 0016 0016 0016 0016 003f 0016 0016 0016 003f 0016 003f 0016 0016 0016 003f 0016 0016 0016 0016 0016 0016 0016 003f 0016 003f 0016 0016 0016 0016 0016 0016 0016 003f 0016 0016 0016 003f 0016 0016 0016 0016 0016 003f 0016 003f 0016 003f 0016 0016 0016 003f 0016 0699 00aa 00aa 0016 0016 0016 0e63
1	0000 006c 0022 0003 00aa 00aa 0016 003f 0016 0016 0016 003f 0016 003f 0016 0016 0016 003f 0016 0016 0016 0016 0016 003f 0016 0016 0016 003f 0016 003f 0016 0016 0016 003f 0016 0016 0016 0016 0016 003f 0016 003f 0016 0016 0016 003f 0016 003f 0016 003f 0016 0016 0016 0016 0016 0016 0016 0016 0016 003f 0016 0016 0016 0016 0016 0016 0016 003f 0016 003f 0016 0699 00aa 00aa 0016 0016 0016 0e63
2	0000 006c 0022 0003 00aa 00aa 0016 003f 0016 0016 0016 003f 0016 003f 0016 0016 0016 003f 0016 0016 0016 0016 0016 003f 0016 0016 0016 003f 0016 003f 0016 0016 0016 003f 0016 0016 0016 0016 0016 0016 0016 0016 0016 003f 0016 003f 0016 003f 0016 003f 0016 0016 0016 0016 0016 003f 0016 003f 0016 0016 0016 0016 0016 0016 0016 0016 0016 003f 0016 003f 0016 0699 00aa 00aa 0016 0016 0016 0e63
3	0000 006c 0022 0003 00aa 00aa 0016 003f 0016 0016 0016 003f 0016 003f 0016 0016 0016 003f 0016 0016 0016 0016 0016 003f 0016 0016 0016 003f 0016 003f 0016 0016 0016 003f 0016 0016 0016 0016 0016 003f 0016 0016 0016 003f 0016 003f 0016 003f 0016 003f 0016 0016 0016 0016 0016 0016 0016 003f 0016 0016 0016 0016 0016 0016 0016 0016 0016 003f 0016 003f 0016 0699 00aa 00aa 0016 0016 0016 0e63
4	0000 006c 0022 0003 00aa 00aa 0016 003f 0016 0016 0016 003f 0016 003f 0016 0016 0016 003f 0016 0016 0016 0016 0016 003f 0016 0016 0016 003f 0016 003f 0016 0016 0016 003f 0016 0016 0016 0016 0016 0016 0016 003f 0016 003f 0016 003f 0016 003f 0016 003f 0016 0016 0016 0016 0016 003f 0016 0016 0016 0016 0016 0016 0016 0016 0016 0016 0016 003f 0016 003f 0016 0699 00aa 00aa 0016 0016 0016 0e63
5	0000 006c 0022 0003 00aa 00aa 0016 003f 0016 0016 0016 003f 0016 003f 0016 0016 0016 003f 0016 0016 0016 0016 0016 003f 0016 0016 0016 003f 0016 003f 0016 0016 0016 003f 0016 0016 0016 0016 0016 003f 0016 003f 0016 003f 0016 003f 0016 003f 0016 003f 0016 0016 0016 0016 0016 0016 0016 0016 0016 0016 0016 0016 0016 0016 0016 0016 0016 003f 0016 003f 0016 0699 00aa 00aa 0016 0016 0016 0e63
6	0000 006c 0022 0003 00aa 00aa 0016 003f 0016 0016 0016 003f 0016 003f 0016 0016 0016 003f 0016 0016 0016 0016 0016 003f 0016 0016 0016 003f 0016 003f 0016 0016 0016 003f 0016 0016 0016 0016 0016 0016 0016 0016 0016 0016 0016 0016 0016 0016 0016 0016 0016 003f 0016 0016 0016 003f 0016 003f 0016 003f 0016 003f 0016 003f 0016 003f 0016 0016 0016 003f 0016 0699 00aa 00aa 0016 0016 0016 0e63
7	0000 006c 0022 0003 00aa 00aa 0016 003f 0016 0016 0016 003f 0016 003f 0016 0016 0016 003f 0016 0016 0016 0016 0016 003f 0016 0016 0016 003f 0016 003f 0016 0016 0016 003f 0016 0016 0016 0016 0016 003f 0016 0016 0016 0016 0016 0016 0016 0016 0016 0016 0016 003f 0016 0016 0016 0016 0016 003f 0016 003f 0016 003f 0016 003f 0016 003f 0016 0016 0016 003f 0016 0699 00aa 00aa 0016 0016 0016 0e63
8	0000 006c 0022 0003 00aa 00aa 0016 003f 0016 0016 0016 003f 0016 003f 0016 0016 0016 003f 0016 0016 0016 0016 0016 003f 0016 0016 0016 003f 0016 003f 0016 0016 0016 003f 0016 0016 0016 0016 0016 0016 0016 003f 0016 0016 0016 0016 0016 0016 0016 0016 0016 003f 0016 0016 0016 003f 0016 0016 0016 003f 0016 003f 0016 003f 0016 003f 0016 0016 0016 003f 0016 0699 00aa 00aa 0016 0016 0016 0e63
9	0000 006c 0022 0003 00aa 00aa 0016 003f 0016 0016 0016 003f 0016 003f 0016 0016 0016 003f 0016 0016 0016 0016 0016 003f 0016 0016 0016 003f 0016 003f 0016 0016 0016 003f 0016 0016 0016 0016 0016 003f 0016 003f 0016 0016 0016 0016 0016 0016 0016 0016 0016 003f 0016 0016 0016 0016 0016 0016 0016 003f 0016 003f 0016 003f 0016 003f 0016 0016 0016 003f 0016 0699 00aa 00aa 0016 0016 0016 0e63
0	0000 006c 0022 0003 00aa 00aa 0016 003f 0016 0016 0016 003f 0016 003f 0016 0016 0016 003f 0016 0016 0016 0016 0016 003f 0016 0016 0016 003f 0016 003f 0016 0016 0016 003f 0016 0016 0016 0016 0016 0016 0016 0016 0016 003f 0016 0016 0016 0016 0016 0016 0016 003f 0016 0016 0016 003f 0016 003f 0016 0016 0016 003f 0016 003f 0016 003f 0016 0016 0016 003f 0016 0699 00aa 00aa 0016 0016 0016 0e63
Zoom	0000 006c 0022 0003 00aa 00aa 0016 003f 0016 0016 0016 003f 0016 003f 0016 0016 0016 003f 0016 0016 0016 0016 0016 003f 0016 0016 0016 003f 0016 003f 0016 0016 0016 003f 0016 0016 0016 0016 0016 0016 0016 0016 0016 003f 0016 0016 0016 0016 0016 003f 0016 003f 0016 0016 0016 003f 0016 003f 0016 0016 0016 003f 0016 003f 0016 0016 0016 0016 0016 003f 0016 0699 00aa 00aa 0016 0016 0016 0e63
Angle	0000 006c 0022 0003 00aa 00aa 0016 003f 0016 0016 0016 003f 0016 003f 0016 0016 0016 003f 0016 0016 0016 0016 0016 003f 0016 0016 0016 003f 0016 003f 0016 0016 0016 003f 0016 0016 0016 0016 0016 0016 0016 0016 0016 003f 0016 003f 0016 0016 0016 0016 0016 003f 0016 0016 0016 003f 0016 003f 0016 0016 0016 0016 0016 003f 0016 003f 0016 0016 0016 003f 0016 0699 00aa 00aa 0016 0016 0016 0e63
Audio	0000 006c 0022 0003 00aa 00aa 0016 003f 0016 0016 0016 003f 0016 003f 0016 0016 0016 003f 0016 0016 0016 0016 0016 003f 0016 0016 0016 003f 0016 003f 0016 0016 0016 003f 0016 0016 0016 0016 0016 003f 0016 003f 0016 003f 0016 003f 0016 0016 0016 0016 0016 003f 0016 0016 0016 0016 0016 0016 0016 0016 0016 0016 0016 003f 0016 003f 0016 0016 0016 003f 0016 0699 00aa 00aa 0016 0016 0016 0e63
Subtitle	0000 006c 0022 0003 00aa 00aa 0016 003f 0016 0016 0016 003f 0016 003f 0016 0016 0016 003f 0016 0016 0016 0016 0016 003f 0016 0016 0016 003f 0016 003f 0016 0016 0016 003f 0016 0016 0016 0016 0016 0016 0016 0016 0016 0016 0016 0016 0016 003f 0016 0016 0016 003f 0016 0016 0016 003f 0016 003f 0016 003f 0016 003f 0016 0016 0016 003f 0016 0016 0016 003f 0016 0699 00aa 00aa 0016 0016 0016 0e63
Marker	0000 006c 0022 0003 00aa 00aa 0016 003f 0016 0016 0016 003f 0016 003f 0016 0016 0016 003f 0016 0016 0016 0016 0016 003f 0016 0016 0016 003f 0016 003f 0016 0016 0016 003f 0016 0016 0016 0016 0016 003f 0016 0016 0016 0016 0016 0016 0016 0016 0016 003f 0016 003f 0016 0016 0016 0016 0016 003f 0016 003f 0016 003f 0016 003f 0016 0016 0016 0016 0016 003f 0016 0699 00aa 00aa 0016 0016 0016 0e63
Search	0000 006c 0022 0003 00aa 00aa 0016 003f 0016 0016 0016 003f 0016 003f 0016 0016 0016 003f 0016 0016 0016 0016 0016 003f 0016 0016 0016 003f 0016 003f 0016 0016 0016 003f 0016 0016 0016 0016 0016 0016 0016 003f 0016 0016 0016 0016 0016 0016 0016 003f 0016 003f 0016 0016 0016 003f 0016 0016 0016 003f 0016 003f 0016 003f 0016 0016 0016 0016 0016 003f 0016 0699 00aa 00aa 0016 0016 0016 0e63
Display	0000 006c 0022 0003 00aa 00aa 0016 003f 0016 0016 0016 003f 0016 003f 0016 0016 0016 003f 0016 0016 0016 0016 0016 003f 0016 0016 0016 003f 0016 003f 0016 0016 0016 003f 0016 0016 0016 0016 0016 0016 0016 003f 0016 0016 0016 003f 0016 003f 0016 003f 0016 0016 0016 0016 0016 003f 0016 0016 0016 003f 0016 0016 0016 0016 0016 0016 0016 003f 0016 003f 0016 0699 00aa 00aa 0016 0016 0016 0e63
Disc Menu	0000 006c 0022 0003 00aa 00aa 0016 003f 0016 0016 0016 003f 0016 003f 0016 0016 0016 003f 0016 0016 0016 0016 0016 003f 0016 0016 0016 003f 0016 003f 0016 0016 0016 003f 0016 0016 0016 0016 0016 003f 0016 003f 0016 0016 0016 003f 0016 0016 0016 0016 0016 003f 0016 0016 0016 0016 0016 0016 0016 003f 0016 0016 0016 003f 0016 003f 0016 0016 0016 003f 0016 0699 00aa 00aa 0016 0016 0016 0e63
Up	0000 006c 0022 0003 00aa 00aa 0016 003f 0016 0016 0016 003f 0016 003f 0016 0016 0016 003f 0016 0016 0016 0016 0016 003f 0016 0016 0016 003f 0016 003f 0016 0016 0016 003f 0016 0016 0016 0016 0016 003f 0016 003f 0016 003f 0016 0016 0016 0016 0016 0016 0016 003f 0016 0016 0016 0016 0016 0016 0016 0016 0016 003f 0016 003f 0016 003f 0016 0016 0016 003f 0016 0699 00aa 00aa 0016 0016 0016 0e63
Left	0000 006c 0022 0003 00aa 00aa 0016 003f 0016 0016 0016 003f 0016 003f 0016 0016 0016 003f 0016 0016 0016 0016 0016 003f 0016 0016 0016 003f 0016 003f 0016 0016 0016 003f 0016 0016 0016 0016 0016 003f 0016 0016 0016 0016 0016 003f 0016 003f 0016 0016 0016 003f 0016 0016 0016 0016 0016 003f 0016 003f 0016 0016 0016 0016 0016 003f 0016 0016 0016 003f 0016 0699 00aa 00aa 0016 0016 0016 0e63
Enter	0000 006c 0022 0003 00aa 00aa 0016 003f 0016 0016 0016 003f 0016 003f 0016 0016 0016 003f 0016 0016 0016 0016 0016 003f 0016 0016 0016 003f 0016 003f 0016 0016 0016 003f 0016 0016 0016 0016 0016 0016 0016 0016 0016 0016 0016 003f 0016 003f 0016 0016 0016 003f 0016 0016 0016 003f 0016 003f 0016 003f 0016 0016 0016 0016 0016 003f 0016 0016 0016 003f 0016 0699 00aa 00aa 0016 0016 0016 0e63
Right	0000 006c 0022 0003 00aa 00aa 0016 003f 0016 0016 0016 003f 0016 003f 0016 0016 0016 003f 0016 0016 0016 0016 0016 003f 0016 0016 0016 003f 0016 003f 0016 0016 0016 003f 0016 0016 0016 0016 0016 0016 0016 003f 0016 0016 0016 003f 0016 003f 0016 0016 0016 003f 0016 0016 0016 003f 0016 0016 0016 003f 0016 0016 0016 0016 0016 003f 0016 0016 0016 003f 0016 0699 00aa 00aa 0016 0016 0016 0e63
Down	0000 006c 0022 0003 00aa 00aa 0016 003f 0016 0016 0016 003f 0016 003f 0016 0016 0016 003f 0016 0016 0016 0016 0016 003f 0016 0016 0016 003f 0016 003f 0016 0016 0016 003f 0016 0016 0016 0016 0016 0016 0016 0016 0016 0016 0016 003f 0016 0016 0016 0016 0016 003f 0016 0016 0016 003f 0016 003f 0016 003f 0016 0016 0016 003f 0016 003f 0016 0016 0016 003f 0016 0699 00aa 00aa 0016 0016 0016 0e63
Setup	0000 006c 0022 0003 00aa 00aa 0016 003f 0016 0016 0016 003f 0016 003f 0016 0016 0016 003f 0016 0016 0016 0016 0016 003f 0016 0016 0016 003f 0016 003f 0016 0016 0016 003f 0016 0016 0016 0016 0016 0016 0016 003f 0016 003f 0016 0016 0016 003f 0016 0016 0016 003f 0016 0016 0016 003f 0016 0016 0016 0016 0016 003f 0016 0016 0016 003f 0016 0016 0016 003f 0016 0699 00aa 00aa 0016 0016 0016 0e63
Return	0000 006c 0022 0003 00aa 00aa 0016 003f 0016 0016 0016 003f 0016 003f 0016 0016 0016 003f 0016 0016 0016 0016 0016 003f 0016 0016 0016 003f 0016 003f 0016 0016 0016 003f 0016 0016 0016 0016 0016 003f 0016 0016 0016 003f 0016 0016 0016 0016 0016 0016 0016 003f 0016 0016 0016 0016 0016 003f 0016 0016 0016 003f 0016 003f 0016 003f 0016 0016 0016 003f 0016 0699 00aa 00aa 0016 0016 0016 0e63
Pause	0000 006c 0022 0003 00aa 00aa 0016 003f 0016 0016 0016 003f 0016 003f 0016 0016 0016 003f 0016 0016 0016 0016 0016 003f 0016 0016 0016 003f 0016 003f 0016 0016 0016 003f 0016 0016 0016 0016 0016 0016 0016 0016 0016 0016 0016 003f 0016 003f 0016 003f 0016 0016 0016 0016 0016 003f 0016 003f 0016 003f 0016 0016 0016 0016 0016 0016 0016 003f 0016 003f 0016 0699 00aa 00aa 0016 0016 0016 0e63
Stop	0000 006c 0022 0003 00aa 00aa 0016 003f 0016 0016 0016 003f 0016 003f 0016 0016 0016 003f 0016 0016 0016 0016 0016 003f 0016 0016 0016 003f 0016 003f 0016 0016 0016 003f 0016 0016 0016 0016 0016 003f 0016 0016 0016 0016 0016 003f 0016 003f 0016 003f 0016 0016 0016 0016 0016 0016 0016 003f 0016 003f 0016 0016 0016 0016 0016 0016 0016 003f 0016 003f 0016 0699 00aa 00aa 0016 0016 0016 0e63
Record	0000 006c 0022 0002 0154 00aa 0016 0016 0016 003f 0016 003f 0016 003f 0016 0016 0016 003f 0016 003f 0016 0016 0016 003f 0016 0016 0016 0016 0016 0016 0016 003f 0016 0016 0016 0016 0016 003f 0016 003f 0016 0016 0016 0016 0016 003f 0016 0016 0016 0016 0016 0016 0016 0016 0016 0016 0016 003f 0016 003f 0016 0016 0016 003f 0016 003f 0016 003f 0016 003f 0016 05ef 0154 0056 0016 0e39
Rew	0000 006c 0022 0003 00aa 00aa 0016 003f 0016 0016 0016 003f 0016 003f 0016 0016 0016 003f 0016 0016 0016 0016 0016 003f 0016 0016 0016 003f 0016 003f 0016 0016 0016 003f 0016 0016 0016 0016 0016 003f 0016 0016 0016 003f 0016 0016 0016 003f 0016 003f 0016 0016 0016 0016 0016 0016 0016 003f 0016 0016 0016 003f 0016 0016 0016 0016 0016 003f 0016 003f 0016 0699 00aa 00aa 0016 0016 0016 0e63
Play	0000 006c 0022 0003 00aa 00aa 0016 003f 0016 0016 0016 003f 0016 003f 0016 0016 0016 003f 0016 0016 0016 0016 0016 003f 0016 0016 0016 003f 0016 003f 0016 0016 0016 003f 0016 0016 0016 0016 0016 003f 0016 0016 0016 0016 0016 0016 0016 003f 0016 003f 0016 0016 0016 0016 0016 0016 0016 003f 0016 003f 0016 003f 0016 0016 0016 0016 0016 003f 0016 003f 0016 0699 00aa 00aa 0016 0016 0016 0e63
Ffwd	0000 006c 0022 0003 00aa 00aa 0016 003f 0016 0016 0016 003f 0016 003f 0016 0016 0016 003f 0016 0016 0016 0016 0016 003f 0016 0016 0016 003f 0016 003f 0016 0016 0016 003f 0016 0016 0016 0016 0016 0016 0016 0016 0016 003f 0016 0016 0016 003f 0016 003f 0016 0016 0016 0016 0016 003f 0016 003f 0016 0016 0016 003f 0016 0016 0016 0016 0016 003f 0016 003f 0016 0699 00aa 00aa 0016 0016 0016 0e63
Rpt	0000 006c 0022 0003 00aa 00aa 0016 003f 0016 0016 0016 003f 0016 003f 0016 0016 0016 003f 0016 0016 0016 0016 0016 003f 0016 0016 0016 003f 0016 003f 0016 0016 0016 003f 0016 0016 0016 0016 0016 003f 0016 003f 0016 0016 0016 0016 0016 003f 0016 0016 0016 003f 0016 0016 0016 0016 0016 0016 0016 003f 0016 003f 0016 0016 0016 003f 0016 0016 0016 003f 0016 0699 00aa 00aa 0016 0016 0016 0e63
Random	0000 006c 0022 0003 00aa 00aa 0016 003f 0016 0016 0016 003f 0016 003f 0016 0016 0016 003f 0016 0016 0016 0016 0016 003f 0016 0016 0016 003f 0016 003f 0016 0016 0016 003f 0016 0016 0016 0016 0016 003f 0016 0016 0016 0016 0016 0016 0016 003f 0016 0016 0016 003f 0016 0016 0016 0016 0016 003f 0016 003f 0016 003f 0016 0016 0016 003f 0016 0016 0016 003f 0016 0699 00aa 00aa 0016 0016 0016 0e63
Rpt A/B	0000 006c 0022 0003 00aa 00aa 0016 003f 0016 0016 0016 003f 0016 003f 0016 0016 0016 003f 0016 0016 0016 0016 0016 003f 0016 0016 0016 003f 0016 003f 0016 0016 0016 003f 0016 0016 0016 0016 0016 003f 0016 0016 0016 003f 0016 0016 0016 003f 0016 0016 0016 003f 0016 0016 0016 0016 0016 003f 0016 0016 0016 003f 0016 0016 0016 003f 0016 0016 0016 003f 0016 0699 00aa 00aa 0016 0016 0016 0e63
Title	0000 006c 0022 0003 00aa 00aa 0016 003f 0016 0016 0016 003f 0016 003f 0016 0016 0016 003f 0016 0016 0016 0016 0016 003f 0016 0016 0016 003f 0016 003f 0016 0016 0016 003f 0016 0016 0016 0016 0016 0016 0016 003f 0016 0016 0016 003f 0016 0016 0016 0016 0016 003f 0016 0016 0016 003f 0016 0016 0016 003f 0016 0016 0016 003f 0016 003f 0016 0016 0016 003f 0016 0699 00aa 00aa 0016 0016 0016 0e63
