A-Side	0000 0067 0000 0007 0010 0050 0010 0010 0010 0010 0010 0020 0020 0020 0010 0010 0010 09bc
B-Side	0000 0067 0000 0007 0010 0050 0010 0020 0010 0010 0020 0010 0010 0020 0010 0010 0010 09bc
Sys	0000 0067 0000 0007 0010 0050 0010 0010 0010 0020 0020 0010 0010 0020 0010 0010 0010 09bc
Rot	0000 0067 0000 0007 0010 0050 0010 0020 0020 0010 0010 0010 0010 0020 0010 0010 0010 09bc
Lck	0000 0067 0000 0008 0010 0050 0010 0010 0010 0010 0010 0010 0010 0010 0010 0020 0010 0010 0010 09bc
SE	0000 0067 0000 0007 0010 0050 0010 0020 0010 0010 0010 0010 0020 0020 0010 0010 0010 09bc
1	0000 0067 0000 0007 0010 0050 0010 0020 0020 0020 0010 0010 0010 0010 0010 0010 0010 09bc
2	0000 0067 0000 0006 0010 0050 0010 0020 0020 0020 0010 0010 0020 0020 0010 09bc
3	0000 0067 0000 0006 0010 0050 0010 0020 0020 0020 0020 0010 0010 0020 0010 09bc
4	0000 0067 0000 0007 0010 0050 0010 0020 0010 0010 0020 0020 0010 0010 0010 0010 0010 09bc
5	0000 0067 0000 0006 0010 0050 0010 0020 0010 0010 0020 0020 0020 0020 0010 09bc
6	0000 0067 0000 0007 0010 0050 0010 0020 0010 0010 0020 0010 0010 0010 0010 0020 0010 09bc
7	0000 0067 0034 0001 0010 0050 0010 0020 0020 0010 0010 0020 0010 0010 0010 0010 0010 09bc 0010 0050 0010 0020 0020 0010 0010 0020 0010 0010 0010 0010 0010 09bc 0010 0050 0010 0020 0020 0010 0010 0020 0010 0010 0010 0010 0010 09bc 0010 0050 0010 0020 0020 0010 0010 0020 0010 0010 0010 0010 0010 09bc 0010 0050 0010 0020 0020 0010 0010 0020 0010 0010 0010 0010 0010 09bc 0010 0050 0010 0020 0020 0010 0010 0020 0010 0010 0010 0010 0010 09bc 0010 0050 0010 0020 0020 0010 0010 0020 0010 0010 0010 0010 0010 09bc 0010 0050 0010 0020 0020 0010 0010 0010
8	0000 0067 002d 0001 0010 0050 0010 0020 0020 0010 0010 0020 0020 0020 0010 09bc 0010 0050 0010 0020 0020 0010 0010 0020 0020 0020 0010 09bc 0010 0050 0010 0020 0020 0010 0010 0020 0020 0020 0010 09bc 0010 0050 0010 0020 0020 0010 0010 0020 0020 0020 0010 09bc 0010 0050 0010 0020 0020 0010 0010 0020 0020 0020 0010 09bc 0010 0050 0010 0020 0020 0010 0010 0020 0020 0020 0010 09bc 0010 0050 0010 0020 0020 0010 0010 0020 0020 0020 0010 09bc 0010 0050 0010 0020 0020 0010 0010 0010
9	0000 0067 0034 0001 0010 0050 0010 0020 0020 0010 0010 0010 0010 0010 0010 0020 0010 09bc 0010 0050 0010 0020 0020 0010 0010 0010 0010 0010 0010 0020 0010 09bc 0010 0050 0010 0020 0020 0010 0010 0010 0010 0010 0010 0020 0010 09bc 0010 0050 0010 0020 0020 0010 0010 0010 0010 0010 0010 0020 0010 09bc 0010 0050 0010 0020 0020 0010 0010 0010 0010 0010 0010 0020 0010 09bc 0010 0050 0010 0020 0020 0010 0010 0010 0010 0010 0010 0020 0010 09bc 0010 0050 0010 0020 0020 0010 0010 0010 0010 0010 0010 0020 0010 09bc 0010 0050 0010 0020 0020 0010 0010 0010
0	0000 0067 0000 0007 0010 0050 0010 0020 0010 0010 0010 0010 0010 0010 0020 0020 0010 09bc
Chn	0000 0067 0000 0006 0010 0050 0010 0020 0020 0020 0020 0020 0010 0010 0010 09bc
