Open	0000 006e 0002 000d 0001 0004 0001 037f 0019 0034 0019 0034 0019 0034 0019 0034 0019 0034 0019 0034 0019 0034 0019 0034 0019 0019 0034 0034 0019 0034 0019 0034 0019 037f
Close	0000 006e 0002 000d 0001 0004 0001 0381 0019 0034 0019 0034 0019 0034 0019 0034 0019 0034 0019 0034 0019 0034 0019 0034 0019 0034 0019 0034 0019 0019 0034 0034 0019 0381
Bli Left	0000 006e 0002 000d 0001 0003 0003 0382 0019 0034 0019 0034 0019 0034 0019 0034 0019 0034 0019 0034 0019 0034 0019 0034 0019 0034 0019 0034 0019 0034 0019 0019 0034 0382
Bli Right	0000 006e 0002 000d 0001 0004 0001 037d 0019 0034 0019 0034 0019 0034 0019 0034 0019 0034 0019 0034 0019 0034 0019 0034 0019 0034 0019 0019 0034 0034 0019 0034 0019 037d
Open1	0000 006e 0003 000d 0001 0005 0001 0001 0001 037e 0019 0019 0034 0034 0019 0034 0019 0034 0019 0034 0019 0034 0019 0034 0019 0034 0019 0019 0034 0034 0019 0034 0019 0034 0019 037e
Close1	0000 006e 0002 000d 0001 0004 0001 0382 0019 0019 0034 0034 0019 0034 0019 0034 0019 0034 0019 0034 0019 0034 0019 0034 0019 0034 0019 0034 0019 0019 0034 0034 0019 0382
Bli Left1	0000 006e 0002 000d 0001 0003 0001 0380 0019 0019 0034 0034 0019 0034 0019 0034 0019 0034 0019 0034 0019 0034 0019 0034 0019 0034 0019 0034 0019 0034 0019 0019 0034 0380
Bli Right1	0000 006e 0002 000d 0001 0004 0004 037f 0019 0019 0034 0034 0019 0034 0019 0034 0019 0034 0019 0034 0019 0034 0019 0034 0019 0034 0019 0019 0034 0034 0019 0034 0019 037f
Open2	0000 006e 0003 000d 0001 0005 0001 0001 0001 037e 0019 0034 0019 0034 0019 0019 0034 0034 0019 0034 0019 0034 0019 0034 0019 0034 0019 0019 0034 0034 0019 0034 0019 0034 0019 037e
Close2	0000 006e 0002 000d 0001 0004 0001 037e 0019 0034 0019 0034 0019 0019 0034 0034 0019 0034 0019 0034 0019 0034 0019 0034 0019 0034 0019 0034 0019 0019 0034 0034 0019 037e
Bli Left2	0000 006f 0002 000d 0001 0004 0004 037e 0019 0034 0019 0034 0019 0019 0034 0034 0019 0034 0019 0034 0019 0034 0019 0034 0019 0034 0019 0034 0019 0034 0019 0019 0034 037e
Bli Right2	0000 006e 0004 000d 0001 0005 0001 0001 0001 0001 0001 0382 0019 0034 0019 0034 0019 0019 0034 0034 0019 0034 0019 0034 0019 0034 0019 0034 0019 0034 0019 0019 0034 0034 0019 0034 0019 0382
Open3	0000 006f 0003 000d 0001 0005 0001 0001 0001 037c 0019 0019 0034 0034 0019 0019 0034 0034 0019 0034 0019 0034 0019 0034 0019 0034 0019 0019 0034 0034 0019 0034 0019 0034 0019 037c
Close3	0000 006e 0002 000d 0001 0003 0001 0380 0019 0019 0034 0034 0019 0019 0034 0034 0019 0034 0019 0034 0019 0034 0019 0034 0019 0034 0019 0034 0019 0019 0034 0034 0019 0380
Bli Left3	0000 006f 0002 000d 0001 0001 0001 037f 0019 0019 0034 0034 0019 0019 0034 0034 0019 0034 0019 0034 0019 0034 0019 0034 0019 0034 0019 0034 0019 0034 0019 0019 0034 037f
Bli Right3	0000 006f 0003 000d 0001 0005 0001 0001 0001 037e 0019 0019 0034 0034 0019 0019 0034 0034 0019 0034 0019 0034 0019 0034 0019 0034 0019 0034 0019 0019 0034 0034 0019 0034 0019 037e
Open4	0000 006f 0003 000d 0001 0005 0001 0001 0001 0378 0019 0033 0019 0019 0033 0033 0019 0033 0019 0033 0019 0033 0019 0033 0019 0033 0019 0019 0033 0033 0019 0033 0019 0033 0019 0378
Close4	0000 006e 0002 000d 0001 0004 0001 0380 0019 0034 0019 0019 0034 0034 0019 0034 0019 0034 0019 0034 0019 0034 0019 0034 0019 0034 0019 0034 0019 0019 0034 0034 0019 0380
Bli Left4	0000 006f 0003 000d 0001 0001 0001 0001 0001 037c 0019 0034 0019 0019 0034 0034 0019 0034 0019 0034 0019 0034 0019 0034 0019 0034 0019 0034 0019 0034 0019 0034 0019 0019 0034 037c
Bli Right4	0000 006f 0003 000d 0001 0005 0001 0001 0001 037c 0019 0034 0019 0019 0034 0034 0019 0034 0019 0034 0019 0034 0019 0034 0019 0034 0019 0034 0019 0019 0034 0034 0019 0034 0019 037c
Open5	0000 006f 0003 000d 0001 0005 0001 0001 0001 037a 0019 0019 0034 0019 0034 0034 0019 0034 0019 0034 0019 0034 0019 0034 0019 0034 0019 0019 0034 0034 0019 0034 0019 0034 0019 037a
Close5	0000 006f 0002 000d 0001 0003 0001 037d 0019 0019 0034 0019 0034 0034 0019 0034 0019 0034 0019 0034 0019 0034 0019 0034 0019 0034 0019 0034 0019 0019 0034 0034 0019 037d
Bli Left5	0000 006f 0002 000d 0001 0003 0003 037b 0019 0019 0033 0019 0033 0033 0019 0033 0019 0033 0019 0033 0019 0033 0019 0033 0019 0033 0019 0033 0019 0033 0019 0019 0033 037b
Bli Right5	0000 006f 0003 000d 0001 0005 0001 0001 0001 037a 0019 0019 0033 0019 0033 0033 0019 0033 0019 0033 0019 0033 0019 0033 0019 0033 0019 0033 0019 0019 0033 0033 0019 0033 0019 037a
Open6	0000 006f 0003 000d 0001 0005 0001 0001 0001 037a 0019 0033 0019 0019 0033 0019 0033 0033 0019 0033 0019 0033 0019 0033 0019 0033 0019 0019 0033 0033 0019 0033 0019 0033 0019 037a
Close6	0000 006f 0002 000d 0001 0003 0003 037d 0019 0034 0019 0019 0034 0019 0034 0034 0019 0034 0019 0034 0019 0034 0019 0034 0019 0034 0019 0034 0019 0019 0034 0034 0019 037d
Bli Left6	0000 006f 0002 000d 0001 0003 0001 0379 0019 0033 0019 0019 0033 0019 0033 0033 0019 0033 0019 0033 0019 0033 0019 0033 0019 0033 0019 0033 0019 0033 0019 0019 0033 0379
Bli Right6	0000 006f 0003 000d 0001 0005 0001 0001 0001 037b 0019 0034 0019 0019 0034 0019 0034 0034 0019 0034 0019 0034 0019 0034 0019 0034 0019 0034 0019 0019 0034 0034 0019 0034 0019 037b
Open7	0000 006f 0003 000d 0001 0005 0001 0001 0001 0379 0019 0019 0033 0019 0033 0019 0033 0033 0019 0033 0019 0033 0019 0033 0019 0033 0019 0019 0033 0033 0019 0033 0019 0033 0019 0379
Close7	0000 006f 0003 000d 0001 0004 0001 0001 0001 037d 0019 0019 0034 0019 0034 0019 0034 0034 0019 0034 0019 0034 0019 0034 0019 0034 0019 0034 0019 0034 0019 0019 0034 0034 0019 037d
Bli Left7	0000 006f 0002 000d 0001 0003 0003 037d 0019 0019 0034 0019 0034 0019 0034 0034 0019 0034 0019 0034 0019 0034 0019 0034 0019 0034 0019 0034 0019 0034 0019 0019 0034 037d
Bli Right7	0000 006f 0003 000d 0001 0005 0001 0001 0001 0379 0019 0019 0033 0019 0033 0019 0033 0033 0019 0033 0019 0033 0019 0033 0019 0033 0019 0033 0019 0019 0033 0033 0019 0033 0019 0379
Open8	0000 006e 0003 000d 0001 0005 0001 0001 0001 037e 0019 0034 0019 0034 0019 0034 0019 0019 0034 0034 0019 0034 0019 0034 0019 0034 0019 0019 0034 0034 0019 0034 0019 0034 0019 037e
Close8	0000 006e 0003 000d 0001 0004 0001 0001 0001 037e 0019 0034 0019 0034 0019 0034 0019 0019 0034 0034 0019 0034 0019 0034 0019 0034 0019 0034 0019 0034 0019 0019 0034 0034 0019 037e
Bli Left8	0000 006f 0002 000d 0001 0007 0001 037b 0019 0033 0019 0033 0019 0033 0019 0019 0033 0033 0019 0033 0019 0033 0019 0033 0019 0033 0019 0033 0019 0033 0019 0019 0033 037b
Bli Right8	0000 006e 0002 000d 0001 0004 0004 037e 0019 0034 0019 0034 0019 0034 0019 0019 0034 0034 0019 0034 0019 0034 0019 0034 0019 0034 0019 0019 0034 0034 0019 0034 0019 037e
Open9	0000 006e 0002 000d 0001 0004 0001 0382 0019 0019 0034 0034 0019 0034 0019 0019 0034 0034 0019 0034 0019 0034 0019 0034 0019 0019 0034 0034 0019 0034 0019 0034 0019 0382
Close9	0000 006f 0003 000d 0001 0004 0001 0001 0001 037b 0019 0019 0034 0034 0019 0034 0019 0019 0034 0034 0019 0034 0019 0034 0019 0034 0019 0034 0019 0034 0019 0019 0034 0034 0019 037b
Bli Left9	0000 006f 0002 000d 0001 0003 0003 037b 0019 0019 0033 0033 0019 0033 0019 0019 0033 0033 0019 0033 0019 0033 0019 0033 0019 0033 0019 0033 0019 0033 0019 0019 0033 037b
Bli Right9	0000 006f 0002 000d 0001 0004 0004 037b 0019 0019 0034 0034 0019 0034 0019 0019 0034 0034 0019 0034 0019 0034 0019 0034 0019 0034 0019 0019 0034 0034 0019 0034 0019 037b
