Power On	0000 006c 0032 0002 0155 00ab 0016 0015 0016 0015 0016 0015 0016 0040 0016 0040 0016 0015 0016 0015 0016 0015 0016 0040 0016 0040 0016 0040 0016 0015 0016 0040 0016 0040 0016 0040 0016 0040 0016 0015 0016 0015 0016 0015 0016 0040 0016 0015 0016 0015 0016 0015 0016 0015 0016 0040 0016 0040 0016 0040 0016 0015 0016 0040 0016 0040 0016 0040 0016 0040 0016 0040 0016 0040 0016 0040 0016 0040 0016 0040 0016 0040 0016 0040 0016 0040 0016 0015 0016 0015 0016 0015 0016 0015 0016 0015 0016 0015 0016 0015 0016 0015 0016 01be 0155 0056 0016 0e3d
Power Off	0000 006c 0032 0002 0155 00ab 0016 0015 0016 0015 0016 0015 0016 0040 0016 0040 0016 0015 0016 0015 0016 0015 0016 0040 0016 0040 0016 0040 0016 0015 0016 0040 0016 0040 0016 0040 0016 0040 0016 0015 0016 0015 0016 0040 0016 0015 0016 0040 0016 0015 0016 0015 0016 0015 0016 0040 0016 0040 0016 0015 0016 0040 0016 0015 0016 0040 0016 0040 0016 0040 0016 0040 0016 0040 0016 0040 0016 0040 0016 0040 0016 0040 0016 0040 0016 0040 0016 0015 0016 0015 0016 0015 0016 0015 0016 0015 0016 0015 0016 0015 0016 0015 0016 01be 0155 0056 0016 0e3d
In1	0000 006c 0032 0002 0155 00ab 0016 0015 0016 0015 0016 0015 0016 0040 0016 0040 0016 0015 0016 0015 0016 0015 0016 0040 0016 0040 0016 0040 0016 0015 0016 0040 0016 0040 0016 0040 0016 0040 0016 0015 0016 0015 0016 0015 0016 0040 0016 0040 0016 0015 0016 0015 0016 0015 0016 0040 0016 0040 0016 0040 0016 0015 0016 0015 0016 0040 0016 0040 0016 0040 0016 0040 0016 0040 0016 0040 0016 0040 0016 0040 0016 0040 0016 0040 0016 0040 0016 0015 0016 0015 0016 0015 0016 0015 0016 0015 0016 0015 0016 0015 0016 0015 0016 01be 0155 0056 0016 0e3d
In2	0000 006c 0032 0002 0155 00ab 0016 0015 0016 0015 0016 0015 0016 0040 0016 0040 0016 0015 0016 0015 0016 0015 0016 0040 0016 0040 0016 0040 0016 0015 0016 0040 0016 0040 0016 0040 0016 0040 0016 0040 0016 0015 0016 0015 0016 0040 0016 0040 0016 0015 0016 0015 0016 0015 0016 0015 0016 0040 0016 0040 0016 0015 0016 0015 0016 0040 0016 0040 0016 0040 0016 0040 0016 0040 0016 0040 0016 0040 0016 0040 0016 0040 0016 0040 0016 0040 0016 0015 0016 0015 0016 0015 0016 0015 0016 0015 0016 0015 0016 0015 0016 0015 0016 01be 0155 0056 0016 0e3d
In3	0000 006c 0032 0002 0155 00ab 0016 0015 0016 0015 0016 0015 0016 0040 0016 0040 0016 0015 0016 0015 0016 0015 0016 0040 0016 0040 0016 0040 0016 0015 0016 0040 0016 0040 0016 0040 0016 0040 0016 0015 0016 0040 0016 0015 0016 0040 0016 0040 0016 0015 0016 0015 0016 0015 0016 0040 0016 0015 0016 0040 0016 0015 0016 0015 0016 0040 0016 0040 0016 0040 0016 0040 0016 0040 0016 0040 0016 0040 0016 0040 0016 0040 0016 0040 0016 0040 0016 0015 0016 0015 0016 0015 0016 0015 0016 0015 0016 0015 0016 0015 0016 0015 0016 01be 0155 0056 0016 0e3d
In4	0000 006c 0032 0002 0155 00ab 0016 0015 0016 0015 0016 0015 0016 0040 0016 0040 0016 0015 0016 0015 0016 0015 0016 0040 0016 0040 0016 0040 0016 0015 0016 0040 0016 0040 0016 0040 0016 0040 0016 0040 0016 0040 0016 0015 0016 0040 0016 0040 0016 0015 0016 0015 0016 0015 0016 0015 0016 0015 0016 0040 0016 0015 0016 0015 0016 0040 0016 0040 0016 0040 0016 0040 0016 0040 0016 0040 0016 0040 0016 0040 0016 0040 0016 0040 0016 0040 0016 0015 0016 0015 0016 0015 0016 0015 0016 0015 0016 0015 0016 0015 0016 0015 0016 01be 0155 0056 0016 0e3d
In5	0000 006c 0032 0002 0155 00ab 0016 0015 0016 0015 0016 0015 0016 0040 0016 0040 0016 0015 0016 0015 0016 0015 0016 0040 0016 0040 0016 0040 0016 0015 0016 0040 0016 0040 0016 0040 0016 0040 0016 0015 0016 0015 0016 0040 0016 0040 0016 0040 0016 0015 0016 0015 0016 0015 0016 0040 0016 0040 0016 0015 0016 0015 0016 0015 0016 0040 0016 0040 0016 0040 0016 0040 0016 0040 0016 0040 0016 0040 0016 0040 0016 0040 0016 0040 0016 0040 0016 0015 0016 0015 0016 0015 0016 0015 0016 0015 0016 0015 0016 0015 0016 0015 0016 01be 0155 0056 0016 0e3d
In6	0000 006c 0032 0002 0155 00ab 0016 0015 0016 0015 0016 0015 0016 0040 0016 0040 0016 0015 0016 0015 0016 0015 0016 0040 0016 0040 0016 0040 0016 0015 0016 0040 0016 0040 0016 0040 0016 0040 0016 0040 0016 0015 0016 0040 0016 0040 0016 0040 0016 0015 0016 0015 0016 0015 0016 0015 0016 0040 0016 0015 0016 0015 0016 0015 0016 0040 0016 0040 0016 0040 0016 0040 0016 0040 0016 0040 0016 0040 0016 0040 0016 0040 0016 0040 0016 0040 0016 0015 0016 0015 0016 0015 0016 0015 0016 0015 0016 0015 0016 0015 0016 0015 0016 01be 0155 0056 0016 0e3d
In7	0000 006c 0032 0002 0155 00ab 0016 0015 0016 0015 0016 0015 0016 0040 0016 0040 0016 0015 0016 0015 0016 0015 0016 0040 0016 0040 0016 0040 0016 0015 0016 0040 0016 0040 0016 0040 0016 0040 0016 0015 0016 0040 0016 0040 0016 0040 0016 0040 0016 0015 0016 0015 0016 0015 0016 0040 0016 0015 0016 0015 0016 0015 0016 0015 0016 0040 0016 0040 0016 0040 0016 0040 0016 0040 0016 0040 0016 0040 0016 0040 0016 0040 0016 0040 0016 0040 0016 0015 0016 0015 0016 0015 0016 0015 0016 0015 0016 0015 0016 0015 0016 0015 0016 01be 0155 0056 0016 0e3d
In8	0000 006c 0032 0002 0155 00ab 0016 0015 0016 0015 0016 0015 0016 0040 0016 0040 0016 0015 0016 0015 0016 0015 0016 0040 0016 0040 0016 0040 0016 0015 0016 0040 0016 0040 0016 0040 0016 0040 0016 0040 0016 0040 0016 0040 0016 0040 0016 0040 0016 0015 0016 0015 0016 0015 0016 0015 0016 0015 0016 0015 0016 0015 0016 0015 0016 0040 0016 0040 0016 0040 0016 0040 0016 0040 0016 0040 0016 0040 0016 0040 0016 0040 0016 0040 0016 0040 0016 0015 0016 0015 0016 0015 0016 0015 0016 0015 0016 0015 0016 0015 0016 0015 0016 01be 0155 0056 0016 0e3d
In9	0000 006c 0032 0002 0155 00ab 0016 0015 0016 0015 0016 0015 0016 0040 0016 0040 0016 0015 0016 0015 0016 0015 0016 0040 0016 0040 0016 0040 0016 0015 0016 0040 0016 0040 0016 0040 0016 0040 0016 0015 0016 0015 0016 0015 0016 0015 0016 0015 0016 0015 0016 0040 0016 0015 0016 0040 0016 0040 0016 0040 0016 0040 0016 0040 0016 0040 0016 0015 0016 0040 0016 0040 0016 0040 0016 0040 0016 0040 0016 0040 0016 0040 0016 0040 0016 0040 0016 0015 0016 0015 0016 0015 0016 0015 0016 0015 0016 0015 0016 0015 0016 0015 0016 01be 0155 0056 0016 0e3d
In10	0000 006c 0032 0002 0155 00ab 0016 0015 0016 0015 0016 0015 0016 0040 0016 0040 0016 0015 0016 0015 0016 0015 0016 0040 0016 0040 0016 0040 0016 0015 0016 0040 0016 0040 0016 0040 0016 0040 0016 0040 0016 0015 0016 0015 0016 0015 0016 0015 0016 0015 0016 0040 0016 0015 0016 0015 0016 0040 0016 0040 0016 0040 0016 0040 0016 0040 0016 0015 0016 0040 0016 0040 0016 0040 0016 0040 0016 0040 0016 0040 0016 0040 0016 0040 0016 0040 0016 0015 0016 0015 0016 0015 0016 0015 0016 0015 0016 0015 0016 0015 0016 0015 0016 01be 0155 0056 0016 0e3d
Caption	0000 006c 0032 0002 0155 00ab 0016 0015 0016 0015 0016 0015 0016 0040 0016 0040 0016 0015 0016 0015 0016 0015 0016 0040 0016 0040 0016 0040 0016 0015 0016 0040 0016 0040 0016 0040 0016 0040 0016 0015 0016 0040 0016 0015 0016 0040 0016 0015 0016 0015 0016 0040 0016 0015 0016 0040 0016 0015 0016 0040 0016 0015 0016 0040 0016 0040 0016 0015 0016 0040 0016 0040 0016 0040 0016 0040 0016 0040 0016 0040 0016 0040 0016 0040 0016 0040 0016 0015 0016 0015 0016 0015 0016 0015 0016 0015 0016 0015 0016 0015 0016 0015 0016 01be 0155 0056 0016 0e3d
Enter	0000 006c 0032 0002 0155 00ab 0016 0015 0016 0015 0016 0015 0016 0040 0016 0040 0016 0015 0016 0015 0016 0015 0016 0040 0016 0040 0016 0040 0016 0015 0016 0040 0016 0040 0016 0040 0016 0040 0016 0040 0016 0040 0016 0040 0016 0015 0016 0040 0016 0015 0016 0015 0016 0015 0016 0015 0016 0015 0016 0015 0016 0040 0016 0015 0016 0040 0016 0040 0016 0040 0016 0040 0016 0040 0016 0040 0016 0040 0016 0040 0016 0040 0016 0040 0016 0040 0016 0015 0016 0015 0016 0015 0016 0015 0016 0015 0016 0015 0016 0015 0016 0015 0016 01be 0155 0056 0016 0e3d
Up	0000 006c 0032 0002 0155 00ab 0016 0015 0016 0015 0016 0015 0016 0040 0016 0040 0016 0015 0016 0015 0016 0015 0016 0040 0016 0040 0016 0040 0016 0015 0016 0040 0016 0040 0016 0040 0016 0040 0016 0015 0016 0015 0016 0040 0016 0040 0016 0040 0016 0015 0016 0040 0016 0015 0016 0040 0016 0040 0016 0015 0016 0015 0016 0015 0016 0040 0016 0015 0016 0040 0016 0040 0016 0040 0016 0040 0016 0040 0016 0040 0016 0040 0016 0040 0016 0040 0016 0015 0016 0015 0016 0015 0016 0015 0016 0015 0016 0015 0016 0015 0016 0015 0016 01be 0155 0056 0016 0e3d
Down	0000 006c 0032 0002 0155 00ab 0016 0015 0016 0015 0016 0015 0016 0040 0016 0040 0016 0015 0016 0015 0016 0015 0016 0040 0016 0040 0016 0040 0016 0015 0016 0040 0016 0040 0016 0040 0016 0040 0016 0040 0016 0015 0016 0040 0016 0040 0016 0040 0016 0015 0016 0040 0016 0015 0016 0015 0016 0040 0016 0015 0016 0015 0016 0015 0016 0040 0016 0015 0016 0040 0016 0040 0016 0040 0016 0040 0016 0040 0016 0040 0016 0040 0016 0040 0016 0040 0016 0015 0016 0015 0016 0015 0016 0015 0016 0015 0016 0015 0016 0015 0016 0015 0016 01be 0155 0056 0016 0e3d
Left	0000 006c 0032 0002 0155 00ab 0016 0015 0016 0015 0016 0015 0016 0040 0016 0040 0016 0015 0016 0015 0016 0015 0016 0040 0016 0040 0016 0040 0016 0015 0016 0040 0016 0040 0016 0040 0016 0040 0016 0040 0016 0040 0016 0040 0016 0040 0016 0040 0016 0015 0016 0040 0016 0015 0016 0015 0016 0015 0016 0015 0016 0015 0016 0015 0016 0040 0016 0015 0016 0040 0016 0040 0016 0040 0016 0040 0016 0040 0016 0040 0016 0040 0016 0040 0016 0040 0016 0015 0016 0015 0016 0015 0016 0015 0016 0015 0016 0015 0016 0015 0016 0015 0016 01be 0155 0056 0016 0e3d
Right	0000 006c 0032 0002 0155 00ab 0016 0015 0016 0015 0016 0015 0016 0040 0016 0040 0016 0015 0016 0015 0016 0015 0016 0040 0016 0040 0016 0040 0016 0015 0016 0040 0016 0040 0016 0040 0016 0040 0016 0015 0016 0040 0016 0040 0016 0040 0016 0040 0016 0015 0016 0040 0016 0015 0016 0040 0016 0015 0016 0015 0016 0015 0016 0015 0016 0040 0016 0015 0016 0040 0016 0040 0016 0040 0016 0040 0016 0040 0016 0040 0016 0040 0016 0040 0016 0040 0016 0015 0016 0015 0016 0015 0016 0015 0016 0015 0016 0015 0016 0015 0016 0015 0016 01be 0155 0056 0016 0e3d
Blank	0000 006c 0032 0002 0155 00ab 0016 0015 0016 0015 0016 0015 0016 0040 0016 0040 0016 0015 0016 0015 0016 0015 0016 0040 0016 0040 0016 0040 0016 0015 0016 0040 0016 0040 0016 0040 0016 0040 0016 0040 0016 0040 0016 0040 0016 0015 0016 0015 0016 0015 0016 0040 0016 0015 0016 0015 0016 0015 0016 0015 0016 0040 0016 0040 0016 0040 0016 0015 0016 0040 0016 0040 0016 0040 0016 0040 0016 0040 0016 0040 0016 0040 0016 0040 0016 0040 0016 0015 0016 0015 0016 0015 0016 0015 0016 0015 0016 0015 0016 0015 0016 0015 0016 01be 0155 0056 0016 0e3d
Operate	0000 006c 0032 0002 0155 00ab 0016 0015 0016 0015 0016 0015 0016 0040 0016 0040 0016 0015 0016 0015 0016 0015 0016 0040 0016 0040 0016 0040 0016 0015 0016 0040 0016 0040 0016 0040 0016 0040 0016 0015 0016 0040 0016 0040 0016 0015 0016 0015 0016 0015 0016 0015 0016 0015 0016 0040 0016 0015 0016 0015 0016 0040 0016 0040 0016 0040 0016 0040 0016 0040 0016 0040 0016 0040 0016 0040 0016 0040 0016 0040 0016 0040 0016 0040 0016 0040 0016 0015 0016 0015 0016 0015 0016 0015 0016 0015 0016 0015 0016 0015 0016 0015 0016 01be 0155 0056 0016 0e3d
Adjust	0000 006c 0032 0002 0155 00ab 0016 0015 0016 0015 0016 0015 0016 0040 0016 0040 0016 0015 0016 0015 0016 0015 0016 0040 0016 0040 0016 0040 0016 0015 0016 0040 0016 0040 0016 0040 0016 0040 0016 0015 0016 0040 0016 0015 0016 0015 0016 0015 0016 0015 0016 0040 0016 0015 0016 0040 0016 0015 0016 0040 0016 0040 0016 0040 0016 0040 0016 0015 0016 0040 0016 0040 0016 0040 0016 0040 0016 0040 0016 0040 0016 0040 0016 0040 0016 0040 0016 0015 0016 0015 0016 0015 0016 0015 0016 0015 0016 0015 0016 0015 0016 0015 0016 01be 0155 0056 0016 0e3d
Pic Function	0000 006c 0032 0002 0155 00ab 0016 0015 0016 0015 0016 0015 0016 0040 0016 0040 0016 0015 0016 0015 0016 0015 0016 0040 0016 0040 0016 0040 0016 0015 0016 0040 0016 0040 0016 0040 0016 0040 0016 0015 0016 0040 0016 0040 0016 0015 0016 0015 0016 0015 0016 0040 0016 0015 0016 0040 0016 0015 0016 0015 0016 0040 0016 0040 0016 0040 0016 0015 0016 0040 0016 0040 0016 0040 0016 0040 0016 0040 0016 0040 0016 0040 0016 0040 0016 0040 0016 0015 0016 0015 0016 0015 0016 0015 0016 0015 0016 0015 0016 0015 0016 0015 0016 01be 0155 0056 0016 0e3d
Sound Func	0000 006c 0032 0002 0155 00ab 0016 0015 0016 0015 0016 0015 0016 0040 0016 0040 0016 0015 0016 0015 0016 0015 0016 0040 0016 0040 0016 0040 0016 0015 0016 0040 0016 0040 0016 0040 0016 0040 0016 0015 0016 0015 0016 0040 0016 0015 0016 0015 0016 0015 0016 0040 0016 0015 0016 0040 0016 0040 0016 0015 0016 0040 0016 0040 0016 0040 0016 0015 0016 0040 0016 0040 0016 0040 0016 0040 0016 0040 0016 0040 0016 0040 0016 0040 0016 0040 0016 0015 0016 0015 0016 0015 0016 0015 0016 0015 0016 0015 0016 0015 0016 0015 0016 01be 0155 0056 0016 0e3d
Sound Mute	0000 006c 0032 0002 0155 00ab 0016 0015 0016 0015 0016 0015 0016 0040 0016 0040 0016 0015 0016 0015 0016 0015 0016 0040 0016 0040 0016 0040 0016 0015 0016 0040 0016 0040 0016 0040 0016 0040 0016 0040 0016 0015 0016 0040 0016 0015 0016 0015 0016 0015 0016 0040 0016 0015 0016 0015 0016 0040 0016 0015 0016 0040 0016 0040 0016 0040 0016 0015 0016 0040 0016 0040 0016 0040 0016 0040 0016 0040 0016 0040 0016 0040 0016 0040 0016 0040 0016 0015 0016 0015 0016 0015 0016 0015 0016 0015 0016 0015 0016 0015 0016 0015 0016 01be 0155 0056 0016 0e3d
Help	0000 006c 0032 0002 0155 00ab 0016 0015 0016 0015 0016 0015 0016 0040 0016 0040 0016 0015 0016 0015 0016 0015 0016 0040 0016 0040 0016 0040 0016 0015 0016 0040 0016 0040 0016 0040 0016 0040 0016 0040 0016 0040 0016 0015 0016 0015 0016 0040 0016 0015 0016 0015 0016 0015 0016 0015 0016 0015 0016 0040 0016 0040 0016 0015 0016 0040 0016 0040 0016 0040 0016 0040 0016 0040 0016 0040 0016 0040 0016 0040 0016 0040 0016 0040 0016 0040 0016 0015 0016 0015 0016 0015 0016 0015 0016 0015 0016 0015 0016 0015 0016 0015 0016 01be 0155 0056 0016 0e3d
Info	0000 006c 0032 0002 0155 00ab 0016 0015 0016 0015 0016 0015 0016 0040 0016 0040 0016 0015 0016 0015 0016 0015 0016 0040 0016 0040 0016 0040 0016 0015 0016 0040 0016 0040 0016 0040 0016 0040 0016 0040 0016 0040 0016 0040 0016 0040 0016 0015 0016 0015 0016 0040 0016 0015 0016 0015 0016 0015 0016 0015 0016 0015 0016 0040 0016 0040 0016 0015 0016 0040 0016 0040 0016 0040 0016 0040 0016 0040 0016 0040 0016 0040 0016 0040 0016 0040 0016 0015 0016 0015 0016 0015 0016 0015 0016 0015 0016 0015 0016 0015 0016 0015 0016 01be 0155 0056 0016 0e3d
Input List	0000 006c 0032 0002 0155 00ab 0016 0015 0016 0015 0016 0015 0016 0040 0016 0040 0016 0015 0016 0015 0016 0015 0016 0040 0016 0040 0016 0040 0016 0015 0016 0040 0016 0040 0016 0040 0016 0040 0016 0040 0016 0015 0016 0040 0016 0040 0016 0015 0016 0015 0016 0040 0016 0015 0016 0015 0016 0040 0016 0015 0016 0015 0016 0040 0016 0040 0016 0015 0016 0040 0016 0040 0016 0040 0016 0040 0016 0040 0016 0040 0016 0040 0016 0040 0016 0040 0016 0015 0016 0015 0016 0015 0016 0015 0016 0015 0016 0015 0016 0015 0016 0015 0016 01be 0155 0056 0016 0e3d
Display	0000 006c 0032 0002 0155 00ab 0016 0015 0016 0015 0016 0015 0016 0040 0016 0040 0016 0015 0016 0015 0016 0015 0016 0040 0016 0040 0016 0040 0016 0015 0016 0040 0016 0040 0016 0040 0016 0040 0016 0040 0016 0040 0016 0040 0016 0015 0016 0015 0016 0015 0016 0015 0016 0015 0016 0015 0016 0015 0016 0015 0016 0040 0016 0040 0016 0040 0016 0040 0016 0040 0016 0040 0016 0040 0016 0040 0016 0040 0016 0040 0016 0040 0016 0040 0016 0040 0016 0015 0016 0015 0016 0015 0016 0015 0016 0015 0016 0015 0016 0015 0016 0015 0016 01be 0155 0056 0016 0e3d
Focus	0000 006c 0032 0002 0155 00ab 0016 0015 0016 0015 0016 0015 0016 0040 0016 0040 0016 0015 0016 0015 0016 0015 0016 0040 0016 0040 0016 0040 0016 0015 0016 0040 0016 0040 0016 0040 0016 0040 0016 0015 0016 0040 0016 0040 0016 0040 0016 0015 0016 0015 0016 0040 0016 0015 0016 0040 0016 0015 0016 0015 0016 0015 0016 0040 0016 0040 0016 0015 0016 0040 0016 0040 0016 0040 0016 0040 0016 0040 0016 0040 0016 0040 0016 0040 0016 0040 0016 0015 0016 0015 0016 0015 0016 0015 0016 0015 0016 0015 0016 0015 0016 0015 0016 01be 0155 0056 0016 0e3d
Position	0000 006c 0032 0002 0155 00ab 0016 0015 0016 0015 0016 0015 0016 0040 0016 0040 0016 0015 0016 0015 0016 0015 0016 0040 0016 0040 0016 0040 0016 0015 0016 0040 0016 0040 0016 0040 0016 0040 0016 0040 0016 0040 0016 0015 0016 0040 0016 0015 0016 0015 0016 0040 0016 0015 0016 0015 0016 0015 0016 0040 0016 0015 0016 0040 0016 0040 0016 0015 0016 0040 0016 0040 0016 0040 0016 0040 0016 0040 0016 0040 0016 0040 0016 0040 0016 0040 0016 0015 0016 0015 0016 0015 0016 0015 0016 0015 0016 0015 0016 0015 0016 0015 0016 01be 0155 0056 0016 0e3d
Kelvin	0000 006c 0032 0002 0155 00ab 0016 0015 0016 0015 0016 0015 0016 0040 0016 0040 0016 0015 0016 0015 0016 0015 0016 0040 0016 0040 0016 0040 0016 0015 0016 0040 0016 0040 0016 0040 0016 0040 0016 0040 0016 0015 0016 0040 0016 0040 0016 0015 0016 0015 0016 0015 0016 0015 0016 0015 0016 0040 0016 0015 0016 0015 0016 0040 0016 0040 0016 0040 0016 0040 0016 0040 0016 0040 0016 0040 0016 0040 0016 0040 0016 0040 0016 0040 0016 0040 0016 0015 0016 0015 0016 0015 0016 0015 0016 0015 0016 0015 0016 0015 0016 0015 0016 01be 0155 0056 0016 0e3d
Static	0000 006c 0032 0002 0155 00ab 0016 0015 0016 0015 0016 0015 0016 0040 0016 0040 0016 0015 0016 0015 0016 0015 0016 0040 0016 0040 0016 0040 0016 0015 0016 0040 0016 0040 0016 0040 0016 0040 0016 0040 0016 0015 0016 0040 0016 0015 0016 0040 0016 0015 0016 0015 0016 0015 0016 0015 0016 0040 0016 0015 0016 0040 0016 0015 0016 0040 0016 0040 0016 0040 0016 0040 0016 0040 0016 0040 0016 0040 0016 0040 0016 0040 0016 0040 0016 0040 0016 0015 0016 0015 0016 0015 0016 0015 0016 0015 0016 0015 0016 0015 0016 0015 0016 01be 0155 0056 0016 0e3d
Point	0000 006c 0032 0002 0155 00ab 0016 0015 0016 0015 0016 0015 0016 0040 0016 0040 0016 0015 0016 0015 0016 0015 0016 0040 0016 0040 0016 0040 0016 0015 0016 0040 0016 0040 0016 0040 0016 0040 0016 0015 0016 0040 0016 0015 0016 0040 0016 0015 0016 0015 0016 0015 0016 0015 0016 0040 0016 0015 0016 0040 0016 0015 0016 0040 0016 0040 0016 0040 0016 0040 0016 0040 0016 0040 0016 0040 0016 0040 0016 0040 0016 0040 0016 0040 0016 0040 0016 0015 0016 0015 0016 0015 0016 0015 0016 0015 0016 0015 0016 0015 0016 0015 0016 01be 0155 0056 0016 0e3d
R	0000 006c 0032 0002 0155 00ab 0016 0015 0016 0015 0016 0015 0016 0040 0016 0040 0016 0015 0016 0015 0016 0015 0016 0040 0016 0040 0016 0040 0016 0015 0016 0040 0016 0040 0016 0040 0016 0040 0016 0015 0016 0015 0016 0015 0016 0015 0016 0015 0016 0015 0016 0015 0016 0015 0016 0040 0016 0040 0016 0040 0016 0040 0016 0040 0016 0040 0016 0040 0016 0040 0016 0040 0016 0040 0016 0040 0016 0040 0016 0040 0016 0040 0016 0040 0016 0040 0016 0015 0016 0015 0016 0015 0016 0015 0016 0015 0016 0015 0016 0015 0016 0015 0016 01be 0155 0056 0016 0e3d
G	0000 006c 0032 0002 0155 00ab 0016 0015 0016 0015 0016 0015 0016 0040 0016 0040 0016 0015 0016 0015 0016 0015 0016 0040 0016 0040 0016 0040 0016 0015 0016 0040 0016 0040 0016 0040 0016 0040 0016 0040 0016 0015 0016 0015 0016 0015 0016 0015 0016 0015 0016 0015 0016 0015 0016 0015 0016 0040 0016 0040 0016 0040 0016 0040 0016 0040 0016 0040 0016 0040 0016 0040 0016 0040 0016 0040 0016 0040 0016 0040 0016 0040 0016 0040 0016 0040 0016 0015 0016 0015 0016 0015 0016 0015 0016 0015 0016 0015 0016 0015 0016 0015 0016 01be 0155 0056 0016 0e3d
B	0000 006c 0032 0002 0155 00ab 0016 0015 0016 0015 0016 0015 0016 0040 0016 0040 0016 0015 0016 0015 0016 0015 0016 0040 0016 0040 0016 0040 0016 0015 0016 0040 0016 0040 0016 0040 0016 0040 0016 0015 0016 0040 0016 0015 0016 0015 0016 0015 0016 0015 0016 0015 0016 0015 0016 0040 0016 0015 0016 0040 0016 0040 0016 0040 0016 0040 0016 0040 0016 0040 0016 0040 0016 0040 0016 0040 0016 0040 0016 0040 0016 0040 0016 0040 0016 0040 0016 0015 0016 0015 0016 0015 0016 0015 0016 0015 0016 0015 0016 0015 0016 0015 0016 01be 0155 0056 0016 0e3d
Tilt	0000 006c 0032 0002 0155 00ab 0016 0015 0016 0015 0016 0015 0016 0040 0016 0040 0016 0015 0016 0015 0016 0015 0016 0040 0016 0040 0016 0040 0016 0015 0016 0040 0016 0040 0016 0040 0016 0040 0016 0015 0016 0015 0016 0015 0016 0015 0016 0040 0016 0015 0016 0040 0016 0015 0016 0040 0016 0040 0016 0040 0016 0040 0016 0015 0016 0040 0016 0015 0016 0040 0016 0040 0016 0040 0016 0040 0016 0040 0016 0040 0016 0040 0016 0040 0016 0040 0016 0015 0016 0015 0016 0015 0016 0015 0016 0015 0016 0015 0016 0015 0016 0015 0016 01be 0155 0056 0016 0e3d
Phase	0000 006c 0032 0002 0155 00ab 0016 0015 0016 0015 0016 0015 0016 0040 0016 0040 0016 0015 0016 0015 0016 0015 0016 0040 0016 0040 0016 0040 0016 0015 0016 0040 0016 0040 0016 0040 0016 0040 0016 0040 0016 0015 0016 0015 0016 0015 0016 0040 0016 0015 0016 0040 0016 0015 0016 0015 0016 0040 0016 0040 0016 0040 0016 0015 0016 0040 0016 0015 0016 0040 0016 0040 0016 0040 0016 0040 0016 0040 0016 0040 0016 0040 0016 0040 0016 0040 0016 0015 0016 0015 0016 0015 0016 0015 0016 0015 0016 0015 0016 0015 0016 0015 0016 01be 0155 0056 0016 0e3d
Bow	0000 006c 0032 0002 0155 00ab 0016 0015 0016 0015 0016 0015 0016 0040 0016 0040 0016 0015 0016 0015 0016 0015 0016 0040 0016 0040 0016 0040 0016 0015 0016 0040 0016 0040 0016 0040 0016 0040 0016 0015 0016 0040 0016 0015 0016 0015 0016 0040 0016 0015 0016 0040 0016 0015 0016 0040 0016 0015 0016 0040 0016 0040 0016 0015 0016 0040 0016 0015 0016 0040 0016 0040 0016 0040 0016 0040 0016 0040 0016 0040 0016 0040 0016 0040 0016 0040 0016 0015 0016 0015 0016 0015 0016 0015 0016 0015 0016 0015 0016 0015 0016 0015 0016 01be 0155 0056 0016 0e3d
Address	0000 006c 0032 0002 0155 00ab 0016 0015 0016 0015 0016 0015 0016 0040 0016 0040 0016 0015 0016 0015 0016 0015 0016 0040 0016 0040 0016 0040 0016 0015 0016 0040 0016 0040 0016 0040 0016 0040 0016 0040 0016 0015 0016 0015 0016 0040 0016 0015 0016 0015 0016 0040 0016 0015 0016 0015 0016 0040 0016 0040 0016 0015 0016 0040 0016 0040 0016 0015 0016 0040 0016 0040 0016 0040 0016 0040 0016 0040 0016 0040 0016 0040 0016 0040 0016 0040 0016 0015 0016 0015 0016 0015 0016 0015 0016 0015 0016 0015 0016 0015 0016 0015 0016 01be 0155 0056 0016 0e3d
Amplit	0000 006c 0032 0002 0155 00ab 0016 0015 0016 0015 0016 0015 0016 0040 0016 0040 0016 0015 0016 0015 0016 0015 0016 0040 0016 0040 0016 0040 0016 0015 0016 0040 0016 0040 0016 0040 0016 0040 0016 0015 0016 0015 0016 0040 0016 0015 0016 0040 0016 0015 0016 0040 0016 0015 0016 0040 0016 0040 0016 0015 0016 0040 0016 0015 0016 0040 0016 0015 0016 0040 0016 0040 0016 0040 0016 0040 0016 0040 0016 0040 0016 0040 0016 0040 0016 0040 0016 0015 0016 0015 0016 0015 0016 0015 0016 0015 0016 0015 0016 0015 0016 0015 0016 01be 0155 0056 0016 0e3d
Linear	0000 006c 0032 0002 0155 00ab 0016 0015 0016 0015 0016 0015 0016 0040 0016 0040 0016 0015 0016 0015 0016 0015 0016 0040 0016 0040 0016 0040 0016 0015 0016 0040 0016 0040 0016 0040 0016 0040 0016 0015 0016 0040 0016 0040 0016 0015 0016 0040 0016 0015 0016 0040 0016 0015 0016 0040 0016 0015 0016 0015 0016 0040 0016 0015 0016 0040 0016 0015 0016 0040 0016 0040 0016 0040 0016 0040 0016 0040 0016 0040 0016 0040 0016 0040 0016 0040 0016 0015 0016 0015 0016 0015 0016 0015 0016 0015 0016 0015 0016 0015 0016 0015 0016 01be 0155 0056 0016 0e3d
Keystn	0000 006c 0032 0002 0155 00ab 0016 0015 0016 0015 0016 0015 0016 0040 0016 0040 0016 0015 0016 0015 0016 0015 0016 0040 0016 0040 0016 0040 0016 0015 0016 0040 0016 0040 0016 0040 0016 0040 0016 0015 0016 0015 0016 0015 0016 0040 0016 0040 0016 0015 0016 0040 0016 0015 0016 0040 0016 0040 0016 0040 0016 0015 0016 0015 0016 0040 0016 0015 0016 0040 0016 0040 0016 0040 0016 0040 0016 0040 0016 0040 0016 0040 0016 0040 0016 0040 0016 0015 0016 0015 0016 0015 0016 0015 0016 0015 0016 0015 0016 0015 0016 0015 0016 01be 0155 0056 0016 0e3d
Pincus	0000 006c 0032 0002 0155 00ab 0016 0015 0016 0015 0016 0015 0016 0040 0016 0040 0016 0015 0016 0015 0016 0015 0016 0040 0016 0040 0016 0040 0016 0015 0016 0040 0016 0040 0016 0040 0016 0040 0016 0015 0016 0040 0016 0015 0016 0040 0016 0040 0016 0015 0016 0040 0016 0015 0016 0040 0016 0015 0016 0040 0016 0015 0016 0015 0016 0040 0016 0015 0016 0040 0016 0040 0016 0040 0016 0040 0016 0040 0016 0040 0016 0040 0016 0040 0016 0040 0016 0015 0016 0015 0016 0015 0016 0015 0016 0015 0016 0015 0016 0015 0016 0015 0016 01be 0155 0056 0016 0e3d
Normal	0000 006c 0032 0002 0155 00ab 0016 0015 0016 0015 0016 0015 0016 0040 0016 0040 0016 0015 0016 0015 0016 0015 0016 0040 0016 0040 0016 0040 0016 0015 0016 0040 0016 0040 0016 0040 0016 0040 0016 0040 0016 0040 0016 0015 0016 0040 0016 0040 0016 0015 0016 0040 0016 0015 0016 0015 0016 0015 0016 0040 0016 0015 0016 0015 0016 0040 0016 0015 0016 0040 0016 0040 0016 0040 0016 0040 0016 0040 0016 0040 0016 0040 0016 0040 0016 0040 0016 0015 0016 0015 0016 0015 0016 0015 0016 0015 0016 0015 0016 0015 0016 0015 0016 01be 0155 0056 0016 0e3d
End	0000 006c 0032 0002 0155 00ab 0016 0015 0016 0015 0016 0015 0016 0040 0016 0040 0016 0015 0016 0015 0016 0015 0016 0040 0016 0040 0016 0040 0016 0015 0016 0040 0016 0040 0016 0040 0016 0040 0016 0040 0016 0015 0016 0015 0016 0040 0016 0015 0016 0015 0016 0015 0016 0015 0016 0015 0016 0040 0016 0040 0016 0015 0016 0040 0016 0040 0016 0040 0016 0040 0016 0040 0016 0040 0016 0040 0016 0040 0016 0040 0016 0040 0016 0040 0016 0040 0016 0015 0016 0015 0016 0015 0016 0015 0016 0015 0016 0015 0016 0015 0016 0015 0016 01be 0155 0056 0016 0e3d
Store	0000 006c 0032 0002 0155 00ab 0016 0015 0016 0015 0016 0015 0016 0040 0016 0040 0016 0015 0016 0015 0016 0015 0016 0040 0016 0040 0016 0040 0016 0015 0016 0040 0016 0040 0016 0040 0016 0040 0016 0015 0016 0040 0016 0015 0016 0015 0016 0040 0016 0015 0016 0015 0016 0015 0016 0040 0016 0015 0016 0040 0016 0040 0016 0015 0016 0040 0016 0040 0016 0040 0016 0040 0016 0040 0016 0040 0016 0040 0016 0040 0016 0040 0016 0040 0016 0040 0016 0015 0016 0015 0016 0015 0016 0015 0016 0015 0016 0015 0016 0015 0016 0015 0016 01be 0155 0056 0016 0e3d
