Power On	0000 006c 0032 0002 0155 00ab 0016 0015 0016 0015 0016 0015 0016 0040 0016 0040 0016 0015 0016 0015 0016 0015 0016 0040 0016 0040 0016 0040 0016 0015 0016 0040 0016 0040 0016 0040 0016 0040 0016 0015 0016 0015 0016 0015 0016 0040 0016 0015 0016 0015 0016 0015 0016 0015 0016 0040 0016 0040 0016 0040 0016 0015 0016 0040 0016 0040 0016 0040 0016 0040 0016 0040 0016 0040 0016 0040 0016 0040 0016 0040 0016 0040 0016 0040 0016 0040 0016 0015 0016 0015 0016 0015 0016 0015 0016 0015 0016 0015 0016 0015 0016 0015 0016 01be 0155 0056 0016 0e3d
Power Off	0000 006c 0032 0002 0155 00ab 0016 0015 0016 0015 0016 0015 0016 0040 0016 0040 0016 0015 0016 0015 0016 0015 0016 0040 0016 0040 0016 0040 0016 0015 0016 0040 0016 0040 0016 0040 0016 0040 0016 0015 0016 0015 0016 0040 0016 0015 0016 0040 0016 0015 0016 0015 0016 0015 0016 0040 0016 0040 0016 0015 0016 0040 0016 0015 0016 0040 0016 0040 0016 0040 0016 0040 0016 0040 0016 0040 0016 0040 0016 0040 0016 0040 0016 0040 0016 0040 0016 0015 0016 0015 0016 0015 0016 0015 0016 0015 0016 0015 0016 0015 0016 0015 0016 01be 0155 0056 0016 0e3d
1	0000 006c 0032 0002 0155 00ab 0016 0015 0016 0015 0016 0015 0016 0040 0016 0040 0016 0015 0016 0015 0016 0015 0016 0040 0016 0040 0016 0040 0016 0015 0016 0040 0016 0040 0016 0040 0016 0040 0016 0015 0016 0015 0016 0015 0016 0040 0016 0040 0016 0015 0016 0015 0016 0015 0016 0040 0016 0040 0016 0040 0016 0015 0016 0015 0016 0040 0016 0040 0016 0040 0016 0040 0016 0040 0016 0040 0016 0040 0016 0040 0016 0040 0016 0040 0016 0040 0016 0015 0016 0015 0016 0015 0016 0015 0016 0015 0016 0015 0016 0015 0016 0015 0016 01be 0155 0056 0016 0e3d
2	0000 006c 0032 0002 0155 00ab 0016 0015 0016 0015 0016 0015 0016 0040 0016 0040 0016 0015 0016 0015 0016 0015 0016 0040 0016 0040 0016 0040 0016 0015 0016 0040 0016 0040 0016 0040 0016 0040 0016 0040 0016 0015 0016 0015 0016 0040 0016 0040 0016 0015 0016 0015 0016 0015 0016 0015 0016 0040 0016 0040 0016 0015 0016 0015 0016 0040 0016 0040 0016 0040 0016 0040 0016 0040 0016 0040 0016 0040 0016 0040 0016 0040 0016 0040 0016 0040 0016 0015 0016 0015 0016 0015 0016 0015 0016 0015 0016 0015 0016 0015 0016 0015 0016 01be 0155 0056 0016 0e3d
3	0000 006c 0032 0002 0155 00ab 0016 0015 0016 0015 0016 0015 0016 0040 0016 0040 0016 0015 0016 0015 0016 0015 0016 0040 0016 0040 0016 0040 0016 0015 0016 0040 0016 0040 0016 0040 0016 0040 0016 0015 0016 0040 0016 0015 0016 0040 0016 0040 0016 0015 0016 0015 0016 0015 0016 0040 0016 0015 0016 0040 0016 0015 0016 0015 0016 0040 0016 0040 0016 0040 0016 0040 0016 0040 0016 0040 0016 0040 0016 0040 0016 0040 0016 0040 0016 0040 0016 0015 0016 0015 0016 0015 0016 0015 0016 0015 0016 0015 0016 0015 0016 0015 0016 01be 0155 0056 0016 0e3d
4	0000 006c 0032 0002 0155 00ab 0016 0015 0016 0015 0016 0015 0016 0040 0016 0040 0016 0015 0016 0015 0016 0015 0016 0040 0016 0040 0016 0040 0016 0015 0016 0040 0016 0040 0016 0040 0016 0040 0016 0040 0016 0040 0016 0015 0016 0040 0016 0040 0016 0015 0016 0015 0016 0015 0016 0015 0016 0015 0016 0040 0016 0015 0016 0015 0016 0040 0016 0040 0016 0040 0016 0040 0016 0040 0016 0040 0016 0040 0016 0040 0016 0040 0016 0040 0016 0040 0016 0015 0016 0015 0016 0015 0016 0015 0016 0015 0016 0015 0016 0015 0016 0015 0016 01be 0155 0056 0016 0e3d
5	0000 006c 0032 0002 0155 00ab 0016 0015 0016 0015 0016 0015 0016 0040 0016 0040 0016 0015 0016 0015 0016 0015 0016 0040 0016 0040 0016 0040 0016 0015 0016 0040 0016 0040 0016 0040 0016 0040 0016 0015 0016 0015 0016 0040 0016 0040 0016 0040 0016 0015 0016 0015 0016 0015 0016 0040 0016 0040 0016 0015 0016 0015 0016 0015 0016 0040 0016 0040 0016 0040 0016 0040 0016 0040 0016 0040 0016 0040 0016 0040 0016 0040 0016 0040 0016 0040 0016 0015 0016 0015 0016 0015 0016 0015 0016 0015 0016 0015 0016 0015 0016 0015 0016 01be 0155 0056 0016 0e3d
6	0000 006c 0032 0002 0155 00ab 0016 0015 0016 0015 0016 0015 0016 0040 0016 0040 0016 0015 0016 0015 0016 0015 0016 0040 0016 0040 0016 0040 0016 0015 0016 0040 0016 0040 0016 0040 0016 0040 0016 0040 0016 0015 0016 0040 0016 0040 0016 0040 0016 0015 0016 0015 0016 0015 0016 0015 0016 0040 0016 0015 0016 0015 0016 0015 0016 0040 0016 0040 0016 0040 0016 0040 0016 0040 0016 0040 0016 0040 0016 0040 0016 0040 0016 0040 0016 0040 0016 0015 0016 0015 0016 0015 0016 0015 0016 0015 0016 0015 0016 0015 0016 0015 0016 01be 0155 0056 0016 0e3d
7	0000 006c 0032 0002 0155 00ab 0016 0015 0016 0015 0016 0015 0016 0040 0016 0040 0016 0015 0016 0015 0016 0015 0016 0040 0016 0040 0016 0040 0016 0015 0016 0040 0016 0040 0016 0040 0016 0040 0016 0015 0016 0040 0016 0040 0016 0040 0016 0040 0016 0015 0016 0015 0016 0015 0016 0040 0016 0015 0016 0015 0016 0015 0016 0015 0016 0040 0016 0040 0016 0040 0016 0040 0016 0040 0016 0040 0016 0040 0016 0040 0016 0040 0016 0040 0016 0040 0016 0015 0016 0015 0016 0015 0016 0015 0016 0015 0016 0015 0016 0015 0016 0015 0016 01be 0155 0056 0016 0e3d
8	0000 006c 0032 0002 0155 00ab 0016 0015 0016 0015 0016 0015 0016 0040 0016 0040 0016 0015 0016 0015 0016 0015 0016 0040 0016 0040 0016 0040 0016 0015 0016 0040 0016 0040 0016 0040 0016 0040 0016 0040 0016 0040 0016 0040 0016 0040 0016 0040 0016 0015 0016 0015 0016 0015 0016 0015 0016 0015 0016 0015 0016 0015 0016 0015 0016 0040 0016 0040 0016 0040 0016 0040 0016 0040 0016 0040 0016 0040 0016 0040 0016 0040 0016 0040 0016 0040 0016 0015 0016 0015 0016 0015 0016 0015 0016 0015 0016 0015 0016 0015 0016 0015 0016 01be 0155 0056 0016 0e3d
9	0000 006c 0032 0002 0155 00ab 0016 0015 0016 0015 0016 0015 0016 0040 0016 0040 0016 0015 0016 0015 0016 0015 0016 0040 0016 0040 0016 0040 0016 0015 0016 0040 0016 0040 0016 0040 0016 0040 0016 0015 0016 0015 0016 0015 0016 0015 0016 0015 0016 0015 0016 0040 0016 0015 0016 0040 0016 0040 0016 0040 0016 0040 0016 0040 0016 0040 0016 0015 0016 0040 0016 0040 0016 0040 0016 0040 0016 0040 0016 0040 0016 0040 0016 0040 0016 0040 0016 0015 0016 0015 0016 0015 0016 0015 0016 0015 0016 0015 0016 0015 0016 0015 0016 01be 0155 0056 0016 0e3d
10	0000 006c 0032 0002 0155 00ab 0016 0015 0016 0015 0016 0015 0016 0040 0016 0040 0016 0015 0016 0015 0016 0015 0016 0040 0016 0040 0016 0040 0016 0015 0016 0040 0016 0040 0016 0040 0016 0040 0016 0040 0016 0015 0016 0015 0016 0015 0016 0015 0016 0015 0016 0040 0016 0015 0016 0015 0016 0040 0016 0040 0016 0040 0016 0040 0016 0040 0016 0015 0016 0040 0016 0040 0016 0040 0016 0040 0016 0040 0016 0040 0016 0040 0016 0040 0016 0040 0016 0015 0016 0015 0016 0015 0016 0015 0016 0015 0016 0015 0016 0015 0016 0015 0016 01be 0155 0056 0016 0e3d
Caption	0000 006c 0032 0002 0155 00ab 0016 0015 0016 0015 0016 0015 0016 0040 0016 0040 0016 0015 0016 0015 0016 0015 0016 0040 0016 0040 0016 0040 0016 0015 0016 0040 0016 0040 0016 0040 0016 0040 0016 0015 0016 0040 0016 0015 0016 0040 0016 0015 0016 0015 0016 0040 0016 0015 0016 0040 0016 0015 0016 0040 0016 0015 0016 0040 0016 0040 0016 0015 0016 0040 0016 0040 0016 0040 0016 0040 0016 0040 0016 0040 0016 0040 0016 0040 0016 0040 0016 0015 0016 0015 0016 0015 0016 0015 0016 0015 0016 0015 0016 0015 0016 0015 0016 01be 0155 0056 0016 0e3d
Enter	0000 006c 0032 0002 0155 00ab 0016 0015 0016 0015 0016 0015 0016 0040 0016 0040 0016 0015 0016 0015 0016 0015 0016 0040 0016 0040 0016 0040 0016 0015 0016 0040 0016 0040 0016 0040 0016 0040 0016 0040 0016 0040 0016 0040 0016 0015 0016 0040 0016 0015 0016 0015 0016 0015 0016 0015 0016 0015 0016 0015 0016 0040 0016 0015 0016 0040 0016 0040 0016 0040 0016 0040 0016 0040 0016 0040 0016 0040 0016 0040 0016 0040 0016 0040 0016 0040 0016 0015 0016 0015 0016 0015 0016 0015 0016 0015 0016 0015 0016 0015 0016 0015 0016 01be 0155 0056 0016 0e3d
Up	0000 006c 0032 0002 0155 00ab 0016 0015 0016 0015 0016 0015 0016 0040 0016 0040 0016 0015 0016 0015 0016 0015 0016 0040 0016 0040 0016 0040 0016 0015 0016 0040 0016 0040 0016 0040 0016 0040 0016 0015 0016 0015 0016 0040 0016 0040 0016 0040 0016 0015 0016 0040 0016 0015 0016 0040 0016 0040 0016 0015 0016 0015 0016 0015 0016 0040 0016 0015 0016 0040 0016 0040 0016 0040 0016 0040 0016 0040 0016 0040 0016 0040 0016 0040 0016 0040 0016 0015 0016 0015 0016 0015 0016 0015 0016 0015 0016 0015 0016 0015 0016 0015 0016 01be 0155 0056 0016 0e3d
Down	0000 006c 0032 0002 0155 00ab 0016 0015 0016 0015 0016 0015 0016 0040 0016 0040 0016 0015 0016 0015 0016 0015 0016 0040 0016 0040 0016 0040 0016 0015 0016 0040 0016 0040 0016 0040 0016 0040 0016 0040 0016 0015 0016 0040 0016 0040 0016 0040 0016 0015 0016 0040 0016 0015 0016 0015 0016 0040 0016 0015 0016 0015 0016 0015 0016 0040 0016 0015 0016 0040 0016 0040 0016 0040 0016 0040 0016 0040 0016 0040 0016 0040 0016 0040 0016 0040 0016 0015 0016 0015 0016 0015 0016 0015 0016 0015 0016 0015 0016 0015 0016 0015 0016 01be 0155 0056 0016 0e3d
Left	0000 006c 0032 0002 0155 00ab 0016 0015 0016 0015 0016 0015 0016 0040 0016 0040 0016 0015 0016 0015 0016 0015 0016 0040 0016 0040 0016 0040 0016 0015 0016 0040 0016 0040 0016 0040 0016 0040 0016 0040 0016 0040 0016 0040 0016 0040 0016 0040 0016 0015 0016 0040 0016 0015 0016 0015 0016 0015 0016 0015 0016 0015 0016 0015 0016 0040 0016 0015 0016 0040 0016 0040 0016 0040 0016 0040 0016 0040 0016 0040 0016 0040 0016 0040 0016 0040 0016 0015 0016 0015 0016 0015 0016 0015 0016 0015 0016 0015 0016 0015 0016 0015 0016 01be 0155 0056 0016 0e3d
Right	0000 006c 0032 0002 0155 00ab 0016 0015 0016 0015 0016 0015 0016 0040 0016 0040 0016 0015 0016 0015 0016 0015 0016 0040 0016 0040 0016 0040 0016 0015 0016 0040 0016 0040 0016 0040 0016 0040 0016 0015 0016 0040 0016 0040 0016 0040 0016 0040 0016 0015 0016 0040 0016 0015 0016 0040 0016 0015 0016 0015 0016 0015 0016 0015 0016 0040 0016 0015 0016 0040 0016 0040 0016 0040 0016 0040 0016 0040 0016 0040 0016 0040 0016 0040 0016 0040 0016 0015 0016 0015 0016 0015 0016 0015 0016 0015 0016 0015 0016 0015 0016 0015 0016 01be 0155 0056 0016 0e3d
Blank	0000 006c 0032 0002 0155 00ab 0016 0015 0016 0015 0016 0015 0016 0040 0016 0040 0016 0015 0016 0015 0016 0015 0016 0040 0016 0040 0016 0040 0016 0015 0016 0040 0016 0040 0016 0040 0016 0040 0016 0040 0016 0040 0016 0040 0016 0015 0016 0015 0016 0015 0016 0040 0016 0015 0016 0015 0016 0015 0016 0015 0016 0040 0016 0040 0016 0040 0016 0015 0016 0040 0016 0040 0016 0040 0016 0040 0016 0040 0016 0040 0016 0040 0016 0040 0016 0040 0016 0015 0016 0015 0016 0015 0016 0015 0016 0015 0016 0015 0016 0015 0016 0015 0016 01be 0155 0056 0016 0e3d
Operate	0000 006c 0032 0002 0155 00ab 0016 0015 0016 0015 0016 0015 0016 0040 0016 0040 0016 0015 0016 0015 0016 0015 0016 0040 0016 0040 0016 0040 0016 0015 0016 0040 0016 0040 0016 0040 0016 0040 0016 0015 0016 0040 0016 0040 0016 0015 0016 0015 0016 0015 0016 0015 0016 0015 0016 0040 0016 0015 0016 0015 0016 0040 0016 0040 0016 0040 0016 0040 0016 0040 0016 0040 0016 0040 0016 0040 0016 0040 0016 0040 0016 0040 0016 0040 0016 0040 0016 0015 0016 0015 0016 0015 0016 0015 0016 0015 0016 0015 0016 0015 0016 0015 0016 01be 0155 0056 0016 0e3d
Mute	0000 006c 0032 0002 0155 00ab 0016 0015 0016 0015 0016 0015 0016 0040 0016 0040 0016 0015 0016 0015 0016 0015 0016 0040 0016 0040 0016 0040 0016 0015 0016 0040 0016 0040 0016 0040 0016 0040 0016 0040 0016 0015 0016 0040 0016 0015 0016 0015 0016 0015 0016 0040 0016 0015 0016 0015 0016 0040 0016 0015 0016 0040 0016 0040 0016 0040 0016 0015 0016 0040 0016 0040 0016 0040 0016 0040 0016 0040 0016 0040 0016 0040 0016 0040 0016 0040 0016 0015 0016 0015 0016 0015 0016 0015 0016 0015 0016 0015 0016 0015 0016 0015 0016 01be 0155 0056 0016 0e3d
Display	0000 006c 0032 0002 0155 00ab 0016 0015 0016 0015 0016 0015 0016 0040 0016 0040 0016 0015 0016 0015 0016 0015 0016 0040 0016 0040 0016 0040 0016 0015 0016 0040 0016 0040 0016 0040 0016 0040 0016 0040 0016 0040 0016 0040 0016 0015 0016 0015 0016 0015 0016 0015 0016 0015 0016 0015 0016 0015 0016 0015 0016 0040 0016 0040 0016 0040 0016 0040 0016 0040 0016 0040 0016 0040 0016 0040 0016 0040 0016 0040 0016 0040 0016 0040 0016 0040 0016 0015 0016 0015 0016 0015 0016 0015 0016 0015 0016 0015 0016 0015 0016 0015 0016 01be 0155 0056 0016 0e3d
Static	0000 006c 0032 0002 0155 00ab 0016 0015 0016 0015 0016 0015 0016 0040 0016 0040 0016 0015 0016 0015 0016 0015 0016 0040 0016 0040 0016 0040 0016 0015 0016 0040 0016 0040 0016 0040 0016 0040 0016 0040 0016 0015 0016 0040 0016 0015 0016 0040 0016 0015 0016 0015 0016 0015 0016 0015 0016 0040 0016 0015 0016 0040 0016 0015 0016 0040 0016 0040 0016 0040 0016 0040 0016 0040 0016 0040 0016 0040 0016 0040 0016 0040 0016 0040 0016 0040 0016 0015 0016 0015 0016 0015 0016 0015 0016 0015 0016 0015 0016 0015 0016 0015 0016 01be 0155 0056 0016 0e3d
R	0000 006c 0032 0002 0155 00ab 0016 0015 0016 0015 0016 0015 0016 0040 0016 0040 0016 0015 0016 0015 0016 0015 0016 0040 0016 0040 0016 0040 0016 0015 0016 0040 0016 0040 0016 0040 0016 0040 0016 0015 0016 0015 0016 0015 0016 0015 0016 0015 0016 0015 0016 0015 0016 0015 0016 0040 0016 0040 0016 0040 0016 0040 0016 0040 0016 0040 0016 0040 0016 0040 0016 0040 0016 0040 0016 0040 0016 0040 0016 0040 0016 0040 0016 0040 0016 0040 0016 0015 0016 0015 0016 0015 0016 0015 0016 0015 0016 0015 0016 0015 0016 0015 0016 01be 0155 0056 0016 0e3d
B	0000 006c 0032 0002 0155 00ab 0016 0015 0016 0015 0016 0015 0016 0040 0016 0040 0016 0015 0016 0015 0016 0015 0016 0040 0016 0040 0016 0040 0016 0015 0016 0040 0016 0040 0016 0040 0016 0040 0016 0015 0016 0040 0016 0015 0016 0015 0016 0015 0016 0015 0016 0015 0016 0015 0016 0040 0016 0015 0016 0040 0016 0040 0016 0040 0016 0040 0016 0040 0016 0040 0016 0040 0016 0040 0016 0040 0016 0040 0016 0040 0016 0040 0016 0040 0016 0040 0016 0015 0016 0015 0016 0015 0016 0015 0016 0015 0016 0015 0016 0015 0016 0015 0016 01be 0155 0056 0016 0e3d
Normal	0000 006c 0032 0002 0155 00ab 0016 0015 0016 0015 0016 0015 0016 0040 0016 0040 0016 0015 0016 0015 0016 0015 0016 0040 0016 0040 0016 0040 0016 0015 0016 0040 0016 0040 0016 0040 0016 0040 0016 0040 0016 0040 0016 0015 0016 0040 0016 0040 0016 0015 0016 0040 0016 0015 0016 0015 0016 0015 0016 0040 0016 0015 0016 0015 0016 0040 0016 0015 0016 0040 0016 0040 0016 0040 0016 0040 0016 0040 0016 0040 0016 0040 0016 0040 0016 0040 0016 0015 0016 0015 0016 0015 0016 0015 0016 0015 0016 0015 0016 0015 0016 0015 0016 01be 0155 0056 0016 0e3d
End	0000 006c 0032 0002 0155 00ab 0016 0015 0016 0015 0016 0015 0016 0040 0016 0040 0016 0015 0016 0015 0016 0015 0016 0040 0016 0040 0016 0040 0016 0015 0016 0040 0016 0040 0016 0040 0016 0040 0016 0040 0016 0015 0016 0015 0016 0040 0016 0015 0016 0015 0016 0015 0016 0015 0016 0015 0016 0040 0016 0040 0016 0015 0016 0040 0016 0040 0016 0040 0016 0040 0016 0040 0016 0040 0016 0040 0016 0040 0016 0040 0016 0040 0016 0040 0016 0040 0016 0015 0016 0015 0016 0015 0016 0015 0016 0015 0016 0015 0016 0015 0016 0015 0016 01be 0155 0056 0016 0e3d
