Power	0000 0066 0000 0011 0000 0013 0000 00A4 0000 00CC 0000 0013 0000 00A4 0000 0013 0000 00A4 0000 00CC 0000 0013 0000 00A4 0000 00CC 0000 0013 0000 00A4 0000 00CC 0000 00CC 0000 0013 0000 0BB1
Ch+	0000 0066 0000 0011 0000 0013 0000 00A4 0000 00CC 0000 0013 0000 00A4 0000 0013 0000 00A4 0000 00CC 0000 00CC 0000 0013 0000 00A4 0000 00CC 0000 0013 0000 00A4 0000 0013 0000 00A4 0000 0BD9
Ch-	0000 0066 0000 0011 0000 0013 0000 00A4 0000 00CC 0000 0013 0000 00A4 0000 00CC 0000 0013 0000 00A4 0000 00CC 0000 0013 0000 00A4 0000 00CC 0000 0013 0000 00A4 0000 0013 0000 00A4 0000 0BD9
Vol+	0000 0066 0000 0011 0000 0013 0000 00A4 0000 00CC 0000 0013 0000 00A4 0000 0013 0000 00A4 0000 00CC 0000 00CC 0000 0013 0000 00A4 0000 0013 0000 00A4 0000 00CC 0000 00CC 0000 0013 0000 0BB0
Vol-	0000 0066 0000 0011 0000 0013 0000 00A4 0000 00CC 0000 0013 0000 00A4 0000 00CC 0000 0013 0000 00A4 0000 00CC 0000 0013 0000 00A4 0000 0013 0000 00A4 0000 00CC 0000 00CC 0000 0013 0000 0BB1
Mute	0000 0066 0000 0011 0000 0013 0000 00A4 0000 00CC 0000 0013 0000 00A4 0000 0013 0000 00A4 0000 00CC 0000 00CC 0000 0013 0000 00A4 0000 0013 0000 00A4 0000 00CC 0000 0013 0000 00A4 0000 0BD9
Flashback	0000 0066 0000 0011 0000 0013 0000 00A4 0000 0013 0000 00A4 0000 00CC 0000 0013 0000 00A4 0000 00CC 0000 00CC 0000 0013 0000 00A4 0000 0013 0000 00A4 0000 00CC 0000 0013 0000 00A4 0000 0BD9
CC	0000 0066 0000 0011 0000 0013 0000 00A4 0000 00CC 0000 0013 0000 00A4 0000 00CC 0000 0013 0000 00A4 0000 00CC 0000 0013 0000 00A4 0000 00CC 0000 0013 0000 00A4 0000 00CC 0000 0013 0000 0BB1
1	0000 0066 0000 0011 0000 0013 0000 00A4 0000 0013 0000 00A4 0000 00CC 0000 00CC 0000 0013 0000 00A4 0000 00CC 0000 0013 0000 00A4 0000 00CC 0000 0013 0000 00A4 0000 0013 0000 00A4 0000 0BD9
2	0000 0066 0000 0011 0000 0013 0000 00A4 0000 0013 0000 00A4 0000 00CC 0000 00CC 0000 0013 0000 00A4 0000 00CC 0000 0013 0000 00A4 0000 0013 0000 00A4 0000 00CC 0000 00CC 0000 0013 0000 0BB1
3	0000 0066 0000 0011 0000 0013 0000 00A4 0000 0013 0000 00A4 0000 00CC 0000 00CC 0000 0013 0000 00A4 0000 00CC 0000 0013 0000 00A4 0000 0013 0000 00A4 0000 00CC 0000 0013 0000 00A4 0000 0BD9
4	0000 0066 0000 0011 0000 0013 0000 00A4 0000 0013 0000 00A4 0000 00CC 0000 00CC 0000 0013 0000 00A4 0000 0013 0000 00A4 0000 00CC 0000 00CC 0000 0013 0000 00A4 0000 00CC 0000 0013 0000 0BB1
5	0000 0066 0000 0011 0000 0013 0000 00A4 0000 0013 0000 00A4 0000 00CC 0000 00CC 0000 0013 0000 00A4 0000 0013 0000 00A4 0000 00CC 0000 00CC 0000 0013 0000 00A4 0000 0013 0000 00A4 0000 0BD9
6	0000 0066 0000 0011 0000 0013 0000 00A4 0000 0013 0000 00A4 0000 00CC 0000 00CC 0000 0013 0000 00A4 0000 0013 0000 00A4 0000 00CC 0000 0013 0000 00A4 0000 00CC 0000 00CC 0000 0013 0000 0BB1
7	0000 0066 0000 0011 0000 0013 0000 00A4 0000 0013 0000 00A4 0000 00CC 0000 00CC 0000 0013 0000 00A4 0000 0013 0000 00A4 0000 00CC 0000 0013 0000 00A4 0000 00CC 0000 0013 0000 00A4 0000 0BD9
8	0000 0066 0000 0011 0000 0013 0000 00A4 0000 0013 0000 00A4 0000 00CC 0000 0013 0000 00A4 0000 00CC 0000 00CC 0000 0013 0000 00A4 0000 00CC 0000 0013 0000 00A4 0000 00CC 0000 0013 0000 0BB1
9	0000 0066 0000 0011 0000 0013 0000 00A4 0000 0013 0000 00A4 0000 00CC 0000 0013 0000 00A4 0000 00CC 0000 00CC 0000 0013 0000 00A4 0000 00CC 0000 0013 0000 00A4 0000 0013 0000 00A4 0000 0BD9
0	0000 0066 0000 0011 0000 0013 0000 00A4 0000 0013 0000 00A4 0000 00CC 0000 00CC 0000 0013 0000 00A4 0000 00CC 0000 0013 0000 00A4 0000 00CC 0000 0013 0000 00A4 0000 00CC 0000 0013 0000 0BB1
Enter	0000 0066 0000 0011 0000 0013 0000 00A4 0000 0013 0000 00A4 0000 00CC 0000 0013 0000 00A4 0000 00CC 0000 0013 0000 00A4 0000 00CC 0000 00CC 0000 0013 0000 00A4 0000 00CC 0000 0013 0000 0BB1
Menu	0000 0066 0000 0011 0000 0013 0000 00A4 0000 0013 0000 00A4 0000 00CC 0000 0013 0000 00A4 0000 00CC 0000 0013 0000 00A4 0000 00CC 0000 0013 0000 00A4 0000 00CC 0000 0013 0000 00A4 0000 0BD9
Up	0000 0066 0000 0011 0000 0013 0000 00A4 0000 0013 0000 00A4 0000 00CC 0000 0013 0000 00A4 0000 00CC 0000 0013 0000 00A4 0000 00CC 0000 0013 0000 00A4 0000 00CC 0000 00CC 0000 0013 0000 0BB1
Down	0000 0066 0000 0011 0000 0013 0000 00A4 0000 0013 0000 00A4 0000 00CC 0000 0013 0000 00A4 0000 00CC 0000 0013 0000 00A4 0000 00CC 0000 00CC 0000 0013 0000 00A4 0000 0013 0000 00A4 0000 0BD9
Right	0000 0066 0000 0011 0000 0013 0000 00A4 0000 00CC 0000 0013 0000 00A4 0000 0013 0000 00A4 0000 00CC 0000 0013 0000 00A4 0000 00CC 0000 0013 0000 00A4 0000 00CC 0000 0013 0000 00A4 0000 0BD9
Left	0000 0066 0000 0011 0000 0013 0000 00A4 0000 00CC 0000 0013 0000 00A4 0000 00CC 0000 0013 0000 00A4 0000 0013 0000 00A4 0000 00CC 0000 0013 0000 00A4 0000 00CC 0000 00CC 0000 0013 0000 0BB1
Seq/Quit	0000 0066 0000 0016 0000 00CC 0000 0013 0000 00A4 0000 00CC 0000 0013 0000 00A4 0000 00CC 0000 0013 0000 00A4 0000 00CC 0000 0013 0000 00A4 0000 00CC 0000 0013 0000 00A4 0000 00CC 0000 0013 0000 00A4 0000 00CC 0000 00CC 0000 0013 0000 088F
TV/Vcr/source	0000 0066 0000 0011 0000 0013 0000 00A4 0000 00CC 0000 0013 0000 00A4 0000 0013 0000 00A4 0000 00CC 0000 0013 0000 00A4 0000 00CC 0000 00CC 0000 0013 0000 00A4 0000 0013 0000 00A4 0000 0BD9
Timer	0000 0066 0000 0011 0000 0013 0000 00A4 0000 00CC 0000 0013 0000 00A4 0000 00CC 0000 0013 0000 00A4 0000 00CC 0000 0013 0000 00A4 0000 0013 0000 00A4 0000 00CC 0000 0013 0000 00A4 0000 0BD9
