Power	0000 006E 0000 0032 0000 0041 0000 0010 0000 0031 0000 0011 0000 0011 0000 0011 0000 0011 0000 0011 0000 0011 0000 0011 0000 0011 0000 0011 0000 0011 0000 0011 0000 0032 0000 0010 0000 0010 0000 0010 0000 0010 0000 0010 0000 0010 0000 0031 0000 0011 0000 0011 0000 0032 0000 0010 0000 0010 0000 0010 0000 0010 0000 0010 0000 0010 0000 0031 0000 0011 0000 0032 0000 0010 0000 0031 0000 0032 0000 0031 0000 0032 0000 0010 0000 0010 0000 0031 0000 0011 0000 0032 0000 0031 0000 0011 0000 0032 0000 0031 0000 0032 0000 0AFF
Side A	0000 006E 0000 0032 0000 0041 0000 0010 0000 0031 0000 0011 0000 0011 0000 0011 0000 0011 0000 0011 0000 0011 0000 0011 0000 0011 0000 0011 0000 0011 0000 0011 0000 0032 0000 0010 0000 0010 0000 0010 0000 0010 0000 0010 0000 0010 0000 0031 0000 0011 0000 0011 0000 0032 0000 0010 0000 0010 0000 0010 0000 0010 0000 0010 0000 0010 0000 0031 0000 0011 0000 0032 0000 0031 0000 0011 0000 0011 0000 0011 0000 0011 0000 0032 0000 0031 0000 0032 0000 0031 0000 0011 0000 0011 0000 0032 0000 0010 0000 0010 0000 0010 0000 0AFF
Side B	0000 006E 0000 0032 0000 0041 0000 0010 0000 0031 0000 0011 0000 0011 0000 0011 0000 0011 0000 0011 0000 0011 0000 0011 0000 0011 0000 0011 0000 0011 0000 0011 0000 0032 0000 0010 0000 0010 0000 0010 0000 0010 0000 0010 0000 0010 0000 0031 0000 0011 0000 0011 0000 0032 0000 0010 0000 0010 0000 0010 0000 0010 0000 0010 0000 0010 0000 0031 0000 0011 0000 0011 0000 0011 0000 0032 0000 0010 0000 0010 0000 0010 0000 0031 0000 0032 0000 0010 0000 0010 0000 0031 0000 0011 0000 0032 0000 0010 0000 0010 0000 0010 0000 0AFF
Open Closed	0000 006F 0000 0032 0000 0040 0000 0010 0000 0030 0000 0011 0000 0011 0000 0011 0000 0011 0000 0011 0000 0011 0000 0011 0000 0011 0000 0011 0000 0011 0000 0011 0000 0031 0000 0010 0000 0010 0000 0010 0000 0010 0000 0010 0000 0010 0000 0030 0000 0011 0000 0011 0000 0031 0000 0010 0000 0010 0000 0010 0000 0010 0000 0010 0000 0010 0000 0030 0000 0011 0000 0031 0000 0010 0000 0010 0000 0010 0000 0010 0000 0010 0000 0010 0000 0010 0000 0030 0000 0011 0000 0011 0000 0011 0000 0031 0000 0010 0000 0030 0000 0031 0000 0AE5
Program	0000 006F 0000 0032 0000 0040 0000 0010 0000 0030 0000 0011 0000 0011 0000 0011 0000 0011 0000 0011 0000 0011 0000 0011 0000 0011 0000 0011 0000 0011 0000 0011 0000 0031 0000 0010 0000 0010 0000 0010 0000 0010 0000 0010 0000 0010 0000 0030 0000 0011 0000 0011 0000 0031 0000 0010 0000 0010 0000 0010 0000 0010 0000 0010 0000 0010 0000 0030 0000 0011 0000 0011 0000 0031 0000 0010 0000 0030 0000 0011 0000 0031 0000 0010 0000 0030 0000 0011 0000 0031 0000 0010 0000 0030 0000 0031 0000 0030 0000 0031 0000 0010 0000 0AE5
Random	0000 006E 0000 0032 0000 0041 0000 0010 0000 0031 0000 0011 0000 0011 0000 0011 0000 0011 0000 0011 0000 0011 0000 0011 0000 0011 0000 0011 0000 0011 0000 0011 0000 0032 0000 0010 0000 0010 0000 0010 0000 0010 0000 0010 0000 0010 0000 0031 0000 0011 0000 0011 0000 0032 0000 0010 0000 0010 0000 0010 0000 0010 0000 0010 0000 0010 0000 0031 0000 0011 0000 0032 0000 0010 0000 0031 0000 0032 0000 0010 0000 0010 0000 0031 0000 0011 0000 0032 0000 0010 0000 0031 0000 0032 0000 0031 0000 0011 0000 0011 0000 0032 0000 0AFF
Recall	0000 006E 0000 0032 0000 0041 0000 0010 0000 0031 0000 0011 0000 0011 0000 0011 0000 0011 0000 0011 0000 0011 0000 0011 0000 0011 0000 0011 0000 0011 0000 0011 0000 0032 0000 0010 0000 0010 0000 0010 0000 0010 0000 0010 0000 0010 0000 0031 0000 0011 0000 0011 0000 0032 0000 0010 0000 0010 0000 0010 0000 0010 0000 0010 0000 0010 0000 0031 0000 0011 0000 0032 0000 0010 0000 0010 0000 0010 0000 0010 0000 0031 0000 0011 0000 0032 0000 0031 0000 0011 0000 0011 0000 0011 0000 0032 0000 0031 0000 0032 0000 0010 0000 0AFF
Clear	0000 006E 0000 0032 0000 0041 0000 0010 0000 0031 0000 0011 0000 0011 0000 0011 0000 0011 0000 0011 0000 0011 0000 0011 0000 0011 0000 0011 0000 0011 0000 0011 0000 0032 0000 0010 0000 0010 0000 0010 0000 0010 0000 0010 0000 0010 0000 0031 0000 0011 0000 0011 0000 0032 0000 0010 0000 0010 0000 0010 0000 0010 0000 0010 0000 0010 0000 0031 0000 0011 0000 0011 0000 0011 0000 0011 0000 0011 0000 0011 0000 0032 0000 0010 0000 0031 0000 0011 0000 0011 0000 0011 0000 0011 0000 0032 0000 0031 0000 0032 0000 0010 0000 0AFF
Repeat	0000 006D 0000 0032 0000 0042 0000 0010 0000 0031 0000 0011 0000 0011 0000 0011 0000 0011 0000 0011 0000 0011 0000 0011 0000 0011 0000 0011 0000 0011 0000 0011 0000 0032 0000 0010 0000 0010 0000 0010 0000 0010 0000 0010 0000 0010 0000 0031 0000 0011 0000 0011 0000 0032 0000 0010 0000 0010 0000 0010 0000 0010 0000 0010 0000 0010 0000 0031 0000 0011 0000 0032 0000 0031 0000 0032 0000 0010 0000 0010 0000 0010 0000 0031 0000 0011 0000 0032 0000 0031 0000 0032 0000 0010 0000 0031 0000 0011 0000 0011 0000 0032 0000 0B19
A-B Repeat	0000 006D 0000 0032 0000 0042 0000 0010 0000 0031 0000 0011 0000 0011 0000 0011 0000 0011 0000 0011 0000 0011 0000 0011 0000 0011 0000 0011 0000 0011 0000 0011 0000 0032 0000 0010 0000 0010 0000 0010 0000 0010 0000 0010 0000 0010 0000 0031 0000 0011 0000 0011 0000 0032 0000 0010 0000 0010 0000 0010 0000 0010 0000 0010 0000 0010 0000 0031 0000 0011 0000 0011 0000 0011 0000 0011 0000 0032 0000 0010 0000 0010 0000 0031 0000 0011 0000 0011 0000 0011 0000 0011 0000 0032 0000 0031 0000 0011 0000 0011 0000 0032 0000 0B19
Speed-	0000 006D 0000 0032 0000 0042 0000 0010 0000 0031 0000 0011 0000 0011 0000 0011 0000 0011 0000 0011 0000 0011 0000 0011 0000 0011 0000 0011 0000 0011 0000 0011 0000 0032 0000 0010 0000 0010 0000 0010 0000 0010 0000 0010 0000 0010 0000 0031 0000 0011 0000 0011 0000 0032 0000 0010 0000 0010 0000 0010 0000 0010 0000 0010 0000 0010 0000 0031 0000 0011 0000 0011 0000 0032 0000 0010 0000 0031 0000 0011 0000 0011 0000 0032 0000 0031 0000 0011 0000 0032 0000 0010 0000 0031 0000 0032 0000 0010 0000 0010 0000 0010 0000 0B19
Speed+	0000 006E 0000 0032 0000 0041 0000 0010 0000 0031 0000 0011 0000 0011 0000 0011 0000 0011 0000 0011 0000 0011 0000 0011 0000 0011 0000 0011 0000 0011 0000 0011 0000 0032 0000 0010 0000 0010 0000 0010 0000 0010 0000 0010 0000 0010 0000 0031 0000 0011 0000 0011 0000 0032 0000 0010 0000 0010 0000 0010 0000 0010 0000 0010 0000 0010 0000 0031 0000 0011 0000 0032 0000 0031 0000 0011 0000 0032 0000 0010 0000 0010 0000 0031 0000 0032 0000 0031 0000 0032 0000 0010 0000 0031 0000 0032 0000 0010 0000 0010 0000 0010 0000 0AFF
Multi-	0000 006E 0000 0032 0000 0041 0000 0010 0000 0031 0000 0011 0000 0011 0000 0011 0000 0011 0000 0011 0000 0011 0000 0011 0000 0011 0000 0011 0000 0011 0000 0011 0000 0032 0000 0010 0000 0010 0000 0010 0000 0010 0000 0010 0000 0010 0000 0031 0000 0011 0000 0011 0000 0032 0000 0010 0000 0010 0000 0010 0000 0010 0000 0010 0000 0010 0000 0031 0000 0011 0000 0011 0000 0011 0000 0011 0000 0032 0000 0010 0000 0010 0000 0031 0000 0032 0000 0010 0000 0010 0000 0010 0000 0031 0000 0032 0000 0010 0000 0010 0000 0010 0000 0AFF
Multi+	0000 006D 0000 0032 0000 0042 0000 0010 0000 0031 0000 0011 0000 0011 0000 0011 0000 0011 0000 0011 0000 0011 0000 0011 0000 0011 0000 0011 0000 0011 0000 0011 0000 0032 0000 0010 0000 0010 0000 0010 0000 0010 0000 0010 0000 0010 0000 0031 0000 0011 0000 0011 0000 0032 0000 0010 0000 0010 0000 0010 0000 0010 0000 0010 0000 0010 0000 0031 0000 0011 0000 0032 0000 0010 0000 0010 0000 0031 0000 0011 0000 0011 0000 0032 0000 0031 0000 0032 0000 0010 0000 0010 0000 0031 0000 0032 0000 0010 0000 0010 0000 0010 0000 0B19
Time Mode	0000 006F 0000 0032 0000 0040 0000 0010 0000 0030 0000 0011 0000 0011 0000 0011 0000 0011 0000 0011 0000 0011 0000 0011 0000 0011 0000 0011 0000 0011 0000 0011 0000 0031 0000 0010 0000 0010 0000 0010 0000 0010 0000 0010 0000 0010 0000 0030 0000 0011 0000 0011 0000 0031 0000 0010 0000 0010 0000 0010 0000 0010 0000 0010 0000 0010 0000 0030 0000 0011 0000 0031 0000 0010 0000 0030 0000 0011 0000 0031 0000 0010 0000 0030 0000 0011 0000 0031 0000 0010 0000 0030 0000 0011 0000 0011 0000 0011 0000 0011 0000 0031 0000 0AE5
FL Display	0000 006E 0000 0032 0000 0041 0000 0010 0000 0031 0000 0011 0000 0011 0000 0011 0000 0011 0000 0011 0000 0011 0000 0011 0000 0011 0000 0011 0000 0011 0000 0011 0000 0032 0000 0010 0000 0010 0000 0010 0000 0010 0000 0010 0000 0010 0000 0031 0000 0011 0000 0011 0000 0032 0000 0010 0000 0010 0000 0010 0000 0010 0000 0010 0000 0010 0000 0031 0000 0011 0000 0032 0000 0010 0000 0010 0000 0010 0000 0031 0000 0011 0000 0011 0000 0032 0000 0031 0000 0011 0000 0011 0000 0011 0000 0011 0000 0011 0000 0032 0000 0010 0000 0AFF
Audio D/A	0000 006D 0000 0032 0000 0042 0000 0010 0000 0031 0000 0011 0000 0011 0000 0011 0000 0011 0000 0011 0000 0011 0000 0011 0000 0011 0000 0011 0000 0011 0000 0011 0000 0032 0000 0010 0000 0010 0000 0010 0000 0010 0000 0010 0000 0010 0000 0031 0000 0011 0000 0011 0000 0032 0000 0010 0000 0010 0000 0010 0000 0010 0000 0010 0000 0010 0000 0031 0000 0011 0000 0011 0000 0011 0000 0011 0000 0011 0000 0032 0000 0010 0000 0031 0000 0032 0000 0010 0000 0010 0000 0010 0000 0010 0000 0010 0000 0010 0000 0010 0000 0010 0000 0B19
Audio Mode	0000 006D 0000 0032 0000 0042 0000 0010 0000 0031 0000 0011 0000 0011 0000 0011 0000 0011 0000 0011 0000 0011 0000 0011 0000 0011 0000 0011 0000 0011 0000 0011 0000 0032 0000 0010 0000 0010 0000 0010 0000 0010 0000 0010 0000 0010 0000 0031 0000 0011 0000 0011 0000 0032 0000 0010 0000 0010 0000 0010 0000 0010 0000 0010 0000 0010 0000 0031 0000 0011 0000 0032 0000 0031 0000 0011 0000 0011 0000 0032 0000 0031 0000 0011 0000 0011 0000 0032 0000 0031 0000 0011 0000 0011 0000 0011 0000 0032 0000 0031 0000 0032 0000 0B19
Audio Display	0000 006E 0000 0032 0000 0041 0000 0010 0000 0031 0000 0011 0000 0011 0000 0011 0000 0011 0000 0011 0000 0011 0000 0011 0000 0011 0000 0011 0000 0011 0000 0011 0000 0032 0000 0010 0000 0010 0000 0010 0000 0010 0000 0010 0000 0010 0000 0031 0000 0011 0000 0011 0000 0032 0000 0010 0000 0010 0000 0010 0000 0010 0000 0010 0000 0010 0000 0031 0000 0011 0000 0032 0000 0031 0000 0011 0000 0011 0000 0032 0000 0010 0000 0031 0000 0032 0000 0031 0000 0032 0000 0010 0000 0010 0000 0010 0000 0010 0000 0010 0000 0010 0000 0AFF
P Mode	0000 006E 0000 0032 0000 0041 0000 0010 0000 0031 0000 0011 0000 0011 0000 0011 0000 0011 0000 0011 0000 0011 0000 0011 0000 0011 0000 0011 0000 0011 0000 0011 0000 0032 0000 0010 0000 0010 0000 0010 0000 0010 0000 0010 0000 0010 0000 0031 0000 0011 0000 0011 0000 0032 0000 0010 0000 0010 0000 0010 0000 0010 0000 0010 0000 0010 0000 0031 0000 0011 0000 0032 0000 0031 0000 0032 0000 0010 0000 0031 0000 0011 0000 0032 0000 0031 0000 0032 0000 0031 0000 0032 0000 0010 0000 0010 0000 0010 0000 0010 0000 0010 0000 0AFF
Strobe-	0000 006E 0000 0032 0000 0041 0000 0010 0000 0031 0000 0011 0000 0011 0000 0011 0000 0011 0000 0011 0000 0011 0000 0011 0000 0011 0000 0011 0000 0011 0000 0011 0000 0032 0000 0010 0000 0010 0000 0010 0000 0010 0000 0010 0000 0010 0000 0031 0000 0011 0000 0011 0000 0032 0000 0010 0000 0010 0000 0010 0000 0010 0000 0010 0000 0010 0000 0031 0000 0011 0000 0011 0000 0032 0000 0031 0000 0032 0000 0010 0000 0010 0000 0031 0000 0032 0000 0010 0000 0031 0000 0032 0000 0031 0000 0032 0000 0010 0000 0010 0000 0010 0000 0AFF
Strobe+	0000 006E 0000 0032 0000 0041 0000 0010 0000 0031 0000 0011 0000 0011 0000 0011 0000 0011 0000 0011 0000 0011 0000 0011 0000 0011 0000 0011 0000 0011 0000 0011 0000 0032 0000 0010 0000 0010 0000 0010 0000 0010 0000 0010 0000 0010 0000 0031 0000 0011 0000 0011 0000 0032 0000 0010 0000 0010 0000 0010 0000 0010 0000 0010 0000 0010 0000 0031 0000 0011 0000 0032 0000 0031 0000 0032 0000 0031 0000 0011 0000 0011 0000 0032 0000 0031 0000 0032 0000 0031 0000 0032 0000 0031 0000 0032 0000 0010 0000 0010 0000 0010 0000 0AFF
Still & Surround	0000 006E 0000 0032 0000 0041 0000 0010 0000 0031 0000 0011 0000 0011 0000 0011 0000 0011 0000 0011 0000 0011 0000 0011 0000 0011 0000 0011 0000 0011 0000 0011 0000 0032 0000 0010 0000 0010 0000 0010 0000 0010 0000 0010 0000 0010 0000 0031 0000 0011 0000 0011 0000 0032 0000 0010 0000 0010 0000 0010 0000 0010 0000 0010 0000 0010 0000 0031 0000 0011 0000 0011 0000 0011 0000 0032 0000 0010 0000 0031 0000 0011 0000 0032 0000 0031 0000 0011 0000 0011 0000 0032 0000 0010 0000 0010 0000 0010 0000 0010 0000 0010 0000 0AFF
Art	0000 006D 0000 0032 0000 0042 0000 0010 0000 0031 0000 0011 0000 0011 0000 0011 0000 0011 0000 0011 0000 0011 0000 0011 0000 0011 0000 0011 0000 0011 0000 0011 0000 0032 0000 0010 0000 0010 0000 0010 0000 0010 0000 0010 0000 0010 0000 0031 0000 0011 0000 0011 0000 0032 0000 0010 0000 0010 0000 0010 0000 0010 0000 0010 0000 0010 0000 0031 0000 0011 0000 0011 0000 0032 0000 0031 0000 0011 0000 0032 0000 0010 0000 0031 0000 0032 0000 0010 0000 0031 0000 0032 0000 0010 0000 0010 0000 0010 0000 0010 0000 0010 0000 0B19
Display	0000 006F 0000 0032 0000 0041 0000 0010 0000 0030 0000 0011 0000 0011 0000 0011 0000 0011 0000 0011 0000 0011 0000 0011 0000 0011 0000 0011 0000 0011 0000 0011 0000 0031 0000 0010 0000 0010 0000 0010 0000 0010 0000 0010 0000 0010 0000 0030 0000 0011 0000 0011 0000 0031 0000 0010 0000 0010 0000 0010 0000 0010 0000 0010 0000 0010 0000 0030 0000 0011 0000 0011 0000 0031 0000 0010 0000 0010 0000 0030 0000 0011 0000 0031 0000 0030 0000 0011 0000 0031 0000 0010 0000 0010 0000 0010 0000 0010 0000 0010 0000 0010 0000 0AE5
R Step	0000 006E 0000 0032 0000 0041 0000 0010 0000 0031 0000 0011 0000 0011 0000 0011 0000 0011 0000 0011 0000 0011 0000 0011 0000 0011 0000 0011 0000 0011 0000 0011 0000 0032 0000 0010 0000 0010 0000 0010 0000 0010 0000 0010 0000 0010 0000 0031 0000 0011 0000 0011 0000 0032 0000 0010 0000 0010 0000 0010 0000 0010 0000 0010 0000 0010 0000 0031 0000 0011 0000 0032 0000 0010 0000 0010 0000 0031 0000 0011 0000 0011 0000 0032 0000 0010 0000 0031 0000 0011 0000 0011 0000 0032 0000 0031 0000 0011 0000 0011 0000 0032 0000 0AFF
Play	0000 006F 0000 0032 0000 0040 0000 0010 0000 0030 0000 0011 0000 0011 0000 0011 0000 0011 0000 0011 0000 0011 0000 0011 0000 0011 0000 0011 0000 0011 0000 0011 0000 0031 0000 0010 0000 0010 0000 0010 0000 0010 0000 0010 0000 0010 0000 0030 0000 0011 0000 0011 0000 0031 0000 0010 0000 0010 0000 0010 0000 0010 0000 0010 0000 0010 0000 0030 0000 0011 0000 0011 0000 0031 0000 0010 0000 0030 0000 0011 0000 0011 0000 0011 0000 0011 0000 0011 0000 0031 0000 0010 0000 0030 0000 0031 0000 0010 0000 0030 0000 0031 0000 0AE5
F Step	0000 006D 0000 0032 0000 0042 0000 0010 0000 0031 0000 0011 0000 0011 0000 0011 0000 0011 0000 0011 0000 0011 0000 0011 0000 0011 0000 0011 0000 0011 0000 0011 0000 0032 0000 0010 0000 0010 0000 0010 0000 0010 0000 0010 0000 0010 0000 0031 0000 0011 0000 0011 0000 0032 0000 0010 0000 0010 0000 0010 0000 0010 0000 0010 0000 0010 0000 0031 0000 0011 0000 0011 0000 0032 0000 0010 0000 0031 0000 0011 0000 0011 0000 0032 0000 0010 0000 0010 0000 0031 0000 0011 0000 0032 0000 0031 0000 0011 0000 0011 0000 0032 0000 0B19
Still Step&lt;&lt;	0000 006D 0000 0032 0000 0042 0000 0010 0000 0031 0000 0011 0000 0011 0000 0011 0000 0011 0000 0011 0000 0011 0000 0011 0000 0011 0000 0011 0000 0011 0000 0011 0000 0032 0000 0010 0000 0010 0000 0010 0000 0010 0000 0010 0000 0010 0000 0031 0000 0011 0000 0011 0000 0032 0000 0010 0000 0010 0000 0010 0000 0010 0000 0010 0000 0010 0000 0031 0000 0011 0000 0032 0000 0010 0000 0031 0000 0032 0000 0010 0000 0010 0000 0010 0000 0010 0000 0031 0000 0011 0000 0032 0000 0031 0000 0032 0000 0010 0000 0031 0000 0032 0000 0B19
Still Step&gt;&gt;	0000 006E 0000 0032 0000 0041 0000 0010 0000 0031 0000 0011 0000 0011 0000 0011 0000 0011 0000 0011 0000 0011 0000 0011 0000 0011 0000 0011 0000 0011 0000 0011 0000 0032 0000 0010 0000 0010 0000 0010 0000 0010 0000 0010 0000 0010 0000 0031 0000 0011 0000 0011 0000 0032 0000 0010 0000 0010 0000 0010 0000 0010 0000 0010 0000 0010 0000 0031 0000 0011 0000 0011 0000 0011 0000 0032 0000 0031 0000 0011 0000 0011 0000 0011 0000 0011 0000 0011 0000 0011 0000 0032 0000 0031 0000 0032 0000 0010 0000 0031 0000 0032 0000 0AFF
Pause	0000 006F 0000 0032 0000 0040 0000 0010 0000 0030 0000 0011 0000 0011 0000 0011 0000 0011 0000 0011 0000 0011 0000 0011 0000 0011 0000 0011 0000 0011 0000 0011 0000 0031 0000 0010 0000 0010 0000 0010 0000 0010 0000 0010 0000 0010 0000 0030 0000 0011 0000 0011 0000 0031 0000 0010 0000 0010 0000 0010 0000 0010 0000 0010 0000 0010 0000 0030 0000 0011 0000 0011 0000 0031 0000 0030 0000 0011 0000 0011 0000 0011 0000 0011 0000 0011 0000 0011 0000 0031 0000 0030 0000 0011 0000 0031 0000 0010 0000 0030 0000 0031 0000 0AE5
Stop	0000 006E 0000 0032 0000 0041 0000 0010 0000 0031 0000 0011 0000 0011 0000 0011 0000 0011 0000 0011 0000 0011 0000 0011 0000 0011 0000 0011 0000 0011 0000 0011 0000 0032 0000 0010 0000 0010 0000 0010 0000 0010 0000 0010 0000 0010 0000 0031 0000 0011 0000 0011 0000 0032 0000 0010 0000 0010 0000 0010 0000 0010 0000 0010 0000 0010 0000 0031 0000 0011 0000 0011 0000 0011 0000 0011 0000 0011 0000 0011 0000 0011 0000 0011 0000 0011 0000 0011 0000 0011 0000 0011 0000 0011 0000 0032 0000 0010 0000 0031 0000 0032 0000 0AFF
1	0000 006D 0000 0032 0000 0042 0000 0010 0000 0031 0000 0011 0000 0011 0000 0011 0000 0011 0000 0011 0000 0011 0000 0011 0000 0011 0000 0011 0000 0011 0000 0011 0000 0032 0000 0010 0000 0010 0000 0010 0000 0010 0000 0010 0000 0010 0000 0031 0000 0011 0000 0011 0000 0032 0000 0010 0000 0010 0000 0010 0000 0010 0000 0010 0000 0010 0000 0031 0000 0011 0000 0011 0000 0011 0000 0011 0000 0011 0000 0032 0000 0010 0000 0010 0000 0010 0000 0010 0000 0010 0000 0010 0000 0010 0000 0010 0000 0010 0000 0031 0000 0032 0000 0B19
2	0000 006E 0000 0032 0000 0041 0000 0010 0000 0031 0000 0011 0000 0011 0000 0011 0000 0011 0000 0011 0000 0011 0000 0011 0000 0011 0000 0011 0000 0011 0000 0011 0000 0032 0000 0010 0000 0010 0000 0010 0000 0010 0000 0010 0000 0010 0000 0031 0000 0011 0000 0011 0000 0032 0000 0010 0000 0010 0000 0010 0000 0010 0000 0010 0000 0010 0000 0031 0000 0011 0000 0032 0000 0010 0000 0010 0000 0010 0000 0031 0000 0011 0000 0011 0000 0011 0000 0032 0000 0010 0000 0010 0000 0010 0000 0010 0000 0010 0000 0031 0000 0032 0000 0AFF
3	0000 006E 0000 0032 0000 0041 0000 0010 0000 0031 0000 0011 0000 0011 0000 0011 0000 0011 0000 0011 0000 0011 0000 0011 0000 0011 0000 0011 0000 0011 0000 0011 0000 0032 0000 0010 0000 0010 0000 0010 0000 0010 0000 0010 0000 0010 0000 0031 0000 0011 0000 0011 0000 0032 0000 0010 0000 0010 0000 0010 0000 0010 0000 0010 0000 0010 0000 0031 0000 0011 0000 0011 0000 0032 0000 0010 0000 0010 0000 0031 0000 0011 0000 0011 0000 0011 0000 0011 0000 0032 0000 0010 0000 0010 0000 0010 0000 0010 0000 0031 0000 0032 0000 0AFF
4	0000 006D 0000 0032 0000 0042 0000 0010 0000 0031 0000 0011 0000 0011 0000 0011 0000 0011 0000 0011 0000 0011 0000 0011 0000 0011 0000 0011 0000 0011 0000 0011 0000 0032 0000 0010 0000 0010 0000 0010 0000 0010 0000 0010 0000 0010 0000 0031 0000 0011 0000 0011 0000 0032 0000 0010 0000 0010 0000 0010 0000 0010 0000 0010 0000 0010 0000 0031 0000 0011 0000 0032 0000 0031 0000 0011 0000 0011 0000 0032 0000 0010 0000 0010 0000 0010 0000 0031 0000 0032 0000 0010 0000 0010 0000 0010 0000 0010 0000 0031 0000 0032 0000 0B19
5	0000 006E 0000 0032 0000 0041 0000 0010 0000 0031 0000 0011 0000 0011 0000 0011 0000 0011 0000 0011 0000 0011 0000 0011 0000 0011 0000 0011 0000 0011 0000 0011 0000 0032 0000 0010 0000 0010 0000 0010 0000 0010 0000 0010 0000 0010 0000 0031 0000 0011 0000 0011 0000 0032 0000 0010 0000 0010 0000 0010 0000 0010 0000 0010 0000 0010 0000 0031 0000 0011 0000 0011 0000 0011 0000 0032 0000 0010 0000 0031 0000 0011 0000 0011 0000 0011 0000 0011 0000 0011 0000 0032 0000 0010 0000 0010 0000 0010 0000 0031 0000 0032 0000 0AFF
6	0000 006D 0000 0032 0000 0042 0000 0010 0000 0031 0000 0011 0000 0011 0000 0011 0000 0011 0000 0011 0000 0011 0000 0011 0000 0011 0000 0011 0000 0011 0000 0011 0000 0032 0000 0010 0000 0010 0000 0010 0000 0010 0000 0010 0000 0010 0000 0031 0000 0011 0000 0011 0000 0032 0000 0010 0000 0010 0000 0010 0000 0010 0000 0010 0000 0010 0000 0031 0000 0011 0000 0032 0000 0010 0000 0031 0000 0011 0000 0032 0000 0010 0000 0010 0000 0010 0000 0031 0000 0011 0000 0032 0000 0010 0000 0010 0000 0010 0000 0031 0000 0032 0000 0B19
7	0000 006E 0000 0032 0000 0041 0000 0010 0000 0031 0000 0011 0000 0011 0000 0011 0000 0011 0000 0011 0000 0011 0000 0011 0000 0011 0000 0011 0000 0011 0000 0011 0000 0032 0000 0010 0000 0010 0000 0010 0000 0010 0000 0010 0000 0010 0000 0031 0000 0011 0000 0011 0000 0032 0000 0010 0000 0010 0000 0010 0000 0010 0000 0010 0000 0010 0000 0031 0000 0011 0000 0011 0000 0032 0000 0031 0000 0011 0000 0032 0000 0010 0000 0010 0000 0010 0000 0010 0000 0031 0000 0032 0000 0010 0000 0010 0000 0010 0000 0031 0000 0032 0000 0AFF
8	0000 006E 0000 0032 0000 0041 0000 0010 0000 0031 0000 0011 0000 0011 0000 0011 0000 0011 0000 0011 0000 0011 0000 0011 0000 0011 0000 0011 0000 0011 0000 0011 0000 0032 0000 0010 0000 0010 0000 0010 0000 0010 0000 0010 0000 0010 0000 0031 0000 0011 0000 0011 0000 0032 0000 0010 0000 0010 0000 0010 0000 0010 0000 0010 0000 0010 0000 0031 0000 0011 0000 0032 0000 0031 0000 0032 0000 0010 0000 0031 0000 0011 0000 0011 0000 0011 0000 0032 0000 0031 0000 0032 0000 0010 0000 0010 0000 0010 0000 0031 0000 0032 0000 0AFF
9	0000 006E 0000 0032 0000 0041 0000 0010 0000 0031 0000 0011 0000 0011 0000 0011 0000 0011 0000 0011 0000 0011 0000 0011 0000 0011 0000 0011 0000 0011 0000 0011 0000 0032 0000 0010 0000 0010 0000 0010 0000 0010 0000 0010 0000 0010 0000 0031 0000 0011 0000 0011 0000 0032 0000 0010 0000 0010 0000 0010 0000 0010 0000 0010 0000 0010 0000 0031 0000 0011 0000 0011 0000 0011 0000 0011 0000 0032 0000 0031 0000 0011 0000 0011 0000 0011 0000 0011 0000 0011 0000 0011 0000 0032 0000 0010 0000 0010 0000 0031 0000 0032 0000 0AFF
0	0000 006D 0000 0032 0000 0042 0000 0010 0000 0031 0000 0011 0000 0011 0000 0011 0000 0011 0000 0011 0000 0011 0000 0011 0000 0011 0000 0011 0000 0011 0000 0011 0000 0032 0000 0010 0000 0010 0000 0010 0000 0010 0000 0010 0000 0010 0000 0031 0000 0011 0000 0011 0000 0032 0000 0010 0000 0010 0000 0010 0000 0010 0000 0010 0000 0010 0000 0031 0000 0011 0000 0032 0000 0010 0000 0010 0000 0031 0000 0032 0000 0010 0000 0010 0000 0010 0000 0031 0000 0011 0000 0011 0000 0032 0000 0010 0000 0010 0000 0031 0000 0032 0000 0B19
+10	0000 006F 0000 0032 0000 0040 0000 0010 0000 0030 0000 0011 0000 0011 0000 0011 0000 0011 0000 0011 0000 0011 0000 0011 0000 0011 0000 0011 0000 0011 0000 0011 0000 0031 0000 0010 0000 0010 0000 0010 0000 0010 0000 0010 0000 0010 0000 0030 0000 0011 0000 0011 0000 0031 0000 0010 0000 0010 0000 0010 0000 0010 0000 0010 0000 0010 0000 0030 0000 0011 0000 0011 0000 0011 0000 0031 0000 0010 0000 0010 0000 0030 0000 0011 0000 0031 0000 0010 0000 0010 0000 0030 0000 0011 0000 0031 0000 0030 0000 0031 0000 0010 0000 0AE5
Mode	0000 006E 0000 0032 0000 0041 0000 0010 0000 0031 0000 0011 0000 0011 0000 0011 0000 0011 0000 0011 0000 0011 0000 0011 0000 0011 0000 0011 0000 0011 0000 0011 0000 0032 0000 0010 0000 0010 0000 0010 0000 0010 0000 0010 0000 0010 0000 0031 0000 0011 0000 0011 0000 0032 0000 0010 0000 0010 0000 0010 0000 0010 0000 0010 0000 0010 0000 0031 0000 0011 0000 0011 0000 0011 0000 0011 0000 0011 0000 0011 0000 0011 0000 0032 0000 0031 0000 0011 0000 0011 0000 0011 0000 0011 0000 0032 0000 0010 0000 0010 0000 0010 0000 0AFF
Jog&lt;&lt;&lt;	0000 006C 0000 0096 0000 0042 0000 0012 0000 0032 0000 0010 0000 0010 0000 0010 0000 0010 0000 0010 0000 0010 0000 0010 0000 0010 0000 0010 0000 0010 0000 0010 0000 0033 0000 0012 0000 0012 0000 0012 0000 0012 0000 0012 0000 0012 0000 0032 0000 0010 0000 0010 0000 0033 0000 0012 0000 0012 0000 0012 0000 0012 0000 0012 0000 0012 0000 0032 0000 0010 0000 0033 0000 0012 0000 0032 0000 0033 0000 0012 0000 0012 0000 0012 0000 0012 0000 0032 0000 0010 0000 0033 0000 0032 0000 0033 0000 0012 0000 0032 0000 0033 0000 0B38 0000 0042 0000 0010 0000 0032 0000 0012 0000 0012 0000 0012 0000 0012 0000 0012 0000 0012 0000 0012 0000 0012 0000 0012 0000 0012 0000 0012 0000 0033 0000 0010 0000 0010 0000 0010 0000 0010 0000 0010 0000 0010 0000 0032 0000 0012 0000 0012 0000 0033 0000 0010 0000 0010 0000 0010 0000 0010 0000 0010 0000 0010 0000 0032 0000 0012 0000 0033 0000 0010 0000 0010 0000 0010 0000 0010 0000 0010 0000 0010 0000 0032 0000 0033 0000 0010 0000 0010 0000 0010 0000 0032 0000 0012 0000 0033 0000 0010 0000 0E5A 0000 0042 0000 0010 0000 0032 0000 0012 0000 0012 0000 0012 0000 0012 0000 0012 0000 0012 0000 0012 0000 0012 0000 0012 0000 0012 0000 0012 0000 0033 0000 0010 0000 0010 0000 0010 0000 0010 0000 0010 0000 0010 0000 0032 0000 0012 0000 0012 0000 0033 0000 0010 0000 0010 0000 0010 0000 0010 0000 0010 0000 0010 0000 0032 0000 0012 0000 0033 0000 0010 0000 0010 0000 0010 0000 0010 0000 0010 0000 0010 0000 0032 0000 0033 0000 0010 0000 0010 0000 0010 0000 0032 0000 0012 0000 0033 0000 0010 0000 0E6F
Jog&gt;&gt;&gt;	0000 006E 0000 0096 0000 0041 0000 0011 0000 0031 0000 0010 0000 0010 0000 0010 0000 0010 0000 0010 0000 0010 0000 0010 0000 0010 0000 0010 0000 0010 0000 0010 0000 0032 0000 0011 0000 0011 0000 0011 0000 0011 0000 0011 0000 0011 0000 0031 0000 0010 0000 0010 0000 0032 0000 0011 0000 0011 0000 0011 0000 0011 0000 0011 0000 0011 0000 0031 0000 0010 0000 0032 0000 0011 0000 0031 0000 0032 0000 0011 0000 0011 0000 0011 0000 0011 0000 0031 0000 0010 0000 0032 0000 0031 0000 0032 0000 0011 0000 0031 0000 0032 0000 0B02 0000 0041 0000 0010 0000 0031 0000 0011 0000 0011 0000 0011 0000 0011 0000 0011 0000 0011 0000 0011 0000 0011 0000 0011 0000 0011 0000 0011 0000 0032 0000 0010 0000 0010 0000 0010 0000 0010 0000 0010 0000 0010 0000 0031 0000 0011 0000 0011 0000 0032 0000 0010 0000 0010 0000 0010 0000 0010 0000 0010 0000 0010 0000 0031 0000 0011 0000 0032 0000 0010 0000 0010 0000 0010 0000 0010 0000 0010 0000 0010 0000 0031 0000 0032 0000 0010 0000 0010 0000 0010 0000 0031 0000 0011 0000 0032 0000 0010 0000 0E6C 0000 0041 0000 0010 0000 0031 0000 0011 0000 0011 0000 0011 0000 0011 0000 0011 0000 0011 0000 0011 0000 0011 0000 0011 0000 0011 0000 0011 0000 0032 0000 0010 0000 0010 0000 0010 0000 0010 0000 0010 0000 0010 0000 0031 0000 0011 0000 0011 0000 0032 0000 0010 0000 0010 0000 0010 0000 0010 0000 0010 0000 0010 0000 0031 0000 0011 0000 0032 0000 0010 0000 0010 0000 0010 0000 0010 0000 0010 0000 0010 0000 0031 0000 0032 0000 0010 0000 0010 0000 0010 0000 0031 0000 0011 0000 0032 0000 0010 0000 0E5B
