Power	0000 0048 0000 001A 0000 00E6 0000 0073 0000 0072 0000 0073 0000 003A 0000 003A 0000 003A 0000 0072 0000 0072 0000 0073 0000 0039 0000 0073 0000 0073 0000 003A 0000 003A 0000 0039 0000 0072 0000 0073 0000 0072 0000 003A 0000 003A 0000 003A 0000 0073 0000 0039 0000 0039 0000 01D5
Play	0000 0048 0000 001A 0000 00E6 0000 0073 0000 0072 0000 0073 0000 003A 0000 003A 0000 003A 0000 0039 0000 0072 0000 003A 0000 0072 0000 003A 0000 0073 0000 003A 0000 003A 0000 0039 0000 0072 0000 0073 0000 0072 0000 0073 0000 003A 0000 0073 0000 003A 0000 0072 0000 0039 0000 01D5
Stop	0000 0048 0000 001A 0000 00E6 0000 0073 0000 0072 0000 0073 0000 003A 0000 003A 0000 003A 0000 0039 0000 0072 0000 0073 0000 0072 0000 0073 0000 0073 0000 003A 0000 003A 0000 0039 0000 0072 0000 0073 0000 0072 0000 0073 0000 003A 0000 003A 0000 003A 0000 0039 0000 0039 0000 01D5
Ffwd	0000 0048 0000 001A 0000 00E6 0000 0073 0000 0072 0000 0073 0000 003A 0000 003A 0000 003A 0000 0039 0000 0072 0000 0073 0000 0072 0000 003A 0000 003A 0000 003A 0000 003A 0000 0039 0000 0072 0000 0073 0000 0072 0000 0073 0000 003A 0000 003A 0000 003A 0000 0072 0000 0072 0000 01D5
Rew	0000 0048 0000 001A 0000 00E6 0000 0073 0000 0072 0000 0073 0000 003A 0000 003A 0000 003A 0000 0039 0000 0072 0000 0073 0000 0072 0000 003A 0000 0073 0000 003A 0000 003A 0000 0039 0000 0072 0000 0073 0000 0072 0000 0073 0000 003A 0000 003A 0000 003A 0000 0072 0000 0039 0000 01D5
Pause	0000 0048 0000 001A 0000 00E6 0000 0073 0000 0072 0000 0073 0000 003A 0000 003A 0000 003A 0000 0039 0000 0072 0000 0073 0000 0039 0000 003A 0000 0073 0000 003A 0000 003A 0000 0039 0000 0072 0000 0073 0000 0072 0000 0073 0000 003A 0000 003A 0000 0073 0000 0072 0000 0039 0000 01D5
Record Express	0000 0048 0000 001A 0000 00E6 0000 0073 0000 0072 0000 0073 0000 003A 0000 003A 0000 003A 0000 0039 0000 0072 0000 003A 0000 0072 0000 0073 0000 0073 0000 003A 0000 003A 0000 0039 0000 0072 0000 0073 0000 0072 0000 0073 0000 003A 0000 0073 0000 003A 0000 0039 0000 0039 0000 01D5
Display	0000 0048 0000 001A 0000 00E6 0000 0073 0000 0072 0000 0073 0000 003A 0000 003A 0000 003A 0000 0072 0000 0072 0000 0073 0000 0072 0000 003A 0000 003A 0000 003A 0000 003A 0000 0039 0000 0072 0000 0073 0000 0072 0000 003A 0000 003A 0000 003A 0000 003A 0000 0072 0000 0072 0000 01D5
Search	0000 0048 0000 001A 0000 00E6 0000 0073 0000 0072 0000 0073 0000 003A 0000 003A 0000 0073 0000 0039 0000 0072 0000 003A 0000 0039 0000 0073 0000 0073 0000 003A 0000 003A 0000 0039 0000 0072 0000 0073 0000 0039 0000 0073 0000 003A 0000 0073 0000 0073 0000 0039 0000 0039 0000 01D5
Ch+	0000 0048 0000 001A 0000 00E6 0000 0073 0000 0072 0000 0073 0000 003A 0000 003A 0000 003A 0000 0072 0000 0039 0000 0073 0000 0072 0000 003A 0000 0073 0000 003A 0000 003A 0000 0039 0000 0072 0000 0073 0000 0072 0000 003A 0000 0073 0000 003A 0000 003A 0000 0072 0000 0039 0000 01D5
Ch-	0000 0048 0000 001A 0000 00E6 0000 0073 0000 0072 0000 0073 0000 003A 0000 003A 0000 003A 0000 0072 0000 0039 0000 0073 0000 0072 0000 003A 0000 003A 0000 003A 0000 003A 0000 0039 0000 0072 0000 0073 0000 0072 0000 003A 0000 0073 0000 003A 0000 003A 0000 0072 0000 0072 0000 01D5
Prevch	0000 0048 0000 001A 0000 00E6 0000 0073 0000 0072 0000 0073 0000 003A 0000 003A 0000 003A 0000 0072 0000 0039 0000 003A 0000 0072 0000 0073 0000 0073 0000 003A 0000 003A 0000 0039 0000 0072 0000 0073 0000 0072 0000 003A 0000 0073 0000 0073 0000 003A 0000 0039 0000 0039 0000 01D5
Clear	0000 0048 0000 001A 0000 00E6 0000 0073 0000 0072 0000 0073 0000 003A 0000 003A 0000 003A 0000 0039 0000 0039 0000 003A 0000 0072 0000 0073 0000 003A 0000 003A 0000 003A 0000 0039 0000 0072 0000 0073 0000 0072 0000 0073 0000 0073 0000 0073 0000 003A 0000 0039 0000 0072 0000 01D5
Menu	0000 0048 0000 001A 0000 00E6 0000 0073 0000 0072 0000 0073 0000 003A 0000 003A 0000 003A 0000 0039 0000 0039 0000 0073 0000 0039 0000 003A 0000 003A 0000 003A 0000 003A 0000 0039 0000 0072 0000 0073 0000 0072 0000 0073 0000 0073 0000 003A 0000 0073 0000 0072 0000 0072 0000 01D5
Speed	0000 0048 0000 001A 0000 00E6 0000 0073 0000 0072 0000 0073 0000 003A 0000 003A 0000 0073 0000 0039 0000 0039 0000 003A 0000 0072 0000 0073 0000 003A 0000 003A 0000 003A 0000 0039 0000 0072 0000 0073 0000 0039 0000 0073 0000 0073 0000 0073 0000 003A 0000 0039 0000 0072 0000 01D5
F Srch	0000 0048 0000 001A 0000 00E6 0000 0073 0000 0072 0000 0073 0000 003A 0000 003A 0000 003A 0000 0072 0000 0039 0000 003A 0000 0039 0000 003A 0000 003A 0000 003A 0000 003A 0000 0039 0000 0072 0000 0073 0000 0072 0000 003A 0000 0073 0000 0073 0000 0073 0000 0072 0000 0072 0000 01D5
Multi+	0000 0048 0000 001A 0000 00E6 0000 0073 0000 0072 0000 0073 0000 003A 0000 003A 0000 003A 0000 0039 0000 0039 0000 003A 0000 0039 0000 003A 0000 0073 0000 003A 0000 003A 0000 0039 0000 0072 0000 0073 0000 0072 0000 0073 0000 0073 0000 0073 0000 0073 0000 0072 0000 0039 0000 01D5
Multi-	0000 0048 0000 001A 0000 00E6 0000 0073 0000 0072 0000 0073 0000 003A 0000 003A 0000 003A 0000 0039 0000 0039 0000 003A 0000 0039 0000 003A 0000 003A 0000 003A 0000 003A 0000 0039 0000 0072 0000 0073 0000 0072 0000 0073 0000 0073 0000 0073 0000 0073 0000 0072 0000 0072 0000 01D5
F Trk	0000 0048 0000 001A 0000 00E6 0000 0073 0000 0072 0000 0073 0000 003A 0000 003A 0000 003A 0000 0039 0000 0039 0000 0073 0000 0039 0000 0073 0000 0073 0000 003A 0000 003A 0000 0039 0000 0072 0000 0073 0000 0072 0000 0073 0000 0073 0000 003A 0000 0073 0000 0039 0000 0039 0000 01D5
R Trk	0000 0048 0000 001A 0000 00E5 0000 0073 0000 0072 0000 0073 0000 003A 0000 003A 0000 003A 0000 0039 0000 0039 0000 0073 0000 0039 0000 0073 0000 003A 0000 003A 0000 003A 0000 0039 0000 0072 0000 0073 0000 0072 0000 0073 0000 0073 0000 003A 0000 0073 0000 0039 0000 0072 0000 01D5
Up	0000 0048 0000 001A 0000 00E6 0000 0073 0000 0072 0000 0073 0000 003A 0000 003A 0000 0073 0000 0039 0000 0072 0000 0073 0000 0039 0000 003A 0000 0073 0000 003A 0000 003A 0000 0039 0000 0072 0000 0073 0000 0039 0000 0073 0000 003A 0000 003A 0000 0073 0000 0072 0000 0039 0000 01D5
Down	0000 0048 0000 001A 0000 00E5 0000 0073 0000 0072 0000 0073 0000 003A 0000 003A 0000 0073 0000 0039 0000 0072 0000 0073 0000 0039 0000 003A 0000 003A 0000 003A 0000 003A 0000 0039 0000 0072 0000 0073 0000 0039 0000 0073 0000 003A 0000 003A 0000 0073 0000 0072 0000 0072 0000 01D5
Right	0000 0048 0000 001A 0000 00E6 0000 0073 0000 0072 0000 0073 0000 003A 0000 003A 0000 0073 0000 0039 0000 0072 0000 003A 0000 0072 0000 0073 0000 0073 0000 003A 0000 003A 0000 0039 0000 0072 0000 0073 0000 0039 0000 0073 0000 003A 0000 0073 0000 003A 0000 0039 0000 0039 0000 01D5
Left	0000 0048 0000 001A 0000 00E6 0000 0073 0000 0072 0000 0073 0000 003A 0000 003A 0000 0073 0000 0039 0000 0072 0000 003A 0000 0072 0000 0073 0000 003A 0000 003A 0000 003A 0000 0039 0000 0072 0000 0073 0000 0039 0000 0073 0000 003A 0000 0073 0000 003A 0000 0039 0000 0072 0000 01D5
TV/VCR	0000 0048 0000 001A 0000 00E6 0000 0073 0000 0072 0000 0073 0000 003A 0000 003A 0000 003A 0000 0039 0000 0039 0000 003A 0000 0072 0000 003A 0000 0073 0000 003A 0000 003A 0000 0039 0000 0072 0000 0073 0000 0072 0000 0073 0000 0073 0000 0073 0000 003A 0000 0072 0000 0039 0000 01D5
Input	0000 0048 0000 001A 0000 00E6 0000 0073 0000 0072 0000 0073 0000 003A 0000 003A 0000 0073 0000 0039 0000 0039 0000 003A 0000 0072 0000 0073 0000 0073 0000 003A 0000 003A 0000 0039 0000 0072 0000 0073 0000 0039 0000 0073 0000 0073 0000 0073 0000 003A 0000 0039 0000 0039 0000 01D5
1	0000 0048 0000 001A 0000 00E6 0000 0073 0000 0072 0000 0073 0000 003A 0000 003A 0000 003A 0000 0072 0000 0072 0000 003A 0000 0039 0000 003A 0000 0073 0000 003A 0000 003A 0000 0039 0000 0072 0000 0073 0000 0072 0000 003A 0000 003A 0000 0073 0000 0073 0000 0072 0000 0039 0000 01D5
2	0000 0048 0000 001A 0000 00E6 0000 0073 0000 0072 0000 0073 0000 003A 0000 003A 0000 003A 0000 0072 0000 0072 0000 003A 0000 0039 0000 0073 0000 003A 0000 003A 0000 003A 0000 0039 0000 0072 0000 0073 0000 0072 0000 003A 0000 003A 0000 0073 0000 0073 0000 0039 0000 0072 0000 01D5
3	0000 0048 0000 001A 0000 00E6 0000 0073 0000 0072 0000 0073 0000 003A 0000 003A 0000 003A 0000 0072 0000 0072 0000 003A 0000 0039 0000 0073 0000 0073 0000 003A 0000 003A 0000 0039 0000 0072 0000 0073 0000 0072 0000 003A 0000 003A 0000 0073 0000 0073 0000 0039 0000 0039 0000 01D5
4	0000 0048 0000 001A 0000 00E5 0000 0073 0000 0072 0000 0073 0000 003A 0000 003A 0000 003A 0000 0072 0000 0072 0000 003A 0000 0072 0000 003A 0000 003A 0000 003A 0000 003A 0000 0039 0000 0072 0000 0073 0000 0072 0000 003A 0000 003A 0000 0073 0000 003A 0000 0072 0000 0072 0000 01D5
5	0000 0048 0000 001A 0000 00E6 0000 0073 0000 0072 0000 0073 0000 003A 0000 003A 0000 003A 0000 0072 0000 0072 0000 003A 0000 0072 0000 003A 0000 0073 0000 003A 0000 003A 0000 0039 0000 0072 0000 0073 0000 0072 0000 003A 0000 003A 0000 0073 0000 003A 0000 0072 0000 0039 0000 01D5
6	0000 0048 0000 001A 0000 00E6 0000 0073 0000 0072 0000 0073 0000 003A 0000 003A 0000 003A 0000 0072 0000 0072 0000 003A 0000 0072 0000 0073 0000 003A 0000 003A 0000 003A 0000 0039 0000 0072 0000 0073 0000 0072 0000 003A 0000 003A 0000 0073 0000 003A 0000 0039 0000 0072 0000 01D5
7	0000 0048 0000 001A 0000 00E6 0000 0073 0000 0072 0000 0073 0000 003A 0000 003A 0000 003A 0000 0072 0000 0072 0000 003A 0000 0072 0000 0073 0000 0073 0000 003A 0000 003A 0000 0039 0000 0072 0000 0073 0000 0072 0000 003A 0000 003A 0000 0073 0000 003A 0000 0039 0000 0039 0000 01D5
8	0000 0048 0000 001A 0000 00E6 0000 0073 0000 0072 0000 0073 0000 003A 0000 003A 0000 003A 0000 0072 0000 0072 0000 0073 0000 0039 0000 003A 0000 003A 0000 003A 0000 003A 0000 0039 0000 0072 0000 0073 0000 0072 0000 003A 0000 003A 0000 003A 0000 0073 0000 0072 0000 0072 0000 01D5
9	0000 0048 0000 001A 0000 00E6 0000 0073 0000 0072 0000 0073 0000 003A 0000 003A 0000 003A 0000 0072 0000 0072 0000 0073 0000 0039 0000 003A 0000 0073 0000 003A 0000 003A 0000 0039 0000 0072 0000 0073 0000 0072 0000 003A 0000 003A 0000 003A 0000 0073 0000 0072 0000 0039 0000 01D5
0	0000 0048 0000 001A 0000 00E6 0000 0073 0000 0072 0000 0073 0000 003A 0000 003A 0000 003A 0000 0072 0000 0072 0000 003A 0000 0039 0000 003A 0000 003A 0000 003A 0000 003A 0000 0039 0000 0072 0000 0073 0000 0072 0000 003A 0000 003A 0000 0073 0000 0073 0000 0072 0000 0072 0000 01D5
Edit	0000 0048 0000 004E 0000 00E5 0000 0072 0000 0073 0000 0072 0000 003A 0000 003A 0000 003A 0000 003A 0000 0072 0000 0072 0000 003A 0000 0039 0000 0073 0000 003A 0000 003A 0000 003A 0000 0072 0000 0072 0000 0073 0000 0072 0000 003A 0000 003A 0000 0073 0000 0073 0000 0039 0000 0A15 0000 00E5 0000 0072 0000 0073 0000 0072 0000 0073 0000 003A 0000 003A 0000 003A 0000 0072 0000 0072 0000 003A 0000 0039 0000 0073 0000 003A 0000 003A 0000 003A 0000 0039 0000 0072 0000 0073 0000 0072 0000 003A 0000 003A 0000 0073 0000 0073 0000 0039 0000 0A29 0000 00E5 0000 0072 0000 0073 0000 0039 0000 003A 0000 003A 0000 003A 0000 003A 0000 0072 0000 0072 0000 003A 0000 0039 0000 0073 0000 003A 0000 003A 0000 0073 0000 0072 0000 0072 0000 0073 0000 0072 0000 003A 0000 003A 0000 0073 0000 0073 0000 0039 0000 0A1F
