Power	0000 0047 0000 001A 0000 00DF 0000 0036 0000 0071 0000 0071 0000 0071 0000 0036 0000 0036 0000 0071 0000 0071 0000 0071 0000 0036 0000 0071 0000 0071 0000 0071 0000 0036 0000 0036 0000 0036 0000 0071 0000 0071 0000 0036 0000 0036 0000 0036 0000 0071 0000 0036 0000 0036 0000 01F0
Audio Shift	0000 0047 0000 001A 0000 00DF 0000 0071 0000 0071 0000 0036 0000 0036 0000 0036 0000 0036 0000 0036 0000 0071 0000 0071 0000 0071 0000 0071 0000 0036 0000 0036 0000 0036 0000 0071 0000 0071 0000 0071 0000 0071 0000 0071 0000 0036 0000 0036 0000 0036 0000 0036 0000 0071 0000 0A57
VCR1	0000 0047 0000 001A 0000 00DF 0000 0071 0000 0071 0000 0071 0000 0036 0000 0036 0000 0036 0000 0071 0000 0071 0000 0071 0000 0036 0000 0071 0000 0036 0000 0036 0000 0036 0000 0036 0000 0071 0000 0071 0000 0071 0000 0036 0000 0036 0000 0036 0000 0071 0000 0036 0000 0071 0000 01E4
VCR2	0000 0047 0000 001A 0000 00DF 0000 0071 0000 0071 0000 0036 0000 0071 0000 0036 0000 0036 0000 0071 0000 0071 0000 0071 0000 0036 0000 0071 0000 0036 0000 0036 0000 0036 0000 0071 0000 0036 0000 0071 0000 0071 0000 0036 0000 0036 0000 0036 0000 0071 0000 0036 0000 0071 0000 01E2
Cable/DSS	0000 0047 0000 001A 0000 00DF 0000 0036 0000 0071 0000 0071 0000 0071 0000 0036 0000 0036 0000 0071 0000 0071 0000 0071 0000 0036 0000 0071 0000 0036 0000 0071 0000 0036 0000 0036 0000 0036 0000 0071 0000 0071 0000 0036 0000 0036 0000 0036 0000 0071 0000 0036 0000 0071 0000 01E3
Input Cycle	0000 0047 0000 001A 0000 00DF 0000 0036 0000 0071 0000 0071 0000 0071 0000 0036 0000 0036 0000 0036 0000 0036 0000 0036 0000 0071 0000 0036 0000 0071 0000 0071 0000 0036 0000 0036 0000 0036 0000 0071 0000 0071 0000 0071 0000 0071 0000 0071 0000 0036 0000 0071 0000 0036 0000 01FA
1	0000 0047 0000 001A 0000 00DF 0000 0071 0000 0071 0000 0071 0000 0036 0000 0036 0000 0036 0000 0071 0000 0071 0000 0036 0000 0036 0000 0036 0000 0071 0000 0036 0000 0036 0000 0036 0000 0071 0000 0071 0000 0071 0000 0036 0000 0036 0000 0071 0000 0071 0000 0071 0000 0036 0000 01E5
2	0000 0047 0000 001A 0000 00DF 0000 0071 0000 0071 0000 0071 0000 0036 0000 0036 0000 0036 0000 0071 0000 0071 0000 0036 0000 0036 0000 0071 0000 0036 0000 0036 0000 0036 0000 0036 0000 0071 0000 0071 0000 0071 0000 0036 0000 0036 0000 0071 0000 0071 0000 0036 0000 0071 0000 01E0
3	0000 0047 0000 001A 0000 00DF 0000 0071 0000 0071 0000 0071 0000 0036 0000 0036 0000 0036 0000 0071 0000 0071 0000 0036 0000 0036 0000 0071 0000 0071 0000 0036 0000 0036 0000 0036 0000 0071 0000 0071 0000 0071 0000 0036 0000 0036 0000 0071 0000 0071 0000 0036 0000 0036 0000 01E4
4	0000 0047 0000 001A 0000 00DF 0000 0071 0000 0071 0000 0071 0000 0036 0000 0036 0000 0036 0000 0071 0000 0071 0000 0036 0000 0071 0000 0036 0000 0036 0000 0036 0000 0036 0000 0036 0000 0071 0000 0071 0000 0071 0000 0036 0000 0036 0000 0071 0000 0036 0000 0071 0000 0071 0000 01E1
5	0000 0047 0000 001A 0000 00DF 0000 0071 0000 0071 0000 0071 0000 0036 0000 0036 0000 0036 0000 0071 0000 0071 0000 0036 0000 0071 0000 0036 0000 0071 0000 0036 0000 0036 0000 0036 0000 0071 0000 0071 0000 0071 0000 0036 0000 0036 0000 0071 0000 0036 0000 0071 0000 0036 0000 01E5
6	0000 0047 0000 001A 0000 00DF 0000 0071 0000 0071 0000 0071 0000 0036 0000 0036 0000 0036 0000 0071 0000 0071 0000 0036 0000 0071 0000 0071 0000 0036 0000 0036 0000 0036 0000 0036 0000 0071 0000 0071 0000 0071 0000 0036 0000 0036 0000 0071 0000 0036 0000 0036 0000 0071 0000 01E1
7	0000 0047 0000 001A 0000 00DF 0000 0071 0000 0071 0000 0071 0000 0036 0000 0036 0000 0036 0000 0071 0000 0071 0000 0036 0000 0071 0000 0071 0000 0071 0000 0036 0000 0036 0000 0036 0000 0071 0000 0071 0000 0071 0000 0036 0000 0036 0000 0071 0000 0036 0000 0036 0000 0036 0000 01E4
8	0000 0047 0000 001A 0000 00DF 0000 0071 0000 0071 0000 0071 0000 0036 0000 0036 0000 0036 0000 0071 0000 0071 0000 0071 0000 0036 0000 0036 0000 0036 0000 0036 0000 0036 0000 0036 0000 0071 0000 0071 0000 0071 0000 0036 0000 0036 0000 0036 0000 0071 0000 0071 0000 0071 0000 01E1
9	0000 0047 0000 001A 0000 00DF 0000 0071 0000 0071 0000 0071 0000 0036 0000 0036 0000 0036 0000 0071 0000 0071 0000 0071 0000 0036 0000 0036 0000 0071 0000 0036 0000 0036 0000 0036 0000 0071 0000 0071 0000 0071 0000 0036 0000 0036 0000 0036 0000 0071 0000 0071 0000 0036 0000 01E2
0	0000 0047 0000 001A 0000 00DF 0000 0071 0000 0071 0000 0071 0000 0036 0000 0036 0000 0036 0000 0071 0000 0071 0000 0036 0000 0036 0000 0036 0000 0036 0000 0036 0000 0036 0000 0036 0000 0071 0000 0071 0000 0071 0000 0036 0000 0036 0000 0071 0000 0071 0000 0071 0000 0071 0000 01E2
Menu	0000 0047 0000 001A 0000 00DF 0000 0071 0000 0071 0000 0071 0000 0071 0000 0036 0000 0036 0000 0036 0000 0036 0000 0071 0000 0036 0000 0036 0000 0036 0000 0036 0000 0036 0000 0036 0000 0036 0000 0071 0000 0071 0000 0071 0000 0071 0000 0036 0000 0071 0000 0071 0000 0071 0000 01F1
Up	0000 0047 0000 001A 0000 00DF 0000 0071 0000 0071 0000 0036 0000 0036 0000 0036 0000 0071 0000 0071 0000 0036 0000 0036 0000 0071 0000 0036 0000 0071 0000 0036 0000 0036 0000 0071 0000 0071 0000 0071 0000 0036 0000 0036 0000 0071 0000 0071 0000 0036 0000 0071 0000 0036 0000 01EC
Down	0000 0047 0000 001A 0000 00DF 0000 0071 0000 0071 0000 0036 0000 0036 0000 0036 0000 0071 0000 0071 0000 0036 0000 0036 0000 0071 0000 0036 0000 0036 0000 0036 0000 0036 0000 0071 0000 0071 0000 0071 0000 0036 0000 0036 0000 0071 0000 0071 0000 0036 0000 0071 0000 0071 0000 01EC
Left	0000 0047 0000 001A 0000 00DF 0000 0071 0000 0071 0000 0036 0000 0036 0000 0036 0000 0071 0000 0036 0000 0071 0000 0071 0000 0036 0000 0036 0000 0036 0000 0036 0000 0036 0000 0071 0000 0071 0000 0071 0000 0036 0000 0071 0000 0036 0000 0036 0000 0071 0000 0071 0000 0071 0000 01EE
Right	0000 0047 0000 001A 0000 00DF 0000 0071 0000 0071 0000 0036 0000 0036 0000 0036 0000 0071 0000 0036 0000 0071 0000 0071 0000 0071 0000 0036 0000 0036 0000 0036 0000 0036 0000 0071 0000 0071 0000 0071 0000 0036 0000 0071 0000 0036 0000 0036 0000 0036 0000 0071 0000 0071 0000 01EB
Vol+	0000 0047 0000 001A 0000 00DF 0000 0071 0000 0071 0000 0036 0000 0036 0000 0036 0000 0036 0000 0071 0000 0036 0000 0071 0000 0071 0000 0071 0000 0071 0000 0036 0000 0036 0000 0071 0000 0071 0000 0071 0000 0071 0000 0036 0000 0071 0000 0036 0000 0036 0000 0036 0000 0036 0000 01E3
Vol-	0000 0047 0000 001A 0000 00DF 0000 0071 0000 0071 0000 0036 0000 0036 0000 0036 0000 0036 0000 0071 0000 0036 0000 0071 0000 0071 0000 0071 0000 0036 0000 0036 0000 0036 0000 0071 0000 0071 0000 0071 0000 0071 0000 0036 0000 0071 0000 0036 0000 0036 0000 0036 0000 0071 0000 01E3
Mute	0000 0047 0000 001A 0000 00DF 0000 0071 0000 0071 0000 0036 0000 0036 0000 0036 0000 0036 0000 0071 0000 0071 0000 0071 0000 0071 0000 0071 0000 0071 0000 0036 0000 0036 0000 0071 0000 0071 0000 0071 0000 0071 0000 0036 0000 0036 0000 0036 0000 0036 0000 0036 0000 0036 0000 01E1
Tune+	0000 0047 0000 001A 0000 00DF 0000 0036 0000 0071 0000 0071 0000 0071 0000 0036 0000 0036 0000 0071 0000 0071 0000 0071 0000 0071 0000 0036 0000 0036 0000 0071 0000 0036 0000 0036 0000 0036 0000 0071 0000 0071 0000 0036 0000 0036 0000 0036 0000 0036 0000 0071 0000 0071 0000 01ED
Tune-	0000 0047 0000 001A 0000 00DF 0000 0036 0000 0071 0000 0071 0000 0071 0000 0036 0000 0036 0000 0036 0000 0036 0000 0036 0000 0071 0000 0071 0000 0036 0000 0071 0000 0036 0000 0036 0000 0036 0000 0071 0000 0071 0000 0071 0000 0071 0000 0071 0000 0036 0000 0036 0000 0071 0000 01EF
Ch+	0000 0047 0000 001A 0000 00DF 0000 0071 0000 0071 0000 0071 0000 0036 0000 0036 0000 0036 0000 0071 0000 0036 0000 0071 0000 0071 0000 0036 0000 0071 0000 0036 0000 0036 0000 0036 0000 0071 0000 0071 0000 0071 0000 0036 0000 0071 0000 0036 0000 0036 0000 0071 0000 0036 0000 01DE
Ch-	0000 0047 0000 001A 0000 00DF 0000 0071 0000 0071 0000 0071 0000 0036 0000 0036 0000 0036 0000 0071 0000 0036 0000 0071 0000 0071 0000 0036 0000 0036 0000 0036 0000 0036 0000 0036 0000 0071 0000 0071 0000 0071 0000 0036 0000 0071 0000 0036 0000 0036 0000 0071 0000 0071 0000 01DE
PG Mem	0000 0047 0000 001A 0000 00DF 0000 0036 0000 0071 0000 0071 0000 0071 0000 0036 0000 0036 0000 0036 0000 0036 0000 0071 0000 0036 0000 0036 0000 0036 0000 0071 0000 0036 0000 0036 0000 0036 0000 0071 0000 0071 0000 0071 0000 0071 0000 0036 0000 0071 0000 0071 0000 0071 0000 01F0
Last	0000 0047 0000 001A 0000 00DF 0000 0036 0000 0071 0000 0071 0000 0071 0000 0036 0000 0036 0000 0071 0000 0036 0000 0036 0000 0071 0000 0071 0000 0071 0000 0071 0000 0036 0000 0036 0000 0036 0000 0071 0000 0071 0000 0036 0000 0071 0000 0071 0000 0036 0000 0036 0000 0036 0000 01ED
Front	0000 0047 0000 001A 0000 00DF 0000 0071 0000 0071 0000 0036 0000 0036 0000 0036 0000 0071 0000 0036 0000 0071 0000 0071 0000 0071 0000 0071 0000 0071 0000 0036 0000 0036 0000 0071 0000 0071 0000 0071 0000 0036 0000 0071 0000 0036 0000 0036 0000 0036 0000 0036 0000 0036 0000 01E9
Sur Mode	0000 0047 0000 001A 0000 00DF 0000 0071 0000 0071 0000 0036 0000 0036 0000 0036 0000 0071 0000 0036 0000 0071 0000 0071 0000 0036 0000 0071 0000 0071 0000 0036 0000 0036 0000 0071 0000 0071 0000 0071 0000 0036 0000 0071 0000 0036 0000 0036 0000 0071 0000 0036 0000 0036 0000 01ED
Center	0000 0047 0000 001A 0000 00DF 0000 0071 0000 0071 0000 0036 0000 0036 0000 0071 0000 0036 0000 0071 0000 0071 0000 0036 0000 0071 0000 0036 0000 0036 0000 0036 0000 0036 0000 0071 0000 0071 0000 0036 0000 0071 0000 0036 0000 0036 0000 0071 0000 0036 0000 0071 0000 0071 0000 01E9
Center Mode	0000 0047 0000 001A 0000 00DF 0000 0071 0000 0071 0000 0036 0000 0036 0000 0036 0000 0071 0000 0036 0000 0071 0000 0071 0000 0036 0000 0036 0000 0071 0000 0036 0000 0036 0000 0071 0000 0071 0000 0071 0000 0036 0000 0071 0000 0036 0000 0036 0000 0071 0000 0071 0000 0036 0000 01EC
Rear	0000 0047 0000 001A 0000 00DF 0000 0071 0000 0071 0000 0036 0000 0036 0000 0036 0000 0071 0000 0036 0000 0071 0000 0071 0000 0071 0000 0071 0000 0036 0000 0036 0000 0036 0000 0071 0000 0071 0000 0071 0000 0036 0000 0071 0000 0036 0000 0036 0000 0036 0000 0036 0000 0071 0000 01E7
Guide	0000 0047 0000 001A 0000 00DF 0000 0036 0000 0071 0000 0071 0000 0071 0000 0036 0000 0036 0000 0036 0000 0071 0000 0071 0000 0036 0000 0071 0000 0036 0000 0071 0000 0036 0000 0036 0000 0036 0000 0071 0000 0071 0000 0071 0000 0036 0000 0036 0000 0071 0000 0036 0000 0071 0000 01EE
