Power	0000 0048 0000 001A 0000 00E6 0000 003A 0000 0072 0000 0072 0000 0073 0000 0039 0000 003A 0000 0073 0000 003A 0000 0073 0000 0039 0000 0072 0000 003A 0000 0072 0000 003A 0000 003A 0000 003A 0000 0073 0000 0072 0000 0039 0000 0073 0000 0039 0000 0073 0000 003A 0000 0073 0000 01D5
Display	0000 0048 0000 001A 0000 00E6 0000 003A 0000 0072 0000 0072 0000 0073 0000 0039 0000 003A 0000 0073 0000 0073 0000 0073 0000 0072 0000 0039 0000 003A 0000 0072 0000 003A 0000 003A 0000 003A 0000 0073 0000 0072 0000 0039 0000 003A 0000 0039 0000 003A 0000 0073 0000 0073 0000 01D5
Search	0000 0048 0000 001A 0000 00E6 0000 003A 0000 0072 0000 0072 0000 0073 0000 0039 0000 0073 0000 003A 0000 0073 0000 003A 0000 0039 0000 0072 0000 0073 0000 0072 0000 003A 0000 003A 0000 003A 0000 0073 0000 0039 0000 0072 0000 003A 0000 0072 0000 0073 0000 003A 0000 003A 0000 01D5
Ch+	0000 0048 0000 001A 0000 00E6 0000 003A 0000 0072 0000 0072 0000 0073 0000 0039 0000 003A 0000 0073 0000 003A 0000 0073 0000 0072 0000 0039 0000 0073 0000 0072 0000 003A 0000 003A 0000 003A 0000 0073 0000 0072 0000 0039 0000 0073 0000 0039 0000 003A 0000 0073 0000 003A 0000 01D5
Ch-	0000 0048 0000 001A 0000 00E6 0000 003A 0000 0072 0000 0072 0000 0073 0000 0039 0000 003A 0000 0073 0000 003A 0000 0073 0000 0072 0000 0039 0000 003A 0000 0072 0000 003A 0000 003A 0000 003A 0000 0073 0000 0072 0000 0039 0000 0073 0000 0039 0000 003A 0000 0073 0000 0073 0000 01D5
Prev Ch	0000 0048 0000 001A 0000 00E6 0000 003A 0000 0072 0000 0072 0000 0073 0000 0039 0000 003A 0000 0073 0000 003A 0000 003A 0000 0072 0000 0072 0000 0073 0000 0072 0000 003A 0000 003A 0000 003A 0000 0073 0000 0072 0000 0039 0000 0073 0000 0072 0000 003A 0000 003A 0000 003A 0000 01D5
Clear	0000 0048 0000 001A 0000 00E6 0000 003A 0000 0072 0000 0072 0000 0073 0000 0039 0000 003A 0000 003A 0000 003A 0000 003A 0000 0072 0000 0072 0000 003A 0000 0072 0000 003A 0000 003A 0000 003A 0000 0073 0000 0072 0000 0072 0000 0073 0000 0072 0000 003A 0000 003A 0000 0073 0000 01D5
Menu	0000 0048 0000 001A 0000 00E6 0000 003A 0000 0072 0000 0072 0000 0073 0000 0039 0000 003A 0000 003A 0000 003A 0000 0073 0000 0039 0000 0039 0000 003A 0000 0072 0000 003A 0000 003A 0000 003A 0000 0073 0000 0072 0000 0072 0000 0073 0000 0039 0000 0073 0000 0073 0000 0073 0000 01D5
Up	0000 0048 0000 001A 0000 00E6 0000 003A 0000 0072 0000 0072 0000 0073 0000 0039 0000 0073 0000 003A 0000 0073 0000 0073 0000 0039 0000 0039 0000 0073 0000 0072 0000 003A 0000 003A 0000 003A 0000 0073 0000 0039 0000 0072 0000 003A 0000 0039 0000 0073 0000 0073 0000 003A 0000 01D5
Down	0000 0048 0000 001A 0000 00E6 0000 003A 0000 0072 0000 0072 0000 0073 0000 0039 0000 0073 0000 003A 0000 0073 0000 0073 0000 0039 0000 0039 0000 003A 0000 0072 0000 003A 0000 003A 0000 003A 0000 0073 0000 0039 0000 0072 0000 003A 0000 0039 0000 0073 0000 0073 0000 0073 0000 01D5
Right	0000 0048 0000 001A 0000 00E6 0000 003A 0000 0072 0000 0072 0000 0073 0000 0039 0000 0073 0000 003A 0000 0073 0000 003A 0000 0072 0000 0072 0000 0073 0000 0072 0000 003A 0000 003A 0000 003A 0000 0073 0000 0039 0000 0072 0000 003A 0000 0072 0000 003A 0000 003A 0000 003A 0000 01D5
Left	0000 0048 0000 001A 0000 00E6 0000 003A 0000 0072 0000 0072 0000 0073 0000 0039 0000 0073 0000 003A 0000 0073 0000 003A 0000 0072 0000 0072 0000 003A 0000 0072 0000 003A 0000 003A 0000 003A 0000 0073 0000 0039 0000 0072 0000 003A 0000 0072 0000 003A 0000 003A 0000 0073 0000 01D5
TV/VCR	0000 0048 0000 001A 0000 00E6 0000 003A 0000 0072 0000 0072 0000 0073 0000 0039 0000 003A 0000 003A 0000 003A 0000 003A 0000 0072 0000 0039 0000 0073 0000 0072 0000 003A 0000 003A 0000 003A 0000 0073 0000 0072 0000 0072 0000 0073 0000 0072 0000 003A 0000 0073 0000 003A 0000 01D5
Input	0000 0048 0000 001A 0000 00E6 0000 003A 0000 0072 0000 0072 0000 0073 0000 0039 0000 0073 0000 003A 0000 003A 0000 003A 0000 0072 0000 0072 0000 0073 0000 0072 0000 003A 0000 003A 0000 003A 0000 0073 0000 0039 0000 0072 0000 0073 0000 0072 0000 003A 0000 003A 0000 003A 0000 01D5
1	0000 0048 0000 001A 0000 00E6 0000 003A 0000 0072 0000 0072 0000 0073 0000 0039 0000 003A 0000 0073 0000 0073 0000 003A 0000 0039 0000 0039 0000 0073 0000 0072 0000 003A 0000 003A 0000 003A 0000 0073 0000 0072 0000 0039 0000 003A 0000 0072 0000 0073 0000 0073 0000 003A 0000 01D5
2	0000 0048 0000 001A 0000 00E6 0000 003A 0000 0072 0000 0072 0000 0073 0000 0039 0000 003A 0000 0073 0000 0073 0000 003A 0000 0039 0000 0072 0000 003A 0000 0072 0000 003A 0000 003A 0000 003A 0000 0073 0000 0072 0000 0039 0000 003A 0000 0072 0000 0073 0000 003A 0000 0073 0000 01D5
3	0000 0048 0000 001A 0000 00E6 0000 003A 0000 0072 0000 0072 0000 0073 0000 0039 0000 003A 0000 0073 0000 0073 0000 003A 0000 0039 0000 0072 0000 0073 0000 0072 0000 003A 0000 003A 0000 003A 0000 0073 0000 0072 0000 0039 0000 003A 0000 0072 0000 0073 0000 003A 0000 003A 0000 01D5
4	0000 0048 0000 001A 0000 00E6 0000 003A 0000 0072 0000 0072 0000 0073 0000 0039 0000 003A 0000 0073 0000 0073 0000 003A 0000 0072 0000 0039 0000 003A 0000 0072 0000 003A 0000 003A 0000 003A 0000 0073 0000 0072 0000 0039 0000 003A 0000 0072 0000 003A 0000 0073 0000 0073 0000 01D5
5	0000 0048 0000 001A 0000 00E6 0000 003A 0000 0072 0000 0072 0000 0073 0000 0039 0000 003A 0000 0073 0000 0073 0000 003A 0000 0072 0000 0039 0000 0073 0000 0072 0000 003A 0000 003A 0000 003A 0000 0073 0000 0072 0000 0039 0000 003A 0000 0072 0000 003A 0000 0073 0000 003A 0000 01D5
6	0000 0048 0000 001A 0000 00E6 0000 003A 0000 0072 0000 0072 0000 0073 0000 0039 0000 003A 0000 0073 0000 0073 0000 003A 0000 0072 0000 0072 0000 003A 0000 0072 0000 003A 0000 003A 0000 003A 0000 0073 0000 0072 0000 0039 0000 003A 0000 0072 0000 003A 0000 003A 0000 0073 0000 01D5
7	0000 0048 0000 001A 0000 00E6 0000 003A 0000 0072 0000 0072 0000 0073 0000 0039 0000 003A 0000 0073 0000 0073 0000 003A 0000 0072 0000 0072 0000 0073 0000 0072 0000 003A 0000 003A 0000 003A 0000 0073 0000 0072 0000 0039 0000 003A 0000 0072 0000 003A 0000 003A 0000 003A 0000 01D5
8	0000 0048 0000 001A 0000 00E6 0000 003A 0000 0072 0000 0072 0000 0073 0000 0039 0000 003A 0000 0073 0000 0073 0000 0073 0000 0039 0000 0039 0000 003A 0000 0072 0000 003A 0000 003A 0000 003A 0000 0073 0000 0072 0000 0039 0000 003A 0000 0039 0000 0073 0000 0073 0000 0073 0000 01D5
9	0000 0048 0000 001A 0000 00E6 0000 003A 0000 0072 0000 0072 0000 0073 0000 0039 0000 003A 0000 0073 0000 0073 0000 0073 0000 0039 0000 0039 0000 0073 0000 0072 0000 003A 0000 003A 0000 003A 0000 0073 0000 0072 0000 0039 0000 003A 0000 0039 0000 0073 0000 0073 0000 003A 0000 01D5
0	0000 0048 0000 001A 0000 00E6 0000 003A 0000 0072 0000 0072 0000 0073 0000 0039 0000 003A 0000 0073 0000 0073 0000 003A 0000 0039 0000 0039 0000 003A 0000 0072 0000 003A 0000 003A 0000 003A 0000 0073 0000 0072 0000 0039 0000 003A 0000 0072 0000 0073 0000 0073 0000 0073 0000 01D5
Aux Power	0000 0048 0000 001A 0000 00E6 0000 0073 0000 0072 0000 003A 0000 003A 0000 003A 0000 003A 0000 0072 0000 0072 0000 0073 0000 0039 0000 0073 0000 0073 0000 003A 0000 003A 0000 0072 0000 0072 0000 0073 0000 0072 0000 003A 0000 003A 0000 003A 0000 0073 0000 0039 0000 0039 0000 01D5
Aux Display	0000 0048 0000 001A 0000 00E6 0000 0073 0000 0072 0000 003A 0000 003A 0000 003A 0000 003A 0000 0072 0000 0072 0000 0073 0000 0072 0000 003A 0000 003A 0000 003A 0000 003A 0000 0072 0000 0072 0000 0073 0000 0072 0000 003A 0000 003A 0000 003A 0000 003A 0000 0072 0000 0072 0000 01D5
Aux Search	0000 0048 0000 001A 0000 00E6 0000 0073 0000 0072 0000 003A 0000 003A 0000 003A 0000 0073 0000 0039 0000 0072 0000 003A 0000 0039 0000 0073 0000 0073 0000 003A 0000 003A 0000 0072 0000 0072 0000 0073 0000 0039 0000 0073 0000 003A 0000 0073 0000 0073 0000 0039 0000 0039 0000 01D5
Aux Ch +	0000 0048 0000 001A 0000 00E6 0000 0073 0000 0072 0000 003A 0000 003A 0000 003A 0000 003A 0000 0072 0000 0039 0000 0073 0000 0072 0000 003A 0000 0073 0000 003A 0000 003A 0000 0072 0000 0072 0000 0073 0000 0072 0000 003A 0000 0073 0000 003A 0000 003A 0000 0072 0000 0039 0000 01D5
Aux Ch -	0000 0048 0000 001A 0000 00E6 0000 0073 0000 0072 0000 003A 0000 003A 0000 003A 0000 003A 0000 0072 0000 0039 0000 0073 0000 0072 0000 003A 0000 003A 0000 003A 0000 003A 0000 0072 0000 0072 0000 0073 0000 0072 0000 003A 0000 0073 0000 003A 0000 003A 0000 0072 0000 0072 0000 01D5
Aux Vol +	0000 0048 0000 001A 0000 00E6 0000 0073 0000 0072 0000 003A 0000 003A 0000 003A 0000 003A 0000 0072 0000 0039 0000 0073 0000 0072 0000 0073 0000 0073 0000 003A 0000 003A 0000 0072 0000 0072 0000 0073 0000 0072 0000 003A 0000 0073 0000 003A 0000 003A 0000 0039 0000 0039 0000 01D5
Aux Vol -	0000 0048 0000 001A 0000 00E6 0000 0073 0000 0072 0000 003A 0000 003A 0000 003A 0000 003A 0000 0072 0000 0039 0000 0073 0000 0072 0000 0073 0000 003A 0000 003A 0000 003A 0000 0072 0000 0072 0000 0073 0000 0072 0000 003A 0000 0073 0000 003A 0000 003A 0000 0039 0000 0072 0000 01D5
Aux Prev Ch	0000 0048 0000 001A 0000 00E6 0000 0073 0000 0072 0000 003A 0000 003A 0000 003A 0000 003A 0000 0072 0000 0039 0000 003A 0000 0072 0000 0073 0000 0073 0000 003A 0000 003A 0000 0072 0000 0072 0000 0073 0000 0072 0000 003A 0000 0073 0000 0073 0000 003A 0000 0039 0000 0039 0000 01D5
Aux Mute	0000 0048 0000 001A 0000 00E6 0000 0073 0000 0072 0000 003A 0000 003A 0000 003A 0000 003A 0000 0072 0000 0072 0000 0073 0000 0072 0000 0073 0000 0073 0000 003A 0000 003A 0000 0072 0000 0072 0000 0073 0000 0072 0000 003A 0000 003A 0000 003A 0000 003A 0000 0039 0000 0039 0000 01D5
Aux Clear	0000 0048 0000 001A 0000 00E6 0000 0073 0000 0072 0000 003A 0000 003A 0000 003A 0000 003A 0000 0039 0000 0039 0000 003A 0000 0072 0000 0073 0000 003A 0000 003A 0000 003A 0000 0072 0000 0072 0000 0073 0000 0072 0000 0073 0000 0073 0000 0073 0000 003A 0000 0039 0000 0072 0000 01D5
Aux Menu Prog	0000 0048 0000 001A 0000 00E6 0000 0073 0000 0072 0000 003A 0000 003A 0000 003A 0000 003A 0000 0039 0000 0039 0000 0073 0000 0039 0000 003A 0000 003A 0000 003A 0000 003A 0000 0072 0000 0072 0000 0073 0000 0072 0000 0073 0000 0073 0000 003A 0000 0073 0000 0072 0000 0072 0000 01D5
Aux Move Up	0000 0048 0000 001A 0000 00E6 0000 0073 0000 0072 0000 003A 0000 003A 0000 003A 0000 0073 0000 0039 0000 0072 0000 0073 0000 0039 0000 003A 0000 0073 0000 003A 0000 003A 0000 0072 0000 0072 0000 0073 0000 0039 0000 0073 0000 003A 0000 003A 0000 0073 0000 0072 0000 0039 0000 01D5
Aux Move Dn	0000 0048 0000 001A 0000 00E6 0000 0073 0000 0072 0000 003A 0000 003A 0000 003A 0000 0073 0000 0039 0000 0072 0000 0073 0000 0039 0000 003A 0000 003A 0000 003A 0000 003A 0000 0072 0000 0072 0000 0073 0000 0039 0000 0073 0000 003A 0000 003A 0000 0073 0000 0072 0000 0072 0000 01D5
Aux Move RT	0000 0048 0000 001A 0000 00E6 0000 0073 0000 0072 0000 003A 0000 003A 0000 003A 0000 0073 0000 0039 0000 0072 0000 003A 0000 0072 0000 0073 0000 0073 0000 003A 0000 003A 0000 0072 0000 0072 0000 0073 0000 0039 0000 0073 0000 003A 0000 0073 0000 003A 0000 0039 0000 0039 0000 01D5
Aux Move LT	0000 0048 0000 001A 0000 00E6 0000 0073 0000 0072 0000 003A 0000 003A 0000 003A 0000 0073 0000 0039 0000 0072 0000 003A 0000 0072 0000 0073 0000 003A 0000 003A 0000 003A 0000 0072 0000 0072 0000 0073 0000 0039 0000 0073 0000 003A 0000 0073 0000 003A 0000 0039 0000 0072 0000 01D5
Aux TV/VCR	0000 0048 0000 001A 0000 00E6 0000 0073 0000 0072 0000 003A 0000 003A 0000 003A 0000 003A 0000 0039 0000 0039 0000 003A 0000 0072 0000 003A 0000 0073 0000 003A 0000 003A 0000 0072 0000 0072 0000 0073 0000 0072 0000 0073 0000 0073 0000 0073 0000 003A 0000 0072 0000 0039 0000 01D5
Aux Input	0000 0048 0000 001A 0000 00E6 0000 0073 0000 0072 0000 003A 0000 003A 0000 003A 0000 0073 0000 0039 0000 0039 0000 003A 0000 0072 0000 0073 0000 0073 0000 003A 0000 003A 0000 0072 0000 0072 0000 0073 0000 0039 0000 0073 0000 0073 0000 0073 0000 003A 0000 0039 0000 0039 0000 01D5
Aux 1	0000 0048 0000 001A 0000 00E6 0000 0073 0000 0072 0000 003A 0000 003A 0000 003A 0000 003A 0000 0072 0000 0072 0000 003A 0000 0039 0000 003A 0000 0073 0000 003A 0000 003A 0000 0072 0000 0072 0000 0073 0000 0072 0000 003A 0000 003A 0000 0073 0000 0073 0000 0072 0000 0039 0000 01D5
Aux 2	0000 0048 0000 001A 0000 00E6 0000 0073 0000 0072 0000 003A 0000 003A 0000 003A 0000 003A 0000 0072 0000 0072 0000 003A 0000 0039 0000 0073 0000 003A 0000 003A 0000 003A 0000 0072 0000 0072 0000 0073 0000 0072 0000 003A 0000 003A 0000 0073 0000 0073 0000 0039 0000 0072 0000 01D5
Aux 3	0000 0048 0000 001A 0000 00E6 0000 0073 0000 0072 0000 003A 0000 003A 0000 003A 0000 003A 0000 0072 0000 0072 0000 003A 0000 0039 0000 0073 0000 0073 0000 003A 0000 003A 0000 0072 0000 0072 0000 0073 0000 0072 0000 003A 0000 003A 0000 0073 0000 0073 0000 0039 0000 0039 0000 01D5
Aux 4	0000 0048 0000 001A 0000 00E6 0000 0073 0000 0072 0000 003A 0000 003A 0000 003A 0000 003A 0000 0072 0000 0072 0000 003A 0000 0072 0000 003A 0000 003A 0000 003A 0000 003A 0000 0072 0000 0072 0000 0073 0000 0072 0000 003A 0000 003A 0000 0073 0000 003A 0000 0072 0000 0072 0000 01D5
Aux 5	0000 0048 0000 001A 0000 00E6 0000 0073 0000 0072 0000 003A 0000 003A 0000 003A 0000 003A 0000 0072 0000 0072 0000 003A 0000 0072 0000 003A 0000 0073 0000 003A 0000 003A 0000 0072 0000 0072 0000 0073 0000 0072 0000 003A 0000 003A 0000 0073 0000 003A 0000 0072 0000 0039 0000 01D5
Aux 6	0000 0048 0000 001A 0000 00E6 0000 0073 0000 0072 0000 003A 0000 003A 0000 003A 0000 003A 0000 0072 0000 0072 0000 003A 0000 0072 0000 0073 0000 003A 0000 003A 0000 003A 0000 0072 0000 0072 0000 0073 0000 0072 0000 003A 0000 003A 0000 0073 0000 003A 0000 0039 0000 0072 0000 01D5
Aux 7	0000 0048 0000 001A 0000 00E6 0000 0073 0000 0072 0000 003A 0000 003A 0000 003A 0000 003A 0000 0072 0000 0072 0000 003A 0000 0072 0000 0073 0000 0073 0000 003A 0000 003A 0000 0072 0000 0072 0000 0073 0000 0072 0000 003A 0000 003A 0000 0073 0000 003A 0000 0039 0000 0039 0000 01D5
Aux 8	0000 0048 0000 001A 0000 00E6 0000 0073 0000 0072 0000 003A 0000 003A 0000 003A 0000 003A 0000 0072 0000 0072 0000 0073 0000 0039 0000 003A 0000 003A 0000 003A 0000 003A 0000 0072 0000 0072 0000 0073 0000 0072 0000 003A 0000 003A 0000 003A 0000 0073 0000 0072 0000 0072 0000 01D5
Aux 9	0000 0048 0000 001A 0000 00E6 0000 0073 0000 0072 0000 003A 0000 003A 0000 003A 0000 003A 0000 0072 0000 0072 0000 0073 0000 0039 0000 003A 0000 0073 0000 003A 0000 003A 0000 0072 0000 0072 0000 0073 0000 0072 0000 003A 0000 003A 0000 003A 0000 0073 0000 0072 0000 0039 0000 01D5
Aux 0	0000 0048 0000 001A 0000 00E6 0000 0073 0000 0072 0000 003A 0000 003A 0000 003A 0000 003A 0000 0072 0000 0072 0000 003A 0000 0039 0000 003A 0000 003A 0000 003A 0000 003A 0000 0072 0000 0072 0000 0073 0000 0072 0000 003A 0000 003A 0000 0073 0000 0073 0000 0072 0000 0072 0000 01D5
Edit	0000 0048 0000 004E 0000 00E5 0000 0072 0000 0073 0000 0072 0000 003A 0000 003A 0000 003A 0000 003A 0000 0072 0000 0072 0000 003A 0000 0039 0000 0073 0000 003A 0000 003A 0000 003A 0000 0072 0000 0072 0000 0073 0000 0072 0000 003A 0000 003A 0000 0073 0000 0073 0000 0039 0000 0A15 0000 00E5 0000 0072 0000 0073 0000 0072 0000 0073 0000 003A 0000 003A 0000 003A 0000 0072 0000 0072 0000 003A 0000 0039 0000 0073 0000 003A 0000 003A 0000 003A 0000 0039 0000 0072 0000 0073 0000 0072 0000 003A 0000 003A 0000 0073 0000 0073 0000 0039 0000 0A29 0000 00E5 0000 0072 0000 0073 0000 0039 0000 003A 0000 003A 0000 003A 0000 003A 0000 0072 0000 0072 0000 003A 0000 0039 0000 0073 0000 003A 0000 003A 0000 0073 0000 0072 0000 0072 0000 0073 0000 0072 0000 003A 0000 003A 0000 0073 0000 0073 0000 0039 0000 0A1F
