Power	0000 0047 0000 001A 0000 00E0 0000 0072 0000 0072 0000 0072 0000 0036 0000 0036 0000 0036 0000 0072 0000 0072 0000 0072 0000 0036 0000 0072 0000 0072 0000 0036 0000 0036 0000 0036 0000 0072 0000 0072 0000 0072 0000 0036 0000 0036 0000 0036 0000 0072 0000 0036 0000 0036 0000 01EF
Play	0000 0047 0000 001A 0000 00E0 0000 0072 0000 0072 0000 0072 0000 0036 0000 0036 0000 0036 0000 0036 0000 0072 0000 0036 0000 0072 0000 0036 0000 0072 0000 0036 0000 0036 0000 0036 0000 0072 0000 0072 0000 0072 0000 0072 0000 0036 0000 0072 0000 0036 0000 0072 0000 0036 0000 01F0
Stop	0000 0047 0000 001A 0000 00E0 0000 0072 0000 0072 0000 0072 0000 0036 0000 0036 0000 0036 0000 0036 0000 0072 0000 0072 0000 0072 0000 0072 0000 0072 0000 0036 0000 0036 0000 0036 0000 0072 0000 0072 0000 0072 0000 0072 0000 0036 0000 0036 0000 0036 0000 0036 0000 0036 0000 01EE
Pause	0000 0047 0000 001A 0000 00E0 0000 0072 0000 0072 0000 0072 0000 0036 0000 0036 0000 0036 0000 0036 0000 0072 0000 0072 0000 0036 0000 0036 0000 0072 0000 0036 0000 0036 0000 0036 0000 0072 0000 0072 0000 0072 0000 0072 0000 0036 0000 0036 0000 0072 0000 0072 0000 0036 0000 01F0
Rew	0000 0047 0000 001A 0000 00E0 0000 0072 0000 0072 0000 0072 0000 0036 0000 0036 0000 0036 0000 0036 0000 0072 0000 0072 0000 0072 0000 0036 0000 0072 0000 0036 0000 0036 0000 0036 0000 0072 0000 0072 0000 0072 0000 0072 0000 0036 0000 0036 0000 0036 0000 0072 0000 0036 0000 01F0
Ffwd	0000 0047 0000 001A 0000 00E0 0000 0072 0000 0072 0000 0072 0000 0036 0000 0036 0000 0036 0000 0036 0000 0072 0000 0072 0000 0072 0000 0036 0000 0036 0000 0036 0000 0036 0000 0036 0000 0072 0000 0072 0000 0072 0000 0072 0000 0036 0000 0036 0000 0036 0000 0072 0000 0072 0000 01EE
Record	0000 0047 0000 001A 0000 00E0 0000 0072 0000 0072 0000 0072 0000 0036 0000 0036 0000 0036 0000 0036 0000 0072 0000 0036 0000 0072 0000 0072 0000 0072 0000 0036 0000 0036 0000 0036 0000 0072 0000 0072 0000 0072 0000 0072 0000 0036 0000 0072 0000 0036 0000 0036 0000 0036 0000 01F1
1	0000 0047 0000 001A 0000 00E0 0000 0072 0000 0072 0000 0072 0000 0036 0000 0036 0000 0036 0000 0072 0000 0072 0000 0036 0000 0036 0000 0036 0000 0072 0000 0036 0000 0036 0000 0036 0000 0072 0000 0072 0000 0072 0000 0036 0000 0036 0000 0072 0000 0072 0000 0072 0000 0036 0000 01EE
2	0000 0047 0000 001A 0000 00E0 0000 0072 0000 0072 0000 0072 0000 0036 0000 0036 0000 0036 0000 0072 0000 0072 0000 0036 0000 0036 0000 0072 0000 0036 0000 0036 0000 0036 0000 0036 0000 0072 0000 0072 0000 0072 0000 0036 0000 0036 0000 0072 0000 0072 0000 0036 0000 0072 0000 01EA
3	0000 0047 0000 001A 0000 00E0 0000 0072 0000 0072 0000 0072 0000 0036 0000 0036 0000 0036 0000 0072 0000 0072 0000 0036 0000 0036 0000 0072 0000 0072 0000 0036 0000 0036 0000 0036 0000 0072 0000 0072 0000 0072 0000 0036 0000 0036 0000 0072 0000 0072 0000 0036 0000 0036 0000 01E7
4	0000 0047 0000 001A 0000 00E0 0000 0072 0000 0072 0000 0072 0000 0036 0000 0036 0000 0036 0000 0072 0000 0072 0000 0036 0000 0072 0000 0036 0000 0036 0000 0036 0000 0036 0000 0036 0000 0072 0000 0072 0000 0072 0000 0036 0000 0036 0000 0072 0000 0036 0000 0072 0000 0072 0000 01EB
5	0000 0047 0000 001A 0000 00E0 0000 0072 0000 0072 0000 0072 0000 0036 0000 0036 0000 0036 0000 0072 0000 0072 0000 0036 0000 0072 0000 0036 0000 0072 0000 0036 0000 0036 0000 0036 0000 0072 0000 0072 0000 0072 0000 0036 0000 0036 0000 0072 0000 0036 0000 0072 0000 0036 0000 01E8
6	0000 0047 0000 001A 0000 00E0 0000 0072 0000 0072 0000 0072 0000 0036 0000 0036 0000 0036 0000 0072 0000 0072 0000 0036 0000 0072 0000 0072 0000 0036 0000 0036 0000 0036 0000 0036 0000 0072 0000 0072 0000 0072 0000 0036 0000 0036 0000 0072 0000 0036 0000 0036 0000 0072 0000 01E7
7	0000 0047 0000 001A 0000 00E0 0000 0072 0000 0072 0000 0072 0000 0036 0000 0036 0000 0036 0000 0072 0000 0072 0000 0036 0000 0072 0000 0072 0000 0072 0000 0036 0000 0036 0000 0036 0000 0072 0000 0072 0000 0072 0000 0036 0000 0036 0000 0072 0000 0036 0000 0036 0000 0036 0000 01ED
8	0000 0047 0000 001A 0000 00E0 0000 0072 0000 0072 0000 0072 0000 0036 0000 0036 0000 0036 0000 0072 0000 0072 0000 0072 0000 0036 0000 0036 0000 0036 0000 0036 0000 0036 0000 0036 0000 0072 0000 0072 0000 0072 0000 0036 0000 0036 0000 0036 0000 0072 0000 0072 0000 0072 0000 01E8
9	0000 0047 0000 001A 0000 00E0 0000 0072 0000 0072 0000 0072 0000 0036 0000 0036 0000 0036 0000 0072 0000 0072 0000 0072 0000 0036 0000 0036 0000 0072 0000 0036 0000 0036 0000 0036 0000 0072 0000 0072 0000 0072 0000 0036 0000 0036 0000 0036 0000 0072 0000 0072 0000 0036 0000 01E4
0	0000 0047 0000 001A 0000 00E0 0000 0072 0000 0072 0000 0072 0000 0036 0000 0036 0000 0036 0000 0072 0000 0072 0000 0036 0000 0036 0000 0036 0000 0036 0000 0036 0000 0036 0000 0036 0000 0072 0000 0072 0000 0072 0000 0036 0000 0036 0000 0072 0000 0072 0000 0072 0000 0072 0000 01EB
TV/VCR	0000 0047 0000 001A 0000 00E0 0000 0072 0000 0072 0000 0072 0000 0036 0000 0036 0000 0036 0000 0036 0000 0036 0000 0036 0000 0072 0000 0036 0000 0072 0000 0036 0000 0036 0000 0036 0000 0072 0000 0072 0000 0072 0000 0072 0000 0072 0000 0072 0000 0036 0000 0072 0000 0036 0000 01EC
Ch+	0000 0047 0000 001A 0000 00E0 0000 0072 0000 0072 0000 0072 0000 0036 0000 0036 0000 0036 0000 0072 0000 0036 0000 0072 0000 0072 0000 0036 0000 0072 0000 0036 0000 0036 0000 0036 0000 0072 0000 0072 0000 0072 0000 0036 0000 0072 0000 0036 0000 0036 0000 0072 0000 0036 0000 01ED
Ch-	0000 0047 0000 001A 0000 00E0 0000 0072 0000 0072 0000 0072 0000 0036 0000 0036 0000 0036 0000 0072 0000 0036 0000 0072 0000 0072 0000 0036 0000 0036 0000 0036 0000 0036 0000 0036 0000 0072 0000 0072 0000 0072 0000 0036 0000 0072 0000 0036 0000 0036 0000 0072 0000 0072 0000 01EC
Vol+	0000 0047 0000 001A 0000 00E0 0000 0072 0000 0072 0000 0072 0000 0072 0000 0036 0000 0036 0000 0072 0000 0036 0000 0072 0000 0072 0000 0072 0000 0072 0000 0036 0000 0036 0000 0036 0000 0036 0000 0072 0000 0072 0000 0036 0000 0072 0000 0036 0000 0036 0000 0036 0000 0036 0000 01DC
Vol-	0000 0047 0000 001A 0000 00E0 0000 0072 0000 0072 0000 0072 0000 0072 0000 0036 0000 0036 0000 0072 0000 0036 0000 0072 0000 0072 0000 0072 0000 0036 0000 0036 0000 0036 0000 0036 0000 0036 0000 0072 0000 0072 0000 0036 0000 0072 0000 0036 0000 0036 0000 0036 0000 0072 0000 01E2
Menu	0000 0047 0000 001A 0000 00E0 0000 0072 0000 0072 0000 0072 0000 0036 0000 0036 0000 0036 0000 0036 0000 0036 0000 0072 0000 0036 0000 0036 0000 0036 0000 0036 0000 0036 0000 0036 0000 0072 0000 0072 0000 0072 0000 0072 0000 0072 0000 0036 0000 0072 0000 0072 0000 0072 0000 01E7
Up	0000 0047 0000 001A 0000 00E0 0000 0072 0000 0072 0000 0072 0000 0036 0000 0036 0000 0072 0000 0036 0000 0072 0000 0072 0000 0036 0000 0036 0000 0072 0000 0036 0000 0036 0000 0036 0000 0072 0000 0072 0000 0036 0000 0072 0000 0036 0000 0036 0000 0072 0000 0072 0000 0036 0000 01E2
Down	0000 0047 0000 001A 0000 00E0 0000 0072 0000 0072 0000 0072 0000 0036 0000 0036 0000 0072 0000 0036 0000 0072 0000 0072 0000 0036 0000 0036 0000 0036 0000 0036 0000 0036 0000 0036 0000 0072 0000 0072 0000 0036 0000 0072 0000 0036 0000 0036 0000 0072 0000 0072 0000 0072 0000 01DA
Left	0000 0047 0000 001A 0000 00E0 0000 0072 0000 0072 0000 0072 0000 0036 0000 0036 0000 0072 0000 0036 0000 0072 0000 0036 0000 0072 0000 0072 0000 0036 0000 0036 0000 0036 0000 0036 0000 0072 0000 0072 0000 0036 0000 0072 0000 0036 0000 0072 0000 0036 0000 0036 0000 0072 0000 01E0
Right	0000 0047 0000 001A 0000 00E0 0000 0072 0000 0072 0000 0072 0000 0036 0000 0036 0000 0072 0000 0036 0000 0072 0000 0036 0000 0072 0000 0072 0000 0072 0000 0036 0000 0036 0000 0036 0000 0072 0000 0072 0000 0036 0000 0072 0000 0036 0000 0072 0000 0036 0000 0036 0000 0036 0000 01D9
Mute	0000 0047 0000 001A 0000 00E0 0000 0072 0000 0072 0000 0072 0000 0072 0000 0036 0000 0036 0000 0072 0000 0072 0000 0072 0000 0072 0000 0072 0000 0072 0000 0036 0000 0036 0000 0036 0000 0036 0000 0072 0000 0072 0000 0036 0000 0036 0000 0036 0000 0036 0000 0036 0000 0036 0000 01DE
Last	0000 0047 0000 001A 0000 00E0 0000 0072 0000 0072 0000 0072 0000 0036 0000 0036 0000 0036 0000 0072 0000 0036 0000 0036 0000 0072 0000 0072 0000 0072 0000 0036 0000 0036 0000 0036 0000 0072 0000 0072 0000 0072 0000 0036 0000 0072 0000 0072 0000 0036 0000 0036 0000 0036 0000 01E4
Search	0000 0047 0000 001A 0000 00E0 0000 0072 0000 0072 0000 0072 0000 0036 0000 0036 0000 0072 0000 0036 0000 0072 0000 0036 0000 0036 0000 0072 0000 0072 0000 0036 0000 0036 0000 0036 0000 0072 0000 0072 0000 0036 0000 0072 0000 0036 0000 0072 0000 0072 0000 0036 0000 0036 0000 01E2
Display	0000 0047 0000 001A 0000 00E0 0000 0072 0000 0072 0000 0072 0000 0036 0000 0036 0000 0036 0000 0072 0000 0072 0000 0072 0000 0072 0000 0036 0000 0036 0000 0036 0000 0036 0000 0036 0000 0072 0000 0072 0000 0072 0000 0036 0000 0036 0000 0036 0000 0036 0000 0072 0000 0072 0000 01E9
Clear	0000 0047 0000 001A 0000 00E0 0000 0072 0000 0072 0000 0072 0000 0036 0000 0036 0000 0036 0000 0036 0000 0036 0000 0036 0000 0072 0000 0072 0000 0036 0000 0036 0000 0036 0000 0036 0000 0072 0000 0072 0000 0072 0000 0072 0000 0072 0000 0072 0000 0036 0000 0036 0000 0072 0000 01E1
Input	0000 0047 0000 001A 0000 00E0 0000 0072 0000 0072 0000 0072 0000 0036 0000 0036 0000 0072 0000 0036 0000 0036 0000 0036 0000 0072 0000 0072 0000 0072 0000 0036 0000 0036 0000 0036 0000 0072 0000 0072 0000 0036 0000 0072 0000 0072 0000 0072 0000 0036 0000 0036 0000 0036 0000 01E6
Speed	0000 0047 0000 001A 0000 00E0 0000 0072 0000 0072 0000 0072 0000 0036 0000 0036 0000 0072 0000 0036 0000 0036 0000 0036 0000 0072 0000 0072 0000 0036 0000 0036 0000 0036 0000 0036 0000 0072 0000 0072 0000 0036 0000 0072 0000 0072 0000 0072 0000 0036 0000 0036 0000 0072 0000 01DF
Edit	0000 0047 0000 004E 0000 00E0 0000 0072 0000 0072 0000 0072 0000 0036 0000 0036 0000 0036 0000 0036 0000 0072 0000 0072 0000 0036 0000 0036 0000 0072 0000 0036 0000 0036 0000 0036 0000 0072 0000 0072 0000 0072 0000 0072 0000 0036 0000 0036 0000 0072 0000 0072 0000 0036 0000 063C 0000 00E0 0000 0072 0000 0072 0000 0036 0000 0072 0000 0036 0000 0036 0000 0036 0000 0072 0000 0072 0000 0036 0000 0036 0000 0072 0000 0036 0000 0036 0000 0072 0000 0036 0000 0072 0000 0072 0000 0072 0000 0036 0000 0036 0000 0072 0000 0072 0000 0036 0000 063C 0000 00E0 0000 0036 0000 0072 0000 0036 0000 0072 0000 0036 0000 0036 0000 0036 0000 0072 0000 0072 0000 0036 0000 0036 0000 0072 0000 0072 0000 0036 0000 0072 0000 0036 0000 0072 0000 0072 0000 0072 0000 0036 0000 0036 0000 0072 0000 0072 0000 0036 0000 0A57
Tracking+	0000 0047 0000 001A 0000 00E0 0000 0072 0000 0072 0000 0072 0000 0036 0000 0036 0000 0036 0000 0036 0000 0036 0000 0072 0000 0036 0000 0072 0000 0072 0000 0036 0000 0036 0000 0036 0000 0072 0000 0072 0000 0072 0000 0072 0000 0072 0000 0036 0000 0072 0000 0036 0000 0036 0000 01DA
Tracking-	0000 0047 0000 001A 0000 00E0 0000 0072 0000 0072 0000 0072 0000 0036 0000 0036 0000 0036 0000 0036 0000 0036 0000 0072 0000 0036 0000 0072 0000 0036 0000 0036 0000 0036 0000 0036 0000 0072 0000 0072 0000 0072 0000 0072 0000 0072 0000 0036 0000 0072 0000 0036 0000 0072 0000 01D9
Slow+	0000 0047 0000 001A 0000 00E0 0000 0072 0000 0072 0000 0072 0000 0036 0000 0036 0000 0036 0000 0036 0000 0036 0000 0036 0000 0036 0000 0036 0000 0072 0000 0036 0000 0036 0000 0036 0000 0072 0000 0072 0000 0072 0000 0072 0000 0072 0000 0072 0000 0072 0000 0072 0000 0036 0000 01DE
Slow-	0000 0047 0000 001A 0000 00E0 0000 0072 0000 0072 0000 0072 0000 0036 0000 0036 0000 0036 0000 0036 0000 0036 0000 0036 0000 0036 0000 0036 0000 0036 0000 0036 0000 0036 0000 0036 0000 0072 0000 0072 0000 0072 0000 0072 0000 0072 0000 0072 0000 0072 0000 0072 0000 0072 0000 01E5
Jog	0000 0047 0000 001A 0000 00E0 0000 0072 0000 0072 0000 0072 0000 0036 0000 0072 0000 0072 0000 0036 0000 0072 0000 0072 0000 0072 0000 0072 0000 0072 0000 0036 0000 0036 0000 0036 0000 0072 0000 0036 0000 0036 0000 0072 0000 0036 0000 0036 0000 0036 0000 0036 0000 0036 0000 0099
