Play	0000 0073 0000 000a 0021 0020 0041 0020 0021 0040 0021 0020 0021 0020 0041 0040 0021 0020 0041 0040 0041 0040 0021 0ca6
Stop	0000 0073 0000 000a 0021 0020 0041 0020 0021 0040 0021 0020 0021 0020 0041 0040 0021 0020 0041 0040 0021 0020 0041 0cc6
Pause	0000 0073 0000 000b 0021 0020 0041 0020 0021 0040 0021 0020 0021 0020 0041 0040 0021 0020 0041 0020 0021 0020 0021 0020 0021 0cc6
F Srch	0000 0073 0000 000b 0020 0020 0040 0020 0020 0040 0020 0020 0020 0020 0040 0020 0020 0040 0020 0020 0020 0020 0020 0020 0040 0cc7
R Srch	0000 0073 0000 000c 0020 0020 0040 0020 0020 0040 0020 0020 0020 0020 0040 0020 0020 0040 0020 0020 0020 0020 0020 0020 0020 0020 0020 0ca7
F Step	0000 0073 0000 000b 0020 0020 0040 0020 0020 0040 0020 0020 0020 0020 0040 0040 0040 0020 0020 0020 0020 0020 0020 0020 0020 0cc7
R Step	0000 0073 0000 000b 0020 0020 0040 0020 0020 0040 0020 0020 0020 0020 0040 0040 0040 0020 0020 0020 0020 0020 0020 0040 0020 0ca7
1	0000 0073 0000 000c 0021 0020 0041 0020 0021 0040 0021 0020 0021 0020 0041 0020 0021 0020 0021 0020 0021 0020 0021 0020 0021 0040 0021 0ca6
2	0000 0073 0000 000b 0020 0020 0040 0020 0020 0040 0020 0020 0020 0020 0040 0020 0020 0020 0020 0020 0020 0020 0020 0040 0040 0cc7
3	0000 0073 0000 000c 0021 0020 0041 0020 0021 0040 0021 0020 0021 0020 0041 0020 0021 0020 0021 0020 0021 0020 0021 0040 0021 0020 0021 0ca6
4	0000 0073 0000 000b 0020 0020 0040 0020 0020 0040 0020 0020 0020 0020 0040 0020 0020 0020 0020 0020 0020 0040 0040 0020 0020 0cc7
5	0000 0073 0000 000b 0021 0020 0041 0020 0021 0040 0021 0020 0021 0020 0041 0020 0021 0020 0021 0020 0021 0040 0041 0040 0021 0ca6
6	0000 0073 0000 000b 0020 0020 0040 0020 0020 0040 0020 0020 0020 0020 0040 0020 0020 0020 0020 0020 0020 0040 0020 0020 0040 0cc7
7	0000 0073 0000 000c 0021 0020 0041 0020 0021 0040 0021 0020 0021 0020 0041 0020 0021 0020 0021 0020 0021 0040 0021 0020 0021 0020 0021 0ca6
8	0000 0073 0000 000b 0020 0020 0040 0020 0020 0040 0020 0020 0020 0020 0040 0020 0020 0020 0020 0040 0040 0020 0020 0020 0020 0cc7
9	0000 0073 0000 000b 0020 0020 0040 0020 0020 0040 0020 0020 0020 0020 0040 0020 0020 0020 0020 0040 0040 0020 0020 0040 0020 0ca7
0	0000 0073 0000 000c 0020 0020 0040 0020 0020 0040 0020 0020 0020 0020 0040 0020 0020 0020 0020 0020 0020 0020 0020 0020 0020 0020 0020 0cc7
Rpt A	0000 0073 0000 000b 0020 0020 0040 0020 0020 0040 0020 0020 0020 0020 0040 0020 0020 0040 0020 0020 0020 0020 0040 0040 0020 0ca7
Program	0000 0073 0000 000a 0020 0020 0040 0020 0020 0040 0020 0020 0020 0020 0040 0040 0040 0020 0020 0040 0040 0020 0020 0cc7
Shuffle	0000 0073 0000 000b 0020 0020 0040 0020 0020 0040 0020 0020 0020 0020 0040 0020 0020 0040 0020 0020 0020 0020 0040 0020 0020 0cc7
Scan	0000 0073 0000 000a 0021 0020 0041 0020 0021 0040 0021 0020 0021 0020 0041 0040 0041 0040 0041 0040 0021 0020 0021 0ca6
Skip	0000 0073 0000 000a 0020 0020 0040 0020 0020 0040 0020 0020 0020 0020 0040 0040 0020 0020 0020 0020 0040 0040 0040 0cc7
Keep	0000 0073 0000 000a 0020 0020 0040 0020 0020 0040 0020 0020 0020 0020 0040 0040 0040 0040 0040 0020 0020 0040 0020 0ca7
Autoplay	0000 0073 0000 000b 0040 0020 0020 0020 0020 0040 0020 0020 0020 0020 0040 0040 0020 0020 0020 0020 0040 0020 0020 0020 0020 0cc7
Rotate	0000 0073 0000 000b 0040 0020 0020 0020 0020 0040 0020 0020 0020 0020 0040 0020 0020 0020 0020 0020 0020 0020 0020 0040 0040 0cc7
Reverse	0000 0073 0000 000b 0020 0020 0040 0020 0020 0040 0020 0020 0020 0020 0040 0040 0040 0040 0020 0020 0020 0020 0020 0020 0020 0ca7
Pan Up	0000 0073 0000 000b 0040 0020 0020 0020 0020 0040 0020 0020 0020 0020 0040 0020 0020 0040 0040 0020 0020 0020 0020 0020 0020 0cc7
Pan Dn	0000 0073 0000 000b 0040 0020 0020 0020 0020 0040 0020 0020 0020 0020 0040 0020 0020 0040 0040 0020 0020 0020 0020 0040 0020 0ca7
