Pan-	0000 006d 0000 0022 0156 00aa 0016 0040 0016 0040 0016 0016 0016 0016 0016 0016 0016 0016 0016 0016 0016 0040 0016 0040 0016 0040 0016 0016 0016 0016 0016 0040 0016 0016 0016 0016 0016 0016 0016 0016 0016 0040 0016 0040 0016 0040 0016 0016 0016 0016 0016 0016 0016 0016 0016 0040 0016 0016 0016 0016 0016 0016 0016 0040 0016 0040 0016 0040 0016 0040 0016 0643
Pan+	0000 006d 0000 0022 0156 00aa 0016 0040 0016 0040 0016 0016 0016 0016 0016 0016 0016 0016 0016 0016 0016 0040 0016 0040 0016 0040 0016 0016 0016 0016 0016 0040 0016 0016 0016 0016 0016 0016 0016 0040 0016 0040 0016 0040 0016 0040 0016 0016 0016 0016 0016 0016 0016 0016 0016 0016 0016 0016 0016 0016 0016 0016 0016 0040 0016 0040 0016 0040 0016 0040 0016 0643
Tilt+	0000 006d 0000 0022 0156 00aa 0016 0040 0016 0040 0016 0016 0016 0016 0016 0016 0016 0016 0016 0016 0016 0040 0016 0040 0016 0040 0016 0016 0016 0016 0016 0040 0016 0016 0016 0016 0016 0016 0016 0016 0016 0016 0016 0040 0016 0040 0016 0016 0016 0016 0016 0016 0016 0016 0016 0040 0016 0040 0016 0016 0016 0016 0016 0040 0016 0040 0016 0040 0016 0040 0016 0643
Tilt-	0000 006d 0000 0022 0156 00aa 0016 0040 0016 0040 0016 0016 0016 0016 0016 0016 0016 0016 0016 0016 0016 0040 0016 0040 0016 0040 0016 0016 0016 0016 0016 0040 0016 0016 0016 0016 0016 0016 0016 0040 0016 0016 0016 0040 0016 0040 0016 0016 0016 0016 0016 0016 0016 0016 0016 0016 0016 0040 0016 0016 0016 0016 0016 0040 0016 0040 0016 0040 0016 0040 0016 0643
Zoom T	0000 006d 0000 0022 0156 00aa 0016 0040 0016 0040 0016 0016 0016 0016 0016 0016 0016 0016 0016 0016 0016 0040 0016 0040 0016 0040 0016 0016 0016 0016 0016 0040 0016 0016 0016 0016 0016 0016 0016 0016 0016 0040 0016 0040 0016 0016 0016 0016 0016 0016 0016 0016 0016 0016 0016 0040 0016 0016 0016 0016 0016 0040 0016 0040 0016 0040 0016 0040 0016 0040 0016 0643
Zoom W	0000 006d 0000 0022 0156 00aa 0016 0040 0016 0040 0016 0016 0016 0016 0016 0016 0016 0016 0016 0016 0016 0040 0016 0040 0016 0040 0016 0016 0016 0016 0016 0040 0016 0016 0016 0016 0016 0016 0016 0040 0016 0016 0016 0040 0016 0016 0016 0016 0016 0016 0016 0016 0016 0016 0016 0016 0016 0040 0016 0016 0016 0040 0016 0040 0016 0040 0016 0040 0016 0040 0016 0641
Pre1	0000 006d 0000 0022 0156 00aa 0016 0040 0016 0040 0016 0016 0016 0016 0016 0016 0016 0016 0016 0016 0016 0040 0016 0040 0016 0040 0016 0016 0016 0016 0016 0040 0016 0016 0016 0016 0016 0016 0016 0016 0016 0016 0016 0016 0016 0016 0016 0040 0016 0016 0016 0016 0016 0016 0016 0040 0016 0040 0016 0040 0016 0040 0016 0016 0016 0040 0016 0040 0016 0040 0016 0643
Pre2	0000 006d 0000 0022 0156 00aa 0016 0040 0016 0040 0016 0016 0016 0016 0016 0016 0016 0016 0016 0016 0016 0040 0016 0040 0016 0040 0016 0016 0016 0016 0016 0040 0016 0016 0016 0016 0016 0016 0016 0040 0016 0040 0016 0016 0016 0016 0016 0040 0016 0016 0016 0016 0016 0016 0016 0016 0016 0016 0016 0040 0016 0040 0016 0016 0016 0040 0016 0040 0016 0040 0016 0643
Pre3	0000 006d 0000 0022 0156 00aa 0016 0040 0016 0040 0016 0016 0016 0016 0016 0016 0016 0016 0016 0016 0016 0040 0016 0040 0016 0040 0016 0016 0016 0016 0016 0040 0016 0016 0016 0016 0016 0016 0016 0016 0016 0040 0016 0016 0016 0016 0016 0040 0016 0016 0016 0016 0016 0016 0016 0040 0016 0016 0016 0040 0016 0040 0016 0016 0016 0040 0016 0040 0016 0040 0016 0641
Pre4	0000 006d 0000 0022 0156 00aa 0016 0040 0016 0040 0016 0016 0016 0016 0016 0016 0016 0016 0016 0016 0016 0040 0016 0040 0016 0040 0016 0016 0016 0016 0016 0040 0016 0016 0016 0016 0016 0016 0016 0016 0016 0016 0016 0040 0016 0040 0016 0040 0016 0016 0016 0040 0016 0016 0016 0040 0016 0040 0016 0016 0016 0016 0016 0016 0016 0040 0016 0016 0016 0040 0016 0643
Pre5	0000 006d 0000 0022 0156 00aa 0016 0040 0016 0040 0016 0016 0016 0016 0016 0016 0016 0016 0016 0016 0016 0040 0016 0040 0016 0040 0016 0016 0016 0016 0016 0040 0016 0016 0016 0016 0016 0016 0016 0040 0016 0016 0016 0040 0016 0040 0016 0040 0016 0016 0016 0040 0016 0016 0016 0016 0016 0040 0016 0016 0016 0016 0016 0016 0016 0040 0016 0016 0016 0040 0016 0643
Document	0000 006d 0000 0022 0156 00aa 0016 0040 0016 0040 0016 0016 0016 0016 0016 0016 0016 0016 0016 0016 0016 0040 0016 0040 0016 0040 0016 0016 0016 0016 0016 0040 0016 0016 0016 0016 0016 0016 0016 0040 0016 0016 0016 0016 0016 0016 0016 0040 0016 0016 0016 0016 0016 0016 0016 0016 0016 0040 0016 0040 0016 0040 0016 0016 0016 0040 0016 0040 0016 0040 0016 0643
Pres Prog-On/Off	0000 006d 0000 0022 0156 00aa 0016 0040 0016 0040 0016 0016 0016 0016 0016 0016 0016 0016 0016 0016 0016 0040 0016 0040 0016 0040 0016 0016 0016 0016 0016 0040 0016 0016 0016 0016 0016 0016 0016 0040 0016 0040 0016 0040 0016 0016 0016 0040 0016 0016 0016 0040 0016 0016 0016 0016 0016 0016 0016 0016 0016 0040 0016 0016 0016 0040 0016 0016 0016 0040 0016 0643
Foc Near	0000 006d 0000 0022 0156 00aa 0016 0040 0016 0040 0016 0016 0016 0016 0016 0016 0016 0016 0016 0016 0016 0040 0016 0040 0016 0040 0016 0016 0016 0016 0016 0040 0016 0016 0016 0016 0016 0016 0016 0016 0016 0016 0016 0040 0016 0016 0016 0040 0016 0016 0016 0040 0016 0016 0016 0040 0016 0040 0016 0016 0016 0040 0016 0016 0016 0040 0016 0016 0016 0040 0016 0643
Foc Far	0000 006d 0000 0022 0156 00aa 0016 0040 0016 0040 0016 0016 0016 0016 0016 0016 0016 0016 0016 0016 0016 0040 0016 0040 0016 0040 0016 0016 0016 0016 0016 0040 0016 0016 0016 0016 0016 0016 0016 0040 0016 0016 0016 0040 0016 0016 0016 0040 0016 0016 0016 0040 0016 0016 0016 0016 0016 0040 0016 0016 0016 0040 0016 0016 0016 0040 0016 0016 0016 0040 0016 0643
Foc Auto	0000 006d 0000 0022 0156 00aa 0016 0040 0016 0040 0016 0016 0016 0016 0016 0016 0016 0016 0016 0016 0016 0040 0016 0040 0016 0040 0016 0016 0016 0016 0016 0040 0016 0016 0016 0016 0016 0016 0016 0016 0016 0040 0016 0040 0016 0016 0016 0040 0016 0016 0016 0040 0016 0016 0016 0040 0016 0016 0016 0016 0016 0040 0016 0016 0016 0040 0016 0016 0016 0040 0016 0643
Whi Balance-Blue	0000 006d 0000 0022 0156 00aa 0016 0040 0016 0040 0016 0016 0016 0016 0016 0016 0016 0016 0016 0016 0016 0040 0016 0040 0016 0040 0016 0016 0016 0016 0016 0040 0016 0016 0016 0016 0016 0016 0016 0040 0016 0016 0016 0016 0016 0016 0016 0040 0016 0016 0016 0040 0016 0016 0016 0016 0016 0040 0016 0040 0016 0040 0016 0016 0016 0040 0016 0016 0016 0040 0016 0643
Whi Balance-Red	0000 006d 0000 0022 0156 00aa 0016 0040 0016 0040 0016 0016 0016 0016 0016 0016 0016 0016 0016 0016 0016 0040 0016 0040 0016 0040 0016 0016 0016 0016 0016 0040 0016 0016 0016 0016 0016 0016 0016 0016 0016 0016 0016 0016 0016 0016 0016 0040 0016 0016 0016 0040 0016 0016 0016 0040 0016 0040 0016 0040 0016 0040 0016 0016 0016 0040 0016 0016 0016 0040 0016 0643
Whi Balance-Auto	0000 006d 0000 0022 0156 00aa 0016 0040 0016 0040 0016 0016 0016 0016 0016 0016 0016 0016 0016 0016 0016 0040 0016 0040 0016 0040 0016 0016 0016 0016 0016 0040 0016 0016 0016 0016 0016 0016 0016 0016 0016 0040 0016 0016 0016 0016 0016 0040 0016 0016 0016 0040 0016 0016 0016 0040 0016 0016 0016 0040 0016 0040 0016 0016 0016 0040 0016 0016 0016 0040 0016 0643
Backlig Darkness	0000 006d 0000 0022 0156 00aa 0016 0040 0016 0040 0016 0016 0016 0016 0016 0016 0016 0016 0016 0016 0016 0040 0016 0040 0016 0040 0016 0016 0016 0016 0016 0040 0016 0016 0016 0016 0016 0016 0016 0016 0016 0040 0016 0040 0016 0016 0016 0040 0016 0016 0016 0016 0016 0016 0016 0040 0016 0016 0016 0016 0016 0040 0016 0016 0016 0040 0016 0040 0016 0040 0016 0643
Backlig Lightness	0000 006d 0000 0022 0156 00aa 0016 0040 0016 0040 0016 0016 0016 0016 0016 0016 0016 0016 0016 0016 0016 0040 0016 0040 0016 0040 0016 0016 0016 0016 0016 0040 0016 0016 0016 0016 0016 0016 0016 0040 0016 0040 0016 0040 0016 0016 0016 0040 0016 0016 0016 0016 0016 0016 0016 0016 0016 0016 0016 0016 0016 0040 0016 0016 0016 0040 0016 0040 0016 0040 0016 0643
Hold	0000 006d 0000 0022 0156 00aa 0016 0040 0016 0040 0016 0016 0016 0016 0016 0016 0016 0016 0016 0016 0016 0040 0016 0040 0016 0040 0016 0016 0016 0016 0016 0040 0016 0016 0016 0016 0016 0016 0016 0040 0016 0040 0016 0016 0016 0016 0016 0040 0016 0016 0016 0040 0016 0016 0016 0016 0016 0016 0016 0040 0016 0040 0016 0016 0016 0040 0016 0016 0016 0040 0016 0641
A Pan-	0000 006d 0000 0022 0156 00aa 0016 0040 0016 0040 0016 0016 0016 0016 0016 0016 0016 0016 0016 0016 0016 0040 0016 0040 0016 0040 0016 0016 0016 0016 0016 0040 0016 0016 0016 0016 0016 0016 0016 0016 0016 0040 0016 0040 0016 0040 0016 0016 0016 0016 0016 0016 0016 0040 0016 0040 0016 0016 0016 0016 0016 0016 0016 0040 0016 0040 0016 0040 0016 0016 0016 0643
A Pan+	0000 006d 0000 0022 0156 00aa 0016 0040 0016 0040 0016 0016 0016 0016 0016 0016 0016 0016 0016 0016 0016 0040 0016 0040 0016 0040 0016 0016 0016 0016 0016 0040 0016 0016 0016 0016 0016 0016 0016 0040 0016 0040 0016 0040 0016 0040 0016 0016 0016 0016 0016 0016 0016 0040 0016 0016 0016 0016 0016 0016 0016 0016 0016 0040 0016 0040 0016 0040 0016 0016 0016 0643
A Tilt-	0000 006d 0000 0022 0156 00aa 0016 0040 0016 0040 0016 0016 0016 0016 0016 0016 0016 0016 0016 0016 0016 0040 0016 0040 0016 0040 0016 0016 0016 0016 0016 0040 0016 0016 0016 0016 0016 0016 0016 0040 0016 0016 0016 0040 0016 0040 0016 0016 0016 0016 0016 0016 0016 0040 0016 0016 0016 0040 0016 0016 0016 0016 0016 0040 0016 0040 0016 0040 0016 0016 0016 0643
A Tilt+	0000 006d 0000 0022 0156 00aa 0016 0040 0016 0040 0016 0016 0016 0016 0016 0016 0016 0016 0016 0016 0016 0040 0016 0040 0016 0040 0016 0016 0016 0016 0016 0040 0016 0016 0016 0016 0016 0016 0016 0016 0016 0016 0016 0040 0016 0040 0016 0016 0016 0016 0016 0016 0016 0040 0016 0040 0016 0040 0016 0016 0016 0016 0016 0040 0016 0040 0016 0040 0016 0016 0016 0643
A Zoom T	0000 006d 0000 0022 0156 00aa 0016 0040 0016 0040 0016 0016 0016 0016 0016 0016 0016 0016 0016 0016 0016 0040 0016 0040 0016 0040 0016 0016 0016 0016 0016 0040 0016 0016 0016 0016 0016 0016 0016 0016 0016 0040 0016 0040 0016 0016 0016 0016 0016 0016 0016 0016 0016 0040 0016 0040 0016 0016 0016 0016 0016 0040 0016 0040 0016 0040 0016 0040 0016 0016 0016 0643
A Zoom W	0000 006d 0000 0022 0156 00aa 0016 0040 0016 0040 0016 0016 0016 0016 0016 0016 0016 0016 0016 0016 0016 0040 0016 0040 0016 0040 0016 0016 0016 0016 0016 0040 0016 0016 0016 0016 0016 0016 0016 0040 0016 0016 0016 0040 0016 0016 0016 0016 0016 0016 0016 0016 0016 0040 0016 0016 0016 0040 0016 0016 0016 0040 0016 0040 0016 0040 0016 0040 0016 0016 0016 0641
A Pre1	0000 006d 0000 0022 0156 00aa 0016 0040 0016 0040 0016 0016 0016 0016 0016 0016 0016 0016 0016 0016 0016 0040 0016 0040 0016 0040 0016 0016 0016 0016 0016 0040 0016 0016 0016 0016 0016 0016 0016 0016 0016 0016 0016 0016 0016 0016 0016 0040 0016 0016 0016 0016 0016 0040 0016 0040 0016 0040 0016 0040 0016 0040 0016 0016 0016 0040 0016 0040 0016 0016 0016 0643
A Pre2	0000 006d 0000 0022 0156 00aa 0016 0040 0016 0040 0016 0016 0016 0016 0016 0016 0016 0016 0016 0016 0016 0040 0016 0040 0016 0040 0016 0016 0016 0016 0016 0040 0016 0016 0016 0016 0016 0016 0016 0040 0016 0040 0016 0016 0016 0016 0016 0040 0016 0016 0016 0016 0016 0040 0016 0016 0016 0016 0016 0040 0016 0040 0016 0016 0016 0040 0016 0040 0016 0016 0016 0643
A Pre3	0000 006d 0000 0022 0156 00aa 0016 0040 0016 0040 0016 0016 0016 0016 0016 0016 0016 0016 0016 0016 0016 0040 0016 0040 0016 0040 0016 0016 0016 0016 0016 0040 0016 0016 0016 0016 0016 0016 0016 0016 0016 0040 0016 0016 0016 0016 0016 0040 0016 0016 0016 0016 0016 0040 0016 0040 0016 0016 0016 0040 0016 0040 0016 0016 0016 0040 0016 0040 0016 0016 0016 0641
A Pre4	0000 006d 0000 0022 0156 00aa 0016 0040 0016 0040 0016 0016 0016 0016 0016 0016 0016 0016 0016 0016 0016 0040 0016 0040 0016 0040 0016 0016 0016 0016 0016 0040 0016 0016 0016 0016 0016 0016 0016 0016 0016 0016 0016 0040 0016 0040 0016 0040 0016 0016 0016 0040 0016 0040 0016 0040 0016 0040 0016 0016 0016 0016 0016 0016 0016 0040 0016 0016 0016 0016 0016 0643
A Pre5	0000 006d 0000 0022 0156 00aa 0016 0040 0016 0040 0016 0016 0016 0016 0016 0016 0016 0016 0016 0016 0016 0040 0016 0040 0016 0040 0016 0016 0016 0016 0016 0040 0016 0016 0016 0016 0016 0016 0016 0040 0016 0016 0016 0040 0016 0040 0016 0040 0016 0016 0016 0040 0016 0040 0016 0016 0016 0040 0016 0016 0016 0016 0016 0016 0016 0040 0016 0016 0016 0016 0016 0643
A Document	0000 006d 0000 0022 0156 00aa 0016 0040 0016 0040 0016 0016 0016 0016 0016 0016 0016 0016 0016 0016 0016 0040 0016 0040 0016 0040 0016 0016 0016 0016 0016 0040 0016 0016 0016 0016 0016 0016 0016 0040 0016 0016 0016 0016 0016 0016 0016 0040 0016 0016 0016 0016 0016 0040 0016 0016 0016 0040 0016 0040 0016 0040 0016 0016 0016 0040 0016 0040 0016 0016 0016 0641
A Pres Prog-On/Off	0000 006d 0000 0022 0156 00aa 0016 0040 0016 0040 0016 0016 0016 0016 0016 0016 0016 0016 0016 0016 0016 0040 0016 0040 0016 0040 0016 0016 0016 0016 0016 0040 0016 0016 0016 0016 0016 0016 0016 0040 0016 0040 0016 0040 0016 0016 0016 0040 0016 0016 0016 0040 0016 0040 0016 0016 0016 0016 0016 0016 0016 0040 0016 0016 0016 0040 0016 0016 0016 0016 0016 0643
A Foc Near	0000 006d 0000 0022 0156 00aa 0016 0040 0016 0040 0016 0016 0016 0016 0016 0016 0016 0016 0016 0016 0016 0040 0016 0040 0016 0040 0016 0016 0016 0016 0016 0040 0016 0016 0016 0016 0016 0016 0016 0016 0016 0016 0016 0040 0016 0016 0016 0040 0016 0016 0016 0040 0016 0040 0016 0040 0016 0040 0016 0016 0016 0040 0016 0016 0016 0040 0016 0016 0016 0016 0016 0643
A Foc Far	0000 006d 0000 0022 0156 00aa 0016 0040 0016 0040 0016 0016 0016 0016 0016 0016 0016 0016 0016 0016 0016 0040 0016 0040 0016 0040 0016 0016 0016 0016 0016 0040 0016 0016 0016 0016 0016 0016 0016 0040 0016 0016 0016 0040 0016 0016 0016 0040 0016 0016 0016 0040 0016 0040 0016 0016 0016 0040 0016 0016 0016 0040 0016 0016 0016 0040 0016 0016 0016 0016 0016 0643
A Foc Auto	0000 006d 0000 0022 0156 00aa 0016 0040 0016 0040 0016 0016 0016 0016 0016 0016 0016 0016 0016 0016 0016 0040 0016 0040 0016 0040 0016 0016 0016 0016 0016 0040 0016 0016 0016 0016 0016 0016 0016 0016 0016 0040 0016 0040 0016 0016 0016 0040 0016 0016 0016 0040 0016 0040 0016 0040 0016 0016 0016 0016 0016 0040 0016 0016 0016 0040 0016 0016 0016 0016 0016 0643
A Whi Balance-Blue	0000 006d 0000 0022 0156 00aa 0016 0040 0016 0040 0016 0016 0016 0016 0016 0016 0016 0016 0016 0016 0016 0040 0016 0040 0016 0040 0016 0016 0016 0016 0016 0040 0016 0016 0016 0016 0016 0016 0016 0040 0016 0016 0016 0016 0016 0016 0016 0040 0016 0016 0016 0040 0016 0040 0016 0016 0016 0040 0016 0040 0016 0040 0016 0016 0016 0040 0016 0016 0016 0016 0016 0643
A Whi Balance-Red	0000 006d 0000 0022 0156 00aa 0016 0040 0016 0040 0016 0016 0016 0016 0016 0016 0016 0016 0016 0016 0016 0040 0016 0040 0016 0040 0016 0016 0016 0016 0016 0040 0016 0016 0016 0016 0016 0016 0016 0016 0016 0016 0016 0016 0016 0016 0016 0040 0016 0016 0016 0040 0016 0040 0016 0040 0016 0040 0016 0040 0016 0040 0016 0016 0016 0040 0016 0016 0016 0016 0016 0643
A Whi Balance-Auto	0000 006d 0000 0022 0156 00aa 0016 0040 0016 0040 0016 0016 0016 0016 0016 0016 0016 0016 0016 0016 0016 0040 0016 0040 0016 0040 0016 0016 0016 0016 0016 0040 0016 0016 0016 0016 0016 0016 0016 0016 0016 0040 0016 0016 0016 0016 0016 0040 0016 0016 0016 0040 0016 0040 0016 0040 0016 0016 0016 0040 0016 0040 0016 0016 0016 0040 0016 0016 0016 0016 0016 0641
A Backlig Darkness	0000 006d 0000 0022 0156 00aa 0016 0040 0016 0040 0016 0016 0016 0016 0016 0016 0016 0016 0016 0016 0016 0040 0016 0040 0016 0040 0016 0016 0016 0016 0016 0040 0016 0016 0016 0016 0016 0016 0016 0016 0016 0040 0016 0040 0016 0016 0016 0040 0016 0016 0016 0016 0016 0040 0016 0040 0016 0016 0016 0016 0016 0040 0016 0016 0016 0040 0016 0040 0016 0016 0016 0643
A Backlig Lightness	0000 006d 0000 0022 0156 00aa 0016 0040 0016 0040 0016 0016 0016 0016 0016 0016 0016 0016 0016 0016 0016 0040 0016 0040 0016 0040 0016 0016 0016 0016 0016 0040 0016 0016 0016 0016 0016 0016 0016 0040 0016 0040 0016 0040 0016 0016 0016 0040 0016 0016 0016 0016 0016 0040 0016 0016 0016 0016 0016 0016 0016 0040 0016 0016 0016 0040 0016 0040 0016 0016 0016 0643
A Hold	0000 006d 0000 0022 0156 00aa 0016 0040 0016 0040 0016 0016 0016 0016 0016 0016 0016 0016 0016 0016 0016 0040 0016 0040 0016 0040 0016 0016 0016 0016 0016 0040 0016 0016 0016 0016 0016 0016 0016 0040 0016 0040 0016 0016 0016 0016 0016 0040 0016 0016 0016 0040 0016 0040 0016 0016 0016 0016 0016 0040 0016 0040 0016 0016 0016 0040 0016 0016 0016 0016 0016 0641
