Play	0000 006d 0022 0002 0154 00ab 0015 0015 0016 0040 0015 0040 0016 0015 0015 0015 0016 0015 0016 0015 0015 0040 0016 003f 0016 0015 0016 0015 0015 0015 0016 0015 0016 003f 0016 0040 0015 0015 0016 0015 0016 0015 0015 0015 0016 0040 0015 0015 0016 0015 0016 0015 0015 0015 0016 0040 0015 0040 0016 003f 0016 0015 0016 003f 0016 0040 0015 0040 0016 003f 0016 063c 0154 0055 0016 0e36
Stop	0000 006d 0022 0002 0154 00ab 0015 0015 0016 0040 0015 0040 0016 0015 0015 0015 0016 0015 0016 0015 0015 0040 0016 003f 0016 0015 0016 0015 0015 0015 0016 0015 0016 003f 0016 0040 0015 0015 0016 0040 0015 0015 0016 0015 0016 003f 0016 0015 0016 0015 0015 0015 0016 0015 0016 0015 0015 0040 0016 003f 0016 0015 0016 003f 0016 0040 0015 0040 0016 003f 0016 063c 0154 0055 0016 0e36
Pause	0000 006d 0022 0002 0155 00aa 0016 0015 0016 003f 0016 0040 0015 0015 0016 0015 0016 0015 0015 0015 0016 0040 0015 0040 0016 0015 0015 0015 0016 0015 0016 0015 0015 0040 0016 003f 0016 0015 0016 003f 0016 0015 0016 003f 0016 0015 0016 0015 0015 0015 0016 0015 0016 0015 0015 0015 0016 0040 0015 0015 0016 0040 0015 0040 0016 003f 0016 0040 0015 0040 0016 063b 0155 0055 0016 0e36
F Srch	0000 006a 0022 0002 015e 00b0 0015 0016 0016 0042 0015 0042 0016 0016 0015 0016 0016 0016 0016 0016 0015 0042 0016 0041 0016 0016 0016 0016 0015 0016 0016 0016 0016 0041 0016 0042 0015 0016 0016 0016 0016 0016 0015 0042 0016 0041 0016 0016 0016 0016 0015 0016 0016 0016 0016 0041 0016 0042 0015 0016 0016 0016 0016 0041 0016 0042 0015 0042 0016 0041 0016 066a 015e 0058 0016 0ea0
R Srch	0000 006b 0022 0002 015b 00ad 0016 0015 0016 0040 0016 0041 0015 0016 0016 0015 0016 0016 0015 0016 0016 0041 0015 0041 0016 0016 0015 0016 0016 0015 0016 0016 0015 0041 0016 0041 0016 0015 0016 0041 0016 0015 0016 0041 0016 0041 0015 0016 0016 0015 0016 0016 0015 0016 0016 0015 0016 0040 0016 0015 0016 0016 0015 0041 0016 0040 0016 0041 0015 0041 0016 065a 015b 0057 0016 0e7c
Program	0000 006d 0022 0002 0155 00aa 0016 0015 0015 0040 0016 003f 0016 0015 0016 0015 0015 0015 0016 0015 0016 003f 0016 0040 0015 0015 0016 0015 0016 0015 0015 0015 0016 0040 0015 0040 0016 0015 0015 0040 0016 003f 0016 0015 0016 003f 0016 0015 0016 0015 0015 0015 0016 0015 0016 0015 0015 0015 0016 0040 0015 0015 0016 0040 0015 0040 0016 003f 0016 0040 0015 063c 0155 0055 0015 0e36
R Trk	0000 006d 0022 0002 0154 00ab 0015 0015 0016 0040 0015 0040 0016 0015 0015 0015 0016 0015 0016 0015 0015 0040 0016 003f 0016 0015 0016 0015 0015 0015 0016 0015 0016 003f 0016 0040 0015 0015 0016 0015 0016 0015 0015 0040 0016 0015 0015 0015 0016 0015 0016 0015 0015 0015 0016 0040 0015 0040 0016 0015 0015 0040 0016 003f 0016 0040 0015 0040 0016 003f 0016 063c 0154 0055 0016 0e36
F Trk	0000 006d 0022 0002 0155 00aa 0016 0015 0016 003f 0016 0040 0015 0015 0016 0015 0016 0015 0015 0015 0016 0040 0015 0040 0016 0015 0015 0015 0016 0015 0016 0015 0015 0040 0016 003f 0016 0015 0016 0015 0015 0015 0016 0015 0016 0015 0015 0015 0016 0015 0016 0015 0015 0015 0016 0040 0015 0040 0016 003f 0016 0040 0015 0040 0016 003f 0016 0040 0015 0040 0016 063b 0155 0055 0016 0e36
Shuffle	0000 006d 0022 0002 0155 00aa 0016 0015 0015 0040 0016 003f 0016 0015 0016 0015 0015 0015 0016 0015 0016 003f 0016 0040 0015 0015 0016 0015 0016 0015 0015 0015 0016 0040 0015 0040 0016 0015 0015 0015 0016 0040 0015 0040 0016 0015 0015 0015 0016 0015 0016 0015 0015 0015 0016 0040 0015 0015 0016 0015 0016 003f 0016 0040 0015 0040 0016 003f 0016 0040 0015 063c 0155 0055 0015 0e36
Display	0000 006d 0022 0002 0154 00ab 0015 0015 0016 0040 0015 0040 0016 0015 0015 0015 0016 0015 0016 0015 0015 0040 0016 003f 0016 0015 0016 0015 0015 0015 0016 0015 0016 003f 0016 0040 0015 0015 0016 0015 0016 003f 0016 0015 0016 003f 0016 0015 0016 0015 0015 0015 0016 0015 0016 003f 0016 0015 0016 003f 0016 0015 0016 003f 0016 0040 0015 0040 0016 003f 0016 063c 0154 0055 0016 0e36
Repeat	0000 006d 0022 0002 0155 00aa 0016 0015 0016 003f 0016 0040 0015 0015 0016 0015 0016 0015 0015 0015 0016 0040 0015 0040 0016 0015 0015 0015 0016 0015 0016 0015 0015 0040 0016 003f 0016 0015 0016 0015 0015 0040 0016 003f 0016 0040 0015 0015 0016 0015 0016 0015 0015 0015 0016 0040 0015 0015 0016 0015 0016 0015 0015 0040 0016 003f 0016 0040 0015 0040 0016 063b 0155 0055 0016 0e36
Intro Srch	0000 006d 0022 0002 0155 00aa 0016 0015 0016 003f 0016 0040 0015 0015 0016 0015 0016 0015 0015 0015 0016 0040 0015 0040 0016 0015 0015 0015 0016 0015 0016 0015 0015 0040 0016 003f 0016 0015 0016 003f 0016 0040 0015 0040 0016 0015 0015 0015 0016 0015 0016 0015 0015 0015 0016 0015 0016 0015 0015 0015 0016 0040 0015 0040 0016 003f 0016 0040 0015 0040 0016 063b 0155 0055 0016 0e36
Check	0000 006d 0022 0002 0155 00aa 0016 0015 0015 0040 0016 003f 0016 0015 0016 0015 0015 0015 0016 0015 0016 003f 0016 0040 0015 0015 0016 0015 0016 0015 0015 0015 0016 0040 0015 0040 0016 0015 0015 0015 0016 0040 0015 0015 0016 0040 0015 0040 0016 0015 0015 0015 0016 0015 0016 003f 0016 0015 0016 003f 0016 0015 0016 0015 0015 0040 0016 003f 0016 0040 0015 063c 0155 0055 0015 0e36
Clear	0000 006d 0022 0002 0155 00aa 0016 0015 0016 003f 0016 0040 0015 0015 0016 0015 0016 0015 0015 0015 0016 0040 0015 0040 0016 0015 0015 0015 0016 0015 0016 0015 0015 0040 0016 003f 0016 0015 0016 003f 0016 0015 0016 0015 0015 0040 0016 003f 0016 0015 0016 0015 0015 0015 0016 0015 0016 003f 0016 0040 0015 0015 0016 0015 0016 003f 0016 0040 0015 0040 0016 063b 0155 0055 0016 0e36
1	0000 006d 0022 0002 0155 00aa 0016 0015 0016 003f 0016 0040 0015 0015 0016 0015 0016 0015 0015 0015 0016 0040 0015 0040 0016 0015 0015 0015 0016 0015 0016 0015 0015 0040 0016 003f 0016 0015 0016 0015 0015 0040 0016 0015 0015 0015 0016 0040 0015 0015 0016 0015 0016 0015 0015 0040 0016 0015 0015 0040 0016 003f 0016 0015 0016 003f 0016 0040 0015 0040 0016 063b 0155 0055 0016 0e36
2	0000 006d 0022 0002 0155 00aa 0016 0015 0016 003f 0016 0040 0015 0015 0016 0015 0016 0015 0015 0015 0016 0040 0015 0040 0016 0015 0015 0015 0016 0015 0016 0015 0015 0040 0016 003f 0016 0015 0016 003f 0016 0040 0015 0015 0016 0015 0016 003f 0016 0015 0016 0015 0015 0015 0016 0015 0016 0015 0015 0040 0016 003f 0016 0015 0016 003f 0016 0040 0015 0040 0016 063b 0155 0055 0016 0e36
3	0000 006c 0022 0002 0158 00ab 0016 0015 0015 0041 0016 0040 0016 0015 0016 0015 0015 0015 0016 0015 0016 0040 0016 0041 0015 0015 0016 0015 0016 0015 0015 0015 0016 0041 0015 0041 0016 0015 0015 0041 0016 0015 0015 0015 0016 0015 0016 0040 0016 0015 0016 0015 0015 0015 0016 0015 0016 0040 0016 0041 0015 0041 0016 0015 0015 0041 0016 0040 0016 0041 0015 064b 0158 0056 0015 0e59
4	0000 006c 0022 0002 0158 00ab 0016 0015 0016 0040 0016 0041 0015 0015 0016 0015 0016 0015 0015 0015 0016 0041 0015 0041 0016 0015 0015 0015 0016 0015 0016 0015 0015 0041 0016 0040 0016 0015 0016 0015 0015 0015 0016 0015 0016 0015 0015 0041 0016 0015 0015 0015 0016 0015 0016 0040 0016 0041 0015 0041 0016 0040 0016 0015 0016 0040 0016 0041 0015 0041 0016 064a 0158 0056 0016 0e58
5	0000 006c 0022 0002 0157 00ac 0015 0015 0016 0041 0015 0041 0016 0015 0015 0015 0016 0015 0016 0015 0015 0041 0016 0040 0016 0015 0016 0015 0015 0015 0016 0015 0016 0040 0016 0041 0015 0015 0016 0041 0015 0041 0016 0040 0016 0041 0015 0015 0016 0015 0016 0015 0015 0015 0016 0015 0016 0015 0015 0015 0016 0015 0016 0040 0016 0041 0015 0041 0016 0040 0016 064b 0157 0056 0016 0e59
6	0000 006d 0022 0002 0155 00aa 0016 0015 0016 003f 0016 0040 0015 0015 0016 0015 0016 0015 0015 0015 0016 0040 0015 0040 0016 0015 0015 0015 0016 0015 0016 0015 0015 0040 0016 003f 0016 0015 0016 0015 0015 0015 0016 0015 0016 003f 0016 0040 0015 0015 0016 0015 0016 0015 0015 0040 0016 003f 0016 0040 0015 0015 0016 0015 0016 003f 0016 0040 0015 0040 0016 063b 0155 0055 0016 0e36
7	0000 006d 0022 0002 0154 00ab 0015 0015 0016 0040 0015 0040 0016 0015 0015 0015 0016 0015 0016 0015 0015 0040 0016 003f 0016 0015 0016 0015 0015 0015 0016 0015 0016 003f 0016 0040 0015 0015 0016 0040 0015 0040 0016 003f 0016 0015 0016 003f 0016 0015 0016 0015 0015 0015 0016 0015 0016 0015 0015 0015 0016 0040 0015 0015 0016 0040 0015 0040 0016 003f 0016 063c 0154 0055 0016 0e36
8	0000 006d 0022 0002 0154 00ab 0015 0015 0016 0040 0015 0040 0016 0015 0015 0015 0016 0015 0016 0015 0015 0040 0016 003f 0016 0015 0016 0015 0015 0015 0016 0015 0016 003f 0016 0040 0015 0015 0016 0015 0016 0015 0015 0040 0016 0015 0015 0040 0016 0015 0015 0015 0016 0015 0016 003f 0016 0040 0015 0015 0016 0040 0015 0015 0016 0040 0015 0040 0016 003f 0016 063c 0154 0055 0016 0e36
9	0000 006d 0022 0002 0155 00aa 0016 0015 0015 0040 0016 003f 0016 0015 0016 0015 0015 0015 0016 0015 0016 003f 0016 0040 0015 0015 0016 0015 0016 0015 0015 0015 0016 0040 0015 0040 0016 0015 0015 0040 0016 0015 0015 0040 0016 0015 0015 0040 0016 0015 0015 0015 0016 0015 0016 0015 0015 0040 0016 0015 0015 0040 0016 0015 0015 0040 0016 003f 0016 0040 0015 063c 0155 0055 0015 0e36
0	0000 006b 0022 0002 015b 00ad 0016 0016 0015 0041 0016 0041 0016 0015 0016 0016 0015 0016 0016 0015 0016 0040 0016 0041 0015 0016 0016 0015 0016 0016 0015 0016 0016 0041 0015 0041 0016 0016 0015 0016 0016 0041 0015 0041 0016 0016 0015 0041 0016 0016 0015 0016 0016 0015 0016 0040 0016 0015 0016 0016 0015 0041 0016 0016 0015 0041 0016 0041 0016 0041 0015 065a 015b 0057 0015 0e7c
Disc 1	0000 006d 0022 0002 0154 00ab 0015 0015 0016 0040 0015 0040 0016 0015 0015 0015 0016 0015 0016 0015 0015 0040 0016 003f 0016 0015 0016 0015 0015 0015 0016 0015 0016 003f 0016 0040 0015 0015 0016 0040 0015 0040 0016 0015 0015 0040 0016 003f 0016 0015 0016 0015 0015 0015 0016 0015 0016 0015 0015 0040 0016 0015 0015 0015 0016 0040 0015 0040 0016 003f 0016 063c 0154 0055 0016 0e36
Disc 2	0000 006d 0022 0002 0155 00aa 0016 0015 0016 003f 0016 0040 0015 0015 0016 0015 0016 0015 0015 0015 0016 0040 0015 0040 0016 0015 0015 0015 0016 0015 0016 0015 0015 0040 0016 003f 0016 0015 0016 0015 0015 0015 0016 0040 0015 0040 0016 003f 0016 0015 0016 0015 0015 0015 0016 0040 0015 0040 0016 0015 0015 0015 0016 0015 0016 003f 0016 0040 0015 0040 0016 063b 0155 0055 0016 0e36
Disc 3	0000 006d 0022 0002 0155 00aa 0016 0015 0016 003f 0016 0040 0015 0015 0016 0015 0016 0015 0015 0015 0016 0040 0015 0040 0016 0015 0015 0015 0016 0015 0016 0015 0015 0040 0016 003f 0016 0015 0016 003f 0016 0015 0016 003f 0016 0040 0015 0040 0016 0015 0015 0015 0016 0015 0016 0015 0015 0040 0016 0015 0015 0015 0016 0015 0016 003f 0016 0040 0015 0040 0016 063b 0155 0055 0016 0e36
Disc 4	0000 006c 0022 0002 0158 00ab 0016 0015 0016 0040 0016 0041 0015 0015 0016 0015 0016 0015 0015 0015 0016 0041 0015 0041 0016 0015 0015 0015 0016 0015 0016 0015 0015 0041 0016 0040 0016 0015 0016 0015 0015 0041 0016 0040 0016 0041 0015 0041 0016 0015 0015 0015 0016 0015 0016 0040 0016 0015 0016 0015 0015 0015 0016 0015 0016 0040 0016 0041 0015 0041 0016 064a 0158 0056 0016 0e58
Disc 5	0000 006d 0022 0002 0155 00aa 0016 0015 0016 003f 0016 0040 0015 0015 0016 0015 0016 0015 0015 0015 0016 0040 0015 0040 0016 0015 0015 0015 0016 0015 0016 0015 0015 0040 0016 003f 0016 0015 0016 003f 0016 0040 0015 0040 0016 003f 0016 0040 0015 0015 0016 0015 0016 0015 0015 0015 0016 0015 0016 0015 0015 0015 0016 0015 0016 003f 0016 0040 0015 0040 0016 063b 0155 0055 0016 0e36
Disc Skip	0000 006d 0022 0002 0154 00ab 0015 0015 0016 0040 0015 0040 0016 0015 0015 0015 0016 0015 0016 0015 0015 0040 0016 003f 0016 0015 0016 0015 0015 0015 0016 0015 0016 003f 0016 0040 0015 0015 0016 0015 0016 003f 0016 0015 0016 0015 0015 0015 0016 0015 0016 0015 0015 0015 0016 0040 0015 0015 0016 0040 0015 0040 0016 003f 0016 0040 0015 0040 0016 003f 0016 063c 0154 0055 0016 0e36
