Power	0000 0070 0000 0032 0081 0040 0010 0010 0010 002f 0010 0010 0010 0010 0010 0010 0010 0010 0010 0010 0010 0010 0010 0010 0010 0010 0010 0010 0010 0010 0010 0010 0010 002f 0010 0010 0010 0010 0010 0010 0010 0010 0010 0010 0010 0010 0010 0010 0010 0010 0010 0010 0010 0010 0010 0010 0010 0010 0010 002f 0010 0010 0010 002f 0010 0010 0010 0010 0010 002f 0010 002f 0010 0010 0010 002f 0010 002f 0010 002f 0010 002f 0010 0010 0010 0010 0010 002f 0010 0010 0010 0010 0010 002f 0010 0010 0010 002f 0010 0010 0010 002f 0010 0ab8
Bypass	0000 0070 0000 0032 0081 0040 0010 0010 0010 002f 0010 0010 0010 0010 0010 0010 0010 0010 0010 0010 0010 0010 0010 0010 0010 0010 0010 0010 0010 0010 0010 0010 0010 002f 0010 0010 0010 0010 0010 0010 0010 0010 0010 0010 0010 0010 0010 0010 0010 0010 0010 0010 0010 0010 0010 0010 0010 0010 0010 002f 0010 0010 0010 002f 0010 0010 0010 0010 0010 002f 0010 002f 0010 002f 0010 002f 0010 0010 0010 002f 0010 002f 0010 0010 0010 0010 0010 002f 0010 002f 0010 0010 0010 0010 0010 0010 0010 002f 0010 0010 0010 002f 0010 0ab8
Input	0000 0070 0000 0032 0081 0040 0010 0010 0010 002f 0010 0010 0010 0010 0010 0010 0010 0010 0010 0010 0010 0010 0010 0010 0010 0010 0010 0010 0010 0010 0010 0010 0010 002f 0010 0010 0010 0010 0010 0010 0010 0010 0010 0010 0010 0010 0010 0010 0010 0010 0010 0010 0010 0010 0010 0010 0010 0010 0010 002f 0010 0010 0010 002f 0010 0010 0010 0010 0010 002f 0010 0010 0010 002f 0010 0010 0010 0010 0010 0010 0010 002f 0010 0010 0010 0010 0010 0010 0010 002f 0010 002f 0010 0010 0010 002f 0010 002f 0010 0010 0010 002f 0010 0ab8
 Dvr	0000 0070 0000 0032 0081 0040 0010 0010 0010 002f 0010 0010 0010 0010 0010 0010 0010 0010 0010 0010 0010 0010 0010 0010 0010 0010 0010 0010 0010 0010 0010 0010 0010 002f 0010 0010 0010 0010 0010 0010 0010 0010 0010 0010 0010 0010 0010 0010 0010 0010 0010 0010 0010 0010 0010 0010 0010 0010 0010 002f 0010 0010 0010 002f 0010 0010 0010 0010 0010 002f 0010 0010 0010 002f 0010 002f 0010 0010 0010 002f 0010 002f 0010 0010 0010 0010 0010 0010 0010 002f 0010 0010 0010 0010 0010 0010 0010 002f 0010 0010 0010 002f 0010 0ab8
Ch+	0000 0070 0000 0032 0081 0040 0010 0010 0010 002f 0010 0010 0010 0010 0010 0010 0010 0010 0010 0010 0010 0010 0010 0010 0010 0010 0010 0010 0010 0010 0010 0010 0010 002f 0010 0010 0010 0010 0010 0010 0010 0010 0010 0010 0010 0010 0010 0010 0010 0010 0010 0010 0010 0010 0010 0010 0010 0010 0010 002f 0010 0010 0010 002f 0010 0010 0010 0010 0010 002f 0010 0010 0010 0010 0010 002f 0010 0010 0010 002f 0010 002f 0010 0010 0010 0010 0010 0010 0010 0010 0010 0010 0010 0010 0010 0010 0010 002f 0010 0010 0010 002f 0010 0ab7
Ch-	0000 0070 0000 0032 0081 0040 0010 0010 0010 002f 0010 0010 0010 0010 0010 0010 0010 0010 0010 0010 0010 0010 0010 0010 0010 0010 0010 0010 0010 0010 0010 0010 0010 002f 0010 0010 0010 0010 0010 0010 0010 0010 0010 0010 0010 0010 0010 0010 0010 0010 0010 0010 0010 0010 0010 0010 0010 0010 0010 002f 0010 0010 0010 002f 0010 0010 0010 0010 0010 002f 0010 002f 0010 0010 0010 002f 0010 0010 0010 002f 0010 002f 0010 0010 0010 0010 0010 002f 0010 0010 0010 0010 0010 0010 0010 0010 0010 002f 0010 0010 0010 002f 0010 0ab8
Auto Skip	0000 0070 0000 0032 0081 0040 0010 0010 0010 002f 0010 0010 0010 0010 0010 0010 0010 0010 0010 0010 0010 0010 0010 0010 0010 0010 0010 0010 0010 0010 0010 0010 0010 002f 0010 0010 0010 0010 0010 0010 0010 0010 0010 0010 0010 0010 0010 0010 0010 0010 0010 0010 0010 0010 0010 0010 0010 0010 0010 002f 0010 0010 0010 002f 0010 0010 0010 0010 0010 002f 0010 002f 0010 0010 0010 0010 0010 002f 0010 0010 0010 0010 0010 0010 0010 0010 0010 002f 0010 0010 0010 002f 0010 002f 0010 002f 0010 0010 0010 0010 0010 002f 0010 0ab8
Replay Zones	0000 0070 0000 0032 0081 0040 0010 0010 0010 002f 0010 0010 0010 0010 0010 0010 0010 0010 0010 0010 0010 0010 0010 0010 0010 0010 0010 0010 0010 0010 0010 0010 0010 002f 0010 0010 0010 0010 0010 0010 0010 0010 0010 0010 0010 0010 0010 0010 0010 0010 0010 0010 0010 0010 0010 0010 0010 0010 0010 002f 0010 0010 0010 002f 0010 0010 0010 0010 0010 002f 0010 002f 0010 0010 0010 002f 0010 002f 0010 0010 0010 002f 0010 0010 0010 0010 0010 002f 0010 0010 0010 0010 0010 002f 0010 002f 0010 002f 0010 0010 0010 002f 0010 0ab8
Display	0000 0070 0000 0032 0081 0040 0010 0010 0010 002f 0010 0010 0010 0010 0010 0010 0010 0010 0010 0010 0010 0010 0010 0010 0010 0010 0010 0010 0010 0010 0010 0010 0010 002f 0010 0010 0010 0010 0010 0010 0010 0010 0010 0010 0010 0010 0010 0010 0010 0010 0010 0010 0010 0010 0010 0010 0010 0010 0010 002f 0010 0010 0010 002f 0010 0010 0010 0010 0010 002f 0010 002f 0010 0010 0010 0010 0010 002f 0010 002f 0010 002f 0010 0010 0010 0010 0010 002f 0010 0010 0010 002f 0010 002f 0010 0010 0010 002f 0010 0010 0010 002f 0010 0ab8
1	0000 0070 0000 0032 0081 0040 0010 0010 0010 002f 0010 0010 0010 0010 0010 0010 0010 0010 0010 0010 0010 0010 0010 0010 0010 0010 0010 0010 0010 0010 0010 0010 0010 002f 0010 0010 0010 0010 0010 0010 0010 0010 0010 0010 0010 0010 0010 0010 0010 0010 0010 0010 0010 0010 0010 0010 0010 0010 0010 002f 0010 0010 0010 002f 0010 0010 0010 0010 0010 002f 0010 0010 0010 0010 0010 0010 0010 0010 0010 002f 0010 0010 0010 0010 0010 0010 0010 0010 0010 0010 0010 002f 0010 0010 0010 0010 0010 0010 0010 0010 0010 002f 0010 0ab8
2	0000 0070 0000 0032 0081 0040 0010 0010 0010 002f 0010 0010 0010 0010 0010 0010 0010 0010 0010 0010 0010 0010 0010 0010 0010 0010 0010 0010 0010 0010 0010 0010 0010 002f 0010 0010 0010 0010 0010 0010 0010 0010 0010 0010 0010 0010 0010 0010 0010 0010 0010 0010 0010 0010 0010 0010 0010 0010 0010 002f 0010 0010 0010 002f 0010 0010 0010 0010 0010 002f 0010 002f 0010 0010 0010 0010 0010 0010 0010 002f 0010 0010 0010 0010 0010 0010 0010 002f 0010 0010 0010 002f 0010 0010 0010 0010 0010 0010 0010 0010 0010 002f 0010 0ab7
3	0000 0070 0000 0032 0081 0040 0010 0010 0010 002f 0010 0010 0010 0010 0010 0010 0010 0010 0010 0010 0010 0010 0010 0010 0010 0010 0010 0010 0010 0010 0010 0010 0010 002f 0010 0010 0010 0010 0010 0010 0010 0010 0010 0010 0010 0010 0010 0010 0010 0010 0010 0010 0010 0010 0010 0010 0010 0010 0010 002f 0010 0010 0010 002f 0010 0010 0010 0010 0010 002f 0010 0010 0010 002f 0010 0010 0010 0010 0010 002f 0010 0010 0010 0010 0010 0010 0010 0010 0010 002f 0010 002f 0010 0010 0010 0010 0010 0010 0010 0010 0010 002f 0010 0ab7
4	0000 0070 0000 0032 0081 0040 0010 0010 0010 002f 0010 0010 0010 0010 0010 0010 0010 0010 0010 0010 0010 0010 0010 0010 0010 0010 0010 0010 0010 0010 0010 0010 0010 002f 0010 0010 0010 0010 0010 0010 0010 0010 0010 0010 0010 0010 0010 0010 0010 0010 0010 0010 0010 0010 0010 0010 0010 0010 0010 002f 0010 0010 0010 002f 0010 0010 0010 0010 0010 002f 0010 002f 0010 002f 0010 0010 0010 0010 0010 002f 0010 0010 0010 0010 0010 0010 0010 002f 0010 002f 0010 002f 0010 0010 0010 0010 0010 0010 0010 0010 0010 002f 0010 0ab8
5	0000 0070 0000 0032 0081 0040 0010 0010 0010 002f 0010 0010 0010 0010 0010 0010 0010 0010 0010 0010 0010 0010 0010 0010 0010 0010 0010 0010 0010 0010 0010 0010 0010 002f 0010 0010 0010 0010 0010 0010 0010 0010 0010 0010 0010 0010 0010 0010 0010 0010 0010 0010 0010 0010 0010 0010 0010 0010 0010 002f 0010 0010 0010 002f 0010 0010 0010 0010 0010 002f 0010 0010 0010 0010 0010 002f 0010 0010 0010 002f 0010 0010 0010 0010 0010 0010 0010 0010 0010 0010 0010 0010 0010 0010 0010 0010 0010 0010 0010 0010 0010 002f 0010 0ab8
6	0000 0070 0000 0032 0081 0040 0010 0010 0010 002f 0010 0010 0010 0010 0010 0010 0010 0010 0010 0010 0010 0010 0010 0010 0010 0010 0010 0010 0010 0010 0010 0010 0010 002f 0010 0010 0010 0010 0010 0010 0010 0010 0010 0010 0010 0010 0010 0010 0010 0010 0010 0010 0010 0010 0010 0010 0010 0010 0010 002f 0010 0010 0010 002f 0010 0010 0010 0010 0010 002f 0010 002f 0010 0010 0010 002f 0010 0010 0010 002f 0010 0010 0010 0010 0010 0010 0010 002f 0010 0010 0010 0010 0010 0010 0010 0010 0010 0010 0010 0010 0010 002f 0010 0ab7
7	0000 0070 0000 0032 0081 0040 0010 0010 0010 002f 0010 0010 0010 0010 0010 0010 0010 0010 0010 0010 0010 0010 0010 0010 0010 0010 0010 0010 0010 0010 0010 0010 0010 002f 0010 0010 0010 0010 0010 0010 0010 0010 0010 0010 0010 0010 0010 0010 0010 0010 0010 0010 0010 0010 0010 0010 0010 0010 0010 002f 0010 0010 0010 002f 0010 0010 0010 0010 0010 002f 0010 0010 0010 002f 0010 002f 0010 0010 0010 002f 0010 0010 0010 0010 0010 0010 0010 0010 0010 002f 0010 0010 0010 0010 0010 0010 0010 0010 0010 0010 0010 002f 0010 0ab7
8	0000 0070 0000 0032 0081 0040 0010 0010 0010 002f 0010 0010 0010 0010 0010 0010 0010 0010 0010 0010 0010 0010 0010 0010 0010 0010 0010 0010 0010 0010 0010 0010 0010 002f 0010 0010 0010 0010 0010 0010 0010 0010 0010 0010 0010 0010 0010 0010 0010 0010 0010 0010 0010 0010 0010 0010 0010 0010 0010 002f 0010 0010 0010 002f 0010 0010 0010 0010 0010 002f 0010 002f 0010 002f 0010 002f 0010 0010 0010 002f 0010 0010 0010 0010 0010 0010 0010 002f 0010 002f 0010 0010 0010 0010 0010 0010 0010 0010 0010 0010 0010 002f 0010 0ab8
9	0000 0070 0000 0032 0081 0040 0010 0010 0010 002f 0010 0010 0010 0010 0010 0010 0010 0010 0010 0010 0010 0010 0010 0010 0010 0010 0010 0010 0010 0010 0010 0010 0010 002f 0010 0010 0010 0010 0010 0010 0010 0010 0010 0010 0010 0010 0010 0010 0010 0010 0010 0010 0010 0010 0010 0010 0010 0010 0010 002f 0010 0010 0010 002f 0010 0010 0010 0010 0010 002f 0010 0010 0010 0010 0010 0010 0010 002f 0010 002f 0010 0010 0010 0010 0010 0010 0010 0010 0010 0010 0010 002f 0010 002f 0010 0010 0010 0010 0010 0010 0010 002f 0010 0ab7
0	0000 0070 0000 0032 0081 0040 0010 0010 0010 002f 0010 0010 0010 0010 0010 0010 0010 0010 0010 0010 0010 0010 0010 0010 0010 0010 0010 0010 0010 0010 0010 0010 0010 002f 0010 0010 0010 0010 0010 0010 0010 0010 0010 0010 0010 0010 0010 0010 0010 0010 0010 0010 0010 0010 0010 0010 0010 0010 0010 002f 0010 0010 0010 002f 0010 0010 0010 0010 0010 002f 0010 002f 0010 0010 0010 0010 0010 002f 0010 002f 0010 0010 0010 0010 0010 0010 0010 002f 0010 0010 0010 002f 0010 002f 0010 0010 0010 0010 0010 0010 0010 002f 0010 0ab8
Jump	0000 0070 0000 0032 0081 0040 0010 0010 0010 002f 0010 0010 0010 0010 0010 0010 0010 0010 0010 0010 0010 0010 0010 0010 0010 0010 0010 0010 0010 0010 0010 0010 0010 002f 0010 0010 0010 0010 0010 0010 0010 0010 0010 0010 0010 0010 0010 0010 0010 0010 0010 0010 0010 0010 0010 0010 0010 0010 0010 002f 0010 0010 0010 002f 0010 0010 0010 0010 0010 002f 0010 0010 0010 0010 0010 0010 0010 002f 0010 002f 0010 002f 0010 0010 0010 0010 0010 0010 0010 0010 0010 002f 0010 002f 0010 0010 0010 002f 0010 0010 0010 002f 0010 0ab8
Enter	0000 0070 0000 0032 0081 0040 0010 0010 0010 002f 0010 0010 0010 0010 0010 0010 0010 0010 0010 0010 0010 0010 0010 0010 0010 0010 0010 0010 0010 0010 0010 0010 0010 002f 0010 0010 0010 0010 0010 0010 0010 0010 0010 0010 0010 0010 0010 0010 0010 0010 0010 0010 0010 0010 0010 0010 0010 0010 0010 002f 0010 0010 0010 002f 0010 0010 0010 0010 0010 002f 0010 002f 0010 002f 0010 002f 0010 002f 0010 0010 0010 002f 0010 0010 0010 0010 0010 002f 0010 002f 0010 0010 0010 002f 0010 002f 0010 002f 0010 0010 0010 002f 0010 0ab7
Ch Guide	0000 0070 0000 0032 0081 0040 0010 0010 0010 002f 0010 0010 0010 0010 0010 0010 0010 0010 0010 0010 0010 0010 0010 0010 0010 0010 0010 0010 0010 0010 0010 0010 0010 002f 0010 0010 0010 0010 0010 0010 0010 0010 0010 0010 0010 0010 0010 0010 0010 0010 0010 0010 0010 0010 0010 0010 0010 0010 0010 002f 0010 0010 0010 002f 0010 0010 0010 0010 0010 002f 0010 0010 0010 002f 0010 0010 0010 002f 0010 0010 0010 002f 0010 0010 0010 0010 0010 0010 0010 002f 0010 002f 0010 002f 0010 002f 0010 002f 0010 0010 0010 002f 0010 0ab8
Replay Guide	0000 0070 0000 0032 0081 0040 0010 0010 0010 002f 0010 0010 0010 0010 0010 0010 0010 0010 0010 0010 0010 0010 0010 0010 0010 0010 0010 0010 0010 0010 0010 0010 0010 002f 0010 0010 0010 0010 0010 0010 0010 0010 0010 0010 0010 0010 0010 0010 0010 0010 0010 0010 0010 0010 0010 0010 0010 0010 0010 002f 0010 0010 0010 002f 0010 0010 0010 0010 0010 002f 0010 0010 0010 0010 0010 002f 0010 002f 0010 0010 0010 002f 0010 0010 0010 0010 0010 0010 0010 0010 0010 0010 0010 002f 0010 002f 0010 002f 0010 0010 0010 002f 0010 0ab8
Exit	0000 0070 0000 0032 0081 0040 0010 0010 0010 002f 0010 0010 0010 0010 0010 0010 0010 0010 0010 0010 0010 0010 0010 0010 0010 0010 0010 0010 0010 0010 0010 0010 0010 002f 0010 0010 0010 0010 0010 0010 0010 0010 0010 0010 0010 0010 0010 0010 0010 0010 0010 0010 0010 0010 0010 0010 0010 0010 0010 002f 0010 0010 0010 002f 0010 0010 0010 0010 0010 002f 0010 002f 0010 0010 0010 0010 0010 002f 0010 0010 0010 002f 0010 0010 0010 0010 0010 002f 0010 0010 0010 002f 0010 002f 0010 002f 0010 002f 0010 0010 0010 002f 0010 0ab8
Menu	0000 0070 0000 0032 0081 0040 0010 0010 0010 002f 0010 0010 0010 0010 0010 0010 0010 0010 0010 0010 0010 0010 0010 0010 0010 0010 0010 0010 0010 0010 0010 0010 0010 002f 0010 0010 0010 0010 0010 0010 0010 0010 0010 0010 0010 0010 0010 0010 0010 0010 0010 0010 0010 0010 0010 0010 0010 0010 0010 002f 0010 0010 0010 002f 0010 0010 0010 0010 0010 002f 0010 002f 0010 0010 0010 0010 0010 0010 0010 0010 0010 002f 0010 0010 0010 0010 0010 002f 0010 0010 0010 002f 0010 0010 0010 002f 0010 002f 0010 0010 0010 002f 0010 0ab8
Page Up	0000 0070 0000 0032 0081 0040 0010 0010 0010 002f 0010 0010 0010 0010 0010 0010 0010 0010 0010 0010 0010 0010 0010 0010 0010 0010 0010 0010 0010 0010 0010 0010 0010 002f 0010 0010 0010 0010 0010 0010 0010 0010 0010 0010 0010 0010 0010 0010 0010 0010 0010 0010 0010 0010 0010 0010 0010 0010 0010 002f 0010 0010 0010 002f 0010 0010 0010 0010 0010 002f 0010 0010 0010 0010 0010 002f 0010 0010 0010 002f 0010 002f 0010 0010 0010 0010 0010 0010 0010 0010 0010 0010 0010 0010 0010 0010 0010 002f 0010 0010 0010 002f 0010 0ab7
Page Dn	0000 0070 0000 0032 0081 0040 0010 0010 0010 002f 0010 0010 0010 0010 0010 0010 0010 0010 0010 0010 0010 0010 0010 0010 0010 0010 0010 0010 0010 0010 0010 0010 0010 002f 0010 0010 0010 0010 0010 0010 0010 0010 0010 0010 0010 0010 0010 0010 0010 0010 0010 0010 0010 0010 0010 0010 0010 0010 0010 002f 0010 0010 0010 002f 0010 0010 0010 0010 0010 002f 0010 002f 0010 0010 0010 002f 0010 0010 0010 002f 0010 002f 0010 0010 0010 0010 0010 002f 0010 0010 0010 0010 0010 0010 0010 0010 0010 002f 0010 0010 0010 002f 0010 0ab8
Up	0000 0070 0000 0032 0081 0040 0010 0010 0010 002f 0010 0010 0010 0010 0010 0010 0010 0010 0010 0010 0010 0010 0010 0010 0010 0010 0010 0010 0010 0010 0010 0010 0010 002f 0010 0010 0010 0010 0010 0010 0010 0010 0010 0010 0010 0010 0010 0010 0010 0010 0010 0010 0010 0010 0010 0010 0010 0010 0010 002f 0010 0010 0010 002f 0010 0010 0010 0010 0010 002f 0010 002f 0010 0010 0010 002f 0010 0010 0010 0010 0010 002f 0010 0010 0010 0010 0010 002f 0010 0010 0010 0010 0010 0010 0010 002f 0010 002f 0010 0010 0010 002f 0010 0ab8
Down	0000 0070 0000 0032 0081 0040 0010 0010 0010 002f 0010 0010 0010 0010 0010 0010 0010 0010 0010 0010 0010 0010 0010 0010 0010 0010 0010 0010 0010 0010 0010 0010 0010 002f 0010 0010 0010 0010 0010 0010 0010 0010 0010 0010 0010 0010 0010 0010 0010 0010 0010 0010 0010 0010 0010 0010 0010 0010 0010 002f 0010 0010 0010 002f 0010 0010 0010 0010 0010 002f 0010 0010 0010 002f 0010 002f 0010 0010 0010 0010 0010 002f 0010 0010 0010 0010 0010 0010 0010 002f 0010 0010 0010 0010 0010 002f 0010 002f 0010 0010 0010 002f 0010 0ab8
Left	0000 0070 0000 0032 0081 0040 0010 0010 0010 002f 0010 0010 0010 0010 0010 0010 0010 0010 0010 0010 0010 0010 0010 0010 0010 0010 0010 0010 0010 0010 0010 0010 0010 002f 0010 0010 0010 0010 0010 0010 0010 0010 0010 0010 0010 0010 0010 0010 0010 0010 0010 0010 0010 0010 0010 0010 0010 0010 0010 002f 0010 0010 0010 002f 0010 0010 0010 0010 0010 002f 0010 002f 0010 002f 0010 002f 0010 0010 0010 0010 0010 002f 0010 0010 0010 0010 0010 002f 0010 002f 0010 0010 0010 0010 0010 002f 0010 002f 0010 0010 0010 002f 0010 0ab8
Right	0000 0070 0000 0032 0081 0040 0010 0010 0010 002f 0010 0010 0010 0010 0010 0010 0010 0010 0010 0010 0010 0010 0010 0010 0010 0010 0010 0010 0010 0010 0010 0010 0010 002f 0010 0010 0010 0010 0010 0010 0010 0010 0010 0010 0010 0010 0010 0010 0010 0010 0010 0010 0010 0010 0010 0010 0010 0010 0010 002f 0010 0010 0010 002f 0010 0010 0010 0010 0010 002f 0010 0010 0010 0010 0010 0010 0010 002f 0010 0010 0010 002f 0010 0010 0010 0010 0010 0010 0010 0010 0010 002f 0010 002f 0010 002f 0010 002f 0010 0010 0010 002f 0010 0ab8
Select	0000 0070 0000 0032 0081 0040 0010 0010 0010 002f 0010 0010 0010 0010 0010 0010 0010 0010 0010 0010 0010 0010 0010 0010 0010 0010 0010 0010 0010 0010 0010 0010 0010 002f 0010 0010 0010 0010 0010 0010 0010 0010 0010 0010 0010 0010 0010 0010 0010 0010 0010 0010 0010 0010 0010 0010 0010 0010 0010 002f 0010 0010 0010 002f 0010 0010 0010 0010 0010 002f 0010 0010 0010 0010 0010 002f 0010 0010 0010 0010 0010 002f 0010 0010 0010 0010 0010 0010 0010 0010 0010 0010 0010 0010 0010 002f 0010 002f 0010 0010 0010 002f 0010 0ab7
Return To Live	0000 0070 0000 0032 0081 0040 0010 0010 0010 002f 0010 0010 0010 0010 0010 0010 0010 0010 0010 0010 0010 0010 0010 0010 0010 0010 0010 0010 0010 0010 0010 0010 0010 002f 0010 0010 0010 0010 0010 0010 0010 0010 0010 0010 0010 0010 0010 0010 0010 0010 0010 0010 0010 0010 0010 0010 0010 0010 0010 002f 0010 0010 0010 002f 0010 0010 0010 0010 0010 002f 0010 002f 0010 002f 0010 0010 0010 002f 0010 0010 0010 002f 0010 0010 0010 0010 0010 002f 0010 002f 0010 002f 0010 002f 0010 002f 0010 002f 0010 0010 0010 002f 0010 0ab7
Instant Replay	0000 0070 0000 0032 0081 0040 0010 0010 0010 002f 0010 0010 0010 0010 0010 0010 0010 0010 0010 0010 0010 0010 0010 0010 0010 0010 0010 0010 0010 0010 0010 0010 0010 002f 0010 0010 0010 0010 0010 0010 0010 0010 0010 0010 0010 0010 0010 0010 0010 0010 0010 0010 0010 0010 0010 0010 0010 0010 0010 002f 0010 0010 0010 002f 0010 0010 0010 0010 0010 002f 0010 0010 0010 002f 0010 002f 0010 002f 0010 0010 0010 002f 0010 0010 0010 0010 0010 0010 0010 002f 0010 0010 0010 002f 0010 002f 0010 002f 0010 0010 0010 002f 0010 0ab8
Quick Step	0000 0070 0000 0032 0081 0040 0010 0010 0010 002f 0010 0010 0010 0010 0010 0010 0010 0010 0010 0010 0010 0010 0010 0010 0010 0010 0010 0010 0010 0010 0010 0010 0010 002f 0010 0010 0010 0010 0010 0010 0010 0010 0010 0010 0010 0010 0010 0010 0010 0010 0010 0010 0010 0010 0010 0010 0010 0010 0010 002f 0010 0010 0010 002f 0010 0010 0010 0010 0010 002f 0010 002f 0010 002f 0010 0010 0010 0010 0010 0010 0010 002f 0010 0010 0010 0010 0010 002f 0010 002f 0010 002f 0010 0010 0010 002f 0010 002f 0010 0010 0010 002f 0010 0ab8
Rec	0000 0070 0000 0032 0081 0040 0010 0010 0010 002f 0010 0010 0010 0010 0010 0010 0010 0010 0010 0010 0010 0010 0010 0010 0010 0010 0010 0010 0010 0010 0010 0010 0010 002f 0010 0010 0010 0010 0010 0010 0010 0010 0010 0010 0010 0010 0010 0010 0010 0010 0010 0010 0010 0010 0010 0010 0010 0010 0010 002f 0010 0010 0010 002f 0010 0010 0010 0010 0010 002f 0010 0010 0010 0010 0010 0010 0010 002f 0010 0010 0010 0010 0010 0010 0010 0010 0010 0010 0010 0010 0010 002f 0010 002f 0010 002f 0010 0010 0010 0010 0010 002f 0010 0ab7
Rew	0000 0070 0000 0032 0081 0040 0010 0010 0010 002f 0010 0010 0010 0010 0010 0010 0010 0010 0010 0010 0010 0010 0010 0010 0010 0010 0010 0010 0010 0010 0010 0010 0010 002f 0010 0010 0010 0010 0010 0010 0010 0010 0010 0010 0010 0010 0010 0010 0010 0010 0010 0010 0010 0010 0010 0010 0010 0010 0010 002f 0010 0010 0010 002f 0010 0010 0010 0010 0010 002f 0010 0010 0010 002f 0010 0010 0010 0010 0010 0010 0010 0010 0010 0010 0010 0010 0010 0010 0010 002f 0010 002f 0010 0010 0010 002f 0010 0010 0010 0010 0010 002f 0010 0ab7
Play/Slow	0000 0070 0000 0032 0081 0040 0010 0010 0010 002f 0010 0010 0010 0010 0010 0010 0010 0010 0010 0010 0010 0010 0010 0010 0010 0010 0010 0010 0010 0010 0010 0010 0010 002f 0010 0010 0010 0010 0010 0010 0010 0010 0010 0010 0010 0010 0010 0010 0010 0010 0010 0010 0010 0010 0010 0010 0010 0010 0010 002f 0010 0010 0010 002f 0010 0010 0010 0010 0010 002f 0010 0010 0010 002f 0010 0010 0010 002f 0010 0010 0010 0010 0010 0010 0010 0010 0010 0010 0010 002f 0010 002f 0010 002f 0010 002f 0010 0010 0010 0010 0010 002f 0010 0ab8
Fwd	0000 0070 0000 0032 0081 0040 0010 0010 0010 002f 0010 0010 0010 0010 0010 0010 0010 0010 0010 0010 0010 0010 0010 0010 0010 0010 0010 0010 0010 0010 0010 0010 0010 002f 0010 0010 0010 0010 0010 0010 0010 0010 0010 0010 0010 0010 0010 0010 0010 0010 0010 0010 0010 0010 0010 0010 0010 0010 0010 002f 0010 0010 0010 002f 0010 0010 0010 0010 0010 002f 0010 002f 0010 002f 0010 0010 0010 0010 0010 0010 0010 0010 0010 0010 0010 0010 0010 002f 0010 002f 0010 002f 0010 0010 0010 002f 0010 0010 0010 0010 0010 002f 0010 0ab8
Pause	0000 0070 0000 0032 0081 0040 0010 0010 0010 002f 0010 0010 0010 0010 0010 0010 0010 0010 0010 0010 0010 0010 0010 0010 0010 0010 0010 0010 0010 0010 0010 0010 0010 002f 0010 0010 0010 0010 0010 0010 0010 0010 0010 0010 0010 0010 0010 0010 0010 0010 0010 0010 0010 0010 0010 0010 0010 0010 0010 002f 0010 0010 0010 002f 0010 0010 0010 0010 0010 002f 0010 0010 0010 002f 0010 002f 0010 0010 0010 0010 0010 0010 0010 0010 0010 0010 0010 0010 0010 002f 0010 0010 0010 0010 0010 002f 0010 0010 0010 0010 0010 002f 0010 0ab7
Stop	0000 0070 0000 0032 0081 0040 0010 0010 0010 002f 0010 0010 0010 0010 0010 0010 0010 0010 0010 0010 0010 0010 0010 0010 0010 0010 0010 0010 0010 0010 0010 0010 0010 002f 0010 0010 0010 0010 0010 0010 0010 0010 0010 0010 0010 0010 0010 0010 0010 0010 0010 0010 0010 0010 0010 0010 0010 0010 0010 002f 0010 0010 0010 002f 0010 0010 0010 0010 0010 002f 0010 0010 0010 0010 0010 0010 0010 0010 0010 0010 0010 0010 0010 0010 0010 0010 0010 0010 0010 0010 0010 002f 0010 0010 0010 002f 0010 0010 0010 0010 0010 002f 0010 0ab8
