Mute	0000 006c 0000 0013 013f 00a0 0014 0014 0014 003c 0014 0014 0014 0014 0014 0014 0014 0014 0014 0014 0014 0014 0014 00a0 0014 003c 0014 0014 0014 0014 0014 003c 0014 0014 0014 0014 0014 0014 0014 0014 0014 03c5
Power	0000 006c 0000 0013 013f 00a0 0014 0014 0014 003c 0014 0014 0014 0014 0014 0014 0014 0014 0014 0014 0014 0014 0014 00a0 0014 0014 0014 003c 0014 003c 0014 003c 0014 0014 0014 0014 0014 0014 0014 0014 0014 039d
P Std	0000 006c 0000 0013 013f 00a0 0014 0014 0014 003c 0014 0014 0014 0014 0014 0014 0014 0014 0014 0014 0014 0014 0014 00a0 0014 003c 0014 0014 0014 003c 0014 0014 0014 003c 0014 003c 0014 0014 0014 0014 0014 0375
Pic/Page-	0000 006c 0000 0013 013f 00a0 0014 0014 0014 003c 0014 0014 0014 0014 0014 0014 0014 0014 0014 0014 0014 0014 0014 00a0 0014 0014 0014 003c 0014 0014 0014 003c 0014 003c 0014 0014 0014 003c 0014 0014 0014 0375
Pic/Page+	0000 006c 0000 0013 013f 00a0 0014 0014 0014 003c 0014 0014 0014 0014 0014 0014 0014 0014 0014 0014 0014 0014 0014 00a0 0014 003c 0014 0014 0014 0014 0014 003c 0014 003c 0014 0014 0014 003c 0014 0014 0014 0375
P Sel	0000 006c 0000 0013 013f 00a0 0014 0014 0014 003c 0014 0014 0014 0014 0014 0014 0014 0014 0014 0014 0014 0014 0014 00a0 0014 0014 0014 0014 0014 0014 0014 003c 0014 003c 0014 0014 0014 003c 0014 0014 0014 039d
Sleep	0000 006c 0000 0013 013f 00a0 0014 0014 0014 003c 0014 0014 0014 0014 0014 0014 0014 0014 0014 0014 0014 0014 0014 00a0 0014 003c 0014 003c 0014 003c 0014 0014 0014 0014 0014 0014 0014 0014 0014 0014 0014 039d
TV/Pc/av	0000 006c 0000 0013 013f 00a0 0014 0014 0014 003c 0014 0014 0014 0014 0014 0014 0014 0014 0014 0014 0014 0014 0014 00a0 0014 003c 0014 0014 0014 003c 0014 003c 0014 0014 0014 0014 0014 0014 0014 0014 0014 039d
TV/Catv	0000 006c 0000 0013 013f 00a0 0014 0014 0014 003c 0014 0014 0014 0014 0014 0014 0014 0014 0014 0014 0014 0014 0014 00a0 0014 003c 0014 0014 0014 003c 0014 0014 0014 0014 0014 0014 0014 0014 0014 0014 0014 03c5
Menu	0000 006c 0000 0013 013f 00a0 0014 0014 0014 003c 0014 0014 0014 0014 0014 0014 0014 0014 0014 0014 0014 0014 0014 00a0 0014 003c 0014 0014 0014 003c 0014 003c 0014 003c 0014 0014 0014 0014 0014 0014 0014 0375
Up/Sel+	0000 006c 0000 0013 013f 00a0 0014 0014 0014 003c 0014 0014 0014 0014 0014 0014 0014 0014 0014 0014 0014 0014 0014 00a0 0014 0014 0014 003c 0014 003c 0014 003c 0014 003c 0014 0014 0014 0014 0014 0014 0014 0375
Down/Sel-	0000 006c 0000 0013 013f 00a0 0014 0014 0014 003c 0014 0014 0014 0014 0014 0014 0014 0014 0014 0014 0014 0014 0014 00a0 0014 003c 0014 003c 0014 003c 0014 003c 0014 003c 0014 0014 0014 0014 0014 0014 0014 034d
Left/Vol-	0000 006c 0000 0013 013f 00a0 0014 0014 0014 003c 0014 0014 0014 0014 0014 0014 0014 0014 0014 0014 0014 0014 0014 00a0 0014 0014 0014 0014 0014 003c 0014 0014 0014 0014 0014 0014 0014 0014 0014 0014 0014 03ed
Right/Vol+	0000 006c 0000 0013 013f 00a0 0014 0014 0014 003c 0014 0014 0014 0014 0014 0014 0014 0014 0014 0014 0014 0014 0014 00a0 0014 003c 0014 003c 0014 0014 0014 0014 0014 0014 0014 0014 0014 0014 0014 0014 0014 03c5
Auto	0000 006c 0000 0013 013f 00a0 0014 0014 0014 003c 0014 0014 0014 0014 0014 0014 0014 0014 0014 0014 0014 0014 0014 00a0 0014 0014 0014 003c 0014 0014 0014 003c 0014 0014 0014 0014 0014 0014 0014 0014 0014 03c5
Add/Erase	0000 006c 0000 0013 013f 00a0 0014 0014 0014 003c 0014 0014 0014 0014 0014 0014 0014 0014 0014 0014 0014 0014 0014 00a0 0014 0014 0014 0014 0014 003c 0014 003c 0014 0014 0014 0014 0014 0014 0014 0014 0014 03c5
Disp	0000 006c 0000 0013 013f 00a0 0014 0014 0014 003c 0014 0014 0014 0014 0014 0014 0014 0014 0014 0014 0014 0014 0014 00a0 0014 0014 0014 0014 0014 0014 0014 0014 0014 0014 0014 0014 0014 0014 0014 0014 0014 0415
Mts	0000 006c 0000 0013 013f 00a0 0014 0014 0014 003c 0014 0014 0014 0014 0014 0014 0014 0014 0014 0014 0014 0014 0014 00a0 0014 003c 0014 003c 0014 003c 0014 003c 0014 0014 0014 0014 0014 0014 0014 0014 0014 0375
System	0000 006c 0000 0013 013f 00a0 0014 0014 0014 003c 0014 0014 0014 0014 0014 0014 0014 0014 0014 0014 0014 0014 0014 00a0 0014 0014 0014 003c 0014 003c 0014 0014 0014 0014 0014 0014 0014 0014 0014 0014 0014 03c5
Finetune-	0000 006c 0000 0013 013f 00a0 0014 0014 0014 003c 0014 0014 0014 0014 0014 0014 0014 0014 0014 0014 0014 0014 0014 00a0 0014 003c 0014 003c 0014 003c 0014 0014 0014 003c 0014 003c 0014 0014 0014 0014 0014 034d
Finetune+	0000 006c 0000 0013 013f 00a0 0014 0014 0014 003c 0014 0014 0014 0014 0014 0014 0014 0014 0014 0014 0014 0014 0014 00a0 0014 0014 0014 003c 0014 003c 0014 0014 0014 003c 0014 003c 0014 0014 0014 0014 0014 0375
Jump	0000 006c 0000 0013 013f 00a0 0014 0014 0014 003c 0014 0014 0014 0014 0014 0014 0014 0014 0014 0014 0014 0014 0014 00a0 0014 0014 0014 0014 0014 0014 0014 003c 0014 0014 0014 0014 0014 0014 0014 0014 0014 03ed
1	0000 006c 0000 0013 013f 00a0 0014 0014 0014 003c 0014 0014 0014 0014 0014 0014 0014 0014 0014 0014 0014 0014 0014 00a0 0014 003c 0014 0014 0014 0014 0014 0014 0014 003c 0014 0014 0014 0014 0014 0014 0014 03c5
2	0000 006c 0000 0013 013f 00a0 0014 0014 0014 003c 0014 0014 0014 0014 0014 0014 0014 0014 0014 0014 0014 0014 0014 00a0 0014 0014 0014 003c 0014 0014 0014 0014 0014 003c 0014 0014 0014 0014 0014 0014 0014 03c5
3	0000 006c 0000 0013 013f 00a0 0014 0014 0014 003c 0014 0014 0014 0014 0014 0014 0014 0014 0014 0014 0014 0014 0014 00a0 0014 003c 0014 003c 0014 0014 0014 0014 0014 003c 0014 0014 0014 0014 0014 0014 0014 039d
4	0000 006c 0000 0013 013f 00a0 0014 0014 0014 003c 0014 0014 0014 0014 0014 0014 0014 0014 0014 0014 0014 0014 0014 00a0 0014 0014 0014 0014 0014 003c 0014 0014 0014 003c 0014 0014 0014 0014 0014 0014 0014 03c5
5	0000 006c 0000 0013 013f 00a0 0014 0014 0014 003c 0014 0014 0014 0014 0014 0014 0014 0014 0014 0014 0014 0014 0014 00a0 0014 003c 0014 0014 0014 003c 0014 0014 0014 003c 0014 0014 0014 0014 0014 0014 0014 039d
6	0000 006c 0000 0013 013f 00a0 0014 0014 0014 003c 0014 0014 0014 0014 0014 0014 0014 0014 0014 0014 0014 0014 0014 00a0 0014 0014 0014 003c 0014 003c 0014 0014 0014 003c 0014 0014 0014 0014 0014 0014 0014 039d
7	0000 006c 0000 0013 013f 00a0 0014 0014 0014 003c 0014 0014 0014 0014 0014 0014 0014 0014 0014 0014 0014 0014 0014 00a0 0014 003c 0014 003c 0014 003c 0014 0014 0014 003c 0014 0014 0014 0014 0014 0014 0014 0375
8	0000 006c 0000 0013 013f 00a0 0014 0014 0014 003c 0014 0014 0014 0014 0014 0014 0014 0014 0014 0014 0014 0014 0014 00a0 0014 0014 0014 0014 0014 0014 0014 003c 0014 003c 0014 0014 0014 0014 0014 0014 0014 03c5
9	0000 006c 0000 0013 013f 00a0 0014 0014 0014 003c 0014 0014 0014 0014 0014 0014 0014 0014 0014 0014 0014 0014 0014 00a0 0014 003c 0014 0014 0014 0014 0014 003c 0014 003c 0014 0014 0014 0014 0014 0014 0014 039d
0	0000 006c 0000 0013 013f 00a0 0014 0014 0014 003c 0014 0014 0014 0014 0014 0014 0014 0014 0014 0014 0014 0014 0014 00a0 0014 0014 0014 0014 0014 0014 0014 0014 0014 003c 0014 0014 0014 0014 0014 0014 0014 03ed
Ch+	0000 006c 0000 0013 013f 00a0 0014 0014 0014 003c 0014 0014 0014 0014 0014 0014 0014 0014 0014 0014 0014 0014 0014 00a0 0014 003c 0014 0014 0014 0014 0014 0014 0014 0014 0014 0014 0014 0014 0014 0014 0014 03ed
Ch-	0000 006c 0000 0013 013f 00a0 0014 0014 0014 003c 0014 0014 0014 0014 0014 0014 0014 0014 0014 0014 0014 0014 0014 00a0 0014 0014 0014 003c 0014 0014 0014 0014 0014 0014 0014 0014 0014 0014 0014 0014 0014 03ed
Field	0000 006c 0000 0013 013f 00a0 0014 0014 0014 003c 0014 0014 0014 0014 0014 0014 0014 0014 0014 0014 0014 0014 0014 00a0 0014 003c 0014 003c 0014 003c 0014 003c 0014 003c 0014 0014 0014 0014 0014 003c 0014 0325
Lang	0000 006c 0000 0013 013f 00a0 0014 0014 0014 003c 0014 0014 0014 0014 0014 0014 0014 0014 0014 0014 0014 0014 0014 00a0 0014 0014 0014 003c 0014 003c 0014 003c 0014 003c 0014 0014 0014 0014 0014 003c 0014 034d
Cap/Txt	0000 006c 0000 0013 013f 00a0 0014 0014 0014 003c 0014 0014 0014 0014 0014 0014 0014 0014 0014 0014 0014 0014 0014 00a0 0014 003c 0014 0014 0014 003c 0014 003c 0014 003c 0014 0014 0014 0014 0014 003c 0014 034d
Ccd	0000 006c 0000 0013 013f 00a0 0014 0014 0014 003c 0014 0014 0014 0014 0014 0014 0014 0014 0014 0014 0014 0014 0014 00a0 0014 0014 0014 0014 0014 003c 0014 003c 0014 003c 0014 0014 0014 0014 0014 003c 0014 0375
