Power	0000 0067 0000 0022 0156 00aa 0016 0015 0016 0015 0015 0015 0016 0040 0015 0015 0016 0040 0015 0015 0016 0040 0015 0040 0016 0040 0016 0040 0015 0015 0016 0040 0015 0015 0016 0040 0015 0015 0016 0015 0016 0015 0015 0040 0016 0040 0016 0040 0015 0015 0016 0015 0016 0015 0015 0040 0016 0040 0016 0015 0016 0015 0015 0015 0016 0040 0015 0040 0016 0040 0016 058b
V-DNR	0000 0067 0000 0044 0156 00aa 0016 0015 0015 0015 0016 0015 0016 0040 0016 0015 0016 003f 0016 0015 0016 0040 0016 0040 0015 0040 0016 003f 0016 0015 0016 0040 0016 0015 0016 003f 0016 0015 0016 0040 0016 0015 0016 0015 0015 0040 0016 0040 0016 0015 0016 0015 0015 0015 0016 0015 0016 003f 0016 0040 0015 0015 0016 0015 0016 003f 0016 0040 0015 0040 0016 058b 0156 00aa 0016 003f 0016 0040 0015 0040 0016 0040 0016 0015 0016 003f 0016 0015 0016 0040 0016 0015 0016 0015 0015 0015 0016 0015 0016 0040 0016 0015 0016 0040 0016 0015 0016 0015 0015 0015 0016 0015 0016 0015 0015 0015 0016 0040 0015 0040 0016 0040 0016 0040 0015 0040 0016 0040 0016 0040 0015 0040 0016 0015 0015 0015 0016 0015 0016 058b
Stop	0000 0067 0000 0022 0155 00ab 0015 0015 0016 0015 0016 0015 0015 0040 0016 0015 0015 0040 0016 0015 0015 0040 0016 0040 0016 0040 0015 0040 0016 0015 0015 0040 0016 0015 0015 0040 0016 0015 0015 0015 0016 0040 0015 0040 0016 0015 0015 0040 0016 0015 0015 0015 0016 0015 0016 003f 0016 0015 0016 0015 0015 0040 0016 0015 0015 0040 0016 003f 0016 0040 0015 058c
Display	0000 0067 0000 0022 0156 00aa 0016 0015 0016 0015 0015 0015 0016 0040 0015 0015 0016 0040 0015 0015 0016 0040 0015 0040 0016 003f 0016 0040 0015 0015 0016 0040 0015 0015 0016 0040 0015 0015 0016 0040 0015 0040 0016 0015 0015 0015 0016 0015 0016 0015 0015 0040 0016 0015 0015 0015 0016 0015 0016 0040 0016 0040 0015 0040 0016 003f 0016 0015 0016 0040 0016 058b
Audio	0000 0067 0000 0022 0156 00aa 0016 0015 0015 0015 0016 0015 0016 0040 0016 0015 0016 0040 0016 0015 0016 0040 0016 0040 0015 0040 0016 003f 0016 0015 0016 0040 0016 0015 0016 003f 0016 0015 0016 0015 0015 0040 0016 0040 0016 0040 0015 0040 0016 0015 0015 0015 0016 0015 0016 003f 0016 0015 0016 0015 0015 0015 0016 0015 0016 0040 0016 0040 0015 0040 0016 058b
D/A/cx	0000 0067 0000 0022 0155 00ab 0015 0015 0016 0015 0016 0015 0015 0040 0016 0015 0015 0040 0016 0015 0015 0040 0016 0040 0016 0040 0015 0040 0016 0015 0015 0040 0016 0015 0015 0040 0016 0015 0015 0015 0016 0015 0016 003f 0016 0040 0015 0015 0016 0015 0016 0015 0015 0015 0016 0040 0015 0040 0016 0015 0015 0015 0016 0040 0015 0040 0016 0040 0016 0040 0015 058c
Rpt A	0000 0067 0000 0022 0156 00aa 0016 0015 0016 0015 0015 0015 0016 0040 0015 0015 0016 0040 0015 0015 0016 0040 0015 0040 0016 0040 0016 0040 0015 0015 0016 0040 0015 0015 0016 0040 0015 0015 0016 0015 0016 0015 0015 0015 0016 0040 0015 0015 0016 0015 0016 0040 0016 0015 0016 003f 0016 0040 0015 0040 0016 0015 0015 0040 0016 0040 0016 0015 0016 003f 0016 058b
Rpt B	0000 0067 0000 0022 0155 00ab 0015 0015 0016 0015 0016 0015 0015 0040 0016 0015 0015 0040 0016 0015 0015 0040 0016 0040 0016 0040 0015 0040 0016 0015 0015 0040 0016 0015 0015 0040 0016 0015 0015 0015 0016 0015 0016 0040 0016 0015 0016 0015 0015 0015 0016 0040 0015 0015 0016 0040 0015 0040 0016 0015 0015 0040 0016 0040 0016 0040 0015 0015 0016 0040 0015 058c
Pgm	0000 0067 0000 0022 0156 00aa 0016 0015 0016 0015 0015 0015 0016 0040 0015 0015 0016 0040 0015 0015 0016 0040 0015 0040 0016 003f 0016 0040 0015 0015 0016 0040 0015 0015 0016 0040 0015 0015 0016 0015 0016 0015 0015 0040 0016 003f 0016 0015 0016 0015 0015 0040 0016 0015 0015 0040 0016 0040 0016 0015 0016 0015 0015 0040 0016 003f 0016 0015 0016 0040 0016 058b
Edit	0000 0067 0000 0022 0156 00aa 0016 0015 0015 0015 0016 0015 0016 0040 0016 0015 0016 003f 0016 0015 0016 0040 0016 0040 0015 0040 0016 003f 0016 0015 0016 0040 0016 0015 0016 003f 0016 0015 0016 0040 0016 0015 0016 0040 0016 0040 0015 0040 0016 0015 0015 0015 0016 0015 0016 0015 0015 0040 0016 0015 0015 0015 0016 0015 0016 003f 0016 0040 0015 0040 0016 058b
Chp/TM	0000 0067 0000 0022 0155 00ab 0015 0015 0016 0015 0016 0015 0015 0040 0016 0015 0015 0040 0016 0015 0015 0040 0016 0040 0016 0040 0015 0040 0016 0015 0015 0040 0016 0015 0015 0040 0016 0015 0015 0040 0016 0040 0016 0015 0016 0015 0015 0040 0016 0015 0015 0015 0016 0015 0016 0015 0015 0015 0016 0040 0015 0040 0016 0015 0015 0040 0016 003f 0016 0040 0015 058c
1	0000 0067 0000 0022 0156 00aa 0016 0015 0016 0015 0015 0015 0016 0040 0015 0015 0016 0040 0015 0015 0016 0040 0015 0040 0016 003f 0016 0040 0015 0015 0016 0040 0015 0015 0016 0040 0015 0015 0016 0040 0015 0015 0016 0015 0016 0015 0015 0015 0016 0015 0016 0015 0015 0015 0016 0015 0016 0040 0016 0040 0015 0040 0016 003f 0016 0040 0015 0040 0016 0040 0016 058b
2	0000 0067 0000 0022 0156 00aa 0016 0015 0015 0015 0016 0015 0016 0040 0016 0015 0016 003f 0016 0015 0016 0040 0016 0040 0015 0040 0016 0040 0016 0015 0016 003f 0016 0015 0016 003f 0016 0015 0016 0015 0015 0040 0016 0015 0015 0015 0016 0015 0016 0015 0015 0015 0016 0015 0016 003f 0016 0015 0016 0040 0016 0040 0015 0040 0016 003f 0016 0040 0015 0040 0016 058b
3	0000 0067 0000 0022 0155 00ab 0015 0015 0016 0015 0016 0015 0015 0040 0016 0015 0015 0040 0016 0015 0015 0040 0016 0040 0016 0040 0015 0040 0016 0015 0015 0040 0016 0015 0015 0040 0016 0015 0015 0040 0016 0040 0016 0015 0016 0015 0015 0015 0016 0015 0016 0015 0015 0015 0016 0015 0016 0015 0015 0040 0016 003f 0016 0040 0015 0040 0016 003f 0016 0040 0015 058c
5	0000 0067 0000 0022 0155 00ab 0015 0015 0016 0015 0016 0015 0015 0040 0016 0015 0015 0040 0016 0015 0015 0040 0016 0040 0016 0040 0015 0040 0016 0015 0015 0040 0016 0015 0015 0040 0016 0015 0015 0040 0016 0015 0015 0040 0016 0015 0015 0015 0016 0015 0016 0015 0015 0015 0016 0015 0016 0040 0016 0015 0016 003f 0016 0040 0015 0040 0016 003f 0016 0040 0015 058c
6	0000 0067 0000 0022 0156 00aa 0016 0015 0016 0015 0015 0015 0016 0040 0015 0015 0016 0040 0015 0015 0016 0040 0015 0040 0016 003f 0016 0040 0015 0015 0016 0040 0015 0015 0016 0040 0015 0015 0016 0015 0016 0040 0016 0040 0015 0015 0016 0015 0016 0015 0015 0015 0016 0015 0016 003f 0016 0015 0016 0015 0015 0040 0016 0040 0016 0040 0015 0040 0016 0040 0016 058b
7	0000 0067 0000 0022 0156 00aa 0016 0015 0015 0015 0016 0015 0016 003f 0016 0015 0016 0040 0016 0015 0016 003f 0016 0040 0015 0040 0016 003f 0016 0015 0016 0040 0016 0015 0016 0040 0016 0015 0016 003f 0016 0040 0015 0040 0016 0015 0015 0015 0016 0015 0016 0015 0015 0015 0016 0015 0016 0015 0015 0015 0016 0040 0015 0040 0016 0040 0016 0040 0015 0040 0016 058b
8	0000 0067 0000 0022 0155 00ab 0015 0015 0016 0015 0016 0015 0015 0040 0016 0015 0015 0040 0016 0015 0015 0040 0016 0040 0016 0040 0015 0040 0016 0015 0015 0040 0016 0015 0015 0040 0016 0015 0015 0015 0016 0015 0016 0015 0015 0040 0016 0015 0015 0015 0016 0015 0016 0015 0015 0040 0016 003f 0016 0040 0015 0015 0016 0040 0015 0040 0016 003f 0016 0040 0015 058c
9	0000 0067 0000 0022 0156 00aa 0016 0015 0016 0015 0015 0015 0016 0040 0015 0015 0016 0040 0015 0015 0016 0040 0015 0040 0016 003f 0016 0040 0015 0015 0016 0040 0015 0015 0016 0040 0015 0015 0016 0040 0015 0015 0016 0015 0016 0040 0016 0015 0016 0015 0015 0015 0016 0015 0016 0015 0015 0040 0016 0040 0016 0015 0016 003f 0016 0040 0015 0040 0016 0040 0016 058b
0	0000 0067 0000 0022 0156 00aa 0016 0015 0015 0015 0016 0015 0016 0040 0016 0015 0016 003f 0016 0015 0016 0040 0016 0040 0015 0040 0016 0040 0016 0015 0016 0040 0016 0015 0016 003f 0016 0015 0016 0015 0015 0015 0016 0015 0016 0015 0015 0015 0016 0015 0016 0015 0015 0015 0016 0040 0015 0040 0016 0040 0016 0040 0015 0040 0016 003f 0016 0040 0015 0040 0016 058b
10+	0000 0067 0000 0022 0155 00ab 0015 0015 0016 0015 0016 0015 0015 0040 0016 0015 0015 0040 0016 0015 0015 0040 0016 0040 0016 0040 0015 0040 0016 0015 0015 0040 0016 0015 0015 0040 0016 0015 0015 0040 0016 0040 0016 0040 0015 0040 0016 0040 0016 0015 0016 0015 0015 0015 0016 0015 0016 0015 0015 0015 0016 0015 0016 0015 0015 0040 0016 003f 0016 0040 0015 058c
Clear	0000 0067 0000 0022 0156 00aa 0016 0015 0015 0015 0016 0015 0016 0040 0016 0015 0016 003f 0016 0015 0016 0040 0016 0040 0015 0040 0016 0040 0016 0015 0016 0040 0016 0015 0016 003f 0016 0015 0016 0040 0016 0015 0016 003f 0016 0015 0016 0015 0015 0015 0016 0040 0015 0015 0016 0015 0016 0040 0016 0015 0016 0040 0016 0040 0015 0040 0016 0015 0015 0040 0016 058b
Random	0000 0067 0000 0022 0155 00ab 0015 0015 0016 0015 0016 0015 0015 0040 0016 0015 0015 0040 0016 0015 0015 0040 0016 0040 0016 0040 0015 0040 0016 0015 0015 0040 0016 0015 0015 0040 0016 0015 0015 0015 0016 0040 0015 0040 0016 003f 0016 0040 0015 0015 0016 0040 0015 0015 0016 0040 0015 0015 0016 0015 0016 0015 0015 0015 0016 0040 0015 0015 0016 0040 0015 058c
Multi Speed-	0000 0067 0000 0022 0156 00aa 0016 0015 0016 0015 0015 0015 0016 0040 0015 0015 0016 0040 0015 0015 0016 0040 0015 0040 0016 0040 0016 0040 0015 0015 0016 0040 0015 0015 0016 0040 0015 0015 0016 0015 0016 003f 0016 0040 0015 0015 0016 0015 0016 0015 0015 0040 0016 0015 0015 0040 0016 0015 0015 0015 0016 0040 0015 0040 0016 0040 0016 0015 0016 003f 0016 058b
Multi Speed+	0000 0067 0000 0022 0156 00aa 0016 0015 0015 0015 0016 0015 0016 0040 0016 0015 0016 003f 0016 0015 0016 0040 0016 0040 0015 0040 0016 0040 0016 0015 0016 0040 0016 0015 0016 003f 0016 0015 0016 0040 0016 0040 0015 0040 0016 0015 0015 0015 0016 0015 0016 0040 0016 0015 0016 0015 0015 0015 0016 0015 0016 0040 0016 0040 0015 0040 0016 0015 0015 0040 0016 058b
R Multi Speed	0000 0067 0000 0022 0155 00ab 0015 0015 0016 0015 0016 0015 0015 0040 0016 0015 0015 0040 0016 0015 0015 0040 0016 0040 0016 0040 0015 0040 0016 0015 0015 0040 0016 0015 0015 0040 0016 0015 0015 0040 0016 0015 0015 0040 0016 0015 0015 0040 0016 0015 0015 0040 0016 0015 0015 0015 0016 0040 0015 0015 0016 0040 0015 0015 0016 0040 0015 0015 0016 0040 0015 058c
F Multi Speed	0000 0067 0000 0022 0156 00aa 0016 0015 0016 0015 0015 0015 0016 0040 0015 0015 0016 0040 0015 0015 0016 0040 0015 0040 0016 0040 0016 0040 0015 0015 0016 0040 0015 0015 0016 0040 0015 0015 0016 0015 0016 0015 0015 0015 0016 0040 0015 0040 0016 0015 0015 0040 0016 0015 0015 0040 0016 0040 0016 0040 0015 0015 0016 0015 0016 0040 0016 0015 0016 003f 0016 058b
D-Level Ctrl	0000 0067 0000 0022 0156 00aa 0016 0015 0015 0015 0016 0015 0016 0040 0016 0015 0016 003f 0016 0015 0016 0040 0016 0040 0015 0040 0016 0040 0016 0015 0016 0040 0016 0015 0016 003f 0016 0015 0016 0040 0016 0040 0015 0040 0016 0015 0015 0040 0016 0040 0016 0015 0016 0015 0015 0015 0016 0015 0016 0015 0015 0040 0016 0015 0015 0015 0016 0040 0015 0040 0016 058b
Hilite/Intro	0000 0067 0000 0022 0155 00ab 0015 0015 0016 0015 0016 0015 0015 0040 0016 0015 0015 0040 0016 0015 0015 0040 0016 0040 0016 0040 0015 0040 0016 0015 0015 0040 0016 0015 0015 0040 0016 0015 0015 0015 0016 0040 0015 0015 0016 0040 0015 0040 0016 0015 0015 0040 0016 0015 0015 0040 0016 0015 0015 0040 0016 0015 0015 0015 0016 0040 0015 0015 0016 0040 0015 058c
Pause	0000 0067 0000 0022 0156 00aa 0016 0015 0016 0015 0015 0015 0016 0040 0015 0015 0016 0040 0015 0015 0016 0040 0015 0040 0016 003f 0016 0040 0015 0015 0016 0040 0015 0015 0016 0040 0015 0015 0016 0015 0016 0015 0015 0015 0016 0040 0015 0040 0016 0015 0015 0015 0016 0015 0016 003f 0016 0040 0015 0040 0016 0015 0015 0015 0016 0040 0015 0040 0016 0040 0016 058b
R Srch	0000 0067 0000 0022 0156 00aa 0016 0015 0016 0015 0015 0015 0016 0040 0015 0015 0016 0040 0015 0015 0016 0040 0015 0040 0016 0040 0016 0040 0015 0015 0016 0040 0015 0015 0016 0040 0015 0015 0016 0040 0015 0015 0016 0015 0016 0015 0015 0040 0016 0015 0015 0015 0016 0015 0016 0015 0015 0040 0016 0040 0016 0040 0015 0015 0016 0040 0015 0040 0016 003f 0016 058b
Play	0000 0067 0000 0022 0156 00aa 0016 0015 0015 0015 0016 0015 0016 0040 0016 0015 0016 0040 0016 0015 0016 0040 0016 0040 0015 0040 0016 003f 0016 0015 0016 0040 0016 0015 0016 003f 0016 0015 0016 0040 0016 0040 0015 0040 0016 0015 0015 0040 0016 0015 0015 0015 0016 0015 0016 0015 0015 0015 0016 0015 0016 0040 0016 0015 0016 003f 0016 0040 0015 0040 0016 058b
F Srch	0000 0067 0000 0022 0155 00ab 0015 0015 0016 0015 0016 0015 0015 0040 0016 0015 0015 0040 0016 0015 0015 0040 0016 0040 0016 0040 0015 0040 0016 0015 0015 0040 0016 0015 0015 0040 0016 0015 0015 0015 0016 0015 0016 0015 0015 0015 0016 0040 0015 0015 0016 0015 0016 0015 0015 0040 0016 003f 0016 0040 0015 0040 0016 0015 0015 0040 0016 0040 0016 0040 0015 058c
Side A	0000 0067 0000 0022 0156 00aa 0016 0015 0016 0015 0015 0015 0016 0040 0015 0015 0016 0040 0015 0015 0016 0040 0015 0040 0016 003f 0016 0040 0015 0015 0016 0040 0015 0015 0016 0040 0015 0015 0016 0040 0015 0015 0016 0040 0015 0040 0016 0015 0015 0015 0016 0040 0015 0015 0016 0015 0016 0040 0016 0015 0016 0015 0015 0040 0016 0040 0016 0015 0016 0040 0016 058b
Side B	0000 0067 0000 0022 0156 00aa 0016 0015 0016 0015 0015 0015 0016 0040 0015 0015 0016 0040 0015 0015 0016 0040 0015 0040 0016 0040 0016 0040 0015 0015 0016 0040 0015 0015 0016 0040 0015 0015 0016 0015 0016 003f 0016 0040 0015 0040 0016 0015 0015 0015 0016 0040 0015 0015 0016 0040 0015 0015 0016 0015 0016 0015 0015 0040 0016 0040 0016 0015 0016 003f 0016 058b
R Step	0000 0067 0000 0022 0156 00aa 0016 0015 0015 0015 0016 0015 0016 0040 0016 0015 0016 003f 0016 0015 0016 0040 0016 0040 0015 0040 0016 0040 0016 0015 0016 0040 0016 0015 0016 003f 0016 0015 0016 0040 0016 0040 0015 0015 0016 0015 0016 0040 0016 0015 0016 003f 0016 0015 0016 0015 0015 0015 0016 0040 0015 0040 0016 0015 0015 0040 0016 0015 0015 0040 0016 058b
F Step	0000 0067 0000 0022 0155 00ab 0015 0015 0016 0015 0016 0015 0015 0040 0016 0015 0015 0040 0016 0015 0015 0040 0016 0040 0016 0040 0015 0040 0016 0015 0015 0040 0016 0015 0015 0040 0016 0015 0015 0015 0016 0040 0015 0015 0016 0015 0016 003f 0016 0015 0016 0040 0016 0015 0016 0040 0016 0015 0016 0040 0016 0040 0015 0015 0016 0040 0015 0015 0016 0040 0015 058c
Jog Rev	0000 0067 0000 0022 0156 00aa 0016 0015 0015 0015 0016 0015 0016 0040 0016 0015 0016 003f 0016 0015 0016 0040 0016 0040 0015 0040 0016 0040 0016 0015 0016 0040 0016 0015 0016 0040 0016 0015 0016 0040 0016 0015 0016 003f 0016 0040 0015 0015 0016 0040 0015 0015 0016 0015 0016 0015 0015 0040 0016 0015 0015 0015 0016 0040 0015 0015 0016 0040 0015 0040 0016 058b
Jog Fwd	0000 0067 003d 0022 0155 00ab 0015 0015 0016 0015 0016 0015 0015 0040 0016 0015 0015 0040 0016 0015 0015 0040 0016 0040 0016 0040 0015 0040 0016 0015 0015 0040 0016 0015 0015 0040 0016 0015 0015 0015 0016 0015 0016 0015 0015 0040 0016 0015 0015 0040 0016 0015 0015 0015 0016 0040 0015 0040 0016 0040 0016 0015 0016 0040 0016 0015 0016 0040 0016 0040 0015 058c 0155 00ab 0015 0015 0016 0015 0016 0015 0015 0040 0016 0015 0015 0040 0016 0015 0015 0040 0016 0040 0016 0040 0015 0040 0016 0015 0015 0040 0016 0015 0015 0040 0016 0015 0015 0040 0016 0015 0015 0015 0016 0040 0015 0015 0016 0040 0015 0015 0016 0015 0016 0015 0015 0040 0016 003f 0016 0015 0016 0040 0016 0015 0016 0040 0016 0040 0015 058c 0155 00ab 0015 0015 0016 0015 0016 0015 0015 0040 0016 0015 0015 0040 0016 0015 0015 0040 0016 003f 0016 0040 0015 0040 0016 0015 0015 0040 0016 0015 0015 0040 0016 0015 0015 0015 0016 0040 0015 0015 0016 0040 0015 0015 0016 0040 0015 0015 0016 0015 0016 0040 0016 0015
C	0000 0067 0000 0022 0155 00aa 0016 0015 0015 0015 0016 0015 0016 003f 0016 0015 0016 003f 0016 0015 0016 003f 0016 0040 0015 0040 0016 003f 0016 0015 0016 003f 0016 0015 0016 003f 0016 0015 0016 003f 0016 0015 0016 003f 0016 0015 0016 0015 0015 0015 0016 0040 0015 0015 0016 0015 0016 003f 0016 0015 0016 003f 0016 0040 0015 0040 0016 0015 0015 0040 0016 0587
4	0000 0067 0000 0022 0155 00aa 0016 0015 0015 0015 0016 0015 0016 003f 0016 0015 0016 003f 0016 0015 0016 003f 0016 0040 0015 0040 0016 003f 0016 0015 0016 003f 0016 0015 0016 003f 0016 0015 0016 0015 0015 0015 0016 0040 0015 0015 0016 0015 0016 0015 0015 0015 0016 0015 0016 003f 0016 0040 0015 0015 0016 0040 0015 0040 0016 003f 0016 0040 0015 0040 0016 0587
Strobe	0000 0067 0000 0022 0155 00aa 0016 0015 0015 0015 0016 0015 0016 003f 0016 0015 0016 003f 0016 0015 0016 003f 0016 0040 0015 0040 0016 003f 0016 0015 0016 003f 0016 0015 0016 003f 0016 0015 0016 003f 0016 0040 0015 0015 0016 0040 0015 0040 0016 0015 0015 0040 0016 0015 0015 0015 0016 0015 0016 003f 0016 0015 0016 0015 0015 0040 0016 0015 0015 0040 0016 0587
