Power	0000 0067 0000 0022 0156 00aa 0016 0016 0016 0040 0016 0016 0016 0040 0016 0016 0016 0040 0016 0016 0016 0040 0016 0040 0016 0016 0016 0040 0016 0016 0016 0040 0016 0016 0016 0040 0016 0016 0016 0016 0016 0016 0016 0040 0016 0040 0016 0040 0016 0016 0016 0016 0016 0016 0016 0040 0016 0040 0016 0016 0016 0016 0016 0016 0016 0040 0016 0040 0016 0040 0016 03fb
Scre Size	0000 0067 0000 0044 0156 00aa 0016 0016 0016 0040 0016 0016 0016 0040 0016 0016 0016 0040 0016 0016 0016 0040 0016 0040 0016 0016 0016 0040 0016 0016 0016 0040 0016 0016 0016 0040 0016 0016 0016 0040 0016 0040 0016 0016 0016 0016 0016 0040 0016 0016 0016 0040 0016 0040 0016 0016 0016 0016 0016 0040 0016 0040 0016 0016 0016 0040 0016 0016 0016 0016 0016 03fb 0156 00aa 0016 0040 0016 0040 0016 0040 0016 0040 0016 0016 0016 0040 0016 0016 0016 0040 0016 0016 0016 0016 0016 0016 0016 0016 0016 0040 0016 0016 0016 0040 0016 0016 0016 0016 0016 0016 0016 0040 0016 0040 0016 0040 0016 0040 0016 0016 0016 0016 0016 0040 0016 0040 0016 0016 0016 0016 0016 0016 0016 0016 0016 0040 0016 0040 0016 03fb
Mute	0000 0067 0000 0022 0156 00aa 0016 0016 0016 0040 0016 0016 0016 0040 0016 0016 0016 0040 0016 0016 0016 0040 0016 0040 0016 0016 0016 0040 0016 0016 0016 0040 0016 0016 0016 0040 0016 0016 0016 0040 0016 0016 0016 0016 0016 0040 0016 0016 0016 0016 0016 0040 0016 0016 0016 0016 0016 0040 0016 0040 0016 0016 0016 0040 0016 0040 0016 0016 0016 0040 0016 03fb
Video	0000 0067 0000 0022 0156 00aa 0016 0016 0016 0040 0016 0016 0016 0040 0016 0016 0016 0040 0016 0016 0016 0040 0016 0040 0016 0016 0016 0040 0016 0016 0016 0040 0016 0016 0016 0040 0016 0016 0016 0040 0016 0040 0016 0040 0016 0040 0016 0016 0016 0016 0016 0016 0016 0016 0016 0016 0016 0016 0016 0016 0016 0016 0016 0040 0016 0040 0016 0040 0016 0040 0016 03fb
Y/C	0000 0067 0000 0022 0156 00aa 0016 0016 0016 0040 0016 0016 0016 0040 0016 0016 0016 0040 0016 0016 0016 0040 0016 0040 0016 0016 0016 0040 0016 0016 0016 0040 0016 0016 0016 0040 0016 0016 0016 0016 0016 0040 0016 0040 0016 0040 0016 0016 0016 0016 0016 0016 0016 0016 0016 0040 0016 0016 0016 0016 0016 0016 0016 0040 0016 0040 0016 0040 0016 0040 0016 03fb
Vol+	0000 0067 0000 0022 0156 00aa 0016 0016 0016 0040 0016 0016 0016 0040 0016 0016 0016 0040 0016 0016 0016 0040 0016 0040 0016 0016 0016 0040 0016 0016 0016 0040 0016 0016 0016 0040 0016 0016 0016 0016 0016 0040 0016 0016 0016 0040 0016 0016 0016 0016 0016 0016 0016 0016 0016 0040 0016 0016 0016 0040 0016 0016 0016 0040 0016 0040 0016 0040 0016 0040 0016 03fb
R Bnc	0000 0067 0000 0022 0156 00aa 0016 0016 0016 0040 0016 0016 0016 0040 0016 0016 0016 0040 0016 0016 0016 0040 0016 0040 0016 0016 0016 0040 0016 0016 0016 0040 0016 0016 0016 0040 0016 0016 0016 0016 0016 0040 0016 0040 0016 0016 0016 0040 0016 0016 0016 0040 0016 0016 0016 0040 0016 0016 0016 0016 0016 0040 0016 0016 0016 0040 0016 0016 0016 0040 0016 03fb
R D-Sub	0000 0067 0000 0022 0156 00aa 0016 0016 0016 0040 0016 0016 0016 0040 0016 0016 0016 0040 0016 0016 0016 0040 0016 0040 0016 0016 0016 0040 0016 0016 0016 0040 0016 0016 0016 0040 0016 0016 0016 0016 0016 0040 0016 0040 0016 0040 0016 0040 0016 0016 0016 0040 0016 0040 0016 0040 0016 0016 0016 0016 0016 0016 0016 0016 0016 0040 0016 0016 0016 0016 0016 03fb
Vol-	0000 0067 0000 0022 0156 00aa 0016 0016 0016 0040 0016 0016 0016 0040 0016 0016 0016 0040 0016 0016 0016 0040 0016 0040 0016 0016 0016 0040 0016 0016 0016 0040 0016 0016 0016 0040 0016 0016 0016 0040 0016 0040 0016 0016 0016 0040 0016 0016 0016 0016 0016 0016 0016 0016 0016 0016 0016 0016 0016 0040 0016 0016 0016 0040 0016 0040 0016 0040 0016 0040 0016 03fb
Menu	0000 0067 0000 0022 0156 00aa 0016 0016 0016 0040 0016 0016 0016 0040 0016 0016 0016 0040 0016 0016 0016 0040 0016 0040 0016 0016 0016 0040 0016 0016 0016 0040 0016 0016 0016 0040 0016 0016 0016 0040 0016 0040 0016 0016 0016 0040 0016 0016 0016 0016 0016 0016 0016 0040 0016 0016 0016 0016 0016 0040 0016 0016 0016 0040 0016 0040 0016 0040 0016 0016 0016 03fb
Display	0000 0067 0000 0022 0156 00aa 0016 0016 0016 0040 0016 0016 0016 0040 0016 0016 0016 0040 0016 0016 0016 0040 0016 0040 0016 0016 0016 0040 0016 0016 0016 0040 0016 0016 0016 0040 0016 0016 0016 0016 0016 0040 0016 0016 0016 0040 0016 0016 0016 0016 0016 0040 0016 0016 0016 0040 0016 0016 0016 0040 0016 0016 0016 0040 0016 0040 0016 0016 0016 0040 0016 03fb
Up	0000 0067 0000 0022 0156 00aa 0016 0016 0016 0040 0016 0016 0016 0040 0016 0016 0016 0040 0016 0016 0016 0040 0016 0040 0016 0016 0016 0040 0016 0016 0016 0040 0016 0016 0016 0040 0016 0016 0016 0016 0016 0040 0016 0040 0016 0016 0016 0040 0016 0016 0016 0016 0016 0040 0016 0040 0016 0016 0016 0016 0016 0040 0016 0016 0016 0040 0016 0040 0016 0016 0016 03fb
Left	0000 0067 0000 0022 0156 00aa 0016 0016 0016 0040 0016 0016 0016 0040 0016 0016 0016 0040 0016 0016 0016 0040 0016 0040 0016 0016 0016 0040 0016 0016 0016 0040 0016 0016 0016 0040 0016 0016 0016 0040 0016 0016 0016 0040 0016 0016 0016 0040 0016 0016 0016 0016 0016 0040 0016 0016 0016 0040 0016 0016 0016 0040 0016 0016 0016 0040 0016 0040 0016 0016 0016 03fb
Set	0000 0067 0000 0022 0156 00aa 0016 0016 0016 0040 0016 0016 0016 0040 0016 0016 0016 0040 0016 0016 0016 0040 0016 0040 0016 0016 0016 0040 0016 0016 0016 0040 0016 0016 0016 0040 0016 0016 0016 0016 0016 0040 0016 0016 0016 0040 0016 0016 0016 0016 0016 0016 0016 0040 0016 0040 0016 0016 0016 0040 0016 0016 0016 0040 0016 0040 0016 0040 0016 0016 0016 03fb
Right	0000 0067 0000 0022 0156 00aa 0016 0016 0016 0040 0016 0016 0016 0040 0016 0016 0016 0040 0016 0016 0016 0040 0016 0040 0016 0016 0016 0040 0016 0016 0016 0040 0016 0016 0016 0040 0016 0016 0016 0016 0016 0016 0016 0040 0016 0016 0016 0040 0016 0016 0016 0016 0016 0040 0016 0040 0016 0040 0016 0016 0016 0040 0016 0016 0016 0040 0016 0040 0016 0016 0016 03fb
Down	0000 0067 0000 0022 0156 00aa 0016 0016 0016 0040 0016 0016 0016 0040 0016 0016 0016 0040 0016 0016 0016 0040 0016 0040 0016 0016 0016 0040 0016 0016 0016 0040 0016 0016 0016 0040 0016 0016 0016 0040 0016 0040 0016 0040 0016 0016 0016 0040 0016 0016 0016 0016 0016 0040 0016 0016 0016 0016 0016 0016 0016 0040 0016 0016 0016 0040 0016 0040 0016 0016 0016 03fb
