One SH Mem	0000 0067 0000 0022 0155 00ad 0015 0014 0015 0014 0015 0015 0015 0040 0015 0014 0015 0041 0015 0014 0015 0040 0015 0041 0015 0040 0015 0040 0015 0015 0015 0040 0015 0014 0015 0041 0015 0014 0015 0040 0015 0015 0015 0040 0015 0040 0015 0041 0015 0014 0015 0040 0015 0015 0015 0014 0015 0040 0015 0015 0015 0014 0015 0014 0015 0041 0015 0014 0015 0040 0015 05c9
Eject	0000 0067 0000 0022 0156 00ad 0015 0014 0015 0015 0015 0014 0015 0040 0015 0015 0015 0040 0015 0014 0015 0041 0015 0040 0015 0040 0015 0041 0015 0014 0015 0040 0015 0015 0015 0040 0015 0014 0015 0015 0015 0040 0015 0040 0015 0015 0015 0040 0015 0014 0015 0015 0015 0014 0015 0040 0015 0015 0015 0014 0015 0040 0015 0015 0015 0040 0015 0040 0015 0041 0015 05b8
Pause	0000 0067 0000 0022 0155 00ad 0015 0014 0015 0014 0015 0015 0015 0040 0015 0014 0015 0041 0015 0014 0015 0040 0015 0041 0015 0040 0015 0040 0015 0015 0015 0040 0015 0014 0015 0041 0015 0014 0015 0014 0015 0015 0015 0014 0015 0040 0015 0041 0015 0014 0015 0014 0015 0015 0015 0040 0015 0040 0015 0041 0015 0014 0015 0014 0015 0041 0015 0040 0015 0040 0015 05c3
Side A	0000 0067 0000 0022 0155 00ad 0015 0014 0015 0014 0015 0015 0015 0040 0015 0014 0015 0041 0015 0014 0015 0040 0015 0041 0015 0040 0015 0040 0015 0015 0015 0040 0015 0014 0015 0041 0015 0014 0015 0040 0015 0015 0015 0040 0015 0040 0015 0015 0015 0014 0015 0040 0015 0015 0015 0014 0015 0040 0015 0015 0015 0014 0015 0040 0015 0041 0015 0014 0015 0040 0015 05b1
Side B	0000 0067 0000 0022 0155 00ad 0015 0014 0015 0014 0015 0015 0015 0040 0015 0014 0015 0041 0015 0014 0015 0040 0015 0041 0015 0040 0015 0040 0015 0015 0015 0040 0015 0014 0015 0041 0015 0014 0015 0014 0015 0041 0015 0040 0015 0040 0015 0015 0015 0014 0015 0040 0015 0015 0015 0040 0015 0014 0015 0015 0015 0014 0015 0040 0015 0041 0015 0014 0015 0040 0015 05af
Side C	0000 0067 0000 0022 0155 00ad 0015 0014 0015 0014 0015 0015 0015 0040 0015 0014 0015 0041 0015 0014 0015 0040 0015 0041 0015 0040 0015 0040 0015 0015 0015 0040 0015 0014 0015 0041 0015 0014 0015 0040 0015 0041 0015 0040 0015 0040 0015 0015 0015 0014 0015 0040 0015 0015 0015 0014 0015 0014 0015 0015 0015 0014 0015 0040 0015 0041 0015 0014 0015 0040 0015 05ad
Side D	0000 0067 0000 0022 0156 00ac 0015 0015 0015 0014 0015 0014 0015 0041 0015 0014 0015 0040 0015 0015 0015 0040 0015 0040 0015 0041 0015 0040 0015 0014 0015 0041 0015 0014 0015 0040 0015 0015 0015 0040 0015 0040 0015 0041 0015 0014 0015 0040 0015 0015 0015 0040 0015 0014 0015 0015 0015 0014 0015 0014 0015 0041 0015 0014 0015 0040 0015 0015 0015 0040 0015 05b9
Srch FF	0000 0067 0000 0022 0155 00ad 0015 0014 0015 0014 0015 0015 0015 0040 0015 0014 0015 0041 0015 0014 0015 0040 0015 0041 0015 0040 0015 0040 0015 0015 0015 0040 0015 0014 0015 0041 0015 0014 0015 0014 0015 0015 0015 0040 0015 0014 0015 0041 0015 0014 0015 0040 0015 0015 0015 0040 0015 0040 0015 0015 0015 0040 0015 0014 0015 0041 0015 0014 0015 0040 0015 05bf
Skip FF	0000 0067 0000 0022 0155 00ad 0015 0014 0015 0014 0015 0015 0015 0040 0015 0014 0015 0041 0015 0014 0015 0040 0015 0041 0015 0040 0015 0040 0015 0015 0015 0040 0015 0014 0015 0041 0015 0014 0015 0014 0015 0041 0015 0014 0015 0014 0015 0041 0015 0014 0015 0040 0015 0015 0015 0040 0015 0014 0015 0041 0015 0040 0015 0014 0015 0041 0015 0014 0015 0040 0015 05b5
Skip Rew	0000 0067 0000 0022 0156 00ad 0015 0014 0015 0015 0015 0014 0015 0040 0015 0015 0015 0040 0015 0014 0015 0041 0015 0040 0015 0040 0015 0041 0015 0014 0015 0040 0015 0015 0015 0040 0015 0014 0015 0041 0015 0040 0015 0014 0015 0015 0015 0040 0015 0014 0015 0041 0015 0014 0015 0014 0015 0015 0015 0040 0015 0040 0015 0015 0015 0040 0015 0014 0015 0041 0015 05b3
Play	0000 0067 0000 0022 0155 00ad 0015 0014 0015 0014 0015 0015 0015 0040 0015 0014 0015 0041 0015 0014 0015 0040 0015 0041 0015 0040 0015 0040 0015 0015 0015 0040 0015 0014 0015 0041 0015 0014 0015 0040 0015 0041 0015 0040 0015 0014 0015 0041 0015 0014 0015 0014 0015 0015 0015 0014 0015 0014 0015 0015 0015 0040 0015 0014 0015 0041 0015 0040 0015 0040 0015 05b7
Scan FF	0000 0067 0000 0022 0156 00ac 0015 0015 0015 0014 0015 0014 0015 0041 0015 0014 0015 0040 0015 0015 0015 0040 0015 0040 0015 0041 0015 0040 0015 0014 0015 0041 0015 0014 0015 0040 0015 0015 0015 0014 0015 0014 0015 0015 0015 0014 0015 0040 0015 0015 0015 0014 0015 0014 0015 0041 0015 0040 0015 0040 0015 0041 0015 0014 0015 0040 0015 0041 0015 0040 0015 05b6
Scan Rew	0000 0067 0000 0022 0156 00ad 0015 0014 0015 0015 0015 0014 0015 0040 0015 0015 0015 0040 0015 0014 0015 0041 0015 0040 0015 0040 0015 0041 0015 0014 0015 0040 0015 0015 0015 0040 0015 0014 0015 0041 0015 0014 0015 0014 0015 0015 0015 0040 0015 0014 0015 0015 0015 0014 0015 0014 0015 0041 0015 0040 0015 0040 0015 0015 0015 0040 0015 0040 0015 0041 0015 05b4
Display	0000 0067 0000 0022 0156 00ac 0015 0015 0015 0014 0015 0014 0015 0041 0015 0014 0015 0040 0015 0015 0015 0040 0015 0040 0015 0041 0015 0040 0015 0014 0015 0041 0015 0014 0015 0040 0015 0015 0015 0040 0015 0040 0015 0015 0015 0014 0015 0014 0015 0015 0015 0040 0015 0014 0015 0015 0015 0014 0015 0040 0015 0041 0015 0040 0015 0040 0015 0015 0015 0040 0015 05a1
Chap/Fr/time	0000 0067 0000 0022 0156 00ad 0015 0014 0015 0015 0015 0014 0015 0040 0015 0015 0015 0040 0015 0014 0015 0041 0015 0040 0015 0040 0015 0041 0015 0014 0015 0040 0015 0015 0015 0040 0015 0014 0015 0041 0015 0040 0015 0014 0015 0015 0015 0040 0015 0014 0015 0015 0015 0014 0015 0014 0015 0015 0015 0040 0015 0040 0015 0015 0015 0040 0015 0040 0015 0041 0015 05b0
Program	0000 0067 0000 0022 0156 00ad 0015 0014 0015 0015 0015 0014 0015 0040 0015 0015 0015 0040 0015 0014 0015 0041 0015 0040 0015 0040 0015 0041 0015 0014 0015 0040 0015 0015 0015 0040 0015 0014 0015 0015 0015 0014 0015 0040 0015 0041 0015 0014 0015 0014 0015 0041 0015 0014 0015 0040 0015 0041 0015 0014 0015 0014 0015 0041 0015 0040 0015 0014 0015 0041 0015 05b3
Srch Rew	0000 0067 0000 0022 0156 00ad 0015 0014 0015 0015 0015 0014 0015 0040 0015 0015 0015 0040 0015 0014 0015 0041 0015 0040 0015 0040 0015 0041 0015 0014 0015 0040 0015 0015 0015 0040 0015 0014 0015 0015 0015 0014 0015 0014 0015 0015 0015 0040 0015 0014 0015 0041 0015 0014 0015 0040 0015 0041 0015 0040 0015 0040 0015 0015 0015 0040 0015 0014 0015 0041 0015 05b9
Clear	0000 0067 0000 0022 0155 00ad 0015 0014 0015 0014 0015 0015 0015 0040 0015 0014 0015 0041 0015 0014 0015 0040 0015 0041 0015 0040 0015 0040 0015 0015 0015 0040 0015 0014 0015 0041 0015 0014 0015 0040 0015 0015 0015 0040 0015 0014 0015 0015 0015 0014 0015 0040 0015 0015 0015 0014 0015 0040 0015 0015 0015 0040 0015 0040 0015 0041 0015 0014 0015 0040 0015 05a9
Srch Mem	0000 0067 0000 0022 0156 00ac 0015 0015 0015 0014 0015 0014 0015 0041 0015 0014 0015 0040 0015 0015 0015 0040 0015 0040 0015 0041 0015 0040 0015 0014 0015 0041 0015 0014 0015 0040 0015 0015 0015 0014 0015 0040 0015 0015 0015 0014 0015 0014 0015 0015 0015 0040 0015 0014 0015 0041 0015 0014 0015 0040 0015 0041 0015 0040 0015 0040 0015 0015 0015 0040 0015 05a3
1	0000 0067 0000 0022 0155 00ad 0015 0014 0015 0014 0015 0015 0015 0040 0015 0014 0015 0041 0015 0014 0015 0040 0015 0041 0015 0040 0015 0040 0015 0015 0015 0040 0015 0014 0015 0041 0015 0014 0015 0040 0015 0015 0015 0014 0015 0014 0015 0015 0015 0014 0015 0014 0015 0015 0015 0014 0015 0040 0015 0041 0015 0040 0015 0040 0015 0041 0015 0040 0015 0040 0015 05a3
2	0000 0067 0000 0022 0156 00ac 0015 0015 0015 0014 0015 0014 0015 0041 0015 0014 0015 0040 0015 0015 0015 0040 0015 0040 0015 0041 0015 0040 0015 0014 0015 0041 0015 0014 0015 0040 0015 0015 0015 0014 0015 0040 0015 0015 0015 0014 0015 0014 0015 0015 0015 0014 0015 0014 0015 0041 0015 0014 0015 0040 0015 0041 0015 0040 0015 0040 0015 0041 0015 0040 0015 05a0
3	0000 0067 0000 0022 0155 00ad 0015 0014 0015 0014 0015 0015 0015 0040 0015 0014 0015 0041 0015 0014 0015 0040 0015 0041 0015 0040 0015 0040 0015 0015 0015 0040 0015 0014 0015 0041 0015 0014 0015 0040 0015 0041 0015 0014 0015 0014 0015 0015 0015 0014 0015 0014 0015 0015 0015 0014 0015 0014 0015 0041 0015 0040 0015 0040 0015 0041 0015 0040 0015 0040 0015 059f
4	0000 0067 0000 0022 0156 00ac 0015 0015 0015 0014 0015 0014 0015 0041 0015 0014 0015 0040 0015 0015 0015 0040 0015 0040 0015 0041 0015 0040 0015 0014 0015 0041 0015 0014 0015 0040 0015 0015 0015 0014 0015 0014 0015 0041 0015 0014 0015 0014 0015 0015 0015 0014 0015 0014 0015 0041 0015 0040 0015 0014 0015 0041 0015 0040 0015 0040 0015 0041 0015 0040 0015 05a8
5	0000 0067 0000 0022 0156 00ad 0015 0014 0015 0015 0015 0014 0015 0040 0015 0015 0015 0040 0015 0014 0015 0041 0015 0040 0015 0040 0015 0041 0015 0014 0015 0040 0015 0015 0015 0040 0015 0014 0015 0041 0015 0014 0015 0040 0015 0015 0015 0014 0015 0014 0015 0015 0015 0014 0015 0014 0015 0041 0015 0014 0015 0040 0015 0041 0015 0040 0015 0040 0015 0041 0015 05a6
6	0000 0067 0000 0022 0156 00ac 0015 0015 0015 0014 0015 0014 0015 0041 0015 0014 0015 0040 0015 0015 0015 0040 0015 0040 0015 0041 0015 0040 0015 0014 0015 0041 0015 0014 0015 0040 0015 0015 0015 0014 0015 0040 0015 0041 0015 0014 0015 0014 0015 0015 0015 0014 0015 0014 0015 0041 0015 0014 0015 0014 0015 0041 0015 0040 0015 0040 0015 0041 0015 0040 0015 05a4
7	0000 0067 0000 0022 0156 00ad 0015 0014 0015 0015 0015 0014 0015 0040 0015 0015 0015 0040 0015 0014 0015 0041 0015 0040 0015 0040 0015 0041 0015 0014 0015 0040 0015 0015 0015 0040 0015 0014 0015 0041 0015 0040 0015 0040 0015 0015 0015 0014 0015 0014 0015 0015 0015 0014 0015 0014 0015 0015 0015 0014 0015 0040 0015 0041 0015 0040 0015 0040 0015 0041 0015 05a2
8	0000 0067 0000 0022 0155 00ad 0015 0014 0015 0014 0015 0015 0015 0040 0015 0014 0015 0041 0015 0014 0015 0040 0015 0041 0015 0040 0015 0040 0015 0015 0015 0040 0015 0014 0015 0041 0015 0014 0015 0014 0015 0015 0015 0014 0015 0040 0015 0015 0015 0014 0015 0014 0015 0015 0015 0040 0015 0040 0015 0041 0015 0014 0015 0040 0015 0041 0015 0040 0015 0040 0015 05ad
9	0000 0067 0000 0022 0156 00ac 0015 0015 0015 0014 0015 0014 0015 0041 0015 0014 0015 0040 0015 0015 0015 0040 0015 0040 0015 0041 0015 0040 0015 0014 0015 0041 0015 0014 0015 0040 0015 0015 0015 0040 0015 0014 0015 0015 0015 0040 0015 0014 0015 0015 0015 0014 0015 0014 0015 0015 0015 0040 0015 0040 0015 0015 0015 0040 0015 0040 0015 0041 0015 0040 0015 05aa
0	0000 0067 0000 0022 0156 00ad 0015 0014 0015 0015 0015 0014 0015 0040 0015 0015 0015 0040 0015 0014 0015 0041 0015 0040 0015 0040 0015 0041 0015 0014 0015 0040 0015 0015 0015 0040 0015 0014 0015 0015 0015 0014 0015 0014 0015 0015 0015 0014 0015 0014 0015 0015 0015 0014 0015 0040 0015 0041 0015 0040 0015 0040 0015 0041 0015 0040 0015 0040 0015 0041 0015 05a4
Digit Effect	0000 0067 0000 0022 0155 00ad 0015 0014 0015 0014 0015 0015 0015 0040 0015 0014 0015 0041 0015 0014 0015 0040 0015 0041 0015 0040 0015 0040 0015 0015 0015 0040 0015 0014 0015 0041 0015 0014 0015 0014 0015 0015 0015 0040 0015 0040 0015 0041 0015 0014 0015 0040 0015 0015 0015 0040 0015 0040 0015 0015 0015 0014 0015 0014 0015 0041 0015 0014 0015 0040 0015 05cb
Still/W/sound	0000 0067 0000 0022 0156 00ac 0015 0015 0015 0014 0015 0014 0015 0041 0015 0014 0015 0040 0015 0015 0015 0040 0015 0040 0015 0041 0015 0040 0015 0014 0015 0041 0015 0014 0015 0040 0015 0015 0015 0040 0015 0040 0015 0015 0015 0040 0015 0040 0015 0015 0015 0040 0015 0014 0015 0015 0015 0014 0015 0040 0015 0015 0015 0014 0015 0040 0015 0015 0015 0040 0015 05bf
Strobe Mot Up	0000 0067 0000 0022 0156 00ad 0015 0014 0015 0015 0015 0014 0015 0040 0015 0015 0015 0040 0015 0014 0015 0041 0015 0040 0015 0040 0015 0041 0015 0014 0015 0040 0015 0015 0015 0040 0015 0014 0015 0041 0015 0040 0015 0040 0015 0015 0015 0014 0015 0014 0015 0041 0015 0014 0015 0014 0015 0015 0015 0014 0015 0040 0015 0041 0015 0040 0015 0014 0015 0041 0015 05a5
Strobe Mot Dwn	0000 0067 0000 0022 0156 00ac 0015 0015 0015 0014 0015 0014 0015 0041 0015 0014 0015 0040 0015 0015 0015 0040 0015 0040 0015 0041 0015 0040 0015 0014 0015 0041 0015 0014 0015 0040 0015 0015 0015 0014 0015 0040 0015 0041 0015 0014 0015 0014 0015 0015 0015 0040 0015 0014 0015 0041 0015 0014 0015 0014 0015 0041 0015 0040 0015 0040 0015 0015 0015 0040 0015 05a7
Multi Speed Rew	0000 0067 0000 0022 0156 00ac 0015 0015 0015 0014 0015 0014 0015 0041 0015 0014 0015 0040 0015 0015 0015 0040 0015 0040 0015 0041 0015 0040 0015 0014 0015 0041 0015 0014 0015 0040 0015 0015 0015 0040 0015 0014 0015 0041 0015 0014 0015 0040 0015 0015 0015 0040 0015 0014 0015 0015 0015 0040 0015 0014 0015 0041 0015 0014 0015 0040 0015 0015 0015 0040 0015 05bd
Multi Speed F	0000 0067 0000 0022 0156 00ac 0015 0015 0015 0014 0015 0014 0015 0041 0015 0014 0015 0040 0015 0015 0015 0040 0015 0040 0015 0041 0015 0040 0015 0014 0015 0041 0015 0014 0015 0040 0015 0015 0015 0014 0015 0014 0015 0015 0015 0040 0015 0040 0015 0015 0015 0040 0015 0014 0015 0041 0015 0040 0015 0040 0015 0015 0015 0014 0015 0040 0015 0015 0015 0040 0015 05c5
Repeat A	0000 0067 0000 0022 0156 00ad 0015 0014 0015 0015 0015 0014 0015 0040 0015 0015 0015 0040 0015 0014 0015 0041 0015 0040 0015 0040 0015 0041 0015 0014 0015 0040 0015 0015 0015 0040 0015 0014 0015 0015 0015 0014 0015 0014 0015 0041 0015 0014 0015 0014 0015 0041 0015 0014 0015 0040 0015 0041 0015 0040 0015 0014 0015 0041 0015 0040 0015 0014 0015 0041 0015 05af
Repeat B	0000 0067 0000 0022 0156 00ad 0015 0014 0015 0015 0015 0014 0015 0040 0015 0015 0015 0040 0015 0014 0015 0041 0015 0040 0015 0040 0015 0041 0015 0014 0015 0040 0015 0015 0015 0040 0015 0014 0015 0015 0015 0014 0015 0040 0015 0015 0015 0014 0015 0014 0015 0041 0015 0014 0015 0040 0015 0041 0015 0014 0015 0040 0015 0041 0015 0040 0015 0014 0015 0041 0015 05ab
Audio Monitor	0000 0067 0000 0022 0155 00ad 0015 0014 0015 0014 0015 0015 0015 0040 0015 0014 0015 0041 0015 0014 0015 0040 0015 0041 0015 0040 0015 0040 0015 0015 0015 0040 0015 0014 0015 0041 0015 0014 0015 0014 0015 0041 0015 0040 0015 0040 0015 0041 0015 0014 0015 0014 0015 0015 0015 0040 0015 0014 0015 0015 0015 0014 0015 0014 0015 0041 0015 0040 0015 0040 0015 05c5
Auto Dig/Analog	0000 0067 0000 0022 0156 00ac 0015 0015 0015 0014 0015 0014 0015 0041 0015 0014 0015 0040 0015 0015 0015 0040 0015 0040 0015 0041 0015 0040 0015 0014 0015 0041 0015 0014 0015 0040 0015 0015 0015 0014 0015 0014 0015 0041 0015 0040 0015 0014 0015 0015 0015 0014 0015 0014 0015 0041 0015 0040 0015 0014 0015 0015 0015 0040 0015 0040 0015 0041 0015 0040 0015 05b0
TV/Ldp	0000 0067 0000 0022 0156 00ad 0015 0014 0015 0015 0015 0014 0015 0040 0015 0015 0015 0040 0015 0014 0015 0041 0015 0040 0015 0040 0015 0041 0015 0014 0015 0040 0015 0015 0015 0040 0015 0014 0015 0041 0015 0040 0015 0040 0015 0041 0015 0014 0015 0014 0015 0015 0015 0014 0015 0014 0015 0015 0015 0014 0015 0014 0015 0041 0015 0040 0015 0040 0015 0041 0015 05aa
CX	0000 0067 0000 0022 0155 00ad 0015 0014 0015 0014 0015 0015 0015 0040 0015 0014 0015 0041 0015 0014 0015 0040 0015 0041 0015 0040 0015 0040 0015 0015 0015 0040 0015 0014 0015 0041 0015 0014 0015 0014 0015 0041 0015 0040 0015 0040 0015 0015 0015 0014 0015 0014 0015 0015 0015 0040 0015 0014 0015 0015 0015 0014 0015 0040 0015 0041 0015 0040 0015 0040 0015 05ad
