Power	0000 0067 0000 0022 0156 00aa 0015 0015 0015 0040 0015 0015 0015 0015 0015 0015 0015 0040 0015 0015 0015 0040 0015 0040 0015 0015 0015 0040 0015 0040 0015 0040 0015 0015 0015 0040 0015 0015 0015 0015 0015 0015 0015 0040 0015 0040 0015 0040 0015 0015 0015 0015 0015 0015 0015 0040 0015 0040 0015 0015 0015 0015 0015 0015 0015 0040 0015 0040 0015 0040 0015 03fa
Hilite	0000 0067 0000 0022 0155 00ab 0015 0015 0015 0040 0015 0015 0015 0015 0015 0015 0015 0040 0015 0015 0015 0040 0015 0040 0015 0015 0015 0040 0015 0040 0015 0040 0015 0015 0015 0040 0015 0015 0015 0015 0015 0040 0015 0040 0015 0040 0015 0040 0015 0015 0015 0040 0015 0015 0015 0040 0015 0015 0015 0015 0015 0015 0015 0015 0015 0040 0015 0015 0015 0040 0015 03fb
Prev	0000 0067 0000 0044 0156 00aa 0015 0015 0015 0040 0015 0015 0015 0015 0015 0015 0015 0040 0015 0015 0015 0040 0015 0040 0015 0015 0015 0040 0015 0040 0015 0040 0015 0015 0015 0040 0015 0015 0015 0015 0015 0040 0015 0040 0015 0015 0015 0015 0015 0015 0015 0040 0015 0040 0015 0040 0015 0015 0015 0015 0015 0040 0015 0040 0015 0040 0015 0015 0015 0015 0015 03fa 0156 00aa 0015 0015 0015 0040 0015 0015 0015 0015 0015 0015 0015 0040 0015 0015 0015 0040 0015 0040 0015 0015 0015 0040 0015 0040 0015 0040 0015 0015 0015 0040 0015 0015 0015 0040 0015 0040 0015 0015 0015 0015 0015 0040 0015 0015 0015 0015 0015 0040 0015 0015 0015 0015 0015 0040 0015 0040 0015 0015 0015 0040 0015 0040 0015 0015 0015 03fa
Best	0000 0067 0000 0044 0156 00aa 0015 0015 0015 0040 0015 0015 0015 0015 0015 0015 0015 0040 0015 0015 0015 0040 0015 0040 0015 0015 0015 0040 0015 0040 0015 0040 0015 0015 0015 0040 0015 0015 0015 0015 0015 0040 0015 0015 0015 0015 0015 0015 0015 0015 0015 0040 0015 0040 0015 0040 0015 0015 0015 0040 0015 0040 0015 0040 0015 0040 0015 0015 0015 0015 0015 03fa 0156 00aa 0015 0015 0015 0040 0015 0015 0015 0015 0015 0015 0015 0040 0015 0015 0015 0040 0015 0040 0015 0015 0015 0040 0015 0040 0015 0040 0015 0015 0015 0040 0015 0015 0015 0040 0015 0040 0015 0015 0015 0040 0015 0040 0015 0015 0015 0015 0015 0040 0015 0015 0015 0015 0015 0040 0015 0015 0015 0015 0015 0040 0015 0040 0015 0015 0015 03fa
Repeat	0000 0067 0000 0022 0155 00ab 0015 0015 0015 0040 0015 0015 0015 0015 0015 0015 0015 0040 0015 0015 0015 0040 0015 0040 0015 0015 0015 0040 0015 0040 0015 0040 0015 0015 0015 0040 0015 0015 0015 0015 0015 0015 0015 0040 0015 0040 0015 0015 0015 0015 0015 0015 0015 0015 0015 0040 0015 0040 0015 0015 0015 0015 0015 0040 0015 0040 0015 0040 0015 0040 0015 03fb
Mode	0000 0067 0000 0044 0156 00aa 0015 0015 0015 0040 0015 0015 0015 0015 0015 0015 0015 0040 0015 0015 0015 0040 0015 0040 0015 0015 0015 0040 0015 0040 0015 0040 0015 0015 0015 0040 0015 0015 0015 0040 0015 0015 0015 0015 0015 0015 0015 0015 0015 0015 0015 0040 0015 0040 0015 0015 0015 0040 0015 0040 0015 0040 0015 0040 0015 0040 0015 0015 0015 0015 0015 03fa 0156 00aa 0015 0015 0015 0040 0015 0015 0015 0015 0015 0015 0015 0040 0015 0015 0015 0040 0015 0040 0015 0015 0015 0040 0015 0040 0015 0040 0015 0015 0015 0040 0015 0015 0015 0015 0015 0015 0015 0040 0015 0040 0015 0040 0015 0015 0015 0015 0015 0040 0015 0040 0015 0040 0015 0015 0015 0015 0015 0015 0015 0040 0015 0040 0015 0015 0015 03fa
Pgm	0000 0067 0000 0022 0156 00aa 0016 0016 0016 003f 0016 0016 0016 0016 0016 0016 0016 003f 0016 0016 0016 003f 0016 003f 0016 0016 0016 003f 0016 003f 0016 003f 0016 0016 0016 003f 0016 0016 0016 003f 0016 0016 0016 003f 0016 003f 0016 0016 0016 0016 0016 0016 0016 0016 0016 0016 0016 003f 0016 0016 0016 0016 0016 003f 0016 003f 0016 003f 0016 003f 0016 03fa
Clear	0000 0067 0000 0022 0155 00ab 0015 0015 0015 0040 0015 0015 0015 0015 0015 0015 0015 0040 0015 0015 0015 0040 0015 0040 0015 0015 0015 0040 0015 0040 0015 0040 0015 0015 0015 0040 0015 0015 0015 0040 0015 0015 0015 0040 0015 0015 0015 0015 0015 0015 0015 0040 0015 0015 0015 0015 0015 0040 0015 0015 0015 0040 0015 0040 0015 0040 0015 0015 0015 0040 0015 03fb
1	0000 0067 0000 0022 0156 00aa 0015 0015 0015 0040 0015 0015 0015 0015 0015 0015 0015 0040 0015 0015 0015 0040 0015 0040 0015 0015 0015 0040 0015 0040 0015 0040 0015 0015 0015 0040 0015 0015 0015 0040 0015 0015 0015 0015 0015 0015 0015 0015 0015 0015 0015 0015 0015 0015 0015 0015 0015 0040 0015 0040 0015 0040 0015 0040 0015 0040 0015 0040 0015 0040 0015 03fa
2	0000 0067 0000 0022 0156 00aa 0015 0015 0015 0040 0015 0015 0015 0015 0015 0015 0015 0040 0015 0015 0015 0040 0015 0040 0015 0015 0015 0040 0015 0040 0015 0040 0015 0015 0015 0040 0015 0015 0015 0015 0015 0040 0015 0015 0015 0015 0015 0015 0015 0015 0015 0015 0015 0015 0015 0040 0015 0015 0015 0040 0015 0040 0015 0040 0015 0040 0015 0040 0015 0040 0015 03fa
3	0000 0067 0000 0022 0155 00ab 0015 0015 0015 0040 0015 0015 0015 0015 0015 0015 0015 0040 0015 0015 0015 0040 0015 0040 0015 0015 0015 0040 0015 0040 0015 0040 0015 0015 0015 0040 0015 0015 0015 0040 0015 0040 0015 0015 0015 0015 0015 0015 0015 0015 0015 0015 0015 0015 0015 0015 0015 0015 0015 0040 0015 0040 0015 0040 0015 0040 0015 0040 0015 0040 0015 03fb
4	0000 0067 0000 0022 0156 00aa 0015 0015 0015 0040 0015 0015 0015 0015 0015 0015 0015 0040 0015 0015 0015 0040 0015 0040 0015 0015 0015 0040 0015 0040 0015 0040 0015 0015 0015 0040 0015 0015 0015 0015 0015 0015 0015 0040 0015 0015 0015 0015 0015 0015 0015 0015 0015 0015 0015 0040 0015 0040 0015 0015 0015 0040 0015 0040 0015 0040 0015 0040 0015 0040 0015 03fa
5	0000 0067 0000 0022 0156 00aa 0015 0015 0015 0040 0015 0015 0015 0015 0015 0015 0015 0040 0015 0015 0015 0040 0015 0040 0015 0015 0015 0040 0015 0040 0015 0040 0015 0015 0015 0040 0015 0015 0015 0040 0015 0015 0015 0040 0015 0015 0015 0015 0015 0015 0015 0015 0015 0015 0015 0015 0015 0040 0015 0015 0015 0040 0015 0040 0015 0040 0015 0040 0015 0040 0015 03fa
6	0000 0067 0000 0022 0155 00ab 0015 0015 0015 0040 0015 0015 0015 0015 0015 0015 0015 0040 0015 0015 0015 0040 0015 0040 0015 0015 0015 0040 0015 0040 0015 0040 0015 0015 0015 0040 0015 0015 0015 0015 0015 0040 0015 0040 0015 0015 0015 0015 0015 0015 0015 0015 0015 0015 0015 0040 0015 0015 0015 0015 0015 0040 0015 0040 0015 0040 0015 0040 0015 0040 0015 03fb
7	0000 0067 0000 0022 0156 00aa 0015 0015 0015 0040 0015 0015 0015 0015 0015 0015 0015 0040 0015 0015 0015 0040 0015 0040 0015 0015 0015 0040 0015 0040 0015 0040 0015 0015 0015 0040 0015 0015 0015 0040 0015 0040 0015 0040 0015 0015 0015 0015 0015 0015 0015 0015 0015 0015 0015 0015 0015 0015 0015 0015 0015 0040 0015 0040 0015 0040 0015 0040 0015 0040 0015 03fa
8	0000 0067 0000 0022 0156 00aa 0015 0015 0015 0040 0015 0015 0015 0015 0015 0015 0015 0040 0015 0015 0015 0040 0015 0040 0015 0015 0015 0040 0015 0040 0015 0040 0015 0015 0015 0040 0015 0015 0015 0015 0015 0015 0015 0015 0015 0040 0015 0015 0015 0015 0015 0015 0015 0015 0015 0040 0015 0040 0015 0040 0015 0015 0015 0040 0015 0040 0015 0040 0015 0040 0015 03fa
9	0000 0067 0000 0022 0155 00ab 0015 0015 0015 0040 0015 0015 0015 0015 0015 0015 0015 0040 0015 0015 0015 0040 0015 0040 0015 0015 0015 0040 0015 0040 0015 0040 0015 0015 0015 0040 0015 0015 0015 0040 0015 0015 0015 0015 0015 0040 0015 0015 0015 0015 0015 0015 0015 0015 0015 0015 0015 0040 0015 0040 0015 0015 0015 0040 0015 0040 0015 0040 0015 0040 0015 03fb
0	0000 0067 0000 0022 0156 00aa 0015 0015 0015 0040 0015 0015 0015 0015 0015 0015 0015 0040 0015 0015 0015 0040 0015 0040 0015 0015 0015 0040 0015 0040 0015 0040 0015 0015 0015 0040 0015 0015 0015 0015 0015 0015 0015 0015 0015 0015 0015 0015 0015 0015 0015 0015 0015 0015 0015 0040 0015 0040 0015 0040 0015 0040 0015 0040 0015 0040 0015 0040 0015 0040 0015 03fa
Discset	0000 0067 0000 0022 0155 00ab 0015 0015 0015 0040 0015 0015 0015 0015 0015 0015 0015 0040 0015 0015 0015 0040 0015 0040 0015 0015 0015 0040 0015 0040 0015 0040 0015 0015 0015 0040 0015 0015 0015 0040 0015 0015 0015 0015 0015 0015 0015 0015 0015 0015 0015 0040 0015 0015 0015 0015 0015 0040 0015 0040 0015 0040 0015 0040 0015 0040 0015 0015 0015 0040 0015 03fb
Trkset	0000 0067 0000 0022 0156 00aa 0015 0015 0015 0040 0015 0015 0015 0015 0015 0015 0015 0040 0015 0015 0015 0040 0015 0040 0015 0015 0015 0040 0015 0040 0015 0040 0015 0015 0015 0040 0015 0015 0015 0015 0015 0015 0015 0015 0015 0015 0015 0015 0015 0015 0015 0040 0015 0015 0015 0040 0015 0040 0015 0040 0015 0040 0015 0040 0015 0040 0015 0015 0015 0040 0015 03fa
Time	0000 0067 0000 0022 0156 00aa 0015 0015 0015 0040 0015 0015 0015 0015 0015 0015 0015 0040 0015 0015 0015 0040 0015 0040 0015 0015 0015 0040 0015 0040 0015 0040 0015 0015 0015 0040 0015 0015 0015 0040 0015 0040 0015 0015 0015 0015 0015 0015 0015 0015 0015 0040 0015 0015 0015 0015 0015 0015 0015 0040 0015 0040 0015 0040 0015 0040 0015 0015 0015 0040 0015 03fa
Titledisp	0000 0067 0000 0044 0155 00ab 0015 0015 0015 0040 0015 0015 0015 0015 0015 0015 0015 0040 0015 0015 0015 0040 0015 0040 0015 0015 0015 0040 0015 0040 0015 0040 0015 0015 0015 0040 0015 0015 0015 0015 0015 0040 0015 0015 0015 0015 0015 0015 0015 0015 0015 0040 0015 0040 0015 0040 0015 0015 0015 0040 0015 0040 0015 0040 0015 0040 0015 0015 0015 0015 0015 03fb 0155 00ab 0015 0015 0015 0040 0015 0015 0015 0015 0015 0015 0015 0040 0015 0015 0015 0040 0015 0040 0015 0015 0015 0040 0015 0040 0015 0040 0015 0015 0015 0040 0015 0015 0015 0015 0015 0015 0015 0040 0015 0015 0015 0040 0015 0015 0015 0015 0015 0040 0015 0040 0015 0040 0015 0015 0015 0040 0015 0015 0015 0040 0015 0040 0015 0015 0015 03fb
Titleinp	0000 0067 0000 0044 0156 00aa 0015 0015 0015 0040 0015 0015 0015 0015 0015 0015 0015 0040 0015 0015 0015 0040 0015 0040 0015 0015 0015 0040 0015 0040 0015 0040 0015 0015 0015 0040 0015 0015 0015 0040 0015 0015 0015 0015 0015 0015 0015 0015 0015 0015 0015 0040 0015 0040 0015 0015 0015 0040 0015 0040 0015 0040 0015 0040 0015 0040 0015 0015 0015 0015 0015 03fa 0156 00aa 0015 0015 0015 0040 0015 0015 0015 0015 0015 0015 0015 0040 0015 0015 0015 0040 0015 0040 0015 0015 0015 0040 0015 0040 0015 0040 0015 0015 0015 0040 0015 0015 0015 0040 0015 0015 0015 0040 0015 0015 0015 0040 0015 0015 0015 0015 0015 0040 0015 0015 0015 0040 0015 0015 0015 0040 0015 0015 0015 0040 0015 0040 0015 0015 0015 03fa
Titlesch	0000 0067 0000 0044 0156 00aa 0015 0015 0015 0040 0015 0015 0015 0015 0015 0015 0015 0040 0015 0015 0015 0040 0015 0040 0015 0015 0015 0040 0015 0040 0015 0040 0015 0015 0015 0040 0015 0015 0015 0015 0015 0040 0015 0015 0015 0015 0015 0015 0015 0015 0015 0040 0015 0040 0015 0040 0015 0015 0015 0040 0015 0040 0015 0040 0015 0040 0015 0015 0015 0015 0015 03fa 0156 00aa 0015 0015 0015 0040 0015 0015 0015 0015 0015 0015 0015 0040 0015 0015 0015 0040 0015 0040 0015 0015 0015 0040 0015 0040 0015 0040 0015 0015 0015 0040 0015 0015 0015 0040 0015 0015 0015 0040 0015 0015 0015 0040 0015 0015 0015 0015 0015 0040 0015 0015 0015 0040 0015 0015 0015 0040 0015 0015 0015 0040 0015 0040 0015 0015 0015 03fa
&lt;	0000 0067 0000 0044 0155 00ab 0015 0015 0015 0040 0015 0015 0015 0015 0015 0015 0015 0040 0015 0015 0015 0040 0015 0040 0015 0015 0015 0040 0015 0040 0015 0040 0015 0015 0015 0040 0015 0015 0015 0015 0015 0040 0015 0040 0015 0015 0015 0015 0015 0015 0015 0040 0015 0040 0015 0040 0015 0015 0015 0015 0015 0040 0015 0040 0015 0040 0015 0015 0015 0015 0015 03fb 0155 00ab 0015 0015 0015 0040 0015 0015 0015 0015 0015 0015 0015 0040 0015 0015 0015 0040 0015 0040 0015 0015 0015 0040 0015 0040 0015 0040 0015 0015 0015 0040 0015 0015 0015 0015 0015 0015 0015 0040 0015 0040 0015 0040 0015 0015 0015 0015 0015 0040 0015 0040 0015 0040 0015 0015 0015 0015 0015 0015 0015 0040 0015 0040 0015 0015 0015 03fb
&gt;	0000 0067 0000 0044 0156 00aa 0015 0015 0015 0040 0015 0015 0015 0015 0015 0015 0015 0040 0015 0015 0015 0040 0015 0040 0015 0015 0015 0040 0015 0040 0015 0040 0015 0015 0015 0040 0015 0015 0015 0015 0015 0040 0015 0040 0015 0015 0015 0015 0015 0015 0015 0040 0015 0040 0015 0040 0015 0015 0015 0015 0015 0040 0015 0040 0015 0040 0015 0015 0015 0015 0015 03fa 0156 00aa 0015 0015 0015 0040 0015 0015 0015 0015 0015 0015 0015 0040 0015 0015 0015 0040 0015 0040 0015 0015 0015 0040 0015 0040 0015 0040 0015 0015 0015 0040 0015 0015 0015 0040 0015 0040 0015 0015 0015 0040 0015 0040 0015 0015 0015 0015 0015 0040 0015 0015 0015 0015 0015 0040 0015 0015 0015 0015 0015 0040 0015 0040 0015 0015 0015 03fa
Disc-	0000 0067 0000 0044 0156 00aa 0015 0015 0015 0040 0015 0015 0015 0015 0015 0015 0015 0040 0015 0015 0015 0040 0015 0040 0015 0015 0015 0040 0015 0040 0015 0040 0015 0015 0015 0040 0015 0015 0015 0040 0015 0015 0015 0015 0015 0015 0015 0015 0015 0015 0015 0040 0015 0040 0015 0015 0015 0040 0015 0040 0015 0040 0015 0040 0015 0040 0015 0015 0015 0015 0015 03fa 0156 00aa 0015 0015 0015 0040 0015 0015 0015 0015 0015 0015 0015 0040 0015 0015 0015 0040 0015 0040 0015 0015 0015 0040 0015 0040 0015 0040 0015 0015 0015 0040 0015 0015 0015 0040 0015 0040 0015 0015 0015 0015 0015 0040 0015 0015 0015 0015 0015 0040 0015 0015 0015 0015 0015 0040 0015 0040 0015 0015 0015 0040 0015 0040 0015 0015 0015 03fa
Disc+	0000 0067 0000 0022 0155 00ab 0015 0015 0015 0040 0015 0015 0015 0015 0015 0015 0015 0040 0015 0015 0015 0040 0015 0040 0015 0015 0015 0040 0015 0040 0015 0040 0015 0015 0015 0040 0015 0015 0015 0040 0015 0015 0015 0040 0015 0040 0015 0040 0015 0015 0015 0015 0015 0015 0015 0015 0015 0040 0015 0015 0015 0015 0015 0015 0015 0040 0015 0040 0015 0040 0015 03fb
&lt;&lt;Search	0000 0067 0000 0022 0156 00aa 0015 0015 0015 0040 0015 0015 0015 0015 0015 0015 0015 0040 0015 0015 0015 0040 0015 0040 0015 0015 0015 0040 0015 0040 0015 0040 0015 0015 0015 0040 0015 0015 0015 0040 0015 0040 0015 0040 0015 0040 0015 0015 0015 0015 0015 0015 0015 0015 0015 0015 0015 0015 0015 0015 0015 0015 0015 0040 0015 0040 0015 0040 0015 0040 0015 03fa
Search&gt;&gt;	0000 0067 0000 0022 0156 00aa 0015 0015 0015 0040 0015 0015 0015 0015 0015 0015 0015 0040 0015 0015 0015 0040 0015 0040 0015 0015 0015 0040 0015 0040 0015 0040 0015 0015 0015 0040 0015 0015 0015 0015 0015 0040 0015 0040 0015 0040 0015 0015 0015 0015 0015 0015 0015 0015 0015 0040 0015 0015 0015 0015 0015 0015 0015 0040 0015 0040 0015 0040 0015 0040 0015 03fa
|&lt;&lt;Trk	0000 0067 0000 0022 0155 00ab 0015 0015 0015 0040 0015 0015 0015 0015 0015 0015 0015 0040 0015 0015 0015 0040 0015 0040 0015 0015 0015 0040 0015 0040 0015 0040 0015 0015 0015 0040 0015 0015 0015 0040 0015 0015 0015 0015 0015 0015 0015 0040 0015 0015 0015 0015 0015 0015 0015 0015 0015 0040 0015 0040 0015 0040 0015 0015 0015 0040 0015 0040 0015 0040 0015 03fb
Trk&gt;&gt;|	0000 0067 0000 0022 0156 00aa 0015 0015 0015 0040 0015 0015 0015 0015 0015 0015 0015 0040 0015 0015 0015 0040 0015 0040 0015 0015 0015 0040 0015 0040 0015 0040 0015 0015 0015 0040 0015 0015 0015 0015 0015 0015 0015 0015 0015 0015 0015 0040 0015 0015 0015 0015 0015 0015 0015 0040 0015 0040 0015 0040 0015 0040 0015 0015 0015 0040 0015 0040 0015 0040 0015 03fa
Stop	0000 0067 0000 0022 0156 00aa 0016 0016 0016 003f 0016 0016 0016 0016 0016 0016 0016 003f 0016 0016 0016 003f 0016 003f 0016 0016 0016 003f 0016 003f 0016 003f 0016 0016 0016 003f 0016 0016 0016 0016 0016 003f 0016 003f 0016 0016 0016 003f 0016 0016 0016 0016 0016 0016 0016 003f 0016 0016 0016 0016 0016 003f 0016 0016 0016 003f 0016 003f 0016 003f 0016 03fa
Pause	0000 0067 0000 0022 0155 00ab 0015 0015 0015 0040 0015 0015 0015 0015 0015 0015 0015 0040 0015 0015 0015 0040 0015 0040 0015 0015 0015 0040 0015 0040 0015 0040 0015 0015 0015 0040 0015 0015 0015 0015 0015 0015 0015 0015 0015 0040 0015 0040 0015 0015 0015 0015 0015 0015 0015 0040 0015 0040 0015 0040 0015 0015 0015 0015 0015 0040 0015 0040 0015 0040 0015 03fb
Play	0000 0067 0000 0022 0156 00aa 0015 0015 0015 0040 0015 0015 0015 0015 0015 0015 0015 0040 0015 0015 0015 0040 0015 0040 0015 0015 0015 0040 0015 0040 0015 0040 0015 0015 0015 0040 0015 0015 0015 0040 0015 0040 0015 0040 0015 0015 0015 0040 0015 0015 0015 0015 0015 0015 0015 0015 0015 0015 0015 0015 0015 0040 0015 0015 0015 0040 0015 0040 0015 0040 0015 03fa
Random	0000 0067 0000 0022 0156 00aa 0015 0015 0015 0040 0015 0015 0015 0015 0015 0015 0015 0040 0015 0015 0015 0040 0015 0040 0015 0015 0015 0040 0015 0040 0015 0040 0015 0015 0015 0040 0015 0015 0015 0015 0015 0040 0015 0015 0015 0040 0015 0015 0015 0015 0015 0040 0015 0015 0015 0040 0015 0015 0015 0040 0015 0015 0015 0040 0015 0040 0015 0015 0015 0040 0015 03fa
