Power	0000 0067 0000 0022 0155 00ab 0015 0015 0016 0040 0015 0015 0016 0015 0016 0015 0015 0040 0016 0015 0015 0040 0016 003f 0016 0015 0016 003f 0016 0040 0015 0040 0016 0015 0015 0040 0016 001a 0016 0015 0015 0015 0016 0040 0015 0040 0016 003f 0016 0015 0016 0015 0015 0015 0016 0040 0015 0040 0016 0015 0015 0015 0016 0015 0016 003f 0016 0040 0015 0040 0016 03fb
Play	0000 0067 0000 0022 0155 00ab 0015 0015 0016 0040 0015 0015 0016 0015 0016 0015 0015 0040 0016 0015 0015 0040 0016 003f 0016 0015 0016 003f 0016 0040 0015 0040 0016 0015 0015 0040 0016 001a 0016 003f 0016 0040 0015 0040 0016 0015 0015 0040 0016 0015 0015 0015 0016 0015 0016 0015 0015 0015 0016 0015 0016 003f 0016 0015 0016 003f 0016 0040 0015 0040 0016 03fb
Stop	0000 0067 0000 0022 0156 00aa 0016 0015 0015 0040 0016 0015 0015 0015 0016 0015 0016 003f 0016 0015 0016 003f 0016 0040 0015 0015 0016 0040 0015 0040 0016 003f 0016 0015 0016 003f 0016 001a 0016 0015 0016 003f 0016 0040 0015 0015 0016 0040 0015 0015 0016 0015 0016 0015 0015 0040 0016 0015 0015 0015 0016 0040 0015 0015 0016 0040 0015 0040 0016 003f 0016 03fa
Pause	0000 0067 0000 0022 0156 00aa 0016 0015 0015 0040 0016 0015 0015 0015 0016 0015 0016 003f 0016 0015 0016 003f 0016 0040 0015 0015 0016 0040 0015 0040 0016 003f 0016 0015 0016 003f 0016 001a 0016 0015 0016 0015 0015 0015 0016 0040 0015 0040 0016 0015 0015 0015 0016 0015 0016 003f 0016 0040 0015 0040 0016 0015 0015 0015 0016 0040 0015 0040 0016 003f 0016 03fa
R Srch	0000 0067 0000 0022 0155 00ab 0015 0015 0016 0040 0015 0015 0016 0015 0016 0015 0015 0040 0016 0015 0015 0040 0016 003f 0016 0015 0016 003f 0016 0040 0015 0040 0016 0015 0015 0040 0016 001a 0016 003f 0016 0040 0015 0040 0016 003f 0016 0015 0016 0015 0015 0015 0016 0015 0016 0015 0015 0015 0016 0015 0016 0015 0015 0040 0016 003f 0016 0040 0015 0040 0016 03fb
F Srch	0000 0067 0000 0022 0156 00aa 0016 0015 0016 003f 0016 0015 0016 0015 0015 0015 0016 0040 0015 0015 0016 0040 0015 0040 0016 0015 0015 0040 0016 003f 0016 0040 0015 0015 0016 0040 0015 001b 0015 0015 0016 0040 0015 0040 0016 003f 0016 0015 0016 0015 0015 0015 0016 0015 0016 003f 0016 0015 0016 0015 0015 0015 0016 0040 0015 0040 0016 003f 0016 0040 0015 03fb
R Trk	0000 0067 0000 0022 0156 00aa 0016 0015 0016 003f 0016 0015 0016 0015 0015 0015 0016 0040 0015 0015 0016 0040 0015 0040 0016 0015 0015 0040 0016 003f 0016 0040 0015 0015 0016 0040 0015 001b 0015 0040 0016 0015 0015 0015 0016 0015 0016 003f 0016 0015 0016 0015 0015 0015 0016 0015 0016 003f 0016 0040 0015 0040 0016 0015 0015 0040 0016 003f 0016 0040 0015 03fb
F Trk	0000 0067 0000 0022 0156 00aa 0016 0015 0016 003f 0016 0015 0016 0015 0015 0015 0016 0040 0015 0015 0016 0040 0015 0040 0016 0015 0015 0040 0016 003f 0016 0040 0015 0015 0016 0040 0015 001b 0015 0015 0016 0015 0016 0015 0015 0015 0016 0040 0015 0015 0016 0015 0016 0015 0015 0040 0016 003f 0016 0040 0015 0040 0016 0015 0015 0040 0016 003f 0016 0040 0015 03fb
Random	0000 0067 0000 0022 0156 00aa 0016 0015 0015 0040 0016 0015 0015 0015 0016 0015 0016 003f 0016 0015 0016 003f 0016 0040 0015 0015 0016 0040 0015 0040 0016 003f 0016 0015 0016 003f 0016 001a 0016 0015 0016 003f 0016 0015 0016 003f 0016 0015 0016 0015 0015 0040 0016 0015 0015 0040 0016 0015 0015 0040 0016 0015 0015 0040 0016 003f 0016 0015 0016 003f 0016 03fa
 Lite Scan	0000 0067 0000 0022 0156 00aa 0016 0015 0015 0040 0016 0015 0015 0015 0016 0015 0016 003f 0016 0015 0016 003f 0016 0040 0015 0015 0016 0040 0015 0040 0016 003f 0016 0015 0016 003f 0016 001a 0016 0015 0016 003f 0016 0040 0015 0040 0016 003f 0016 0015 0016 003f 0016 0015 0016 003f 0016 0015 0016 0015 0015 0015 0016 0015 0016 003f 0016 0015 0016 003f 0016 03fa
Fader	0000 0067 0000 0044 0155 00ab 0015 0015 0016 0040 0015 0015 0016 0015 0016 0015 0015 0040 0016 0015 0015 0040 0016 003f 0016 0015 0016 003f 0016 0040 0015 0040 0016 0015 0015 0040 0016 001a 0016 0015 0015 0015 0016 0015 0016 0015 0015 0015 0016 0015 0016 003f 0016 0040 0015 0040 0016 003f 0016 0040 0015 0040 0016 003f 0016 0040 0015 0015 0016 0015 0016 03fb 0156 00aa 0016 0015 0015 0040 0016 0015 0015 0015 0016 0015 0016 003f 0016 0015 0016 003f 0016 0040 0015 0015 0016 0040 0015 0040 0016 003f 0016 0015 0016 003f 0016 001a 0016 0040 0015 0040 0016 0015 0015 0015 0016 0040 0015 0015 0016 0015 0016 003f 0016 0015 0016 0015 0015 0040 0016 003f 0016 0015 0016 003f 0016 0040 0015 0015 0016 03fa
Pgm	0000 0067 0000 0022 0155 00ab 0015 0015 0016 0040 0015 0015 0016 0015 0016 0015 0015 0040 0016 0015 0015 0040 0016 003f 0016 0015 0016 003f 0016 0040 0015 0040 0016 0015 0015 0040 0016 001a 0016 003f 0016 0015 0016 003f 0016 0040 0015 0015 0016 0015 0016 0015 0015 0015 0016 0015 0016 003f 0016 0015 0016 0015 0015 0040 0016 003f 0016 0040 0015 0040 0016 03fb
Delete	0000 0067 0000 0022 0156 00aa 0016 0015 0015 0040 0016 0015 0015 0015 0016 0015 0016 003f 0016 0015 0016 003f 0016 0040 0015 0015 0016 0040 0015 0040 0016 003f 0016 0015 0016 003f 0016 001a 0016 0040 0015 0015 0016 0040 0015 0040 0016 003f 0016 0015 0016 003f 0016 0015 0016 0015 0015 0040 0016 0015 0015 0015 0016 0015 0016 003f 0016 0015 0016 003f 0016 03fa
Adlc	0000 0067 0000 0044 0156 00aa 0016 0015 0015 0040 0016 0015 0015 0015 0016 0015 0016 003f 0016 0015 0016 003f 0016 0040 0015 0015 0016 0040 0015 0040 0016 003f 0016 0015 0016 003f 0016 001a 0016 0015 0016 0015 0015 0015 0016 0015 0016 0015 0015 0015 0016 0040 0015 0040 0016 003f 0016 0040 0015 0040 0016 003f 0016 0040 0015 0040 0016 0015 0015 0015 0016 03fa 0156 00aa 0016 0015 0016 003f 0016 0015 0016 0015 0015 0015 0016 0040 0015 0015 0016 0040 0015 0040 0016 0015 0015 0040 0016 003f 0016 0040 0015 0015 0016 0040 0015 001b 0015 0015 0016 0040 0015 0015 0016 0015 0016 003f 0016 0015 0016 0015 0015 0040 0016 003f 0016 0015 0016 003f 0016 0040 0015 0015 0016 0040 0015 0040 0016 0015 0015 03fb
Check	0000 0067 0000 0022 0156 00aa 0016 0015 0015 0040 0016 0015 0015 0015 0016 0015 0016 003f 0016 0015 0016 003f 0016 0040 0015 0015 0016 0040 0015 0040 0016 003f 0016 0015 0016 003f 0016 001a 0016 0040 0015 0015 0016 0015 0016 003f 0016 0015 0016 0015 0015 0040 0016 0015 0015 0015 0016 0040 0015 0040 0016 0015 0015 0040 0016 003f 0016 0015 0016 003f 0016 03fa
Clear	0000 0067 0000 0022 0156 00aa 0016 0015 0015 0040 0016 0015 0015 0015 0016 0015 0016 003f 0016 0015 0016 003f 0016 0040 0015 0015 0016 0040 0015 0040 0016 003f 0016 0015 0016 003f 0016 001a 0016 0040 0015 0015 0016 0040 0015 0015 0016 0015 0016 0015 0015 0040 0016 0015 0015 0015 0016 0040 0015 0015 0016 0040 0015 0040 0016 003f 0016 0015 0016 003f 0016 03fa
Output-	0000 0067 0000 0022 0156 00aa 0016 0015 0016 003f 0016 0015 0016 0015 0015 0015 0016 0040 0015 0015 0016 0040 0015 0040 0016 0015 0015 0040 0016 003f 0016 0040 0015 0015 0016 0040 0015 001b 0015 0040 0016 003f 0016 0015 0016 003f 0016 0015 0016 0015 0015 0015 0016 0015 0016 0015 0015 0015 0016 0040 0015 0015 0016 0040 0015 0040 0016 003f 0016 0040 0015 03fb
Output+	0000 0067 0000 0022 0155 00ab 0015 0015 0016 0040 0015 0015 0016 0015 0016 0015 0015 0040 0016 0015 0015 0040 0016 003f 0016 0015 0016 003f 0016 0040 0015 0040 0016 0015 0015 0040 0016 001a 0016 0015 0015 0040 0016 0015 0015 0040 0016 0015 0015 0015 0016 0015 0016 0015 0015 0040 0016 0015 0015 0040 0016 0015 0015 0040 0016 003f 0016 0040 0015 0040 0016 03fb
Disc 1	0000 0067 0000 0022 0156 00aa 0016 0015 0016 003f 0016 0015 0016 0015 0015 0015 0016 0040 0015 0015 0016 0040 0015 0040 0016 0015 0015 0040 0016 003f 0016 0040 0015 0015 0016 0040 0015 001b 0015 0015 0016 0040 0015 0040 0016 003f 0016 0040 0015 0015 0016 0015 0016 0015 0015 0040 0016 0015 0015 0015 0016 0015 0016 0015 0015 0040 0016 003f 0016 0040 0015 03fb
Disc 2	0000 0067 0000 0022 0156 00aa 0016 0015 0016 003f 0016 0015 0016 0015 0015 0015 0016 0040 0015 0015 0016 0040 0015 0040 0016 0015 0015 0040 0016 003f 0016 0040 0015 0015 0016 0040 0015 001b 0015 0040 0016 003f 0016 0040 0015 0040 0016 003f 0016 0015 0016 0015 0015 0015 0016 0015 0016 0015 0015 0015 0016 0015 0016 0015 0015 0040 0016 003f 0016 0040 0015 03fb
Disc 3	0000 0067 0000 0022 0156 00aa 0016 0015 0016 003f 0016 0015 0016 0015 0015 0015 0016 0040 0015 0015 0016 0040 0015 0040 0016 0015 0015 0040 0016 003f 0016 0040 0015 0015 0016 0040 0015 001b 0015 0015 0016 0015 0016 0015 0015 0015 0016 0040 0015 0015 0016 0040 0015 0015 0016 0040 0015 0040 0016 003f 0016 0040 0015 0015 0016 0040 0015 0015 0016 0040 0015 03fb
Disc 4	0000 0067 0000 0022 0156 00aa 0016 0015 0016 003f 0016 0015 0016 0015 0015 0015 0016 0040 0015 0015 0016 0040 0015 0040 0016 0015 0015 0040 0016 003f 0016 0040 0015 0015 0016 0040 0015 001b 0015 0040 0016 003f 0016 0015 0016 0015 0015 0040 0016 0015 0015 0040 0016 0015 0015 0015 0016 0015 0016 003f 0016 0040 0015 0015 0016 0040 0015 0015 0016 0040 0015 03fb
Disc 5	0000 0067 0000 0022 0156 00aa 0016 0015 0016 003f 0016 0015 0016 0015 0015 0015 0016 0040 0015 0015 0016 0040 0015 0040 0016 0015 0015 0040 0016 003f 0016 0040 0015 0015 0016 0040 0015 001b 0015 0040 0016 003f 0016 0040 0015 0015 0016 0040 0015 0015 0016 0040 0015 0015 0016 0015 0016 0015 0015 0015 0016 0040 0015 0015 0016 0040 0015 0015 0016 0040 0015 03fb
Disc 6	0000 0067 0000 0022 0156 00aa 0016 0015 0016 003f 0016 0015 0016 0015 0015 0015 0016 0040 0015 0015 0016 0040 0015 0040 0016 0015 0015 0040 0016 003f 0016 0040 0015 0015 0016 0040 0015 001b 0015 0040 0016 003f 0016 0015 0016 003f 0016 0040 0015 0015 0016 0040 0015 0015 0016 0015 0016 0015 0015 0040 0016 0015 0015 0015 0016 0040 0015 0015 0016 0040 0015 03fb
