VCR	0000 0004 0000 002d 2627 1314 2627 1314 0263 0263 0263 0727 0263 0263 0263 0727 0263 0263 0263 0727 0263 0263 0263 0727 0263 0727 0263 0263 0263 0727 0263 0263 0263 0727 0263 0263 0263 0727 0263 0263 0263 0727 0263 0727 0263 0263 0263 0263 0263 0727 0263 0263 0263 0727 0263 0727 0263 0263 0263 0263 0263 0727 0263 0727 0263 0263 0263 0727 0263 0263 0263 0263 0263 7275 2627 1314 0263 0727 0263 0727 0263 0727 0263 0727 0263 0263 0263 0727 0263 0263 0263 0727 00ed 0001
LD/DVD	0000 0004 0000 002d 2627 1314 2627 1314 0263 0263 0263 0727 0263 0263 0263 0727 0263 0263 0263 0727 0263 0263 0263 0727 0263 0727 0263 0263 0263 0727 0263 0263 0263 0727 0263 0263 0263 0727 0263 0263 0263 0727 0263 0727 0263 0263 0263 0263 0263 0727 0263 0263 0263 0727 0263 0727 0263 0263 0263 0263 0263 0727 0263 0727 0263 0263 0263 0727 0263 0263 0263 0263 0263 7275 2627 1314 0263 0727 0263 0727 0263 0727 0263 0727 0263 0263 0263 0727 0263 0263 0263 0727 00ed 0001
Sat	0000 0004 0000 002d 24d6 126b 24d6 126b 024d 024d 024d 06e8 024d 024d 024d 06e8 024d 024d 024d 06e8 024d 024d 024d 06e8 024d 06e8 024d 024d 024d 06e8 024d 024d 024d 06e8 024d 024d 024d 06e8 024d 024d 024d 06e8 024d 06e8 024d 024d 024d 024d 024d 06e8 024d 024d 024d 06e8 024d 06e8 024d 024d 024d 024d 024d 06e8 024d 06e8 024d 024d 024d 06e8 024d 024d 024d 024d 024d 6e83 24d6 126b 024d 06e8 024d 06e8 024d 06e8 024d 06e8 024d 024d 024d 06e8 024d 024d 024d 06e8 00e5 0001
TV	0000 0004 0000 002d 2627 1314 2627 1314 0263 0263 0263 0727 0263 0263 0263 0727 0263 0263 0263 0727 0263 0263 0263 0727 0263 0727 0263 0263 0263 0727 0263 0263 0263 0727 0263 0263 0263 0727 0263 0263 0263 0727 0263 0727 0263 0263 0263 0263 0263 0727 0263 0263 0263 0727 0263 0727 0263 0263 0263 0263 0263 0727 0263 0727 0263 0263 0263 0727 0263 0263 0263 0263 0263 7275 2627 1314 0263 0727 0263 0727 0263 0727 0263 0727 0263 0263 0263 0727 0263 0263 0263 0727 00ed 0001
 Power	0000 0004 0001 0022 2627 1314 2627 1314 0263 0263 0263 0727 0263 0263 0263 0727 0263 0263 0263 0727 0263 0263 0263 0727 0263 0727 0263 0263 0263 0727 0263 0263 0263 0727 0263 0263 0263 0727 0263 0263 0263 0263 0263 0263 0263 0727 0263 0727 0263 0727 0263 0263 0263 0263 0263 0263 0263 0727 0263 0727 0263 0263 0263 0263 0263 0263 0263 0727 0263 0727 0263 0727 0263 7275
Power	0000 0004 0001 0022 2627 1314 2627 1314 0263 0263 0263 0263 0263 0727 0263 0727 0263 0263 0263 0727 0263 0263 0263 0727 0263 0727 0263 0727 0263 0263 0263 0263 0263 0727 0263 0263 0263 0727 0263 0263 0263 0263 0263 0263 0263 0727 0263 0727 0263 0727 0263 0263 0263 0263 0263 0263 0263 0727 0263 0727 0263 0263 0263 0263 0263 0263 0263 0727 0263 0727 0263 0727 0263 7275
Menu	0000 0004 0001 0022 2627 1314 2627 1314 0263 0263 0263 0727 0263 0263 0263 0727 0263 0263 0263 0727 0263 0263 0263 0727 0263 0727 0263 0263 0263 0727 0263 0263 0263 0727 0263 0263 0263 0727 0263 0263 0263 0727 0263 0727 0263 0263 0263 0727 0263 0263 0263 0263 0263 0263 0263 0727 0263 0263 0263 0263 0263 0727 0263 0263 0263 0727 0263 0727 0263 0727 0263 0263 0263 799c
Up	0000 0004 0001 0022 2627 1314 2627 1314 0263 0263 0263 0727 0263 0263 0263 0727 0263 0263 0263 0727 0263 0263 0263 0727 0263 0727 0263 0263 0263 0727 0263 0263 0263 0727 0263 0263 0263 0727 0263 0263 0263 0263 0263 0727 0263 0727 0263 0263 0263 0727 0263 0263 0263 0263 0263 0727 0263 0727 0263 0263 0263 0263 0263 0727 0263 0263 0263 0727 0263 0727 0263 0263 0263 7275
Left	0000 0004 0001 0022 2627 1314 2627 1314 0263 0263 0263 0727 0263 0263 0263 0727 0263 0263 0263 0727 0263 0263 0263 0727 0263 0727 0263 0263 0263 0727 0263 0263 0263 0727 0263 0263 0263 0727 0263 0263 0263 0727 0263 0263 0263 0727 0263 0263 0263 0727 0263 0263 0263 0263 0263 0727 0263 0263 0263 0727 0263 0263 0263 0727 0263 0263 0263 0727 0263 0727 0263 0263 0263 7275
Set	0000 0004 0001 0022 2627 1314 2627 1314 0263 0263 0263 0727 0263 0263 0263 0727 0263 0263 0263 0727 0263 0263 0263 0727 0263 0727 0263 0263 0263 0727 0263 0263 0263 0727 0263 0263 0263 0727 0263 0263 0263 0263 0263 0727 0263 0263 0263 0727 0263 0263 0263 0263 0263 0263 0263 0727 0263 0727 0263 0263 0263 0727 0263 0263 0263 0727 0263 0727 0263 0727 0263 0263 0263 7275
Right	0000 0004 0001 0022 2627 1314 2627 1314 0263 0263 0263 0727 0263 0263 0263 0727 0263 0263 0263 0727 0263 0263 0263 0727 0263 0727 0263 0263 0263 0727 0263 0263 0263 0727 0263 0263 0263 0727 0263 0263 0263 0263 0263 0263 0263 0727 0263 0263 0263 0727 0263 0263 0263 0263 0263 0727 0263 0727 0263 0727 0263 0263 0263 0727 0263 0263 0263 0727 0263 0727 0263 0263 0263 7275
Down	0000 0004 0001 0022 2627 1314 2627 1314 0263 0263 0263 0727 0263 0263 0263 0727 0263 0263 0263 0727 0263 0263 0263 0727 0263 0727 0263 0263 0263 0727 0263 0263 0263 0727 0263 0263 0263 0727 0263 0263 0263 0727 0263 0727 0263 0727 0263 0263 0263 0727 0263 0263 0263 0263 0263 0727 0263 0263 0263 0263 0263 0263 0263 0727 0263 0263 0263 0727 0263 0727 0263 0263 0263 7275
Vol+	0000 0004 0001 0022 2627 1314 2627 1314 0263 0263 0263 0727 0263 0263 0263 0727 0263 0263 0263 0727 0263 0263 0263 0727 0263 0727 0263 0263 0263 0727 0263 0263 0263 0727 0263 0263 0263 0727 0263 0263 0263 0263 0263 0263 0263 0263 0263 0263 0263 0727 0263 0263 0263 0263 0263 0263 0263 0727 0263 0727 0263 0727 0263 0727 0263 0263 0263 0727 0263 0727 0263 0727 0263 7275
Vol-	0000 0004 0001 0022 2627 1314 2627 1314 0263 0263 0263 0727 0263 0263 0263 0727 0263 0263 0263 0727 0263 0263 0263 0727 0263 0727 0263 0263 0263 0727 0263 0263 0263 0727 0263 0263 0263 0727 0263 0263 0263 0727 0263 0263 0263 0263 0263 0263 0263 0727 0263 0263 0263 0263 0263 0263 0263 0263 0263 0727 0263 0727 0263 0727 0263 0263 0263 0727 0263 0727 0263 0727 0263 7275
Antenna	0000 0004 0001 0022 2627 1314 2627 1314 0263 0263 0263 0727 0263 0263 0263 0727 0263 0263 0263 0727 0263 0263 0263 0727 0263 0727 0263 0263 0263 0727 0263 0263 0263 0727 0263 0263 0263 0727 0263 0263 0263 0727 0263 0263 0263 0727 0263 0263 0263 0263 0263 0263 0263 0727 0263 0263 0263 0263 0263 0727 0263 0263 0263 0727 0263 0727 0263 0727 0263 0263 0263 0727 0263 7275
V F	0000 0004 0001 0022 2627 1314 2627 1314 0263 0263 0263 0727 0263 0263 0263 0727 0263 0263 0263 0727 0263 0263 0263 0727 0263 0727 0263 0263 0263 0727 0263 0263 0263 0727 0263 0263 0263 0727 0263 0263 0263 0263 0263 0727 0263 0727 0263 0263 0263 0727 0263 0263 0263 0727 0263 0263 0263 0727 0263 0263 0263 0263 0263 0727 0263 0263 0263 0727 0263 0263 0263 0727 0263 7275
P- P	0000 0004 0001 0022 2627 1314 2627 1314 0263 0263 0263 0727 0263 0263 0263 0727 0263 0263 0263 0727 0263 0263 0263 0727 0263 0727 0263 0263 0263 0727 0263 0263 0263 0727 0263 0263 0263 0727 0263 0263 0263 0263 0263 0263 0263 0727 0263 0263 0263 0727 0263 0263 0263 0263 0263 0263 0263 0727 0263 0727 0263 0263 0263 0727 0263 0263 0263 0727 0263 0727 0263 0727 0263 7275
PI Ch-	0000 0004 0001 0044 2627 1314 2627 1314 0263 0263 0263 0727 0263 0263 0263 0727 0263 0263 0263 0727 0263 0263 0263 0727 0263 0727 0263 0263 0263 0727 0263 0263 0263 0727 0263 0263 0263 0727 0263 0263 0263 0727 0263 0727 0263 0263 0263 0263 0263 0727 0263 0263 0263 0727 0263 0727 0263 0263 0263 0263 0263 0727 0263 0727 0263 0263 0263 0727 0263 0263 0263 0263 0263 7275 2627 1314 0263 0727 0263 0727 0263 0727 0263 0727 0263 0263 0263 0727 0263 0263 0263 0727 0263 0263 0263 0263 0263 0263 0263 0263 0263 0727 0263 0263 0263 0727 0263 0263 0263 0727 0263 0263 0263 0263 0263 0263 0263 0727 0263 0727 0263 0263 0263 0263 0263 0263 0263 0727 0263 0727 0263 0727 0263 0263 0263 0263 0263 0727 0263 0727 0263 7275
PI Ch+	0000 0004 0001 0044 2627 1314 2627 1314 0263 0263 0263 0727 0263 0263 0263 0727 0263 0263 0263 0727 0263 0263 0263 0727 0263 0727 0263 0263 0263 0727 0263 0263 0263 0727 0263 0263 0263 0727 0263 0263 0263 0727 0263 0727 0263 0263 0263 0263 0263 0727 0263 0263 0263 0727 0263 0727 0263 0263 0263 0263 0263 0727 0263 0727 0263 0263 0263 0727 0263 0263 0263 0263 0263 7275 2627 1314 0263 0727 0263 0727 0263 0727 0263 0727 0263 0263 0263 0727 0263 0263 0263 0727 0263 0263 0263 0263 0263 0263 0263 0263 0263 0727 0263 0263 0263 0727 0263 0263 0263 0263 0263 0263 0263 0263 0263 0263 0263 0727 0263 0727 0263 0263 0263 0263 0263 0727 0263 0727 0263 0727 0263 0727 0263 0263 0263 0263 0263 0727 0263 0727 0263 7275
1	0000 0004 0001 0022 2627 1314 2627 1314 0263 0263 0263 0727 0263 0263 0263 0727 0263 0263 0263 0727 0263 0263 0263 0727 0263 0727 0263 0263 0263 0727 0263 0263 0263 0727 0263 0263 0263 0727 0263 0263 0263 0727 0263 0263 0263 0263 0263 0263 0263 0263 0263 0263 0263 0263 0263 0263 0263 0263 0263 0727 0263 0727 0263 0727 0263 0727 0263 0727 0263 0727 0263 0727 0263 7275
2	0000 0004 0001 0022 2627 1314 2627 1314 0263 0263 0263 0727 0263 0263 0263 0727 0263 0263 0263 0727 0263 0263 0263 0727 0263 0727 0263 0263 0263 0727 0263 0263 0263 0727 0263 0263 0263 0727 0263 0263 0263 0263 0263 0727 0263 0263 0263 0263 0263 0263 0263 0263 0263 0263 0263 0263 0263 0727 0263 0263 0263 0727 0263 0727 0263 0727 0263 0727 0263 0727 0263 0727 0263 7275
3	0000 0004 0001 0022 2627 1314 2627 1314 0263 0263 0263 0727 0263 0263 0263 0727 0263 0263 0263 0727 0263 0263 0263 0727 0263 0727 0263 0263 0263 0727 0263 0263 0263 0727 0263 0263 0263 0727 0263 0263 0263 0727 0263 0727 0263 0263 0263 0263 0263 0263 0263 0263 0263 0263 0263 0263 0263 0263 0263 0263 0263 0727 0263 0727 0263 0727 0263 0727 0263 0727 0263 0727 0263 7276
4	0000 0004 0001 0022 2627 1314 2627 1314 0263 0263 0263 0727 0263 0263 0263 0727 0263 0263 0263 0727 0263 0263 0263 0727 0263 0727 0263 0263 0263 0727 0263 0263 0263 0727 0263 0263 0263 0727 0263 0263 0263 0263 0263 0263 0263 0727 0263 0263 0263 0263 0263 0263 0263 0263 0263 0263 0263 0727 0263 0727 0263 0263 0263 0727 0263 0727 0263 0727 0263 0727 0263 0727 0263 7276
5	0000 0004 0001 0022 2627 1314 2627 1314 0263 0263 0263 0727 0263 0263 0263 0727 0263 0263 0263 0727 0263 0263 0263 0727 0263 0727 0263 0263 0263 0727 0263 0263 0263 0727 0263 0263 0263 0727 0263 0263 0263 0727 0263 0263 0263 0727 0263 0263 0263 0263 0263 0263 0263 0263 0263 0263 0263 0263 0263 0727 0263 0263 0263 0727 0263 0727 0263 0727 0263 0727 0263 0727 0263 7275
6	0000 0004 0001 0022 2627 1314 2627 1314 0263 0263 0263 0727 0263 0263 0263 0727 0263 0263 0263 0727 0263 0263 0263 0727 0263 0727 0263 0263 0263 0727 0263 0263 0263 0727 0263 0263 0263 0727 0263 0263 0263 0263 0263 0727 0263 0727 0263 0263 0263 0263 0263 0263 0263 0263 0263 0263 0263 0727 0263 0263 0263 0263 0263 0727 0263 0727 0263 0727 0263 0727 0263 0727 0263 7276
7	0000 0004 0001 0022 2627 1314 2627 1314 0263 0263 0263 0727 0263 0263 0263 0727 0263 0263 0263 0727 0263 0263 0263 0727 0263 0727 0263 0263 0263 0727 0263 0263 0263 0727 0263 0263 0263 0727 0263 0263 0263 0727 0263 0727 0263 0727 0263 0263 0263 0263 0263 0263 0263 0263 0263 0263 0263 0263 0263 0263 0263 0263 0263 0727 0263 0727 0263 0727 0263 0727 0263 0727 0263 7276
8	0000 0004 0001 0022 2627 1314 2627 1314 0263 0263 0263 0727 0263 0263 0263 0727 0263 0263 0263 0727 0263 0263 0263 0727 0263 0727 0263 0263 0263 0727 0263 0263 0263 0727 0263 0263 0263 0727 0263 0263 0263 0263 0263 0263 0263 0263 0263 0727 0263 0263 0263 0263 0263 0263 0263 0263 0263 0727 0263 0727 0263 0727 0263 0263 0263 0727 0263 0727 0263 0727 0263 0727 0263 7276
9	0000 0004 0001 0022 2627 1314 2627 1314 0263 0263 0263 0727 0263 0263 0263 0727 0263 0263 0263 0727 0263 0263 0263 0727 0263 0727 0263 0263 0263 0727 0263 0263 0263 0727 0263 0263 0263 0727 0263 0263 0263 0727 0263 0263 0263 0263 0263 0727 0263 0263 0263 0263 0263 0263 0263 0263 0263 0263 0263 0727 0263 0727 0263 0263 0263 0727 0263 0727 0263 0727 0263 0727 0263 7276
0	0000 0004 0001 0022 2627 1314 2627 1314 0263 0263 0263 0727 0263 0263 0263 0727 0263 0263 0263 0727 0263 0263 0263 0727 0263 0727 0263 0263 0263 0727 0263 0263 0263 0727 0263 0263 0263 0727 0263 0263 0263 0263 0263 0263 0263 0263 0263 0263 0263 0263 0263 0263 0263 0263 0263 0263 0263 0727 0263 0727 0263 0727 0263 0727 0263 0727 0263 0727 0263 0727 0263 0727 0263 7276
Return	0000 0004 0001 0022 2627 1314 2627 1314 0263 0263 0263 0727 0263 0263 0263 0727 0263 0263 0263 0727 0263 0263 0263 0727 0263 0727 0263 0263 0263 0727 0263 0263 0263 0727 0263 0263 0263 0727 0263 0263 0263 0263 0263 0263 0263 0727 0263 0727 0263 0727 0263 0263 0263 0727 0263 0263 0263 0727 0263 0727 0263 0263 0263 0263 0263 0263 0263 0727 0263 0263 0263 0727 0263 7276
Scre Mode	0000 0004 0001 0044 2627 1314 2627 1314 0263 0263 0263 0727 0263 0263 0263 0727 0263 0263 0263 0727 0263 0263 0263 0727 0263 0727 0263 0263 0263 0727 0263 0263 0263 0727 0263 0263 0263 0727 0263 0263 0263 0727 0263 0727 0263 0263 0263 0263 0263 0727 0263 0263 0263 0727 0263 0727 0263 0263 0263 0263 0263 0727 0263 0727 0263 0263 0263 0727 0263 0263 0263 0263 0263 7276 2627 1314 0263 0727 0263 0727 0263 0727 0263 0727 0263 0263 0263 0727 0263 0263 0263 0727 0263 0263 0263 0263 0263 0263 0263 0263 0263 0727 0263 0263 0263 0727 0263 0263 0263 0263 0263 0263 0263 0727 0263 0727 0263 0727 0263 0727 0263 0263 0263 0263 0263 0727 0263 0727 0263 0263 0263 0263 0263 0263 0263 0263 0263 0727 0263 0727 0263 7276
A Off	0000 0004 0000 002d 24d6 126b 24d6 126b 024d 024d 024d 06e8 024d 024d 024d 06e8 024d 024d 024d 06e8 024d 024d 024d 06e8 024d 06e8 024d 024d 024d 06e8 024d 024d 024d 06e8 024d 024d 024d 06e8 024d 024d 024d 06e8 024d 06e8 024d 024d 024d 024d 024d 06e8 024d 024d 024d 06e8 024d 06e8 024d 024d 024d 024d 024d 06e8 024d 06e8 024d 024d 024d 06e8 024d 024d 024d 024d 024d 6e83 24d6 126b 024d 06e8 024d 06e8 024d 06e8 024d 06e8 024d 024d 024d 06e8 024d 024d 024d 06e8 00e5 0001
