Scre Size	0000 0067 0000 0044 0155 00aa 0016 0016 0016 003f 0016 0016 0016 003f 0016 0016 0016 003f 0016 0016 0016 003f 0016 003f 0016 0016 0016 003f 0016 0016 0016 003f 0016 0016 0016 003f 0016 0016 0016 003f 0016 003f 0016 0016 0016 0016 0016 003f 0016 0016 0016 003f 0016 003f 0016 0016 0016 0016 0016 003f 0016 003f 0016 0016 0016 003f 0016 0016 0016 0016 0016 03fe 0155 00aa 0016 003f 0016 003f 0016 003f 0016 003f 0016 0016 0016 003f 0016 0016 0016 003f 0016 0016 0016 0016 0016 0016 0016 0016 0016 003f 0016 0016 0016 003f 0016 0016 0016 0016 0016 0016 0016 003f 0016 003f 0016 003f 0016 003f 0016 0016 0016 0016 0016 003f 0016 003f 0016 0016 0016 0016 0016 0016 0016 0016 0016 003f 0016 003f 0016 03fe
AU Setup	0000 0067 0000 0044 0155 00aa 0016 0016 0016 003f 0016 0016 0016 003f 0016 0016 0016 003f 0016 0016 0016 003f 0016 003f 0016 0016 0016 003f 0016 0016 0016 003f 0016 0016 0016 003f 0016 0016 0016 003f 0016 003f 0016 0016 0016 0016 0016 003f 0016 0016 0016 003f 0016 003f 0016 0016 0016 0016 0016 003f 0016 003f 0016 0016 0016 003f 0016 0016 0016 0016 0016 03fe 0155 00aa 0016 003f 0016 003f 0016 003f 0016 003f 0016 0016 0016 003f 0016 0016 0016 003f 0016 0016 0016 0016 0016 0016 0016 0016 0016 003f 0016 0016 0016 003f 0016 0016 0016 003f 0016 003f 0016 0016 0016 0016 0016 0016 0016 003f 0016 0016 0016 0016 0016 0016 0016 0016 0016 003f 0016 003f 0016 003f 0016 0016 0016 003f 0016 003f 0016 03fe
Power	0000 0067 0000 0022 0155 00aa 0016 0016 0016 003f 0016 0016 0016 003f 0016 0016 0016 003f 0016 0016 0016 003f 0016 003f 0016 0016 0016 003f 0016 0016 0016 003f 0016 0016 0016 003f 0016 0016 0016 0016 0016 0016 0016 003f 0016 003f 0016 003f 0016 0016 0016 0016 0016 0016 0016 003f 0016 003f 0016 0016 0016 0016 0016 0016 0016 003f 0016 003f 0016 003f 0016 03fe
Rgb1	0000 0067 0000 0022 0155 00aa 0016 0016 0016 003f 0016 0016 0016 003f 0016 0016 0016 003f 0016 0016 0016 003f 0016 003f 0016 0016 0016 003f 0016 0016 0016 003f 0016 0016 0016 003f 0016 0016 0016 003f 0016 003f 0016 003f 0016 003f 0016 0016 0016 0016 0016 0016 0016 0016 0016 0016 0016 0016 0016 0016 0016 0016 0016 003f 0016 003f 0016 003f 0016 003f 0016 03fe
Rgb2	0000 0067 0000 0022 0155 00aa 0016 0016 0016 003f 0016 0016 0016 003f 0016 0016 0016 003f 0016 0016 0016 003f 0016 003f 0016 0016 0016 003f 0016 0016 0016 003f 0016 0016 0016 003f 0016 0016 0016 0016 0016 003f 0016 003f 0016 003f 0016 0016 0016 0016 0016 0016 0016 0016 0016 003f 0016 0016 0016 0016 0016 0016 0016 003f 0016 003f 0016 003f 0016 003f 0016 03fe
Svideo1	0000 0067 0000 0022 0155 00aa 0016 0016 0016 003f 0016 0016 0016 003f 0016 0016 0016 003f 0016 0016 0016 003f 0016 003f 0016 0016 0016 003f 0016 0016 0016 003f 0016 0016 0016 003f 0016 0016 0016 0016 0016 003f 0016 003f 0016 0016 0016 003f 0016 0016 0016 003f 0016 0016 0016 003f 0016 0016 0016 0016 0016 003f 0016 0016 0016 003f 0016 0016 0016 003f 0016 03fe
Video1	0000 0067 0000 0022 0155 00aa 0016 0016 0016 003f 0016 0016 0016 003f 0016 0016 0016 003f 0016 0016 0016 003f 0016 003f 0016 0016 0016 003f 0016 0016 0016 003f 0016 0016 0016 003f 0016 0016 0016 0016 0016 003f 0016 003f 0016 003f 0016 003f 0016 0016 0016 003f 0016 003f 0016 003f 0016 0016 0016 0016 0016 0016 0016 0016 0016 003f 0016 0016 0016 0016 0016 03fe
Display	0000 0067 0000 0022 0155 00aa 0016 0016 0016 003f 0016 0016 0016 003f 0016 0016 0016 003f 0016 0016 0016 003f 0016 003f 0016 0016 0016 003f 0016 0016 0016 003f 0016 0016 0016 003f 0016 0016 0016 0016 0016 003f 0016 0016 0016 003f 0016 0016 0016 0016 0016 003f 0016 0016 0016 003f 0016 0016 0016 003f 0016 0016 0016 003f 0016 003f 0016 0016 0016 003f 0016 03fe
Menu	0000 0067 0000 0022 0155 00aa 0016 0016 0016 003f 0016 0016 0016 003f 0016 0016 0016 003f 0016 0016 0016 003f 0016 003f 0016 0016 0016 003f 0016 0016 0016 003f 0016 0016 0016 003f 0016 0016 0016 003f 0016 003f 0016 0016 0016 003f 0016 0016 0016 0016 0016 0016 0016 003f 0016 0016 0016 0016 0016 003f 0016 0016 0016 003f 0016 003f 0016 003f 0016 0016 0016 03fe
Poi Zoom	0000 0067 0000 0044 0155 00aa 0016 0016 0016 003f 0016 0016 0016 003f 0016 0016 0016 003f 0016 0016 0016 003f 0016 003f 0016 0016 0016 003f 0016 0016 0016 003f 0016 0016 0016 003f 0016 0016 0016 003f 0016 003f 0016 0016 0016 0016 0016 003f 0016 0016 0016 003f 0016 003f 0016 0016 0016 0016 0016 003f 0016 003f 0016 0016 0016 003f 0016 0016 0016 0016 0016 03fe 0155 00aa 0016 003f 0016 003f 0016 003f 0016 003f 0016 0016 0016 003f 0016 0016 0016 003f 0016 0016 0016 0016 0016 0016 0016 0016 0016 003f 0016 0016 0016 003f 0016 0016 0016 0016 0016 003f 0016 0016 0016 0016 0016 0016 0016 003f 0016 0016 0016 0016 0016 003f 0016 0016 0016 003f 0016 003f 0016 003f 0016 0016 0016 003f 0016 003f 0016 03fe
Up	0000 0067 0000 0022 0155 00aa 0016 0016 0016 003f 0016 0016 0016 003f 0016 0016 0016 003f 0016 0016 0016 003f 0016 003f 0016 0016 0016 003f 0016 0016 0016 003f 0016 0016 0016 003f 0016 0016 0016 0016 0016 003f 0016 003f 0016 0016 0016 003f 0016 0016 0016 0016 0016 003f 0016 003f 0016 0016 0016 0016 0016 003f 0016 0016 0016 003f 0016 003f 0016 0016 0016 03fe
Left	0000 0067 0000 0022 0155 00aa 0016 0016 0016 0040 0016 0016 0016 0040 0016 0016 0016 0040 0016 0016 0016 0040 0016 0040 0016 0016 0016 0040 0016 0016 0016 0040 0016 0016 0016 0040 0016 0016 0016 0040 0016 0016 0016 0040 0016 0016 0016 0040 0016 0016 0016 0016 0016 0040 0016 0016 0016 0040 0016 0016 0016 0040 0016 0016 0016 0040 0016 0040 0016 0016 0016 03fe
Set	0000 0067 0000 0022 0155 00aa 0016 0016 0016 003f 0016 0016 0016 003f 0016 0016 0016 003f 0016 0016 0016 003f 0016 003f 0016 0016 0016 003f 0016 0016 0016 003f 0016 0016 0016 003f 0016 0016 0016 0016 0016 003f 0016 0016 0016 003f 0016 0016 0016 0016 0016 0016 0016 003f 0016 003f 0016 0016 0016 003f 0016 0016 0016 003f 0016 003f 0016 003f 0016 0016 0016 03fe
Right	0000 0067 0000 0022 0155 00aa 0016 0016 0016 003f 0016 0016 0016 003f 0016 0016 0016 003f 0016 0016 0016 003f 0016 003f 0016 0016 0016 003f 0016 0016 0016 003f 0016 0016 0016 003f 0016 0016 0016 0016 0016 0016 0016 003f 0016 0016 0016 003f 0016 0016 0016 0016 0016 003f 0016 003f 0016 003f 0016 0016 0016 003f 0016 0016 0016 003f 0016 003f 0016 0016 0016 03fe
Down	0000 0067 0000 0022 0155 00aa 0016 0016 0016 003f 0016 0016 0016 003f 0016 0016 0016 003f 0016 0016 0016 003f 0016 003f 0016 0016 0016 003f 0016 0016 0016 003f 0016 0016 0016 003f 0016 0016 0016 003f 0016 003f 0016 003f 0016 0016 0016 003f 0016 0016 0016 0016 0016 003f 0016 0016 0016 0016 0016 0016 0016 003f 0016 0016 0016 003f 0016 003f 0016 0016 0016 03fe
Mute	0000 0067 0000 0022 0155 00aa 0016 0016 0016 003f 0016 0016 0016 003f 0016 0016 0016 003f 0016 0016 0016 003f 0016 003f 0016 0016 0016 003f 0016 0016 0016 003f 0016 0016 0016 003f 0016 0016 0016 003f 0016 0016 0016 0016 0016 003f 0016 0016 0016 0016 0016 003f 0016 0016 0016 0016 0016 003f 0016 003f 0016 0016 0016 003f 0016 003f 0016 0016 0016 003f 0016 03fe
Vol-	0000 0067 0000 0022 0155 00aa 0016 0016 0016 003f 0016 0016 0016 003f 0016 0016 0016 003f 0016 0016 0016 003f 0016 003f 0016 0016 0016 003f 0016 0016 0016 003f 0016 0016 0016 003f 0016 0016 0016 003f 0016 003f 0016 0016 0016 003f 0016 0016 0016 0016 0016 0016 0016 0016 0016 0016 0016 0016 0016 003f 0016 0016 0016 003f 0016 003f 0016 003f 0016 003f 0016 03fe
Vol+	0000 0067 0000 0022 0155 00aa 0016 0016 0016 003f 0016 0016 0016 003f 0016 0016 0016 003f 0016 0016 0016 003f 0016 003f 0016 0016 0016 003f 0016 0016 0016 003f 0016 0016 0016 003f 0016 0016 0016 0016 0016 003f 0016 0016 0016 003f 0016 0016 0016 0016 0016 0016 0016 0016 0016 003f 0016 0016 0016 003f 0016 0016 0016 003f 0016 003f 0016 003f 0016 003f 0016 03fe
