Power	0000 006d 0001 0022 0319 018c 0319 018c 0032 0031 0032 0095 0032 0031 0032 0095 0032 0031 0032 0095 0032 0031 0032 0095 0032 0095 0032 0032 0032 0095 0032 0032 0032 0095 0032 0031 0032 0095 0032 0031 0032 0032 0032 0031 0032 0095 0032 0095 0032 0095 0032 0031 0032 0032 0032 0031 0032 0095 0032 0095 0032 0032 0032 0031 0032 0032 0032 0095 0032 0095 0032 0095 0032 0949
Guide	0000 006d 0001 0044 0319 018c 0319 018c 0032 0032 0032 0095 0032 0032 0032 0095 0032 0032 0032 0095 0032 0032 0032 0095 0032 0095 0032 0031 0032 0095 0032 0031 0032 0095 0032 0031 0032 0095 0032 0031 0032 0032 0032 0095 0032 0095 0032 0095 0032 0032 0032 0095 0032 0095 0032 0095 0032 0095 0032 0032 0032 0032 0032 0032 0032 0095 0032 0032 0032 0031 0032 0032 0032 094a 0319 018c 0032 0095 0032 0095 0032 0095 0032 0095 0032 0032 0032 0095 0032 0032 0031 0095 0032 0031 0032 0032 0032 0031 0032 0032 0032 0095 0032 0032 0032 0095 0032 0032 0032 0095 0032 0032 0032 0095 0032 0095 0032 0031 0032 0095 0032 0031 0032 0032 0032 0031 0032 0095 0032 0031 0032 0032 0032 0095 0032 0032 0032 0095 0032 0095 0032 094a
1	0000 006d 0001 0022 0319 018c 0319 018c 0032 0032 0032 0095 0032 0032 0032 0095 0032 0032 0032 0095 0032 0032 0032 0095 0032 0095 0032 0031 0032 0095 0032 0031 0032 0095 0032 0031 0032 0095 0032 0031 0032 0095 0032 0031 0032 0032 0032 0031 0032 0032 0032 0031 0032 0032 0032 0031 0032 0032 0032 0095 0032 0095 0032 0095 0032 0095 0032 0095 0032 0095 0032 0095 0032 0949
2	0000 006d 0001 0022 0319 018c 0319 018c 0032 0032 0032 0095 0032 0032 0032 0095 0032 0032 0032 0095 0032 0032 0032 0095 0032 0095 0032 0031 0032 0095 0032 0031 0032 0095 0032 0031 0032 0095 0032 0031 0032 0032 0032 0095 0032 0032 0032 0031 0032 0032 0032 0031 0032 0032 0032 0031 0032 0095 0032 0031 0032 0095 0032 0095 0032 0095 0032 0095 0032 0095 0032 0095 0032 0949
3	0000 006d 0001 0022 0319 018c 0319 018c 0032 0032 0032 0095 0032 0032 0032 0095 0032 0032 0032 0095 0032 0032 0032 0095 0032 0095 0032 0031 0032 0095 0032 0031 0032 0095 0032 0031 0032 0095 0032 0031 0032 0095 0032 0095 0032 0032 0032 0032 0032 0031 0032 0032 0032 0031 0032 0032 0032 0031 0032 0032 0032 0095 0032 0095 0032 0095 0032 0095 0032 0095 0032 0095 0032 0949
4	0000 006d 0001 0022 0319 018c 0319 018c 0032 0032 0032 0095 0032 0032 0032 0095 0032 0032 0032 0095 0032 0032 0032 0095 0032 0095 0032 0031 0032 0095 0032 0031 0032 0095 0032 0031 0032 0095 0032 0031 0032 0032 0032 0031 0032 0095 0032 0031 0032 0032 0032 0031 0032 0032 0032 0031 0032 0095 0032 0095 0032 0032 0032 0095 0032 0095 0032 0095 0032 0095 0032 0095 0032 0949
5	0000 006d 0001 0022 0319 018c 0319 018c 0032 0032 0032 0095 0032 0032 0032 0095 0032 0032 0032 0095 0032 0032 0032 0095 0032 0095 0032 0031 0032 0095 0032 0031 0032 0095 0032 0031 0032 0095 0032 0031 0032 0095 0032 0031 0032 0095 0032 0031 0032 0032 0032 0031 0032 0032 0032 0031 0032 0032 0032 0095 0032 0032 0032 0095 0032 0095 0032 0095 0032 0095 0032 0095 0032 0949
6	0000 006d 0001 0022 0319 018c 0319 018c 0032 0032 0032 0095 0032 0032 0032 0095 0032 0032 0032 0095 0032 0032 0032 0095 0032 0095 0032 0031 0032 0095 0032 0031 0032 0095 0032 0031 0032 0095 0032 0031 0032 0032 0032 0095 0032 0095 0032 0031 0032 0032 0032 0031 0032 0032 0032 0031 0032 0095 0032 0031 0032 0032 0032 0095 0032 0095 0032 0095 0032 0095 0032 0095 0032 0949
7	0000 006d 0001 0022 0319 018c 0319 018c 0032 0032 0032 0095 0032 0032 0032 0095 0032 0032 0032 0095 0032 0032 0032 0095 0032 0095 0032 0031 0032 0095 0032 0031 0032 0095 0032 0031 0032 0095 0032 0031 0032 0095 0032 0095 0032 0095 0032 0032 0032 0032 0032 0032 0032 0031 0032 0032 0032 0031 0032 0032 0032 0031 0032 0095 0032 0095 0032 0095 0032 0095 0032 0095 0032 0949
8	0000 006d 0001 0022 0319 018c 0319 018c 0032 0031 0032 0095 0032 0031 0032 0095 0032 0031 0032 0095 0032 0031 0032 0095 0032 0095 0032 0032 0032 0095 0032 0031 0032 0095 0032 0031 0032 0095 0032 0031 0032 0032 0032 0031 0032 0032 0032 0095 0032 0032 0032 0031 0032 0032 0032 0031 0032 0095 0032 0095 0032 0095 0032 0031 0032 0095 0032 0095 0032 0095 0032 0095 0032 0949
9	0000 006d 0001 0022 0319 018c 0319 018c 0032 0032 0032 0095 0032 0032 0032 0095 0032 0032 0032 0095 0032 0032 0032 0095 0032 0095 0032 0031 0032 0095 0032 0031 0032 0095 0032 0031 0032 0095 0032 0031 0032 0095 0032 0031 0032 0032 0032 0095 0032 0032 0032 0031 0032 0032 0032 0031 0032 0032 0032 0095 0032 0095 0032 0031 0032 0095 0032 0095 0032 0095 0032 0095 0032 0949
0	0000 006d 0001 0022 0319 018c 0319 018c 0032 0032 0032 0095 0032 0032 0032 0095 0032 0032 0032 0095 0032 0032 0032 0095 0032 0095 0032 0031 0032 0095 0032 0031 0032 0095 0032 0031 0032 0095 0032 0031 0032 0032 0032 0031 0032 0032 0032 0031 0032 0032 0032 0031 0032 0032 0032 0031 0032 0095 0032 0095 0032 0095 0032 0095 0032 0095 0032 0095 0032 0095 0032 0095 0032 0949
Last	0000 006d 0001 0022 0319 018c 0319 018c 0032 0032 0032 0095 0032 0032 0032 0095 0032 0032 0032 0095 0032 0032 0032 0095 0032 0095 0032 0031 0032 0095 0032 0031 0032 0095 0032 0031 0032 0095 0032 0031 0032 0032 0032 0031 0032 0095 0032 0095 0032 0095 0032 0031 0032 0095 0032 0031 0032 0095 0032 0095 0032 0032 0032 0031 0032 0032 0032 0095 0032 0032 0032 0095 0032 094a
Enter	0000 006d 0001 0022 0319 018c 0319 018c 0032 0032 0031 0095 0032 0031 0032 0095 0031 0032 0031 0095 0032 0031 0032 0095 0032 0095 0031 0032 0032 0095 0032 0032 0032 0095 0031 0032 0032 0095 0032 0032 0032 0031 0032 0095 0032 0032 0031 0095 0032 0031 0032 0032 0032 0031 0032 0095 0032 0095 0032 0032 0032 0095 0032 0032 0032 0095 0032 0095 0032 0095 0031 0032 0032 0949
Menu	0000 006d 0001 0022 0319 018c 0319 018c 0032 0032 0031 0095 0032 0032 0031 0095 0032 0032 0032 0095 0032 0032 0032 0095 0032 0095 0032 0031 0032 0095 0031 0032 0031 0095 0032 0031 0032 0095 0031 0032 0031 0095 0032 0095 0032 0032 0032 0095 0031 0032 0032 0031 0032 0032 0032 0095 0032 0032 0032 0031 0032 0095 0032 0031 0032 0095 0031 0095 0032 0095 0032 0031 0032 094a
Up	0000 006d 0001 0022 0319 018c 0319 018c 0032 0032 0032 0095 0032 0032 0032 0095 0032 0032 0032 0095 0032 0032 0032 0095 0032 0095 0032 0031 0032 0095 0032 0031 0032 0095 0031 0032 0031 0095 0032 0031 0032 0032 0032 0095 0032 0095 0032 0031 0032 0095 0032 0031 0032 0032 0031 0095 0032 0095 0032 0031 0032 0032 0032 0095 0032 0032 0032 0095 0032 0095 0032 0031 0031 094a
Down	0000 006d 0001 0022 0319 018c 0318 018c 0032 0031 0032 0095 0032 0031 0032 0095 0032 0031 0032 0095 0032 0031 0032 0095 0032 0095 0032 0032 0032 0095 0032 0032 0032 0095 0032 0032 0032 0095 0032 0032 0032 0095 0032 0095 0032 0095 0032 0032 0032 0095 0032 0032 0032 0031 0032 0095 0032 0031 0032 0032 0032 0031 0032 0095 0032 0031 0032 0095 0032 0095 0032 0032 0032 0949
Left	0000 006d 0001 0022 0319 018c 0318 018c 0032 0032 0032 0095 0032 0032 0032 0095 0032 0032 0032 0095 0032 0032 0032 0095 0032 0095 0032 0031 0032 0095 0031 0031 0032 0095 0032 0031 0032 0095 0032 0031 0032 0095 0032 0031 0032 0095 0032 0031 0032 0095 0032 0031 0032 0032 0032 0095 0032 0032 0032 0095 0032 0032 0032 0095 0032 0032 0032 0095 0032 0095 0032 0031 0032 094a
Right	0000 006d 0001 0022 0319 018c 0319 018c 0032 0032 0032 0095 0032 0032 0032 0095 0032 0032 0032 0095 0032 0032 0032 0095 0032 0095 0032 0031 0032 0095 0032 0031 0032 0095 0032 0031 0032 0095 0032 0031 0032 0032 0032 0031 0032 0095 0032 0031 0032 0095 0032 0031 0032 0032 0032 0095 0032 0095 0032 0095 0032 0032 0032 0095 0032 0032 0032 0095 0032 0095 0032 0031 0032 094a
Ch+	0000 006d 0001 0022 0319 018c 0319 018c 0032 0032 0032 0095 0032 0032 0032 0095 0032 0032 0032 0095 0032 0032 0032 0095 0032 0095 0032 0031 0032 0095 0032 0031 0032 0095 0032 0031 0032 0095 0032 0031 0032 0032 0032 0031 0032 0032 0032 0031 0032 0095 0032 0031 0032 0032 0032 0031 0032 0095 0032 0095 0032 0095 0032 0095 0032 0032 0032 0095 0032 0095 0032 0095 0032 0949
Ch-	0000 006d 0001 0022 0319 018c 0319 018c 0032 0032 0032 0095 0032 0032 0032 0095 0032 0032 0032 0095 0032 0032 0032 0095 0032 0095 0032 0031 0032 0095 0032 0031 0032 0095 0032 0031 0032 0095 0032 0031 0032 0095 0032 0031 0032 0032 0032 0031 0032 0095 0032 0031 0032 0032 0032 0031 0032 0032 0032 0095 0032 0095 0032 0095 0032 0032 0032 0095 0032 0095 0032 0095 0032 0949
Input Cycle	0000 006d 0001 0022 0319 018c 0319 018c 0032 0031 0032 0095 0032 0031 0032 0095 0032 0031 0032 0095 0032 0031 0032 0095 0032 0095 0032 0032 0032 0095 0032 0032 0032 0095 0032 0032 0032 0095 0032 0032 0032 0095 0032 0032 0032 0095 0032 0032 0032 0032 0032 0032 0032 0095 0032 0032 0032 0031 0032 0095 0032 0031 0032 0095 0032 0095 0032 0095 0032 0031 0032 0095 0032 0949
Vol+	0000 006d 0001 0022 0319 018c 0319 018c 0032 0032 0032 0095 0032 0032 0032 0095 0032 0032 0032 0095 0032 0032 0032 0095 0032 0095 0032 0031 0032 0095 0032 0031 0032 0095 0032 0031 0032 0095 0032 0031 0032 0032 0032 0095 0032 0032 0032 0095 0032 0032 0032 0031 0032 0032 0032 0031 0032 0095 0032 0031 0032 0095 0032 0031 0032 0095 0032 0095 0032 0095 0032 0095 0032 0949
Vol-	0000 006d 0001 0022 0319 018c 0319 018c 0032 0032 0032 0095 0032 0032 0032 0095 0032 0032 0032 0095 0032 0032 0032 0095 0032 0095 0032 0031 0032 0095 0032 0031 0032 0095 0032 0031 0032 0095 0032 0031 0032 0095 0032 0095 0032 0032 0032 0095 0032 0032 0032 0032 0032 0032 0032 0031 0032 0032 0032 0031 0032 0095 0032 0031 0032 0095 0032 0095 0032 0095 0032 0095 0032 0949
PIP	0000 006d 0001 0022 0319 018c 0319 018c 0032 0031 0032 0095 0032 0031 0032 0095 0032 0031 0032 0095 0032 0031 0032 0095 0032 0095 0032 0032 0032 0095 0032 0032 0032 0095 0032 0032 0032 0095 0032 0032 0032 0031 0032 0032 0032 0095 0032 0032 0032 0095 0032 0032 0032 0031 0032 0032 0032 0095 0032 0095 0032 0031 0032 0095 0032 0031 0032 0095 0032 0095 0032 0095 0032 094a
PIP+	0000 006d 0001 0044 0319 018c 0319 018c 0032 0032 0032 0095 0032 0032 0031 0095 0032 0032 0032 0095 0032 0032 0032 0095 0032 0095 0032 0031 0031 0095 0032 0031 0032 0095 0032 0031 0032 0095 0032 0031 0032 0095 0032 0095 0032 0032 0032 0032 0032 0095 0032 0032 0032 0095 0032 0095 0032 0031 0032 0032 0032 0095 0032 0095 0032 0031 0032 0095 0031 0032 0031 0032 0032 094a 0319 018c 0032 0095 0032 0095 0031 0095 0032 0095 0032 0032 0032 0095 0032 0032 0032 0095 0031 0032 0031 0032 0032 0031 0032 0032 0032 0095 0032 0032 0032 0095 0032 0032 0032 0031 0031 0032 0032 0031 0032 0032 0032 0095 0032 0095 0032 0031 0032 0032 0032 0095 0032 0095 0032 0095 0032 0095 0032 0031 0032 0032 0032 0095 0032 0095 0032 094a
PIP-	0000 006d 0001 0044 0319 018c 0319 018c 0032 0032 0032 0095 0032 0032 0032 0095 0032 0032 0032 0095 0032 0032 0032 0095 0032 0095 0032 0031 0032 0095 0032 0031 0032 0095 0032 0031 0032 0095 0032 0031 0032 0095 0032 0095 0032 0032 0032 0032 0032 0095 0032 0032 0032 0095 0032 0095 0032 0032 0032 0032 0032 0095 0032 0095 0032 0031 0032 0095 0032 0031 0032 0032 0032 094a 0319 018c 0032 0095 0032 0095 0032 0095 0032 0095 0032 0031 0032 0095 0032 0031 0032 0095 0032 0031 0032 0032 0032 0031 0032 0032 0032 0095 0032 0032 0032 0095 0032 0032 0032 0095 0031 0032 0032 0031 0032 0032 0032 0095 0032 0095 0032 0031 0032 0032 0032 0031 0032 0095 0032 0095 0032 0095 0032 0031 0032 0032 0032 0095 0032 0095 0032 094a
Sat Menu	0000 006d 0001 0044 0319 018c 0319 018c 0032 0031 0032 0095 0032 0031 0032 0095 0032 0031 0032 0095 0032 0031 0032 0095 0032 0095 0032 0032 0032 0095 0032 0032 0032 0095 0032 0032 0032 0095 0032 0032 0032 0031 0032 0095 0032 0095 0032 0095 0032 0031 0032 0095 0032 0095 0032 0095 0032 0095 0032 0032 0032 0032 0032 0032 0032 0095 0032 0031 0032 0032 0032 0031 0032 094a 0319 018c 0032 0095 0032 0095 0032 0095 0032 0095 0032 0032 0032 0095 0032 0032 0032 0095 0032 0032 0032 0031 0032 0032 0032 0031 0032 0095 0031 0032 0032 0095 0032 0031 0032 0032 0032 0031 0032 0032 0032 0031 0032 0095 0032 0095 0032 0032 0032 0031 0032 0095 0032 0095 0032 0095 0032 0095 0032 0032 0032 0031 0032 0095 0032 0095 0032 094a
Display	0000 006d 0001 0044 0319 018c 0319 018c 0032 0031 0032 0095 0032 0031 0032 0095 0032 0031 0032 0095 0032 0031 0032 0095 0032 0095 0032 0032 0032 0095 0032 0032 0032 0095 0032 0032 0032 0095 0032 0032 0032 0095 0032 0095 0032 0031 0032 0032 0032 0095 0032 0032 0032 0095 0032 0095 0032 0031 0032 0032 0032 0095 0032 0095 0032 0031 0032 0095 0032 0031 0032 0032 0032 094a 0319 018c 0032 0095 0032 0095 0032 0095 0032 0095 0032 0031 0032 0095 0032 0031 0032 0095 0032 0032 0031 0032 0032 0031 0032 0032 0032 0095 0032 0032 0032 0095 0032 0032 0032 0031 0032 0032 0032 0095 0032 0095 0032 0095 0032 0095 0032 0031 0032 0032 0032 0095 0032 0095 0032 0031 0032 0032 0032 0031 0032 0032 0032 0095 0032 0095 0032 094a
All Off	0000 006d 0001 0044 0319 018c 0319 018c 0032 0032 0032 0095 0032 0032 0032 0095 0032 0032 0032 0095 0032 0032 0032 0095 0032 0095 0032 0031 0032 0095 0032 0031 0032 0095 0032 0031 0032 0095 0032 0031 0032 0095 0032 0095 0032 0032 0032 0032 0031 0095 0032 0032 0032 0095 0032 0095 0032 0031 0032 0032 0032 0095 0032 0095 0032 0031 0032 0095 0032 0031 0032 0032 0032 094a 0319 018c 0032 0095 0032 0095 0032 0095 0032 0095 0032 0031 0032 0095 0032 0031 0032 0095 0032 0031 0032 0032 0032 0031 0032 0032 0032 0095 0032 0032 0032 0095 0032 0032 0032 0095 0032 0032 0032 0095 0032 0032 0032 0031 0032 0095 0032 0095 0032 0032 0032 0031 0032 0095 0032 0031 0032 0095 0032 0095 0032 0032 0032 0031 0032 0095 0032 094a
