Power	0000 0067 0000 0022 0157 00aa 0016 003f 0016 0014 0016 003f 0016 0014 0016 0014 0016 003f 0016 0014 0016 0040 0016 0014 0016 003f 0016 0014 0016 003f 0016 003f 0016 0014 0016 003f 0016 0015 0016 0014 0016 0014 0016 003f 0016 003f 0016 003f 0016 0014 0016 0014 0016 0015 0016 003f 0016 003f 0016 0014 0016 0014 0016 0014 0016 003f 0016 003f 0016 0040 0016 0416
Mute	0000 0067 0000 0022 0157 00aa 0016 003f 0016 0014 0016 003f 0016 0014 0016 0014 0016 003f 0016 0014 0016 0040 0016 0014 0016 003f 0016 0014 0016 003f 0016 003f 0016 0014 0016 003f 0016 0015 0016 0014 0016 003f 0016 0014 0016 0014 0016 003f 0016 0014 0016 0014 0016 0015 0016 003f 0016 0014 0016 003f 0016 003f 0016 0014 0016 003f 0016 003f 0016 0040 0016 0416
Tuner	0000 0067 0000 0022 0157 00aa 0016 003f 0016 0014 0016 003f 0016 0014 0016 0014 0016 003f 0016 0014 0016 0040 0016 0014 0016 003f 0016 0014 0016 003f 0016 003f 0016 0014 0016 003f 0016 0015 0016 003f 0016 003f 0016 003f 0016 0014 0016 0014 0016 0014 0016 003f 0016 0015 0016 0014 0016 0014 0016 0014 0016 003f 0016 003f 0016 003f 0016 0014 0016 0040 0016 0416
CD	0000 0067 0000 0022 0157 00aa 0016 003f 0016 0014 0016 003f 0016 0014 0016 0014 0016 003f 0016 0014 0016 0040 0016 0014 0016 003f 0016 0014 0016 003f 0016 003f 0016 0014 0016 003f 0016 0015 0016 0014 0016 0014 0016 003f 0016 003f 0016 0014 0016 0014 0016 003f 0016 0015 0016 003f 0016 003f 0016 0014 0016 0014 0016 003f 0016 003f 0016 0014 0016 0040 0016 0416
Tape1	0000 0067 0000 0022 0156 00aa 0015 003f 0015 0015 0015 003f 0015 0015 0015 0015 0015 003f 0015 0015 0015 003f 0015 0015 0015 003f 0015 0015 0015 003f 0015 003f 0015 0015 0015 003f 0015 0015 0015 0015 0015 003f 0015 003f 0015 003f 0015 0015 0015 0015 0015 003f 0015 0015 0015 003f 0015 0015 0015 0015 0015 0015 0015 003f 0015 003f 0015 0015 0015 003f 0015 03fb
VCR1	0000 0067 0000 0022 0156 00aa 0015 003f 0015 0015 0015 003f 0015 0015 0015 0015 0015 003f 0015 0015 0015 003f 0015 0015 0015 003f 0015 0015 0015 003f 0015 003f 0015 0015 0015 003f 0015 0015 0015 003f 0015 003f 0015 003f 0015 003f 0015 0015 0015 0015 0015 0015 0015 0015 0015 0015 0015 0015 0015 0015 0015 0015 0015 003f 0015 003f 0015 003f 0015 003f 0015 03fb
LD/Sat	0000 0067 0000 0022 0157 00aa 0016 003f 0016 0014 0016 003f 0016 0014 0016 0014 0016 003f 0016 0014 0016 0040 0016 0014 0016 003f 0016 0014 0016 003f 0016 003f 0016 0014 0016 003f 0016 0015 0016 003f 0016 0014 0016 003f 0016 003f 0016 0014 0016 0014 0016 0014 0016 0015 0016 0014 0016 003f 0016 0014 0016 0014 0016 003f 0016 003f 0016 003f 0016 0040 0016 0416
VCR2	0000 0067 0000 0022 0156 00aa 0015 003f 0015 0015 0015 003f 0015 0015 0015 0015 0015 003f 0015 0015 0015 003f 0015 0015 0015 003f 0015 0015 0015 003f 0015 003f 0015 0015 0015 003f 0015 0015 0015 0015 0015 003f 0015 003f 0015 003f 0015 0015 0015 0015 0015 0015 0015 0015 0015 003f 0015 0015 0015 0015 0015 0015 0015 003f 0015 003f 0015 003f 0015 003f 0015 03fb
Enter	0000 0067 0000 0022 0157 00aa 0016 003f 0016 0014 0016 003f 0016 0014 0016 0014 0016 003f 0016 0014 0016 0040 0016 0014 0016 003f 0016 0014 0016 003f 0016 003f 0016 0014 0016 003f 0016 0015 0016 0014 0016 0014 0016 003f 0016 0014 0016 0014 0016 0014 0016 0014 0016 0040 0016 003f 0016 003f 0016 0014 0016 003f 0016 003f 0016 003f 0016 003f 0016 0015 0016 0416
Arr Down	0000 0067 0000 0022 0157 00aa 0016 003f 0016 0014 0016 003f 0016 0014 0016 0014 0016 003f 0016 0014 0016 0040 0016 0014 0016 003f 0016 0014 0016 003f 0016 003f 0016 0014 0016 003f 0016 0015 0016 003f 0016 0014 0016 0014 0016 0014 0016 0014 0016 0014 0016 0014 0016 0040 0016 0014 0016 003f 0016 003f 0016 003f 0016 003f 0016 003f 0016 003f 0016 0015 0016 0416
Arr Up	0000 0067 0000 0022 0157 00aa 0016 003f 0016 0014 0016 003f 0016 0014 0016 0014 0016 003f 0016 0014 0016 0040 0016 0014 0016 003f 0016 0014 0016 003f 0016 003f 0016 0014 0016 003f 0016 0015 0016 0014 0016 0014 0016 0014 0016 0014 0016 0014 0016 0014 0016 0014 0016 0040 0016 003f 0016 003f 0016 003f 0016 003f 0016 003f 0016 003f 0016 003f 0016 0015 0016 0416
Arr Left	0000 0067 0000 0022 0157 00aa 0016 003f 0016 0014 0016 003f 0016 0014 0016 0014 0016 003f 0016 0014 0016 0040 0016 0014 0016 003f 0016 0014 0016 003f 0016 003f 0016 0014 0016 003f 0016 0015 0016 003f 0016 003f 0016 0014 0016 0014 0016 0014 0016 0014 0016 0014 0016 0040 0016 0014 0016 0014 0016 003f 0016 003f 0016 003f 0016 003f 0016 003f 0016 0015 0016 0416
Arr Right	0000 0067 0000 0022 0157 00aa 0016 003f 0016 0014 0016 003f 0016 0014 0016 0014 0016 003f 0016 0014 0016 0040 0016 0014 0016 003f 0016 0014 0016 003f 0016 003f 0016 0014 0016 003f 0016 0015 0016 0014 0016 003f 0016 0014 0016 0014 0016 0014 0016 0014 0016 0014 0016 0040 0016 003f 0016 0014 0016 003f 0016 003f 0016 003f 0016 003f 0016 003f 0016 0015 0016 0416
Vol+	0000 0067 0000 0022 0157 00aa 0016 003f 0016 0014 0016 003f 0016 0014 0016 0014 0016 003f 0016 0014 0016 0040 0016 0014 0016 003f 0016 0014 0016 003f 0016 003f 0016 0014 0016 003f 0016 0015 0016 0014 0016 003f 0016 0014 0016 003f 0016 0014 0016 0014 0016 0014 0016 0015 0016 003f 0016 0014 0016 003f 0016 0014 0016 003f 0016 003f 0016 003f 0016 0040 0016 0416
Vol-	0000 0067 0000 0022 0157 00aa 0016 003f 0016 0014 0016 003f 0016 0014 0016 0014 0016 003f 0016 0014 0016 0040 0016 0014 0016 003f 0016 0014 0016 003f 0016 003f 0016 0014 0016 003f 0016 0015 0016 003f 0016 003f 0016 0014 0016 003f 0016 0014 0016 0014 0016 0014 0016 0015 0016 0014 0016 0014 0016 003f 0016 0014 0016 003f 0016 003f 0016 003f 0016 0040 0016 0416
Band	0000 0067 0000 0022 0157 00aa 0016 0014 0016 0014 0016 003f 0016 0014 0016 0014 0016 003f 0016 0014 0016 0040 0016 003f 0016 003f 0016 0014 0016 003f 0016 003f 0016 0014 0016 003f 0016 0015 0016 003f 0016 003f 0016 0014 0016 0014 0016 003f 0016 0014 0016 0014 0016 0015 0016 0014 0016 0014 0016 003f 0016 003f 0016 0014 0016 003f 0016 003f 0016 0040 0016 0416
Cust Scan+	0000 0067 0000 0022 0157 00aa 0016 0014 0016 0014 0016 003f 0016 0014 0016 0014 0016 003f 0016 0014 0016 0040 0016 003f 0016 003f 0016 0014 0016 003f 0016 003f 0016 0014 0016 003f 0016 0015 0016 0014 0016 0014 0016 003f 0016 003f 0016 003f 0016 0014 0016 003f 0016 0015 0016 003f 0016 003f 0016 0014 0016 0014 0016 0014 0016 003f 0016 0014 0016 0040 0016 0416
Cust Scan-	0000 0067 0000 0022 0157 00aa 0016 0014 0016 0014 0016 003f 0016 0014 0016 0014 0016 003f 0016 0014 0016 0040 0016 003f 0016 003f 0016 0014 0016 003f 0016 003f 0016 0014 0016 003f 0016 0015 0016 003f 0016 0014 0016 003f 0016 003f 0016 0014 0016 0014 0016 003f 0016 0015 0016 0014 0016 003f 0016 0014 0016 0014 0016 003f 0016 003f 0016 0014 0016 0040 0016 0416
Tune+	0000 0067 0000 0022 0157 00aa 0016 0014 0016 0014 0016 003f 0016 0014 0016 0014 0016 003f 0016 0014 0016 0040 0016 003f 0016 003f 0016 0014 0016 003f 0016 003f 0016 0014 0016 003f 0016 0015 0016 0014 0016 003f 0016 003f 0016 0014 0016 003f 0016 0014 0016 003f 0016 0015 0016 003f 0016 0014 0016 0014 0016 003f 0016 0014 0016 003f 0016 0014 0016 0040 0016 0416
Tune-	0000 0067 0000 0022 0157 00aa 0016 0014 0016 0014 0016 003f 0016 0014 0016 0014 0016 003f 0016 0014 0016 0040 0016 003f 0016 003f 0016 0014 0016 003f 0016 003f 0016 0014 0016 003f 0016 0015 0016 003f 0016 003f 0016 003f 0016 0014 0016 003f 0016 0014 0016 003f 0016 0015 0016 0014 0016 0014 0016 0014 0016 003f 0016 0014 0016 003f 0016 0014 0016 0040 0016 0416
1	0000 0067 0000 0022 0157 00aa 0016 0014 0016 0014 0016 003f 0016 0014 0016 0014 0016 003f 0016 0014 0016 0040 0016 003f 0016 003f 0016 0014 0016 003f 0016 003f 0016 0014 0016 003f 0016 0015 0016 003f 0016 0014 0016 0014 0016 0014 0016 0014 0016 0014 0016 0014 0016 0015 0016 0014 0016 003f 0016 003f 0016 003f 0016 003f 0016 003f 0016 003f 0016 0040 0016 0416
2	0000 0067 0000 0022 0157 00aa 0016 0014 0016 0014 0016 003f 0016 0014 0016 0014 0016 003f 0016 0014 0016 0040 0016 003f 0016 003f 0016 0014 0016 003f 0016 003f 0016 0014 0016 003f 0016 0015 0016 0014 0016 003f 0016 0014 0016 0014 0016 0014 0016 0014 0016 0014 0016 0015 0016 003f 0016 0014 0016 003f 0016 003f 0016 003f 0016 003f 0016 003f 0016 0040 0016 0416
3	0000 0067 0000 0022 0157 00aa 0016 0014 0016 0014 0016 003f 0016 0014 0016 0014 0016 003f 0016 0014 0016 0040 0016 003f 0016 003f 0016 0014 0016 003f 0016 003f 0016 0014 0016 003f 0016 0015 0016 003f 0016 003f 0016 0014 0016 0014 0016 0014 0016 0014 0016 0014 0016 0015 0016 0014 0016 0014 0016 003f 0016 003f 0016 003f 0016 003f 0016 003f 0016 0040 0016 0416
4	0000 0067 0000 0022 0157 00aa 0016 0014 0016 0014 0016 003f 0016 0014 0016 0014 0016 003f 0016 0014 0016 0040 0016 003f 0016 003f 0016 0014 0016 003f 0016 003f 0016 0014 0016 003f 0016 0015 0016 0014 0016 0014 0016 003f 0016 0014 0016 0014 0016 0014 0016 0014 0016 0015 0016 003f 0016 003f 0016 0014 0016 003f 0016 003f 0016 003f 0016 003f 0016 0040 0016 0416
5	0000 0067 0000 0022 0157 00aa 0016 0014 0016 0014 0016 003f 0016 0014 0016 0014 0016 003f 0016 0014 0016 0040 0016 003f 0016 003f 0016 0014 0016 003f 0016 003f 0016 0014 0016 003f 0016 0015 0016 003f 0016 0014 0016 003f 0016 0014 0016 0014 0016 0014 0016 0014 0016 0015 0016 0014 0016 003f 0016 0014 0016 003f 0016 003f 0016 003f 0016 003f 0016 0040 0016 0416
6	0000 0067 0000 0022 0157 00aa 0016 0014 0016 0014 0016 003f 0016 0014 0016 0014 0016 003f 0016 0014 0016 0040 0016 003f 0016 003f 0016 0014 0016 003f 0016 003f 0016 0014 0016 003f 0016 0015 0016 0014 0016 003f 0016 003f 0016 0014 0016 0014 0016 0014 0016 0014 0016 0015 0016 003f 0016 0014 0016 0014 0016 003f 0016 003f 0016 003f 0016 003f 0016 0040 0016 0416
7	0000 0067 0000 0022 0157 00aa 0016 0014 0016 0014 0016 003f 0016 0014 0016 0014 0016 003f 0016 0014 0016 0040 0016 003f 0016 003f 0016 0014 0016 003f 0016 003f 0016 0014 0016 003f 0016 0015 0016 003f 0016 003f 0016 003f 0016 0014 0016 0014 0016 0014 0016 0014 0016 0015 0016 0014 0016 0014 0016 0014 0016 003f 0016 003f 0016 003f 0016 003f 0016 0040 0016 0416
8	0000 0067 0000 0022 0157 00aa 0016 0014 0016 0014 0016 003f 0016 0014 0016 0014 0016 003f 0016 0014 0016 0040 0016 003f 0016 003f 0016 0014 0016 003f 0016 003f 0016 0014 0016 003f 0016 0015 0016 0014 0016 0014 0016 0014 0016 003f 0016 0014 0016 0014 0016 0014 0016 0015 0016 003f 0016 003f 0016 003f 0016 0014 0016 003f 0016 003f 0016 003f 0016 0040 0016 0416
9	0000 0067 0000 0022 0157 00aa 0016 0014 0016 0014 0016 003f 0016 0014 0016 0014 0016 003f 0016 0014 0016 0040 0016 003f 0016 003f 0016 0014 0016 003f 0016 003f 0016 0014 0016 003f 0016 0015 0016 003f 0016 0014 0016 0014 0016 003f 0016 0014 0016 0014 0016 0014 0016 0015 0016 0014 0016 003f 0016 003f 0016 0014 0016 003f 0016 003f 0016 003f 0016 0040 0016 0416
0	0000 0067 0000 0022 0157 00aa 0016 0014 0016 0014 0016 003f 0016 0014 0016 0014 0016 003f 0016 0014 0016 0040 0016 003f 0016 003f 0016 0014 0016 003f 0016 003f 0016 0014 0016 003f 0016 0015 0016 0014 0016 0014 0016 0014 0016 0014 0016 0014 0016 0014 0016 0014 0016 0015 0016 003f 0016 003f 0016 003f 0016 003f 0016 003f 0016 003f 0016 003f 0016 0040 0016 0416
DVD	0000 0067 0000 0022 0155 00aa 0015 003f 0015 0015 0015 003f 0015 0015 0015 0015 0015 003f 0015 0015 0015 003f 0015 0015 0015 003f 0015 0015 0015 003f 0015 003f 0015 0015 0015 003f 0015 0015 0015 003f 0015 0015 0015 003f 0015 0015 0015 0015 0015 0015 0015 0015 0015 003f 0015 0015 0015 003f 0015 0015 0015 003f 0015 003f 0015 003f 0015 003f 0015 0015 0015 03f9
Pro Logic	0000 0067 0000 0044 0155 00aa 0015 003f 0015 0015 0015 003f 0015 0015 0015 0015 0015 003f 0015 0015 0015 003f 0015 0015 0015 003f 0015 0015 0015 003f 0015 003f 0015 0015 0015 003f 0015 0015 0015 0015 0015 003f 0015 003f 0015 003f 0015 003f 0015 0015 0015 003f 0015 0015 0015 003f 0015 0015 0015 0015 0015 0015 0015 0015 0015 003f 0015 0015 0015 003f 0015 03f9 0155 00aa 0015 003f 0015 0015 0015 003f 0015 0015 0015 0015 0015 003f 0015 0015 0015 003f 0015 0015 0015 003f 0015 0015 0015 003f 0015 003f 0015 0015 0015 003f 0015 0015 0015 0015 0015 0015 0015 0015 0015 003f 0015 0015 0015 0015 0015 0015 0015 0015 0015 003f 0015 003f 0015 003f 0015 0015 0015 003f 0015 003f 0015 003f 0015 003f 0015 03f9
DSP Mode	0000 0067 0000 0022 0155 00aa 0015 003f 0015 0015 0015 003f 0015 0015 0015 0015 0015 003f 0015 0015 0015 003f 0015 0015 0015 003f 0015 0015 0015 003f 0015 003f 0015 0015 0015 003f 0015 0015 0015 0015 0015 0015 0015 0015 0015 0015 0015 0015 0015 0015 0015 003f 0015 0015 0015 003f 0015 003f 0015 003f 0015 003f 0015 003f 0015 003f 0015 0015 0015 003f 0015 03f9
Att	0000 0067 0000 0044 0155 00aa 0015 003f 0015 0015 0015 003f 0015 0015 0015 0015 0015 003f 0015 0015 0015 003f 0015 0015 0015 003f 0015 0015 0015 003f 0015 003f 0015 0015 0015 003f 0015 0015 0015 0015 0015 003f 0015 003f 0015 003f 0015 003f 0015 0015 0015 003f 0015 0015 0015 003f 0015 0015 0015 0015 0015 0015 0015 0015 0015 003f 0015 0015 0015 003f 0015 03f9 0155 00aa 0015 003f 0015 0015 0015 003f 0015 0015 0015 0015 0015 003f 0015 0015 0015 003f 0015 0015 0015 003f 0015 0015 0015 003f 0015 003f 0015 0015 0015 003f 0015 0015 0015 003f 0015 003f 0015 003f 0015 0015 0015 0015 0015 0015 0015 0015 0015 0015 0015 0015 0015 0015 0015 0015 0015 003f 0015 003f 0015 003f 0015 003f 0015 003f 0015 03f9
Test Tone	0000 0067 0000 0044 0156 00aa 0015 003f 0015 0015 0015 003f 0015 0015 0015 0015 0015 003f 0015 0015 0015 003f 0015 0015 0015 003f 0015 0015 0015 003f 0015 003f 0015 0015 0015 003f 0015 0015 0015 0015 0015 003f 0015 003f 0015 0015 0015 003f 0015 0015 0015 003f 0015 0015 0015 003f 0015 0015 0015 0015 0015 003f 0015 0015 0015 003f 0015 0015 0015 003f 0015 03fb 0156 00aa 0015 003f 0015 0015 0015 003f 0015 0015 0015 0015 0015 003f 0015 0015 0015 003f 0015 0015 0015 003f 0015 0015 0015 003f 0015 003f 0015 0015 0015 003f 0015 0015 0015 003f 0015 0015 0015 0015 0015 0015 0015 0015 0015 0015 0015 0015 0015 0015 0015 0015 0015 003f 0015 003f 0015 003f 0015 003f 0015 003f 0015 003f 0015 003f 0015 03fb
Center+	0000 0067 0000 0044 0155 00aa 0015 003f 0015 0015 0015 003f 0015 0015 0015 0015 0015 003f 0015 0015 0015 003f 0015 0015 0015 003f 0015 0015 0015 003f 0015 003f 0015 0015 0015 003f 0015 0015 0015 0015 0015 003f 0015 0015 0015 0015 0015 0015 0015 0015 0015 003f 0015 0015 0015 003f 0015 0015 0015 003f 0015 003f 0015 003f 0015 003f 0015 0015 0015 003f 0015 03f9 0155 00aa 0015 003f 0015 0015 0015 003f 0015 0015 0015 0015 0015 003f 0015 0015 0015 003f 0015 0015 0015 003f 0015 0015 0015 003f 0015 003f 0015 0015 0015 003f 0015 0015 0015 0015 0015 003f 0015 0015 0015 0015 0015 0015 0015 0015 0015 0015 0015 0015 0015 003f 0015 0015 0015 003f 0015 003f 0015 003f 0015 003f 0015 003f 0015 003f 0015 03f9
Center-	0000 0067 0000 0044 0155 00aa 0015 003f 0015 0015 0015 003f 0015 0015 0015 0015 0015 003f 0015 0015 0015 003f 0015 0015 0015 003f 0015 0015 0015 003f 0015 003f 0015 0015 0015 003f 0015 0015 0015 003f 0015 0015 0015 0015 0015 0015 0015 0015 0015 0015 0015 003f 0015 0015 0015 0015 0015 003f 0015 003f 0015 003f 0015 003f 0015 003f 0015 0015 0015 003f 0015 03f9 0155 00aa 0015 003f 0015 0015 0015 003f 0015 0015 0015 0015 0015 003f 0015 0015 0015 003f 0015 0015 0015 003f 0015 0015 0015 003f 0015 003f 0015 0015 0015 003f 0015 0015 0015 0015 0015 003f 0015 0015 0015 0015 0015 0015 0015 0015 0015 0015 0015 0015 0015 003f 0015 0015 0015 003f 0015 003f 0015 003f 0015 003f 0015 003f 0015 003f 0015 03f9
Rear+	0000 0067 0000 0022 0155 00aa 0015 003f 0015 0015 0015 003f 0015 0015 0015 0015 0015 003f 0015 0015 0015 003f 0015 0015 0015 003f 0015 0015 0015 003f 0015 003f 0015 0015 0015 003f 0015 0015 0015 003f 0015 0015 0015 0015 0015 0015 0015 0015 0015 0015 0015 003f 0015 0015 0015 0015 0015 003f 0015 003f 0015 003f 0015 003f 0015 003f 0015 0015 0015 003f 0015 03f9
Rear-	0000 0067 0000 0022 0155 00aa 0015 003f 0015 0015 0015 003f 0015 0015 0015 0015 0015 003f 0015 0015 0015 003f 0015 0015 0015 003f 0015 0015 0015 003f 0015 003f 0015 0015 0015 003f 0015 0015 0015 0015 0015 003f 0015 0015 0015 0015 0015 0015 0015 0015 0015 003f 0015 0015 0015 003f 0015 0015 0015 003f 0015 003f 0015 003f 0015 003f 0015 0015 0015 003f 0015 03f9
Subwfr+	0000 0067 0000 0044 0155 00aa 0015 003f 0015 0015 0015 003f 0015 0015 0015 0015 0015 003f 0015 0015 0015 003f 0015 0015 0015 003f 0015 0015 0015 003f 0015 003f 0015 0015 0015 003f 0015 0015 0015 0015 0015 003f 0015 0015 0015 0015 0015 0015 0015 0015 0015 003f 0015 0015 0015 003f 0015 0015 0015 003f 0015 003f 0015 003f 0015 003f 0015 0015 0015 003f 0015 03f9 0155 00aa 0015 003f 0015 0015 0015 003f 0015 0015 0015 0015 0015 003f 0015 0015 0015 003f 0015 0015 0015 003f 0015 0015 0015 003f 0015 003f 0015 0015 0015 003f 0015 0015 0015 0015 0015 003f 0015 003f 0015 0015 0015 0015 0015 0015 0015 0015 0015 0015 0015 003f 0015 0015 0015 0015 0015 003f 0015 003f 0015 003f 0015 003f 0015 003f 0015 03f9
Subwfr-	0000 0067 0000 0044 0155 00aa 0015 003f 0015 0015 0015 003f 0015 0015 0015 0015 0015 003f 0015 0015 0015 003f 0015 0015 0015 003f 0015 0015 0015 003f 0015 003f 0015 0015 0015 003f 0015 0015 0015 003f 0015 0015 0015 0015 0015 0015 0015 0015 0015 0015 0015 003f 0015 0015 0015 0015 0015 003f 0015 003f 0015 003f 0015 003f 0015 003f 0015 0015 0015 003f 0015 03f9 0155 00aa 0015 003f 0015 0015 0015 003f 0015 0015 0015 0015 0015 003f 0015 0015 0015 003f 0015 0015 0015 003f 0015 0015 0015 003f 0015 003f 0015 0015 0015 003f 0015 0015 0015 0015 0015 003f 0015 003f 0015 0015 0015 0015 0015 0015 0015 0015 0015 0015 0015 003f 0015 0015 0015 0015 0015 003f 0015 003f 0015 003f 0015 003f 0015 003f 0015 03f9
Effect+	0000 0067 0000 0044 0155 00aa 0015 003f 0015 0015 0015 003f 0015 0015 0015 0015 0015 003f 0015 0015 0015 003f 0015 0015 0015 003f 0015 0015 0015 003f 0015 003f 0015 0015 0015 003f 0015 0015 0015 003f 0015 0015 0015 0015 0015 0015 0015 0015 0015 0015 0015 003f 0015 0015 0015 0015 0015 003f 0015 003f 0015 003f 0015 003f 0015 003f 0015 0015 0015 003f 0015 03f9 0155 00aa 0015 003f 0015 0015 0015 003f 0015 0015 0015 0015 0015 003f 0015 0015 0015 003f 0015 0015 0015 003f 0015 0015 0015 003f 0015 003f 0015 0015 0015 003f 0015 0015 0015 003f 0015 0015 0015 003f 0015 0015 0015 0015 0015 0015 0015 0015 0015 0015 0015 0015 0015 003f 0015 0015 0015 003f 0015 003f 0015 003f 0015 003f 0015 003f 0015 03f9
Effect-	0000 0067 0000 0044 0155 00aa 0015 003f 0015 0015 0015 003f 0015 0015 0015 0015 0015 003f 0015 0015 0015 003f 0015 0015 0015 003f 0015 0015 0015 003f 0015 003f 0015 0015 0015 003f 0015 0015 0015 0015 0015 003f 0015 0015 0015 0015 0015 0015 0015 0015 0015 003f 0015 0015 0015 003f 0015 0015 0015 003f 0015 003f 0015 003f 0015 003f 0015 0015 0015 003f 0015 03f9 0155 00aa 0015 003f 0015 0015 0015 003f 0015 0015 0015 0015 0015 003f 0015 0015 0015 003f 0015 0015 0015 003f 0015 0015 0015 003f 0015 003f 0015 0015 0015 003f 0015 0015 0015 003f 0015 0015 0015 003f 0015 0015 0015 0015 0015 0015 0015 0015 0015 0015 0015 0015 0015 003f 0015 0015 0015 003f 0015 003f 0015 003f 0015 003f 0015 003f 0015 03f9
Ch+	0000 0067 0000 0022 0155 00aa 0015 0015 0015 0015 0015 003f 0015 0015 0015 0015 0015 003f 0015 0015 0015 003f 0015 003f 0015 003f 0015 0015 0015 003f 0015 003f 0015 0015 0015 003f 0015 0015 0015 0015 0015 0015 0015 0015 0015 0015 0015 003f 0015 0015 0015 0015 0015 0015 0015 003f 0015 003f 0015 003f 0015 003f 0015 0015 0015 003f 0015 003f 0015 003f 0015 03f9
Ch-	0000 0067 0000 0022 0155 00aa 0015 0015 0015 0015 0015 003f 0015 0015 0015 0015 0015 003f 0015 0015 0015 003f 0015 003f 0015 003f 0015 0015 0015 003f 0015 003f 0015 0015 0015 003f 0015 0015 0015 003f 0015 0015 0015 0015 0015 0015 0015 003f 0015 0015 0015 0015 0015 0015 0015 0015 0015 003f 0015 003f 0015 003f 0015 0015 0015 003f 0015 003f 0015 003f 0015 03f9
Stereo	0000 0067 0000 0044 0156 00aa 0015 003f 0015 0015 0015 003f 0015 0015 0015 0015 0015 003f 0015 0015 0015 003f 0015 0015 0015 003f 0015 0015 0015 003f 0015 003f 0015 0015 0015 003f 0015 0015 0015 003f 0015 003f 0015 003f 0015 003f 0015 003f 0015 0015 0015 0015 0015 003f 0015 0015 0015 0015 0015 0015 0015 0015 0015 0015 0015 003f 0015 003f 0015 0015 0015 03fb 0156 00aa 0015 003f 0015 0015 0015 003f 0015 0015 0015 0015 0015 003f 0015 0015 0015 003f 0015 0015 0015 003f 0015 0015 0015 003f 0015 003f 0015 0015 0015 003f 0015 0015 0015 0015 0015 0015 0015 0015 0015 0015 0015 0015 0015 0015 0015 003f 0015 003f 0015 003f 0015 003f 0015 003f 0015 003f 0015 003f 0015 003f 0015 0015 0015 0015 0015 03fb
Ch Select	0000 0067 0000 0044 0156 00aa 0015 003f 0015 0015 0015 003f 0015 0015 0015 0015 0015 003f 0015 0015 0015 003f 0015 0015 0015 003f 0015 0015 0015 003f 0015 003f 0015 0015 0015 003f 0015 0015 0015 0015 0015 003f 0015 003f 0015 0015 0015 003f 0015 0015 0015 003f 0015 0015 0015 003f 0015 0015 0015 0015 0015 003f 0015 0015 0015 003f 0015 0015 0015 003f 0015 03fb 0156 00aa 0015 003f 0015 0015 0015 003f 0015 0015 0015 0015 0015 003f 0015 0015 0015 003f 0015 0015 0015 003f 0015 0015 0015 003f 0015 003f 0015 0015 0015 003f 0015 0015 0015 0015 0015 0015 0015 003f 0015 0015 0015 0015 0015 0015 0015 0015 0015 0015 0015 003f 0015 003f 0015 0015 0015 003f 0015 003f 0015 003f 0015 003f 0015 003f 0015 03fb
Sig Select	0000 0067 0000 0044 0156 00aa 0015 003f 0015 0015 0015 003f 0015 0015 0015 0015 0015 003f 0015 0015 0015 003f 0015 0015 0015 003f 0015 0015 0015 003f 0015 003f 0015 0015 0015 003f 0015 0015 0015 0015 0015 003f 0015 003f 0015 0015 0015 003f 0015 0015 0015 003f 0015 0015 0015 003f 0015 0015 0015 0015 0015 003f 0015 0015 0015 003f 0015 0015 0015 003f 0015 03fb 0156 00aa 0015 003f 0015 0015 0015 003f 0015 0015 0015 0015 0015 003f 0015 0015 0015 003f 0015 0015 0015 003f 0015 0015 0015 003f 0015 003f 0015 0015 0015 003f 0015 0015 0015 003f 0015 003f 0015 0015 0015 0015 0015 0015 0015 0015 0015 0015 0015 0015 0015 0015 0015 0015 0015 003f 0015 003f 0015 003f 0015 003f 0015 003f 0015 003f 0015 03fb
Ch Level+	0000 0067 0000 0044 0156 00aa 0015 003f 0015 0015 0015 003f 0015 0015 0015 0015 0015 003f 0015 0015 0015 003f 0015 0015 0015 003f 0015 0015 0015 003f 0015 003f 0015 0015 0015 003f 0015 0015 0015 0015 0015 003f 0015 0015 0015 0015 0015 0015 0015 0015 0015 003f 0015 0015 0015 003f 0015 0015 0015 003f 0015 003f 0015 003f 0015 003f 0015 0015 0015 003f 0015 03fb 0156 00aa 0015 003f 0015 0015 0015 003f 0015 0015 0015 0015 0015 003f 0015 0015 0015 003f 0015 0015 0015 003f 0015 0015 0015 003f 0015 003f 0015 0015 0015 003f 0015 0015 0015 003f 0015 003f 0015 003f 0015 0015 0015 0015 0015 0015 0015 0015 0015 0015 0015 0015 0015 0015 0015 0015 0015 003f 0015 003f 0015 003f 0015 003f 0015 003f 0015 03fb
Ch Level-	0000 0067 0000 0044 0156 00aa 0015 003f 0015 0015 0015 003f 0015 0015 0015 0015 0015 003f 0015 0015 0015 003f 0015 0015 0015 003f 0015 0015 0015 003f 0015 003f 0015 0015 0015 003f 0015 0015 0015 003f 0015 0015 0015 0015 0015 0015 0015 0015 0015 0015 0015 003f 0015 0015 0015 0015 0015 003f 0015 003f 0015 003f 0015 003f 0015 003f 0015 0015 0015 003f 0015 03fb 0156 00aa 0015 003f 0015 0015 0015 003f 0015 0015 0015 0015 0015 003f 0015 0015 0015 003f 0015 0015 0015 003f 0015 0015 0015 003f 0015 003f 0015 0015 0015 003f 0015 0015 0015 003f 0015 003f 0015 003f 0015 0015 0015 0015 0015 0015 0015 0015 0015 0015 0015 0015 0015 0015 0015 0015 0015 003f 0015 003f 0015 003f 0015 003f 0015 003f 0015 03fb
List In	0000 0067 0000 0044 0156 00aa 0015 003f 0015 0015 0015 003f 0015 0015 0015 0015 0015 003f 0015 0015 0015 003f 0015 0015 0015 003f 0015 0015 0015 003f 0015 003f 0015 0015 0015 003f 0015 0015 0015 003f 0015 003f 0015 0015 0015 0015 0015 003f 0015 0015 0015 0015 0015 0015 0015 0015 0015 0015 0015 003f 0015 003f 0015 0015 0015 003f 0015 003f 0015 003f 0015 03fb 0156 00aa 0015 003f 0015 0015 0015 003f 0015 0015 0015 0015 0015 003f 0015 0015 0015 003f 0015 0015 0015 003f 0015 0015 0015 003f 0015 003f 0015 0015 0015 003f 0015 0015 0015 003f 0015 0015 0015 0015 0015 003f 0015 0015 0015 0015 0015 0015 0015 0015 0015 0015 0015 003f 0015 003f 0015 0015 0015 003f 0015 003f 0015 003f 0015 003f 0015 03fb
Sys Setup	0000 0067 0000 0044 0156 00aa 0015 003f 0015 0015 0015 003f 0015 0015 0015 0015 0015 003f 0015 0015 0015 003f 0015 0015 0015 003f 0015 0015 0015 003f 0015 003f 0015 0015 0015 003f 0015 0015 0015 003f 0015 003f 0015 0015 0015 003f 0015 003f 0015 0015 0015 0015 0015 003f 0015 0015 0015 0015 0015 003f 0015 0015 0015 0015 0015 003f 0015 003f 0015 0015 0015 03fb 0156 00aa 0015 003f 0015 0015 0015 003f 0015 0015 0015 0015 0015 003f 0015 0015 0015 003f 0015 0015 0015 003f 0015 0015 0015 003f 0015 003f 0015 0015 0015 003f 0015 0015 0015 0015 0015 003f 0015 003f 0015 0015 0015 003f 0015 0015 0015 003f 0015 003f 0015 003f 0015 0015 0015 0015 0015 003f 0015 0015 0015 003f 0015 0015 0015 0015 0015 03fb
