Power	0000 0066 0000 0022 0157 00ab 0016 003f 0016 0016 0016 003f 0016 0016 0016 0016 0016 003f 0016 0016 0016 003f 0016 0016 0016 003f 0016 0016 0016 003f 0016 003f 0016 0016 0016 003f 0016 0016 0016 0016 0016 0016 0016 003f 0016 003f 0016 003f 0016 0016 0016 0016 0016 0016 0016 003f 0016 003f 0016 0016 0016 0016 0016 0016 0016 003f 0016 003f 0016 003f 0016 03ff
DVD/LD	0000 0066 0000 0022 0157 00ab 0016 003f 0016 0016 0016 003f 0016 0016 0016 0016 0016 003f 0016 0016 0016 003f 0016 0016 0016 003f 0016 0016 0016 003f 0016 003f 0016 0016 0016 003f 0016 0016 0016 003f 0016 0016 0016 003f 0016 0016 0016 0016 0016 0016 0016 0016 0016 003f 0016 0016 0016 003f 0016 0016 0016 003f 0016 003f 0016 003f 0016 003f 0016 0016 0016 03ff
TV/Sat	0000 0066 0000 0022 0157 00ab 0016 003f 0016 0016 0016 003f 0016 0016 0016 0016 0016 003f 0016 0016 0016 003f 0016 0016 0016 003f 0016 0016 0016 003f 0016 003f 0016 0016 0016 003f 0016 0016 0016 0016 0016 0016 0016 003f 0016 003f 0016 0016 0016 0016 0016 0016 0016 0016 0016 003f 0016 003f 0016 0016 0016 0016 0016 003f 0016 003f 0016 003f 0016 003f 0016 03ff
VCR1	0000 0066 0000 0022 0157 00ab 0016 003f 0016 0016 0016 003f 0016 0016 0016 0016 0016 003f 0016 0016 0016 003f 0016 0016 0016 003f 0016 0016 0016 003f 0016 003f 0016 0016 0016 003f 0016 0016 0016 003f 0016 003f 0016 003f 0016 003f 0016 0016 0016 0016 0016 0016 0016 0016 0016 0016 0016 0016 0016 0016 0016 0016 0016 003f 0016 003f 0016 003f 0016 003f 0016 03ff
VCR2	0000 0066 0000 0022 0157 00ab 0016 003f 0016 0016 0016 003f 0016 0016 0016 0016 0016 003f 0016 0016 0016 003f 0016 0016 0016 003f 0016 0016 0016 003f 0016 003f 0016 0016 0016 003f 0016 0016 0016 0016 0016 003f 0016 003f 0016 003f 0016 0016 0016 0016 0016 0016 0016 0016 0016 003f 0016 0016 0016 0016 0016 0016 0016 003f 0016 003f 0016 003f 0016 003f 0016 03ff
MD/Tape1	0000 0066 0000 0022 0157 00ab 0016 003f 0016 0016 0016 003f 0016 0016 0016 0016 0016 003f 0016 0016 0016 003f 0016 0016 0016 003f 0016 0016 0016 003f 0016 003f 0016 0016 0016 003f 0016 0016 0016 003f 0016 0016 0016 0016 0016 0016 0016 003f 0016 0016 0016 0016 0016 0016 0016 0016 0016 003f 0016 003f 0016 003f 0016 0016 0016 003f 0016 003f 0016 003f 0016 03ff
CD	0000 0066 0000 0022 0157 00ab 0016 003f 0016 0016 0016 003f 0016 0016 0016 0016 0016 003f 0016 0016 0016 003f 0016 0016 0016 003f 0016 0016 0016 003f 0016 003f 0016 0016 0016 003f 0016 0016 0016 0016 0016 0016 0016 003f 0016 003f 0016 0016 0016 0016 0016 003f 0016 0016 0016 003f 0016 003f 0016 0016 0016 0016 0016 003f 0016 003f 0016 0016 0016 003f 0016 03ff
Tuner	0000 0066 0000 0022 0157 00ab 0016 003f 0016 0016 0016 003f 0016 0016 0016 0016 0016 003f 0016 0016 0016 003f 0016 0016 0016 003f 0016 0016 0016 003f 0016 003f 0016 0016 0016 003f 0016 0016 0016 003f 0016 003f 0016 003f 0016 0016 0016 0016 0016 0016 0016 003f 0016 0016 0016 0016 0016 0016 0016 0016 0016 003f 0016 003f 0016 003f 0016 0016 0016 003f 0016 03ff
Function	0000 0066 0000 0022 0157 00ab 0016 003f 0016 0016 0016 003f 0016 0016 0016 0016 0016 003f 0016 0016 0016 003f 0016 0016 0016 003f 0016 0016 0016 003f 0016 003f 0016 0016 0016 003f 0016 0016 0016 003f 0016 0016 0016 003f 0016 0016 0016 003f 0016 0016 0016 003f 0016 0016 0016 0016 0016 003f 0016 0016 0016 003f 0016 0016 0016 003f 0016 0016 0016 003f 0016 03ff
Vol+	0000 0066 0000 0022 0157 00ab 0016 003f 0016 0016 0016 003f 0016 0016 0016 0016 0016 003f 0016 0016 0016 003f 0016 0016 0016 003f 0016 0016 0016 003f 0016 003f 0016 0016 0016 003f 0016 0016 0016 0016 0016 003f 0016 0016 0016 003f 0016 0016 0016 0016 0016 0016 0016 0016 0016 003f 0016 0016 0016 003f 0016 0016 0016 003f 0016 003f 0016 003f 0016 003f 0016 03ff
Vol-	0000 0066 0000 0022 0157 00ab 0016 003f 0016 0016 0016 003f 0016 0016 0016 0016 0016 003f 0016 0016 0016 003f 0016 0016 0016 003f 0016 0016 0016 003f 0016 003f 0016 0016 0016 003f 0016 0016 0016 003f 0016 003f 0016 0016 0016 003f 0016 0016 0016 0016 0016 0016 0016 0016 0016 0016 0016 0016 0016 003f 0016 0016 0016 003f 0016 003f 0016 003f 0016 003f 0016 03ff
Mute	0000 0066 0000 0022 0157 00ab 0016 003f 0016 0016 0016 003f 0016 0016 0016 0016 0016 003f 0016 0016 0016 003f 0016 0016 0016 003f 0016 0016 0016 003f 0016 003f 0016 0016 0016 003f 0016 0016 0016 0016 0016 003f 0016 0016 0016 0016 0016 003f 0016 0016 0016 0016 0016 0016 0016 003f 0016 0016 0016 003f 0016 003f 0016 0016 0016 003f 0016 003f 0016 003f 0016 03ff
System Off	0000 0066 0066 0044 0157 00ab 0016 003f 0016 0016 0016 003f 0016 0016 0016 0016 0016 003f 0016 0016 0016 003f 0016 0016 0016 003f 0016 0016 0016 003f 0016 003f 0016 0016 0016 003f 0016 0016 0016 003f 0016 003f 0016 0016 0016 003f 0016 003f 0016 0016 0016 0016 0016 0016 0016 0016 0016 0016 0016 003f 0016 0016 0016 0016 0016 003f 0016 003f 0016 003f 0016 03ff 0157 00ab 0016 003f 0016 0016 0016 003f 0016 0016 0016 0016 0016 003f 0016 0016 0016 003f 0016 0016 0016 003f 0016 0016 0016 003f 0016 003f 0016 0016 0016 003f 0016 0016 0016 003f 0016 003f 0016 0016 0016 003f 0016 003f 0016 0016 0016 0016 0016 0016 0016 0016 0016 0016 0016 003f 0016 0016 0016 0016 0016 003f 0016 003f 0016 003f 0016 03ff 0157 00ab 0016 003f 0016 0016 0016 003f 0016 0016 0016 0016 0016 003f 0016 0016 0016 003f 0016 0016 0016 003f 0016 0016 0016 003f 0016 003f 0016 0016 0016 003f 0016 0016 0016 003f 0016 003f 0016 0016 0016 003f 0016 003f 0016 0016 0016 0016 0016 0016 0016 0016 0016 0016 0016 003f 0016 0016 0016 0016 0016 003f 0016 003f 0016 003f 0016 22c6 0157 00ab 0016 003f 0016 003f 0016 0016 0016 0016 0016 0016 0016 003f 0016 0016 0016 003f 0016 0016 0016 0016 0016 003f 0016 003f 0016 003f 0016 0016 0016 003f 0016 0016 0016 003f 0016 0016 0016 0016 0016 003f 0016 003f 0016 0016 0016 0016 0016 003f 0016 0016 0016 003f 0016 003f 0016 0016 0016 0016 0016 003f 0016 003f 0016 0016 0016 03ff 0157 00ab 0016 003f 0016 003f 0016 003f 0016 003f 0016 0016 0016 003f 0016 0016 0016 003f 0016 0016 0016 0016 0016 0016 0016 0016 0016 003f 0016 0016 0016 003f 0016 0016 0016 003f 0016 003f 0016 0016 0016 003f 0016 003f 0016 003f 0016 0016 0016 003f 0016 0016 0016 0016 0016 003f 0016 0016 0016 0016 0016 0016 0016 003f 0016 0016 0016 03ff
DSP	0000 0066 0000 0022 0157 00ab 0016 003f 0016 0016 0016 003f 0016 0016 0016 0016 0016 003f 0016 0016 0016 003f 0016 0016 0016 003f 0016 0016 0016 003f 0016 003f 0016 0016 0016 003f 0016 0016 0016 0016 0016 0016 0016 0016 0016 0016 0016 0016 0016 0016 0016 003f 0016 0016 0016 003f 0016 003f 0016 003f 0016 003f 0016 003f 0016 003f 0016 0016 0016 003f 0016 03ff
Stereo	0000 0066 0000 0044 0157 00ab 0016 003f 0016 0016 0016 003f 0016 0016 0016 0016 0016 003f 0016 0016 0016 003f 0016 0016 0016 003f 0016 0016 0016 003f 0016 003f 0016 0016 0016 003f 0016 0016 0016 003f 0016 003f 0016 003f 0016 003f 0016 003f 0016 0016 0016 0016 0016 003f 0016 0016 0016 0016 0016 0016 0016 0016 0016 0016 0016 003f 0016 003f 0016 0016 0016 03ff 0157 00ab 0016 003f 0016 0016 0016 003f 0016 0016 0016 0016 0016 003f 0016 0016 0016 003f 0016 0016 0016 003f 0016 0016 0016 003f 0016 003f 0016 0016 0016 003f 0016 0016 0016 0016 0016 0016 0016 0016 0016 0016 0016 0016 0016 0016 0016 003f 0016 003f 0016 003f 0016 003f 0016 003f 0016 003f 0016 003f 0016 003f 0016 0016 0016 0016 0016 03ff
Effect+	0000 0066 0000 0044 0157 00ab 0016 003f 0016 0016 0016 003f 0016 0016 0016 0016 0016 003f 0016 0016 0016 003f 0016 0016 0016 003f 0016 0016 0016 003f 0016 003f 0016 0016 0016 003f 0016 0016 0016 003f 0016 0016 0016 0016 0016 0016 0016 0016 0016 0016 0016 003f 0016 0016 0016 0016 0016 003f 0016 003f 0016 003f 0016 003f 0016 003f 0016 0016 0016 003f 0016 03ff 0157 00ab 0016 003f 0016 0016 0016 003f 0016 0016 0016 0016 0016 003f 0016 0016 0016 003f 0016 0016 0016 003f 0016 0016 0016 003f 0016 003f 0016 0016 0016 003f 0016 0016 0016 003f 0016 0016 0016 003f 0016 0016 0016 0016 0016 0016 0016 0016 0016 0016 0016 0016 0016 003f 0016 0016 0016 003f 0016 003f 0016 003f 0016 003f 0016 003f 0016 03ff
Effect-	0000 0066 0000 0044 0157 00ab 0016 003f 0016 0016 0016 003f 0016 0016 0016 0016 0016 003f 0016 0016 0016 003f 0016 0016 0016 003f 0016 0016 0016 003f 0016 003f 0016 0016 0016 003f 0016 0016 0016 0016 0016 003f 0016 0016 0016 0016 0016 0016 0016 0016 0016 003f 0016 0016 0016 003f 0016 0016 0016 003f 0016 003f 0016 003f 0016 003f 0016 0016 0016 003f 0016 03ff 0157 00ab 0016 003f 0016 0016 0016 003f 0016 0016 0016 0016 0016 003f 0016 0016 0016 003f 0016 0016 0016 003f 0016 0016 0016 003f 0016 003f 0016 0016 0016 003f 0016 0016 0016 003f 0016 0016 0016 003f 0016 0016 0016 0016 0016 0016 0016 0016 0016 0016 0016 0016 0016 003f 0016 0016 0016 003f 0016 003f 0016 003f 0016 003f 0016 003f 0016 03ff
THX	0000 0066 0000 0044 0157 00ab 0016 003f 0016 0016 0016 003f 0016 0016 0016 0016 0016 003f 0016 0016 0016 003f 0016 0016 0016 003f 0016 0016 0016 003f 0016 003f 0016 0016 0016 003f 0016 0016 0016 003f 0016 003f 0016 003f 0016 003f 0016 003f 0016 0016 0016 0016 0016 003f 0016 0016 0016 0016 0016 0016 0016 0016 0016 0016 0016 003f 0016 003f 0016 0016 0016 03ff 0157 00ab 0016 003f 0016 0016 0016 003f 0016 0016 0016 0016 0016 003f 0016 0016 0016 003f 0016 0016 0016 003f 0016 0016 0016 003f 0016 003f 0016 0016 0016 003f 0016 0016 0016 003f 0016 0016 0016 0016 0016 0016 0016 003f 0016 0016 0016 003f 0016 003f 0016 0016 0016 003f 0016 003f 0016 003f 0016 0016 0016 003f 0016 0016 0016 0016 0016 03ff
Adv Thtr	0000 0066 0000 0044 0157 00ab 0016 003f 0016 0016 0016 003f 0016 0016 0016 0016 0016 003f 0016 0016 0016 003f 0016 0016 0016 003f 0016 0016 0016 003f 0016 003f 0016 0016 0016 003f 0016 0016 0016 003f 0016 003f 0016 003f 0016 003f 0016 003f 0016 0016 0016 0016 0016 003f 0016 0016 0016 0016 0016 0016 0016 0016 0016 0016 0016 003f 0016 003f 0016 0016 0016 03ff 0157 00ab 0016 003f 0016 0016 0016 003f 0016 0016 0016 0016 0016 003f 0016 0016 0016 003f 0016 0016 0016 003f 0016 0016 0016 003f 0016 003f 0016 0016 0016 003f 0016 0016 0016 003f 0016 003f 0016 0016 0016 0016 0016 003f 0016 0016 0016 003f 0016 003f 0016 0016 0016 0016 0016 003f 0016 003f 0016 0016 0016 003f 0016 0016 0016 0016 0016 03ff
Standard	0000 0066 0000 0044 0157 00ab 0016 003f 0016 0016 0016 003f 0016 0016 0016 0016 0016 003f 0016 0016 0016 003f 0016 0016 0016 003f 0016 0016 0016 003f 0016 003f 0016 0016 0016 003f 0016 0016 0016 0016 0016 003f 0016 003f 0016 003f 0016 003f 0016 0016 0016 003f 0016 0016 0016 003f 0016 0016 0016 0016 0016 0016 0016 0016 0016 003f 0016 0016 0016 003f 0016 03ff 0157 00ab 0016 003f 0016 0016 0016 003f 0016 0016 0016 0016 0016 003f 0016 0016 0016 003f 0016 0016 0016 003f 0016 0016 0016 003f 0016 003f 0016 0016 0016 003f 0016 0016 0016 0016 0016 0016 0016 0016 0016 003f 0016 0016 0016 0016 0016 0016 0016 0016 0016 003f 0016 003f 0016 003f 0016 0016 0016 003f 0016 003f 0016 003f 0016 003f 0016 03ff
Midnight	0000 0066 0000 0044 0157 00ab 0016 003f 0016 0016 0016 003f 0016 0016 0016 0016 0016 003f 0016 0016 0016 003f 0016 0016 0016 003f 0016 0016 0016 003f 0016 003f 0016 0016 0016 003f 0016 0016 0016 003f 0016 003f 0016 003f 0016 003f 0016 003f 0016 0016 0016 0016 0016 003f 0016 0016 0016 0016 0016 0016 0016 0016 0016 0016 0016 003f 0016 003f 0016 0016 0016 03ff 0157 00ab 0016 003f 0016 0016 0016 003f 0016 0016 0016 0016 0016 003f 0016 0016 0016 003f 0016 0016 0016 003f 0016 0016 0016 003f 0016 003f 0016 0016 0016 003f 0016 0016 0016 003f 0016 003f 0016 0016 0016 003f 0016 0016 0016 0016 0016 003f 0016 003f 0016 0016 0016 0016 0016 003f 0016 0016 0016 003f 0016 003f 0016 0016 0016 0016 0016 03ff
Direct	0000 0066 0000 0044 0157 00ab 0016 003f 0016 0016 0016 003f 0016 0016 0016 0016 0016 003f 0016 0016 0016 003f 0016 0016 0016 003f 0016 0016 0016 003f 0016 003f 0016 0016 0016 003f 0016 0016 0016 003f 0016 0016 0016 003f 0016 003f 0016 003f 0016 0016 0016 003f 0016 0016 0016 0016 0016 003f 0016 0016 0016 0016 0016 0016 0016 003f 0016 0016 0016 003f 0016 03ff 0157 00ab 0016 003f 0016 0016 0016 003f 0016 0016 0016 0016 0016 003f 0016 0016 0016 003f 0016 0016 0016 003f 0016 0016 0016 003f 0016 003f 0016 0016 0016 003f 0016 0016 0016 0016 0016 0016 0016 0016 0016 003f 0016 0016 0016 0016 0016 0016 0016 0016 0016 003f 0016 003f 0016 003f 0016 0016 0016 003f 0016 003f 0016 003f 0016 003f 0016 03ff
Dig NR	0000 0066 0000 0044 0157 00ab 0016 003f 0016 0016 0016 003f 0016 0016 0016 0016 0016 003f 0016 0016 0016 003f 0016 0016 0016 003f 0016 0016 0016 003f 0016 003f 0016 0016 0016 003f 0016 0016 0016 003f 0016 0016 0016 0016 0016 003f 0016 003f 0016 0016 0016 003f 0016 0016 0016 0016 0016 003f 0016 003f 0016 0016 0016 0016 0016 003f 0016 0016 0016 003f 0016 03ff 0157 00ab 0016 003f 0016 0016 0016 003f 0016 0016 0016 0016 0016 003f 0016 0016 0016 003f 0016 0016 0016 003f 0016 0016 0016 003f 0016 003f 0016 0016 0016 003f 0016 0016 0016 003f 0016 003f 0016 003f 0016 0016 0016 0016 0016 0016 0016 0016 0016 0016 0016 0016 0016 0016 0016 0016 0016 003f 0016 003f 0016 003f 0016 003f 0016 003f 0016 03ff
Loudness	0000 0066 0000 0022 0157 00ab 0016 003f 0016 0016 0016 003f 0016 0016 0016 0016 0016 003f 0016 0016 0016 003f 0016 0016 0016 003f 0016 0016 0016 003f 0016 003f 0016 0016 0016 003f 0016 0016 0016 0016 0016 0016 0016 003f 0016 0016 0016 0016 0016 0016 0016 003f 0016 0016 0016 003f 0016 003f 0016 0016 0016 003f 0016 003f 0016 003f 0016 0016 0016 003f 0016 03ff
Sig Select	0000 0066 0000 0044 0157 00ab 0016 003f 0016 0016 0016 003f 0016 0016 0016 0016 0016 003f 0016 0016 0016 003f 0016 0016 0016 003f 0016 0016 0016 003f 0016 003f 0016 0016 0016 003f 0016 0016 0016 0016 0016 003f 0016 003f 0016 0016 0016 003f 0016 0016 0016 003f 0016 0016 0016 003f 0016 0016 0016 0016 0016 003f 0016 0016 0016 003f 0016 0016 0016 003f 0016 03ff 0157 00ab 0016 003f 0016 0016 0016 003f 0016 0016 0016 0016 0016 003f 0016 0016 0016 003f 0016 0016 0016 003f 0016 0016 0016 003f 0016 003f 0016 0016 0016 003f 0016 0016 0016 003f 0016 003f 0016 0016 0016 0016 0016 0016 0016 0016 0016 0016 0016 0016 0016 0016 0016 0016 0016 003f 0016 003f 0016 003f 0016 003f 0016 003f 0016 003f 0016 03ff
Tape2/Mon	0000 0066 0000 0022 0157 00ab 0016 003f 0016 0016 0016 003f 0016 0016 0016 0016 0016 003f 0016 0016 0016 003f 0016 0016 0016 003f 0016 0016 0016 003f 0016 003f 0016 0016 0016 003f 0016 0016 0016 003f 0016 0016 0016 003f 0016 003f 0016 003f 0016 0016 0016 0016 0016 0016 0016 0016 0016 003f 0016 0016 0016 0016 0016 0016 0016 003f 0016 003f 0016 003f 0016 03ff
Ext 5 1	0000 0066 0000 0044 0157 00ab 0016 003f 0016 0016 0016 003f 0016 0016 0016 0016 0016 003f 0016 0016 0016 003f 0016 0016 0016 003f 0016 0016 0016 003f 0016 003f 0016 0016 0016 003f 0016 0016 0016 0016 0016 003f 0016 003f 0016 003f 0016 003f 0016 0016 0016 003f 0016 0016 0016 003f 0016 0016 0016 0016 0016 0016 0016 0016 0016 003f 0016 0016 0016 003f 0016 03ff 0157 00ab 0016 003f 0016 0016 0016 003f 0016 0016 0016 0016 0016 003f 0016 0016 0016 003f 0016 0016 0016 003f 0016 0016 0016 003f 0016 003f 0016 0016 0016 003f 0016 0016 0016 0016 0016 003f 0016 003f 0016 0016 0016 0016 0016 0016 0016 0016 0016 0016 0016 003f 0016 0016 0016 0016 0016 003f 0016 003f 0016 003f 0016 003f 0016 003f 0016 03ff
Inp Att	0000 0066 0000 0044 0157 00ab 0016 003f 0016 0016 0016 003f 0016 0016 0016 0016 0016 003f 0016 0016 0016 003f 0016 0016 0016 003f 0016 0016 0016 003f 0016 003f 0016 0016 0016 003f 0016 0016 0016 0016 0016 003f 0016 003f 0016 003f 0016 003f 0016 0016 0016 003f 0016 0016 0016 003f 0016 0016 0016 0016 0016 0016 0016 0016 0016 003f 0016 0016 0016 003f 0016 03ff 0157 00ab 0016 003f 0016 0016 0016 003f 0016 0016 0016 0016 0016 003f 0016 0016 0016 003f 0016 0016 0016 003f 0016 0016 0016 003f 0016 003f 0016 0016 0016 003f 0016 0016 0016 003f 0016 003f 0016 003f 0016 0016 0016 0016 0016 0016 0016 0016 0016 0016 0016 0016 0016 0016 0016 0016 0016 003f 0016 003f 0016 003f 0016 003f 0016 003f 0016 03ff
Bass+	0000 0066 0000 0044 0157 00ab 0016 003f 0016 0016 0016 003f 0016 0016 0016 0016 0016 003f 0016 0016 0016 003f 0016 0016 0016 003f 0016 0016 0016 003f 0016 003f 0016 0016 0016 003f 0016 0016 0016 003f 0016 003f 0016 003f 0016 0016 0016 003f 0016 0016 0016 003f 0016 0016 0016 0016 0016 0016 0016 0016 0016 003f 0016 0016 0016 003f 0016 0016 0016 003f 0016 03ff 0157 00ab 0016 003f 0016 0016 0016 003f 0016 0016 0016 0016 0016 003f 0016 0016 0016 003f 0016 0016 0016 003f 0016 0016 0016 003f 0016 003f 0016 0016 0016 003f 0016 0016 0016 0016 0016 0016 0016 0016 0016 0016 0016 0016 0016 0016 0016 0016 0016 0016 0016 003f 0016 003f 0016 003f 0016 003f 0016 003f 0016 003f 0016 003f 0016 003f 0016 03ff
Bass-	0000 0066 0000 0044 0157 00ab 0016 003f 0016 0016 0016 003f 0016 0016 0016 0016 0016 003f 0016 0016 0016 003f 0016 0016 0016 003f 0016 0016 0016 003f 0016 003f 0016 0016 0016 003f 0016 0016 0016 003f 0016 003f 0016 003f 0016 0016 0016 003f 0016 0016 0016 003f 0016 0016 0016 0016 0016 0016 0016 0016 0016 003f 0016 0016 0016 003f 0016 0016 0016 003f 0016 0400 0157 00ab 0016 003f 0016 0016 0016 003f 0016 0016 0016 0016 0016 003f 0016 0016 0016 003f 0016 0016 0016 003f 0016 0016 0016 003f 0016 003f 0016 0016 0016 003f 0016 0016 0016 003f 0016 0016 0016 0016 0016 0016 0016 0016 0016 0016 0016 0016 0016 0016 0016 0016 0016 003f 0016 003f 0016 003f 0016 003f 0016 003f 0016 003f 0016 003f 0016 0400
Treb+	0000 0066 0000 0044 0157 00ab 0016 003f 0016 0016 0016 003f 0016 0016 0016 0016 0016 003f 0016 0016 0016 003f 0016 0016 0016 003f 0016 0016 0016 003f 0016 003f 0016 0016 0016 003f 0016 0016 0016 003f 0016 003f 0016 003f 0016 0016 0016 003f 0016 0016 0016 003f 0016 0016 0016 0016 0016 0016 0016 0016 0016 003f 0016 0016 0016 003f 0016 0016 0016 003f 0016 0400 0157 00ab 0016 003f 0016 0016 0016 003f 0016 0016 0016 0016 0016 003f 0016 0016 0016 003f 0016 0016 0016 003f 0016 0016 0016 003f 0016 003f 0016 0016 0016 003f 0016 0016 0016 0016 0016 003f 0016 0016 0016 0016 0016 0016 0016 0016 0016 0016 0016 0016 0016 003f 0016 0016 0016 003f 0016 003f 0016 003f 0016 003f 0016 003f 0016 003f 0016 0400
Treb-	0000 0066 0000 0044 0157 00ab 0016 003f 0016 0016 0016 003f 0016 0016 0016 0016 0016 003f 0016 0016 0016 003f 0016 0016 0016 003f 0016 0016 0016 003f 0016 003f 0016 0016 0016 003f 0016 0016 0016 003f 0016 003f 0016 003f 0016 0016 0016 003f 0016 0016 0016 003f 0016 0016 0016 0016 0016 0016 0016 0016 0016 003f 0016 0016 0016 003f 0016 0016 0016 003f 0016 03ff 0157 00ab 0016 003f 0016 0016 0016 003f 0016 0016 0016 0016 0016 003f 0016 0016 0016 003f 0016 0016 0016 003f 0016 0016 0016 003f 0016 003f 0016 0016 0016 003f 0016 0016 0016 003f 0016 003f 0016 0016 0016 0016 0016 0016 0016 0016 0016 0016 0016 0016 0016 0016 0016 0016 0016 003f 0016 003f 0016 003f 0016 003f 0016 003f 0016 003f 0016 03ff
