Power	0000 0067 0000 0022 0155 00a9 0016 003f 0016 0014 0016 003f 0016 0014 0016 0014 0016 003f 0016 0014 0016 003f 0016 0014 0016 003f 0016 0014 0016 003f 0016 003f 0016 0014 0016 003f 0016 0015 0016 0014 0016 0014 0016 003f 0016 003f 0016 003f 0016 0014 0016 0014 0016 0015 0016 003f 0016 003f 0016 0014 0016 0014 0016 0014 0016 003f 0016 003f 0016 003f 0016 0411
AU Srce-1	0000 0067 0000 0044 0155 00a9 0016 003f 0016 0014 0016 003f 0016 0014 0016 0014 0016 003f 0016 0014 0016 003f 0016 0014 0016 003f 0016 0014 0016 003f 0016 003f 0016 0014 0016 003f 0016 0015 0016 003f 0016 003f 0016 0014 0016 0014 0016 003f 0016 0014 0016 0014 0016 0015 0016 0014 0016 0014 0016 003f 0016 003f 0016 0014 0016 003f 0016 003f 0016 003f 0016 0411 0155 00a9 0016 003f 0016 0014 0016 003f 0016 0014 0016 0014 0016 003f 0016 0014 0016 003f 0016 0014 0016 003f 0016 0014 0016 003f 0016 003f 0016 0014 0016 003f 0016 0015 0016 003f 0016 0014 0016 0014 0016 0014 0016 0014 0016 0014 0016 0014 0016 0015 0016 0014 0016 003f 0016 003f 0016 003f 0016 003f 0016 003f 0016 003f 0016 003f 0016 0410
AU Srce-2	0000 0067 0000 0044 0155 00a9 0016 003f 0016 0014 0016 003f 0016 0014 0016 0014 0016 003f 0016 0014 0016 003f 0016 0014 0016 003f 0016 0014 0016 003f 0016 003f 0016 0014 0016 003f 0016 0015 0016 003f 0016 003f 0016 0014 0016 0014 0016 003f 0016 0014 0016 0014 0016 0015 0016 0014 0016 0014 0016 003f 0016 003f 0016 0014 0016 003f 0016 003f 0016 003f 0016 0411 0155 00a9 0016 003f 0016 0014 0016 003f 0016 0014 0016 0014 0016 003f 0016 0014 0016 003f 0016 0014 0016 003f 0016 0014 0016 003f 0016 003f 0016 0014 0016 003f 0016 0015 0016 0014 0016 003f 0016 0014 0016 0014 0016 0014 0016 0014 0016 0014 0016 0015 0016 003f 0016 0014 0016 003f 0016 003f 0016 003f 0016 003f 0016 003f 0016 003f 0016 0410
Sleep	0000 0067 0000 0022 0155 00a9 0016 003f 0016 0014 0016 003f 0016 0014 0016 0014 0016 003f 0016 0014 0016 003f 0016 0014 0016 003f 0016 0014 0016 003f 0016 003f 0016 0014 0016 003f 0016 0015 0016 0014 0016 0014 0016 0014 0016 003f 0016 0014 0016 0014 0016 003f 0016 0015 0016 003f 0016 003f 0016 003f 0016 0014 0016 003f 0016 003f 0016 0014 0016 003f 0016 0411
Acr1	0000 0067 0000 0022 0155 00a9 0016 003f 0016 0014 0016 003f 0016 0014 0016 0014 0016 003f 0016 0014 0016 003f 0016 0014 0016 003f 0016 0014 0016 003f 0016 003f 0016 0014 0016 003f 0016 0015 0016 0014 0016 003f 0016 003f 0016 003f 0016 0014 0016 0014 0016 003f 0016 0015 0016 003f 0016 0014 0016 0014 0016 0014 0016 003f 0016 003f 0016 0014 0016 003f 0016 0411
Acr2	0000 0067 0000 0022 0155 00a9 0016 003f 0016 0014 0016 003f 0016 0014 0016 0014 0016 003f 0016 0014 0016 003f 0016 0014 0016 003f 0016 0014 0016 003f 0016 003f 0016 0014 0016 003f 0016 0015 0016 003f 0016 0014 0016 003f 0016 003f 0016 003f 0016 0014 0016 0014 0016 0015 0016 0014 0016 003f 0016 0014 0016 0014 0016 0014 0016 003f 0016 003f 0016 003f 0016 0411
Phono	0000 0067 0000 0022 0155 00a9 0016 003f 0016 0014 0016 003f 0016 0014 0016 0014 0016 003f 0016 0014 0016 003f 0016 0014 0016 003f 0016 0014 0016 003f 0016 003f 0016 0014 0016 003f 0016 0015 0016 003f 0016 0014 0016 003f 0016 003f 0016 0014 0016 0014 0016 003f 0016 0015 0016 0014 0016 003f 0016 0014 0016 0014 0016 003f 0016 003f 0016 0014 0016 003f 0016 0411
Tune	0000 0067 0000 0022 0155 00a9 0016 003f 0016 0014 0016 003f 0016 0014 0016 0014 0016 003f 0016 0014 0016 003f 0016 0014 0016 003f 0016 0014 0016 003f 0016 003f 0016 0014 0016 003f 0016 0015 0016 003f 0016 003f 0016 003f 0016 0014 0016 0014 0016 0014 0016 003f 0016 0015 0016 0014 0016 0014 0016 0014 0016 003f 0016 003f 0016 003f 0016 0014 0016 003f 0016 0411
CD	0000 0067 0000 0022 0155 00a9 0016 003f 0016 0014 0016 003f 0016 0014 0016 0014 0016 003f 0016 0014 0016 003f 0016 0014 0016 003f 0016 0014 0016 003f 0016 003f 0016 0014 0016 003f 0016 0015 0016 0014 0016 0014 0016 003f 0016 003f 0016 0014 0016 0014 0016 003f 0016 0015 0016 003f 0016 003f 0016 0014 0016 0014 0016 003f 0016 003f 0016 0014 0016 003f 0016 0411
VCR1	0000 0067 0000 0022 0155 00a9 0016 003f 0016 0014 0016 003f 0016 0014 0016 0014 0016 003f 0016 0014 0016 003f 0016 0014 0016 003f 0016 0014 0016 003f 0016 003f 0016 0014 0016 003f 0016 0015 0016 003f 0016 003f 0016 003f 0016 003f 0016 0014 0016 0014 0016 0014 0016 0015 0016 0014 0016 0014 0016 0014 0016 0014 0016 003f 0016 003f 0016 003f 0016 003f 0016 0411
VCR2	0000 0067 0000 0022 0155 00a9 0016 003f 0016 0014 0016 003f 0016 0014 0016 0014 0016 003f 0016 0014 0016 003f 0016 0014 0016 003f 0016 0014 0016 003f 0016 003f 0016 0014 0016 003f 0016 0015 0016 0014 0016 003f 0016 003f 0016 003f 0016 0014 0016 0014 0016 0014 0016 0015 0016 003f 0016 0014 0016 0014 0016 0014 0016 003f 0016 003f 0016 003f 0016 003f 0016 0411
Video	0000 0067 0000 0022 0155 00a9 0016 003f 0016 0014 0016 003f 0016 0014 0016 0014 0016 003f 0016 0014 0016 003f 0016 0014 0016 003f 0016 0014 0016 003f 0016 003f 0016 0014 0016 003f 0016 0015 0016 0014 0016 003f 0016 003f 0016 0014 0016 003f 0016 0014 0016 0014 0016 0015 0016 003f 0016 0014 0016 0014 0016 003f 0016 0014 0016 003f 0016 003f 0016 003f 0016 0411
TV/Sat	0000 0067 0000 0022 0155 00a9 0016 003f 0016 0014 0016 003f 0016 0014 0016 0014 0016 003f 0016 0014 0016 003f 0016 0014 0016 003f 0016 0014 0016 003f 0016 003f 0016 0014 0016 003f 0016 0015 0016 0014 0016 0014 0016 003f 0016 003f 0016 0014 0016 0014 0016 0014 0016 0015 0016 003f 0016 003f 0016 0014 0016 0014 0016 003f 0016 003f 0016 003f 0016 003f 0016 0411
LD	0000 0067 0000 0022 0155 00a9 0016 003f 0016 0014 0016 003f 0016 0014 0016 0014 0016 003f 0016 0014 0016 003f 0016 0014 0016 003f 0016 0014 0016 003f 0016 003f 0016 0014 0016 003f 0016 0015 0016 003f 0016 0014 0016 003f 0016 003f 0016 0014 0016 0014 0016 0014 0016 0015 0016 0014 0016 003f 0016 0014 0016 0014 0016 003f 0016 003f 0016 003f 0016 003f 0016 0411
Return	0000 0067 0000 0044 0155 00a9 0016 003f 0016 0014 0016 003f 0016 0014 0016 0014 0016 003f 0016 0014 0016 003f 0016 0014 0016 003f 0016 0014 0016 003f 0016 003f 0016 0014 0016 003f 0016 0015 0016 003f 0016 0014 0016 003f 0016 003f 0016 003f 0016 0014 0016 003f 0016 0015 0016 0014 0016 003f 0016 0014 0016 0014 0016 0014 0016 003f 0016 0014 0016 003f 0016 0411 0155 00a9 0016 003f 0016 0014 0016 003f 0016 0014 0016 0014 0016 003f 0016 0014 0016 003f 0016 0014 0016 003f 0016 0014 0016 003f 0016 003f 0016 0014 0016 003f 0016 0015 0016 003f 0016 0014 0016 0014 0016 003f 0016 0014 0016 0014 0016 0014 0016 0015 0016 0014 0016 003f 0016 003f 0016 0014 0016 003f 0016 003f 0016 003f 0016 003f 0016 0410
Direct	0000 0067 0000 0044 0155 00a9 0016 003f 0016 0014 0016 003f 0016 0014 0016 0014 0016 003f 0016 0014 0016 003f 0016 0014 0016 003f 0016 0014 0016 003f 0016 003f 0016 0014 0016 003f 0016 0015 0016 003f 0016 0014 0016 003f 0016 003f 0016 003f 0016 0014 0016 003f 0016 0015 0016 0014 0016 003f 0016 0014 0016 0014 0016 0014 0016 003f 0016 0014 0016 003f 0016 0411 0155 00a9 0016 003f 0016 0014 0016 003f 0016 0014 0016 0014 0016 003f 0016 0014 0016 003f 0016 0014 0016 003f 0016 0014 0016 003f 0016 003f 0016 0014 0016 003f 0016 0015 0016 0014 0016 0014 0016 0014 0016 003f 0016 0014 0016 0014 0016 0014 0016 0015 0016 003f 0016 003f 0016 003f 0016 0014 0016 003f 0016 003f 0016 003f 0016 003f 0016 0410
V-Sel	0000 0067 0000 0022 0155 00a9 0016 003f 0016 0014 0016 003f 0016 0014 0016 0014 0016 003f 0016 0014 0016 003f 0016 0014 0016 003f 0016 0014 0016 003f 0016 003f 0016 0014 0016 003f 0016 0015 0016 0014 0016 0014 0016 003f 0016 0014 0016 003f 0016 0014 0016 003f 0016 0015 0016 003f 0016 003f 0016 0014 0016 003f 0016 0014 0016 003f 0016 0014 0016 003f 0016 0411
SU Mode	0000 0067 0000 0022 0155 00a9 0016 003f 0016 0014 0016 003f 0016 0014 0016 0014 0016 003f 0016 0014 0016 003f 0016 0014 0016 003f 0016 0014 0016 003f 0016 003f 0016 0014 0016 003f 0016 0015 0016 0014 0016 0014 0016 0014 0016 0014 0016 0014 0016 0014 0016 003f 0016 0015 0016 003f 0016 003f 0016 003f 0016 003f 0016 003f 0016 003f 0016 0014 0016 003f 0016 0411
3 Logic	0000 0067 0000 0044 0155 00a9 0016 003f 0016 0014 0016 003f 0016 0014 0016 0014 0016 003f 0016 0014 0016 003f 0016 0014 0016 003f 0016 0014 0016 003f 0016 003f 0016 0014 0016 003f 0016 0015 0016 003f 0016 003f 0016 003f 0016 003f 0016 003f 0016 0014 0016 0014 0016 003f 0016 0014 0016 0014 0016 0014 0016 0014 0016 0014 0016 003f 0016 003f 0016 0015 0016 0411 0155 00a9 0016 003f 0016 0014 0016 003f 0016 0014 0016 0014 0016 003f 0016 0014 0016 003f 0016 0014 0016 003f 0016 0014 0016 003f 0016 003f 0016 0014 0016 003f 0016 0015 0016 003f 0016 0014 0016 0014 0016 0014 0016 0014 0016 0014 0016 003f 0016 003f 0016 0014 0016 003f 0016 003f 0016 003f 0016 003f 0016 003f 0016 0014 0016 0015 0016 0410
Del Time	0000 0067 0000 0044 0155 00a9 0016 003f 0016 0014 0016 003f 0016 0014 0016 0014 0016 003f 0016 0014 0016 003f 0016 0014 0016 003f 0016 0014 0016 003f 0016 003f 0016 0014 0016 003f 0016 0015 0016 0014 0016 003f 0016 0014 0016 003f 0016 003f 0016 0014 0016 003f 0016 0015 0016 003f 0016 0014 0016 003f 0016 0014 0016 0014 0016 003f 0016 0014 0016 003f 0016 0411 0155 00a9 0016 003f 0016 0014 0016 003f 0016 0014 0016 0014 0016 003f 0016 0014 0016 003f 0016 0014 0016 003f 0016 0014 0016 003f 0016 003f 0016 0014 0016 003f 0016 0015 0016 003f 0016 003f 0016 0014 0016 0014 0016 0014 0016 0014 0016 0014 0016 0015 0016 0014 0016 0014 0016 003f 0016 003f 0016 003f 0016 003f 0016 003f 0016 003f 0016 0410
S-Bass	0000 0067 0000 0044 0155 00a9 0016 003f 0016 0014 0016 003f 0016 0014 0016 0014 0016 003f 0016 0014 0016 003f 0016 0014 0016 003f 0016 0014 0016 003f 0016 003f 0016 0014 0016 003f 0016 0015 0016 0014 0016 003f 0016 0014 0016 003f 0016 003f 0016 0014 0016 003f 0016 0015 0016 003f 0016 0014 0016 003f 0016 0014 0016 0014 0016 003f 0016 0014 0016 003f 0016 0411 0155 00a9 0016 003f 0016 0014 0016 003f 0016 0014 0016 0014 0016 003f 0016 0014 0016 003f 0016 0014 0016 003f 0016 0014 0016 003f 0016 003f 0016 0014 0016 003f 0016 0015 0016 0014 0016 0014 0016 003f 0016 0014 0016 0014 0016 0014 0016 0014 0016 0015 0016 003f 0016 003f 0016 0014 0016 003f 0016 003f 0016 003f 0016 003f 0016 003f 0016 0410
Mute	0000 0067 0000 0022 0155 00a9 0016 003f 0016 0014 0016 003f 0016 0014 0016 0014 0016 003f 0016 0014 0016 003f 0016 0014 0016 003f 0016 0014 0016 003f 0016 003f 0016 0014 0016 003f 0016 0015 0016 0014 0016 003f 0016 0014 0016 0014 0016 003f 0016 0014 0016 0014 0016 0015 0016 003f 0016 0014 0016 003f 0016 003f 0016 0014 0016 003f 0016 003f 0016 003f 0016 0411
G Mode	0000 0067 0000 0044 0155 00a9 0016 003f 0016 0014 0016 003f 0016 0014 0016 0014 0016 003f 0016 0014 0016 003f 0016 0014 0016 003f 0016 0014 0016 003f 0016 003f 0016 0014 0016 003f 0016 0015 0016 0014 0016 0014 0016 003f 0016 003f 0016 003f 0016 0014 0016 0014 0016 003f 0016 003f 0016 003f 0016 0014 0016 0014 0016 0014 0016 003f 0016 003f 0016 0015 0016 0411 0155 00a9 0016 003f 0016 0014 0016 003f 0016 0014 0016 0014 0016 003f 0016 0014 0016 003f 0016 0014 0016 003f 0016 0014 0016 003f 0016 003f 0016 0014 0016 003f 0016 0015 0016 003f 0016 0014 0016 0014 0016 003f 0016 0014 0016 0014 0016 003f 0016 003f 0016 0014 0016 003f 0016 003f 0016 0014 0016 003f 0016 003f 0016 0014 0016 0015 0016 0410
Enter	0000 0067 0000 0022 0155 00a9 0016 003f 0016 0014 0016 003f 0016 0014 0016 0014 0016 003f 0016 0014 0016 003f 0016 0014 0016 003f 0016 0014 0016 003f 0016 003f 0016 0014 0016 003f 0016 0015 0016 0014 0016 0014 0016 003f 0016 0014 0016 0014 0016 0014 0016 0014 0016 003f 0016 003f 0016 003f 0016 0014 0016 003f 0016 003f 0016 003f 0016 003f 0016 0015 0016 0411
Up	0000 0067 0000 0022 0155 00a9 0016 003f 0016 0014 0016 003f 0016 0014 0016 0014 0016 003f 0016 0014 0016 003f 0016 0014 0016 003f 0016 0014 0016 003f 0016 003f 0016 0014 0016 003f 0016 0015 0016 0014 0016 0014 0016 0014 0016 0014 0016 0014 0016 0014 0016 0014 0016 003f 0016 003f 0016 003f 0016 003f 0016 003f 0016 003f 0016 003f 0016 003f 0016 0015 0016 0411
Down	0000 0067 0000 0022 0155 00a9 0016 003f 0016 0014 0016 003f 0016 0014 0016 0014 0016 003f 0016 0014 0016 003f 0016 0014 0016 003f 0016 0014 0016 003f 0016 003f 0016 0014 0016 003f 0016 0015 0016 003f 0016 0014 0016 0014 0016 0014 0016 0014 0016 0014 0016 0014 0016 003f 0016 0014 0016 003f 0016 003f 0016 003f 0016 003f 0016 003f 0016 003f 0016 0015 0016 0411
Left	0000 0067 0000 0022 0155 00a9 0016 003f 0016 0014 0016 003f 0016 0014 0016 0014 0016 003f 0016 0014 0016 003f 0016 0014 0016 003f 0016 0014 0016 003f 0016 003f 0016 0014 0016 003f 0016 0015 0016 003f 0016 003f 0016 0014 0016 0014 0016 0014 0016 0014 0016 0014 0016 003f 0016 0014 0016 0014 0016 003f 0016 003f 0016 003f 0016 003f 0016 003f 0016 0015 0016 0411
Right	0000 0067 0000 0022 0155 00a9 0016 003f 0016 0014 0016 003f 0016 0014 0016 0014 0016 003f 0016 0014 0016 003f 0016 0014 0016 003f 0016 0014 0016 003f 0016 003f 0016 0014 0016 003f 0016 0015 0016 0014 0016 003f 0016 0014 0016 0014 0016 0014 0016 0014 0016 0014 0016 003f 0016 003f 0016 0014 0016 003f 0016 003f 0016 003f 0016 003f 0016 003f 0016 0015 0016 0411
Vol+	0000 0067 0000 0022 0155 00a9 0016 003f 0016 0014 0016 003f 0016 0014 0016 0014 0016 003f 0016 0014 0016 003f 0016 0014 0016 003f 0016 0014 0016 003f 0016 003f 0016 0014 0016 003f 0016 0015 0016 0014 0016 003f 0016 0014 0016 003f 0016 0014 0016 0014 0016 0014 0016 0015 0016 003f 0016 0014 0016 003f 0016 0014 0016 003f 0016 003f 0016 003f 0016 003f 0016 0411
Vol-	0000 0067 0000 0022 0155 00a9 0016 003f 0016 0014 0016 003f 0016 0014 0016 0014 0016 003f 0016 0014 0016 003f 0016 0014 0016 003f 0016 0014 0016 003f 0016 003f 0016 0014 0016 003f 0016 0015 0016 003f 0016 003f 0016 0014 0016 003f 0016 0014 0016 0014 0016 0014 0016 0015 0016 0014 0016 0014 0016 003f 0016 0014 0016 003f 0016 003f 0016 003f 0016 003f 0016 0411
