DVD/LD	0000 0066 0000 0022 0000 00AA 0000 003F 0000 0016 0000 003F 0000 0016 0000 0016 0000 003F 0000 0016 0000 003F 0000 0016 0000 003F 0000 0016 0000 003F 0000 003F 0000 0016 0000 003F 0000 0016 0000 003F 0000 0016 0000 003F 0000 0016 0000 0016 0000 0016 0000 0016 0000 003F 0000 0016 0000 003F 0000 0016 0000 003F 0000 003F 0000 003F 0000 003F 0000 0016 0000 03FB
VCR1	0000 0066 0000 0022 0000 00AA 0000 003F 0000 0016 0000 003F 0000 0016 0000 0016 0000 003F 0000 0016 0000 003F 0000 0016 0000 003F 0000 0016 0000 003F 0000 003F 0000 0016 0000 003F 0000 0016 0000 003F 0000 003F 0000 003F 0000 003F 0000 0016 0000 0016 0000 0016 0000 0016 0000 0016 0000 0016 0000 0016 0000 0016 0000 003F 0000 003F 0000 003F 0000 003F 0000 03FB
VCR2	0000 0066 0000 0022 0000 00AA 0000 003F 0000 0016 0000 003F 0000 0016 0000 0016 0000 003F 0000 0016 0000 003F 0000 0016 0000 003F 0000 0016 0000 003F 0000 003F 0000 0016 0000 003F 0000 0016 0000 0016 0000 003F 0000 003F 0000 003F 0000 0016 0000 0016 0000 0016 0000 0016 0000 003F 0000 0016 0000 0016 0000 0016 0000 003F 0000 003F 0000 003F 0000 003F 0000 03FB
VCR3	0000 0066 0000 0022 0000 00AA 0000 003F 0000 0016 0000 003F 0000 0016 0000 0016 0000 003F 0000 0016 0000 003F 0000 0016 0000 003F 0000 0016 0000 003F 0000 003F 0000 0016 0000 003F 0000 0016 0000 0016 0000 003F 0000 003F 0000 0016 0000 0016 0000 0016 0000 003F 0000 0016 0000 003F 0000 0016 0000 0016 0000 003F 0000 003F 0000 003F 0000 0016 0000 003F 0000 03FB
TV	0000 0066 0000 0022 0000 00AA 0000 003F 0000 0016 0000 003F 0000 0016 0000 0016 0000 003F 0000 0016 0000 003F 0000 0016 0000 003F 0000 0016 0000 003F 0000 003F 0000 0016 0000 003F 0000 0016 0000 0016 0000 0016 0000 003F 0000 003F 0000 0016 0000 0016 0000 0016 0000 0016 0000 003F 0000 003F 0000 0016 0000 0016 0000 003F 0000 003F 0000 003F 0000 003F 0000 03FB
CD	0000 0066 0000 0022 0000 00AA 0000 003F 0000 0016 0000 003F 0000 0016 0000 0016 0000 003F 0000 0016 0000 003F 0000 0016 0000 003F 0000 0016 0000 003F 0000 003F 0000 0016 0000 003F 0000 0016 0000 0016 0000 0016 0000 003F 0000 003F 0000 0016 0000 0016 0000 003F 0000 0016 0000 003F 0000 003F 0000 0016 0000 0016 0000 003F 0000 003F 0000 0016 0000 003F 0000 03FB
 R/Tape1	0000 0066 0000 0022 0000 00AA 0000 003F 0000 0016 0000 003F 0000 0016 0000 0016 0000 003F 0000 0016 0000 003F 0000 0016 0000 003F 0000 0016 0000 003F 0000 003F 0000 0016 0000 003F 0000 0016 0000 0016 0000 0016 0000 0016 0000 003F 0000 0016 0000 0016 0000 0016 0000 003F 0000 003F 0000 003F 0000 003F 0000 0016 0000 003F 0000 003F 0000 003F 0000 0016 0000 03FB
Tuner	0000 0066 0000 0022 0000 00AA 0000 003F 0000 0016 0000 003F 0000 0016 0000 0016 0000 003F 0000 0016 0000 003F 0000 0016 0000 003F 0000 0016 0000 003F 0000 003F 0000 0016 0000 003F 0000 0016 0000 003F 0000 003F 0000 003F 0000 0016 0000 0016 0000 0016 0000 003F 0000 0016 0000 0016 0000 0016 0000 0016 0000 003F 0000 003F 0000 003F 0000 0016 0000 003F 0000 03FB
Video	0000 0066 0000 0022 0000 00AA 0000 003F 0000 0016 0000 003F 0000 0016 0000 0016 0000 003F 0000 0016 0000 003F 0000 0016 0000 003F 0000 0016 0000 003F 0000 003F 0000 0016 0000 003F 0000 0016 0000 0016 0000 003F 0000 003F 0000 0016 0000 003F 0000 0016 0000 0016 0000 0016 0000 003F 0000 0016 0000 0016 0000 003F 0000 0016 0000 003F 0000 003F 0000 003F 0000 03FB
Sat	0000 0066 0000 0022 0000 00AA 0000 003F 0000 0016 0000 003F 0000 0016 0000 0016 0000 003F 0000 0016 0000 003F 0000 0016 0000 003F 0000 0016 0000 003F 0000 003F 0000 0016 0000 003F 0000 0016 0000 0016 0000 0016 0000 0016 0000 0016 0000 003F 0000 0016 0000 0016 0000 0016 0000 003F 0000 003F 0000 003F 0000 003F 0000 0016 0000 003F 0000 003F 0000 003F 0000 03FB
Up	0000 0066 0000 0022 0000 00AA 0000 0016 0000 003F 0000 0016 0000 003F 0000 0016 0000 003F 0000 0016 0000 003F 0000 003F 0000 0016 0000 003F 0000 0016 0000 003F 0000 0016 0000 003F 0000 0016 0000 0016 0000 003F 0000 003F 0000 0016 0000 003F 0000 0016 0000 0016 0000 003F 0000 003F 0000 0016 0000 0016 0000 003F 0000 0016 0000 003F 0000 003F 0000 0016 0000 03FB
Left	0000 0066 0000 0022 0000 00AA 0000 0016 0000 003F 0000 0016 0000 003F 0000 0016 0000 003F 0000 0016 0000 003F 0000 003F 0000 0016 0000 003F 0000 0016 0000 003F 0000 0016 0000 003F 0000 0016 0000 003F 0000 0016 0000 003F 0000 0016 0000 003F 0000 0016 0000 0016 0000 003F 0000 0016 0000 003F 0000 0016 0000 003F 0000 0016 0000 003F 0000 003F 0000 0016 0000 03FB
Enter	0000 0066 0000 0022 0000 00AA 0000 0016 0000 003F 0000 0016 0000 003F 0000 0016 0000 003F 0000 0016 0000 003F 0000 003F 0000 0016 0000 003F 0000 0016 0000 003F 0000 0016 0000 003F 0000 0016 0000 0016 0000 003F 0000 0016 0000 003F 0000 0016 0000 0016 0000 0016 0000 003F 0000 003F 0000 0016 0000 003F 0000 0016 0000 003F 0000 003F 0000 003F 0000 0016 0000 03FB
Right	0000 0066 0000 0022 0000 00AA 0000 0016 0000 003F 0000 0016 0000 003F 0000 0016 0000 003F 0000 0016 0000 003F 0000 003F 0000 0016 0000 003F 0000 0016 0000 003F 0000 0016 0000 003F 0000 0016 0000 0016 0000 0016 0000 003F 0000 0016 0000 003F 0000 0016 0000 0016 0000 003F 0000 003F 0000 003F 0000 0016 0000 003F 0000 0016 0000 003F 0000 003F 0000 0016 0000 03FB
Down	0000 0066 0000 0022 0000 00AA 0000 003F 0000 0016 0000 003F 0000 0016 0000 0016 0000 003F 0000 0016 0000 003F 0000 0016 0000 003F 0000 0016 0000 003F 0000 003F 0000 0016 0000 003F 0000 0016 0000 003F 0000 0016 0000 0016 0000 0016 0000 0016 0000 0016 0000 0016 0000 003F 0000 0016 0000 003F 0000 003F 0000 003F 0000 003F 0000 003F 0000 003F 0000 0016 0000 03FB
Standby	0000 0066 0000 0022 0000 00AA 0000 003F 0000 0016 0000 003F 0000 0016 0000 0016 0000 003F 0000 0016 0000 003F 0000 0016 0000 003F 0000 0016 0000 003F 0000 003F 0000 0016 0000 003F 0000 0016 0000 0016 0000 0016 0000 003F 0000 003F 0000 003F 0000 0016 0000 0016 0000 0016 0000 003F 0000 003F 0000 0016 0000 0016 0000 0016 0000 003F 0000 003F 0000 003F 0000 03FB
System Off	0000 0066 0000 0086 0000 00AA 0000 003F 0000 0016 0000 003F 0000 0016 0000 0016 0000 003F 0000 0016 0000 003F 0000 0016 0000 003F 0000 0016 0000 003F 0000 003F 0000 0016 0000 003F 0000 0016 0000 003F 0000 003F 0000 0016 0000 003F 0000 003F 0000 0016 0000 0016 0000 0016 0000 0016 0000 0016 0000 003F 0000 0016 0000 0016 0000 003F 0000 003F 0000 003F 0000 03FB 0000 00AA 0000 003F 0000 0016 0000 003F 0000 0016 0000 0016 0000 003F 0000 0016 0000 003F 0000 0016 0000 003F 0000 0016 0000 003F 0000 003F 0000 0016 0000 003F 0000 0016 0000 003F 0000 003F 0000 0016 0000 003F 0000 003F 0000 0016 0000 0016 0000 0016 0000 0016 0000 0016 0000 003F 0000 0016 0000 0016 0000 003F 0000 003F 0000 003F 0000 03FB 0000 00AA 0000 003F 0000 0016 0000 003F 0000 0016 0000 0016 0000 003F 0000 0016 0000 003F 0000 0016 0000 003F 0000 0016 0000 003F 0000 003F 0000 0016 0000 003F 0000 0016 0000 003F 0000 003F 0000 0016 0000 003F 0000 003F 0000 0016 0000 0016 0000 0016 0000 0016 0000 0016 0000 003F 0000 0016 0000 0016 0000 003F 0000 003F 0000 003F 0000 0D25 0000 00AA 0000 003F 0000 003F 0000 0016 0000 0016 0000 0016 0000 003F 0000 0016 0000 003F 0000 0016 0000 0016 0000 003F 0000 003F 0000 003F 0000 0016 0000 003F 0000 0016 0000 003F 0000 0016 0000 0016 0000 003F 0000 003F 0000 0016 0000 0016 0000 003F 0000 0016 0000 003F 0000 003F 0000 0016 0000 0016 0000 003F 0000 000D
Mute	0000 0066 0000 0022 0000 00AA 0000 003F 0000 0016 0000 003F 0000 0016 0000 0016 0000 003F 0000 0016 0000 003F 0000 0016 0000 003F 0000 0016 0000 003F 0000 003F 0000 0016 0000 003F 0000 0016 0000 0016 0000 003F 0000 0016 0000 0016 0000 003F 0000 0016 0000 0016 0000 0016 0000 003F 0000 0016 0000 003F 0000 003F 0000 0016 0000 003F 0000 003F 0000 003F 0000 03FB
Vol+	0000 0066 0000 0022 0000 00AA 0000 003F 0000 0016 0000 003F 0000 0016 0000 0016 0000 003F 0000 0016 0000 003F 0000 0016 0000 003F 0000 0016 0000 003F 0000 003F 0000 0016 0000 003F 0000 0016 0000 0016 0000 003F 0000 0016 0000 003F 0000 0016 0000 0016 0000 0016 0000 0016 0000 003F 0000 0016 0000 003F 0000 0016 0000 003F 0000 003F 0000 003F 0000 003F 0000 03FB
Vol-	0000 0066 0000 0022 0000 00AA 0000 003F 0000 0016 0000 003F 0000 0016 0000 0016 0000 003F 0000 0016 0000 003F 0000 0016 0000 003F 0000 0016 0000 003F 0000 003F 0000 0016 0000 003F 0000 0016 0000 003F 0000 003F 0000 0016 0000 003F 0000 0016 0000 0016 0000 0016 0000 0016 0000 0016 0000 0016 0000 003F 0000 0016 0000 003F 0000 003F 0000 003F 0000 003F 0000 03FB
Stereo/Direct	0000 0066 0000 0044 0000 00AA 0000 003F 0000 0016 0000 003F 0000 0016 0000 0016 0000 003F 0000 0016 0000 003F 0000 0016 0000 003F 0000 0016 0000 003F 0000 003F 0000 0016 0000 003F 0000 0016 0000 003F 0000 003F 0000 003F 0000 003F 0000 003F 0000 0016 0000 0016 0000 003F 0000 0016 0000 0016 0000 0016 0000 0016 0000 0016 0000 003F 0000 003F 0000 0016 0000 03FB 0000 00AA 0000 003F 0000 0016 0000 003F 0000 0016 0000 0016 0000 003F 0000 0016 0000 003F 0000 0016 0000 003F 0000 0016 0000 003F 0000 003F 0000 0016 0000 003F 0000 0016 0000 0016 0000 0016 0000 0016 0000 0016 0000 0016 0000 0016 0000 003F 0000 003F 0000 003F 0000 003F 0000 003F 0000 003F 0000 003F 0000 003F 0000 0016 0000 0016 0000 03FB
THX	0000 0066 0000 0044 0000 00AA 0000 003F 0000 0016 0000 003F 0000 0016 0000 0016 0000 003F 0000 0016 0000 003F 0000 0016 0000 003F 0000 0016 0000 003F 0000 003F 0000 0016 0000 003F 0000 0016 0000 003F 0000 003F 0000 003F 0000 003F 0000 003F 0000 0016 0000 0016 0000 003F 0000 0016 0000 0016 0000 0016 0000 0016 0000 0016 0000 003F 0000 003F 0000 0016 0000 03FB 0000 00AA 0000 003F 0000 0016 0000 003F 0000 0016 0000 0016 0000 003F 0000 0016 0000 003F 0000 0016 0000 003F 0000 0016 0000 003F 0000 003F 0000 0016 0000 003F 0000 0016 0000 003F 0000 0016 0000 0016 0000 0016 0000 003F 0000 0016 0000 003F 0000 003F 0000 0016 0000 003F 0000 003F 0000 003F 0000 0016 0000 003F 0000 0016 0000 0016 0000 0016
Standard	0000 0066 0000 0044 0000 00AA 0000 003F 0000 0016 0000 003F 0000 0016 0000 0016 0000 003F 0000 0016 0000 003F 0000 0016 0000 003F 0000 0016 0000 003F 0000 003F 0000 0016 0000 003F 0000 0016 0000 0016 0000 003F 0000 003F 0000 003F 0000 003F 0000 0016 0000 003F 0000 0016 0000 003F 0000 0016 0000 0016 0000 0016 0000 0016 0000 003F 0000 0016 0000 003F 0000 03FB 0000 00AA 0000 003F 0000 0016 0000 003F 0000 0016 0000 0016 0000 003F 0000 0016 0000 003F 0000 0016 0000 003F 0000 0016 0000 003F 0000 003F 0000 0016 0000 003F 0000 0016 0000 0016 0000 0016 0000 0016 0000 003F 0000 0016 0000 0016 0000 0016 0000 0016 0000 003F 0000 003F 0000 003F 0000 0016 0000 003F 0000 003F 0000 003F 0000 003F 0000 03FB
Advanced Cinema	0000 0066 0000 0044 0000 00AA 0000 003F 0000 0016 0000 003F 0000 0016 0000 0016 0000 003F 0000 0016 0000 003F 0000 0016 0000 003F 0000 0016 0000 003F 0000 003F 0000 0016 0000 003F 0000 0016 0000 003F 0000 003F 0000 003F 0000 003F 0000 003F 0000 0016 0000 0016 0000 003F 0000 0016 0000 0016 0000 0016 0000 0016 0000 0016 0000 003F 0000 003F 0000 0016 0000 03FB 0000 00AA 0000 003F 0000 0016 0000 003F 0000 0016 0000 0016 0000 003F 0000 0016 0000 003F 0000 0016 0000 003F 0000 0016 0000 003F 0000 003F 0000 0016 0000 003F 0000 0016 0000 003F 0000 003F 0000 0016 0000 0016 0000 003F 0000 0016 0000 003F 0000 003F 0000 0016 0000 0016 0000 003F 0000 003F 0000 0016 0000 003F 0000 0016 0000 0016 0000 03FB
Advanced Concert	0000 0066 0000 0022 0000 00AA 0000 003F 0000 0016 0000 003F 0000 0016 0000 0016 0000 003F 0000 0016 0000 003F 0000 0016 0000 003F 0000 0016 0000 003F 0000 003F 0000 0016 0000 003F 0000 0016 0000 0016 0000 0016 0000 0016 0000 0016 0000 0016 0000 0016 0000 003F 0000 0016 0000 003F 0000 003F 0000 003F 0000 003F 0000 003F 0000 003F 0000 0016 0000 003F 0000 03FB
Midnight	0000 0066 0000 0044 0000 00AA 0000 003F 0000 0016 0000 003F 0000 0016 0000 0016 0000 003F 0000 0016 0000 003F 0000 0016 0000 003F 0000 0016 0000 003F 0000 003F 0000 0016 0000 003F 0000 0016 0000 003F 0000 003F 0000 003F 0000 003F 0000 003F 0000 0016 0000 0016 0000 003F 0000 0016 0000 0016 0000 0016 0000 0016 0000 0016 0000 003F 0000 003F 0000 0016 0000 03FB 0000 00AA 0000 003F 0000 0016 0000 003F 0000 0016 0000 0016 0000 003F 0000 0016 0000 003F 0000 0016 0000 003F 0000 0016 0000 003F 0000 003F 0000 0016 0000 003F 0000 0016 0000 003F 0000 003F 0000 0016 0000 003F 0000 0016 0000 0016 0000 003F 0000 003F 0000 0016 0000 0016 0000 003F 0000 0016 0000 003F 0000 003F 0000 0016 0000 0016 0000 03FB
Digital NR	0000 0066 0000 0044 0000 00AA 0000 003F 0000 0016 0000 003F 0000 0016 0000 0016 0000 003F 0000 0016 0000 003F 0000 0016 0000 003F 0000 0016 0000 003F 0000 003F 0000 0016 0000 003F 0000 0016 0000 003F 0000 0016 0000 0016 0000 003F 0000 003F 0000 0016 0000 003F 0000 0016 0000 0016 0000 003F 0000 003F 0000 0016 0000 0016 0000 003F 0000 0016 0000 003F 0000 03FB 0000 00AA 0000 003F 0000 0016 0000 003F 0000 0016 0000 0016 0000 003F 0000 0016 0000 003F 0000 0016 0000 003F 0000 0016 0000 003F 0000 003F 0000 0016 0000 003F 0000 0016 0000 003F 0000 003F 0000 003F 0000 0016 0000 0016 0000 0016 0000 0016 0000 0016 0000 0016 0000 0016 0000 0016 0000 003F 0000 003F 0000 003F 0000 003F 0000 003F 0000 03FB
Multi Ch In	0000 0066 0000 0044 0000 00AA 0000 003F 0000 0016 0000 003F 0000 0016 0000 0016 0000 003F 0000 0016 0000 003F 0000 0016 0000 003F 0000 0016 0000 003F 0000 003F 0000 0016 0000 003F 0000 0016 0000 0016 0000 003F 0000 003F 0000 003F 0000 003F 0000 0016 0000 003F 0000 0016 0000 003F 0000 0016 0000 0016 0000 0016 0000 0016 0000 003F 0000 0016 0000 003F 0000 03FB 0000 00AA 0000 003F 0000 0016 0000 003F 0000 0016 0000 0016 0000 003F 0000 0016 0000 003F 0000 0016 0000 003F 0000 0016 0000 003F 0000 003F 0000 0016 0000 003F 0000 0016 0000 0016 0000 003F 0000 003F 0000 0016 0000 0016 0000 0016 0000 0016 0000 0016 0000 003F 0000 0016 0000 0016 0000 003F 0000 003F 0000 003F 0000 003F 0000 003F 0000 03FB
Listening Ch Sel	0000 0066 0000 0044 0000 00AA 0000 003F 0000 0016 0000 003F 0000 0016 0000 0016 0000 003F 0000 0016 0000 003F 0000 0016 0000 003F 0000 0016 0000 003F 0000 003F 0000 0016 0000 003F 0000 0016 0000 003F 0000 003F 0000 003F 0000 003F 0000 003F 0000 0016 0000 0016 0000 003F 0000 0016 0000 0016 0000 0016 0000 0016 0000 0016 0000 003F 0000 003F 0000 0016 0000 03FB 0000 00AA 0000 003F 0000 0016 0000 003F 0000 0016 0000 0016 0000 003F 0000 0016 0000 003F 0000 0016 0000 003F 0000 0016 0000 003F 0000 003F 0000 0016 0000 003F 0000 0016 0000 0016 0000 0016 0000 003F 0000 0016 0000 003F 0000 0016 0000 003F 0000 003F 0000 003F 0000 003F 0000 0016 0000 003F 0000 0016 0000 003F 0000 0016 0000 0016 0000 03FB
Acoustic Cal	0000 0066 0000 0044 0000 00AA 0000 003F 0000 0016 0000 003F 0000 0016 0000 0016 0000 003F 0000 0016 0000 003F 0000 0016 0000 003F 0000 0016 0000 003F 0000 003F 0000 0016 0000 003F 0000 0016 0000 003F 0000 003F 0000 003F 0000 003F 0000 003F 0000 0016 0000 0016 0000 003F 0000 0016 0000 0016 0000 0016 0000 0016 0000 0016 0000 003F 0000 003F 0000 0016 0000 03FB 0000 00AA 0000 003F 0000 0016 0000 003F 0000 0016 0000 0016 0000 003F 0000 0016 0000 003F 0000 0016 0000 003F 0000 0016 0000 003F 0000 003F 0000 0016 0000 003F 0000 0016 0000 0016 0000 0016 0000 003F 0000 003F 0000 003F 0000 0016 0000 003F 0000 003F 0000 003F 0000 003F 0000 0016 0000 0016 0000 0016 0000 003F 0000 0016 0000 0016 0000 03FB
Tone	0000 0066 0000 0044 0000 00AA 0000 003F 0000 0016 0000 003F 0000 0016 0000 0016 0000 003F 0000 0016 0000 003F 0000 0016 0000 003F 0000 0016 0000 003F 0000 003F 0000 0016 0000 003F 0000 0016 0000 003F 0000 003F 0000 003F 0000 0016 0000 003F 0000 0016 0000 003F 0000 0016 0000 0016 0000 0016 0000 0016 0000 003F 0000 0016 0000 003F 0000 0016 0000 003F 0000 03FB 0000 00AA 0000 003F 0000 0016 0000 003F 0000 0016 0000 0016 0000 003F 0000 0016 0000 003F 0000 0016 0000 003F 0000 0016 0000 003F 0000 003F 0000 0016 0000 003F 0000 0016 0000 0016 0000 0016 0000 0016 0000 0016 0000 0016 0000 0016 0000 003F 0000 003F 0000 003F 0000 003F 0000 003F 0000 003F 0000 003F 0000 003F 0000 0016 0000 0016 0000 03FB
Bass/Treble	0000 0066 0000 0044 0000 00AA 0000 003F 0000 0016 0000 003F 0000 0016 0000 0016 0000 003F 0000 0016 0000 003F 0000 0016 0000 003F 0000 0016 0000 003F 0000 003F 0000 0016 0000 003F 0000 0016 0000 003F 0000 003F 0000 003F 0000 0016 0000 003F 0000 0016 0000 003F 0000 0016 0000 0016 0000 0016 0000 0016 0000 003F 0000 0016 0000 003F 0000 0016 0000 003F 0000 03FB 0000 00AA 0000 003F 0000 0016 0000 003F 0000 0016 0000 0016 0000 003F 0000 0016 0000 003F 0000 0016 0000 003F 0000 0016 0000 003F 0000 003F 0000 0016 0000 003F 0000 0016 0000 0016 0000 003F 0000 0016 0000 0016 0000 0016 0000 0016 0000 003F 0000 003F 0000 003F 0000 0016 0000 003F 0000 003F 0000 003F 0000 003F 0000 0016 0000 0016 0000 03FB
Plus	0000 0066 0000 0044 0000 00AA 0000 003F 0000 0016 0000 003F 0000 0016 0000 0016 0000 003F 0000 0016 0000 003F 0000 0016 0000 003F 0000 0016 0000 003F 0000 003F 0000 0016 0000 003F 0000 0016 0000 003F 0000 0016 0000 0016 0000 0016 0000 0016 0000 0016 0000 003F 0000 0016 0000 0016 0000 003F 0000 003F 0000 003F 0000 003F 0000 003F 0000 0016 0000 003F 0000 03FB 0000 00AA 0000 003F 0000 0016 0000 003F 0000 0016 0000 0016 0000 003F 0000 0016 0000 003F 0000 0016 0000 003F 0000 0016 0000 003F 0000 003F 0000 0016 0000 003F 0000 0016 0000 0016 0000 003F 0000 003F 0000 0016 0000 0016 0000 0016 0000 003F 0000 003F 0000 003F 0000 0016 0000 0016 0000 003F 0000 003F 0000 003F 0000 0016 0000 0016 0000 03FB
Minus	0000 0066 0000 0044 0000 00AA 0000 003F 0000 0016 0000 003F 0000 0016 0000 0016 0000 003F 0000 0016 0000 003F 0000 0016 0000 003F 0000 0016 0000 003F 0000 003F 0000 0016 0000 003F 0000 0016 0000 0016 0000 003F 0000 0016 0000 0016 0000 0016 0000 0016 0000 003F 0000 0016 0000 003F 0000 0016 0000 003F 0000 003F 0000 003F 0000 003F 0000 0016 0000 003F 0000 03FB 0000 00AA 0000 003F 0000 0016 0000 003F 0000 0016 0000 0016 0000 003F 0000 0016 0000 003F 0000 0016 0000 003F 0000 0016 0000 003F 0000 003F 0000 0016 0000 003F 0000 0016 0000 0016 0000 003F 0000 003F 0000 0016 0000 0016 0000 0016 0000 003F 0000 003F 0000 003F 0000 0016 0000 0016 0000 003F 0000 003F 0000 003F 0000 0016 0000 0016 0000 03FB
Effect Ch Sel	0000 0066 0000 0044 0000 00AA 0000 003F 0000 0016 0000 003F 0000 0016 0000 0016 0000 003F 0000 0016 0000 003F 0000 0016 0000 003F 0000 0016 0000 003F 0000 003F 0000 0016 0000 003F 0000 0016 0000 0016 0000 003F 0000 003F 0000 0016 0000 003F 0000 0016 0000 003F 0000 0016 0000 003F 0000 0016 0000 0016 0000 003F 0000 0016 0000 003F 0000 0016 0000 003F 0000 03FB 0000 00AA 0000 003F 0000 0016 0000 003F 0000 0016 0000 0016 0000 003F 0000 0016 0000 003F 0000 0016 0000 003F 0000 0016 0000 003F 0000 003F 0000 0016 0000 003F 0000 0016 0000 0016 0000 0016 0000 003F 0000 0016 0000 0016 0000 0016 0000 0016 0000 0016 0000 003F 0000 003F 0000 0016 0000 003F 0000 003F 0000 003F 0000 003F 0000 003F 0000 03FB
Display Dimmer	0000 0066 0000 0044 0000 00AA 0000 003F 0000 0016 0000 003F 0000 0016 0000 0016 0000 003F 0000 0016 0000 003F 0000 0016 0000 003F 0000 0016 0000 003F 0000 003F 0000 0016 0000 003F 0000 0016 0000 0016 0000 003F 0000 003F 0000 0016 0000 003F 0000 0016 0000 003F 0000 0016 0000 003F 0000 0016 0000 0016 0000 003F 0000 0016 0000 003F 0000 0016 0000 003F 0000 03FB 0000 00AA 0000 003F 0000 0016 0000 003F 0000 0016 0000 0016 0000 003F 0000 0016 0000 003F 0000 0016 0000 003F 0000 0016 0000 003F 0000 003F 0000 0016 0000 003F 0000 0016 0000 0016 0000 003F 0000 003F 0000 0016 0000 0016 0000 0016 0000 0016 0000 0016 0000 003F 0000 0016 0000 0016 0000 003F 0000 003F 0000 003F 0000 003F 0000 003F 0000 03FB
Video Select	0000 0066 0000 0022 0000 00AA 0000 003F 0000 0016 0000 003F 0000 0016 0000 0016 0000 003F 0000 0016 0000 003F 0000 0016 0000 003F 0000 0016 0000 003F 0000 003F 0000 0016 0000 003F 0000 0016 0000 0016 0000 0016 0000 003F 0000 0016 0000 003F 0000 0016 0000 003F 0000 0016 0000 003F 0000 003F 0000 0016 0000 003F 0000 0016 0000 003F 0000 0016 0000 003F 0000 03FB
Status	0000 0066 0000 0044 0000 00AA 0000 003F 0000 0016 0000 003F 0000 0016 0000 0016 0000 003F 0000 0016 0000 003F 0000 0016 0000 003F 0000 0016 0000 003F 0000 003F 0000 0016 0000 003F 0000 0016 0000 003F 0000 003F 0000 0016 0000 003F 0000 003F 0000 0016 0000 0016 0000 003F 0000 0016 0000 0016 0000 003F 0000 0016 0000 0016 0000 003F 0000 003F 0000 0016 0000 03FB 0000 00AA 0000 003F 0000 0016 0000 003F 0000 0016 0000 0016 0000 003F 0000 0016 0000 003F 0000 0016 0000 003F 0000 0016 0000 003F 0000 003F 0000 0016 0000 003F 0000 0016 0000 003F 0000 0016 0000 003F 0000 003F 0000 003F 0000 0016 0000 003F 0000 003F 0000 0016 0000 003F 0000 0016 0000 0016 0000 0016 0000 003F 0000 0016 0000 0016 0000 03FB
Speaker AB	0000 0066 0000 0044 0000 00AA 0000 003F 0000 0016 0000 003F 0000 0016 0000 0016 0000 003F 0000 0016 0000 003F 0000 0016 0000 003F 0000 0016 0000 003F 0000 003F 0000 0016 0000 003F 0000 0016 0000 0016 0000 003F 0000 003F 0000 0016 0000 003F 0000 0016 0000 003F 0000 0016 0000 003F 0000 0016 0000 0016 0000 003F 0000 0016 0000 003F 0000 0016 0000 003F 0000 03FB 0000 00AA 0000 003F 0000 0016 0000 003F 0000 0016 0000 0016 0000 003F 0000 0016 0000 003F 0000 0016 0000 003F 0000 0016 0000 003F 0000 003F 0000 0016 0000 003F 0000 0016 0000 0016 0000 0016 0000 0016 0000 0016 0000 0016 0000 0016 0000 0016 0000 0016 0000 003F 0000 003F 0000 003F 0000 003F 0000 003F 0000 003F 0000 003F 0000 003F 0000 03FB
Loudness	0000 0066 0000 0022 0000 00AA 0000 003F 0000 0016 0000 003F 0000 0016 0000 0016 0000 003F 0000 0016 0000 003F 0000 0016 0000 003F 0000 0016 0000 003F 0000 003F 0000 0016 0000 003F 0000 0016 0000 0016 0000 0016 0000 003F 0000 0016 0000 0016 0000 0016 0000 003F 0000 0016 0000 003F 0000 003F 0000 0016 0000 003F 0000 003F 0000 003F 0000 0016 0000 003F 0000 03FB
Input Att	0000 0066 0000 0044 0000 00AA 0000 003F 0000 0016 0000 003F 0000 0016 0000 0016 0000 003F 0000 0016 0000 003F 0000 0016 0000 003F 0000 0016 0000 003F 0000 003F 0000 0016 0000 003F 0000 0016 0000 0016 0000 003F 0000 003F 0000 003F 0000 003F 0000 0016 0000 003F 0000 0016 0000 003F 0000 0016 0000 0016 0000 0016 0000 0016 0000 003F 0000 0016 0000 003F 0000 03FB 0000 00AA 0000 003F 0000 0016 0000 003F 0000 0016 0000 0016 0000 003F 0000 0016 0000 003F 0000 0016 0000 003F 0000 0016 0000 003F 0000 003F 0000 0016 0000 003F 0000 0016 0000 003F 0000 003F 0000 003F 0000 0016 0000 0016 0000 0016 0000 0016 0000 0016 0000 0016 0000 0016 0000 0016 0000 003F 0000 003F 0000 003F 0000 003F 0000 003F 0000 03FB
Tape2 Monitor	0000 0066 0000 0022 0000 00AA 0000 003F 0000 0016 0000 003F 0000 0016 0000 0016 0000 003F 0000 0016 0000 003F 0000 0016 0000 003F 0000 0016 0000 003F 0000 003F 0000 0016 0000 003F 0000 0016 0000 003F 0000 0016 0000 003F 0000 003F 0000 003F 0000 0016 0000 0016 0000 0016 0000 0016 0000 003F 0000 0016 0000 0016 0000 0016 0000 003F 0000 003F 0000 003F 0000 03FB
Signal Select	0000 0066 0000 0044 0000 00AA 0000 003F 0000 0016 0000 003F 0000 0016 0000 0016 0000 003F 0000 0016 0000 003F 0000 0016 0000 003F 0000 0016 0000 003F 0000 003F 0000 0016 0000 003F 0000 0016 0000 0016 0000 003F 0000 003F 0000 0016 0000 003F 0000 0016 0000 003F 0000 0016 0000 003F 0000 0016 0000 0016 0000 003F 0000 0016 0000 003F 0000 0016 0000 003F 0000 03FB 0000 00AA 0000 003F 0000 0016 0000 003F 0000 0016 0000 0016 0000 003F 0000 0016 0000 003F 0000 0016 0000 003F 0000 0016 0000 003F 0000 003F 0000 0016 0000 003F 0000 0016 0000 003F 0000 003F 0000 0016 0000 0016 0000 0016 0000 0016 0000 0016 0000 0016 0000 0016 0000 0016 0000 003F 0000 003F 0000 003F 0000 003F 0000 003F 0000 003F 0000 03FB
System Setup	0000 0066 0000 0044 0000 00AA 0000 003F 0000 0016 0000 003F 0000 0016 0000 0016 0000 003F 0000 0016 0000 003F 0000 0016 0000 003F 0000 0016 0000 003F 0000 003F 0000 0016 0000 003F 0000 0016 0000 003F 0000 003F 0000 0016 0000 003F 0000 003F 0000 0016 0000 0016 0000 003F 0000 0016 0000 0016 0000 003F 0000 0016 0000 0016 0000 003F 0000 003F 0000 0016 0000 03FB 0000 00AA 0000 003F 0000 0016 0000 003F 0000 0016 0000 0016 0000 003F 0000 0016 0000 003F 0000 0016 0000 003F 0000 0016 0000 003F 0000 003F 0000 0016 0000 003F 0000 0016 0000 0016 0000 003F 0000 003F 0000 0016 0000 003F 0000 0016 0000 003F 0000 003F 0000 003F 0000 0016 0000 0016 0000 003F 0000 0016 0000 003F 0000 0016 0000 0016 0000 03FB
Station+	0000 0066 0000 0022 0000 00AA 0000 0016 0000 0016 0000 003F 0000 0016 0000 0016 0000 003F 0000 0016 0000 003F 0000 003F 0000 003F 0000 0016 0000 003F 0000 003F 0000 0016 0000 003F 0000 0016 0000 0016 0000 0016 0000 0016 0000 0016 0000 003F 0000 0016 0000 0016 0000 0016 0000 003F 0000 003F 0000 003F 0000 003F 0000 0016 0000 003F 0000 003F 0000 003F 0000 03FE
Station-	0000 0066 0000 0022 0000 00AA 0000 0016 0000 0016 0000 003F 0000 0016 0000 0016 0000 003F 0000 0016 0000 003F 0000 003F 0000 003F 0000 0016 0000 003F 0000 003F 0000 0016 0000 003F 0000 0016 0000 003F 0000 0016 0000 0016 0000 0016 0000 003F 0000 0016 0000 0016 0000 0016 0000 0016 0000 003F 0000 003F 0000 003F 0000 0016 0000 003F 0000 003F 0000 003F 0000 03FE
Tune+	0000 0066 0000 0022 0000 00AA 0000 0016 0000 0016 0000 003F 0000 0016 0000 0016 0000 003F 0000 0016 0000 003F 0000 003F 0000 003F 0000 0016 0000 003F 0000 003F 0000 0016 0000 003F 0000 0016 0000 0016 0000 003F 0000 003F 0000 0016 0000 003F 0000 0016 0000 003F 0000 0016 0000 003F 0000 0016 0000 0016 0000 003F 0000 0016 0000 003F 0000 0016 0000 003F 0000 03FB
Tune-	0000 0066 0000 0022 0000 00AA 0000 0016 0000 0016 0000 003F 0000 0016 0000 0016 0000 003F 0000 0016 0000 003F 0000 003F 0000 003F 0000 0016 0000 003F 0000 003F 0000 0016 0000 003F 0000 0016 0000 003F 0000 003F 0000 003F 0000 0016 0000 003F 0000 0016 0000 003F 0000 0016 0000 0016 0000 0016 0000 0016 0000 003F 0000 0016 0000 003F 0000 0016 0000 003F 0000 03FB
Mpx	0000 0066 0000 0022 0000 00AA 0000 0016 0000 0016 0000 003F 0000 0016 0000 0016 0000 003F 0000 0016 0000 003F 0000 003F 0000 003F 0000 0016 0000 003F 0000 003F 0000 0016 0000 003F 0000 0016 0000 0016 0000 003F 0000 003F 0000 003F 0000 003F 0000 0016 0000 0016 0000 0016 0000 003F 0000 0016 0000 0016 0000 0016 0000 0016 0000 003F 0000 003F 0000 003F 0000 03FB
Band	0000 0066 0000 0022 0000 00AA 0000 0016 0000 0016 0000 003F 0000 0016 0000 0016 0000 003F 0000 0016 0000 003F 0000 003F 0000 003F 0000 0016 0000 003F 0000 003F 0000 0016 0000 003F 0000 0016 0000 003F 0000 003F 0000 0016 0000 0016 0000 003F 0000 0016 0000 0016 0000 0016 0000 0016 0000 0016 0000 003F 0000 003F 0000 0016 0000 003F 0000 003F 0000 003F 0000 03FE
Class	0000 0066 0000 0022 0000 00AA 0000 0016 0000 0016 0000 003F 0000 0016 0000 0016 0000 003F 0000 0016 0000 003F 0000 003F 0000 003F 0000 0016 0000 003F 0000 003F 0000 0016 0000 003F 0000 0016 0000 0016 0000 0016 0000 0016 0000 0016 0000 0016 0000 0016 0000 003F 0000 0016 0000 003F 0000 003F 0000 003F 0000 003F 0000 003F 0000 003F 0000 0016 0000 003F 0000 03FB
Tuner Edit	0000 0066 0000 0022 0000 00AA 0000 0016 0000 0016 0000 003F 0000 0016 0000 0016 0000 003F 0000 0016 0000 003F 0000 003F 0000 003F 0000 0016 0000 003F 0000 003F 0000 0016 0000 003F 0000 0016 0000 0016 0000 0016 0000 0016 0000 003F 0000 003F 0000 0016 0000 003F 0000 0016 0000 003F 0000 003F 0000 003F 0000 0016 0000 0016 0000 003F 0000 0016 0000 003F 0000 03FE
Disp Mode	0000 0066 0000 0022 0000 00AA 0000 0016 0000 0016 0000 003F 0000 0016 0000 0016 0000 003F 0000 0016 0000 003F 0000 003F 0000 003F 0000 0016 0000 003F 0000 003F 0000 0016 0000 003F 0000 0016 0000 0016 0000 003F 0000 0016 0000 003F 0000 0016 0000 0016 0000 003F 0000 0016 0000 003F 0000 0016 0000 003F 0000 0016 0000 003F 0000 003F 0000 0016 0000 003F 0000 03FB
Direct Access	0000 0066 0000 0022 0000 00AA 0000 0016 0000 0016 0000 003F 0000 0016 0000 0016 0000 003F 0000 0016 0000 003F 0000 003F 0000 003F 0000 0016 0000 003F 0000 003F 0000 0016 0000 003F 0000 0016 0000 003F 0000 003F 0000 0016 0000 0016 0000 0016 0000 0016 0000 003F 0000 0016 0000 0016 0000 0016 0000 003F 0000 003F 0000 003F 0000 003F 0000 0016 0000 003F 0000 03FB
1	0000 0066 0000 0022 0000 00AA 0000 0016 0000 0016 0000 003F 0000 0016 0000 0016 0000 003F 0000 0016 0000 003F 0000 003F 0000 003F 0000 0016 0000 003F 0000 003F 0000 0016 0000 003F 0000 0016 0000 003F 0000 0016 0000 0016 0000 0016 0000 0016 0000 0016 0000 0016 0000 0016 0000 0016 0000 003F 0000 003F 0000 003F 0000 003F 0000 003F 0000 003F 0000 003F 0000 03FB
2	0000 0066 0000 0022 0000 00AA 0000 0016 0000 0016 0000 003F 0000 0016 0000 0016 0000 003F 0000 0016 0000 003F 0000 003F 0000 003F 0000 0016 0000 003F 0000 003F 0000 0016 0000 003F 0000 0016 0000 0016 0000 003F 0000 0016 0000 0016 0000 0016 0000 0016 0000 0016 0000 0016 0000 003F 0000 0016 0000 003F 0000 003F 0000 003F 0000 003F 0000 003F 0000 003F 0000 03FB
3	0000 0066 0000 0022 0000 00AA 0000 0016 0000 0016 0000 003F 0000 0016 0000 0016 0000 003F 0000 0016 0000 003F 0000 003F 0000 003F 0000 0016 0000 003F 0000 003F 0000 0016 0000 003F 0000 0016 0000 003F 0000 003F 0000 0016 0000 0016 0000 0016 0000 0016 0000 0016 0000 0016 0000 0016 0000 0016 0000 003F 0000 003F 0000 003F 0000 003F 0000 003F 0000 003F 0000 03FE
4	0000 0066 0000 0022 0000 00AA 0000 0016 0000 0016 0000 003F 0000 0016 0000 0016 0000 003F 0000 0016 0000 003F 0000 003F 0000 003F 0000 0016 0000 003F 0000 003F 0000 0016 0000 003F 0000 0016 0000 0016 0000 0016 0000 003F 0000 0016 0000 0016 0000 0016 0000 0016 0000 0016 0000 003F 0000 003F 0000 0016 0000 003F 0000 003F 0000 003F 0000 003F 0000 003F 0000 03FB
5	0000 0066 0000 0022 0000 00AA 0000 0016 0000 0016 0000 003F 0000 0016 0000 0016 0000 003F 0000 0016 0000 003F 0000 003F 0000 003F 0000 0016 0000 003F 0000 003F 0000 0016 0000 003F 0000 0016 0000 003F 0000 0016 0000 003F 0000 0016 0000 0016 0000 0016 0000 0016 0000 0016 0000 0016 0000 003F 0000 0016 0000 003F 0000 003F 0000 003F 0000 003F 0000 003F 0000 03FB
6	0000 0066 0000 0022 0000 00AA 0000 0016 0000 0016 0000 003F 0000 0016 0000 0016 0000 003F 0000 0016 0000 003F 0000 003F 0000 003F 0000 0016 0000 003F 0000 003F 0000 0016 0000 003F 0000 0016 0000 0016 0000 003F 0000 003F 0000 0016 0000 0016 0000 0016 0000 0016 0000 0016 0000 003F 0000 0016 0000 0016 0000 003F 0000 003F 0000 003F 0000 003F 0000 003F 0000 03FB
7	0000 0066 0000 0022 0000 00AA 0000 0016 0000 0016 0000 003F 0000 0016 0000 0016 0000 003F 0000 0016 0000 003F 0000 003F 0000 003F 0000 0016 0000 003F 0000 003F 0000 0016 0000 003F 0000 0016 0000 003F 0000 003F 0000 003F 0000 0016 0000 0016 0000 0016 0000 0016 0000 0016 0000 0016 0000 0016 0000 0016 0000 003F 0000 003F 0000 003F 0000 003F 0000 003F 0000 03FB
8	0000 0066 0000 0022 0000 00AA 0000 0016 0000 0016 0000 003F 0000 0016 0000 0016 0000 003F 0000 0016 0000 003F 0000 003F 0000 003F 0000 0016 0000 003F 0000 003F 0000 0016 0000 003F 0000 0016 0000 0016 0000 0016 0000 0016 0000 003F 0000 0016 0000 0016 0000 0016 0000 0016 0000 003F 0000 003F 0000 003F 0000 0016 0000 003F 0000 003F 0000 003F 0000 003F 0000 03FB
9	0000 0066 0000 0022 0000 00AA 0000 0016 0000 0016 0000 003F 0000 0016 0000 0016 0000 003F 0000 0016 0000 003F 0000 003F 0000 003F 0000 0016 0000 003F 0000 003F 0000 0016 0000 003F 0000 0016 0000 003F 0000 0016 0000 0016 0000 003F 0000 0016 0000 0016 0000 0016 0000 0016 0000 0016 0000 003F 0000 003F 0000 0016 0000 003F 0000 003F 0000 003F 0000 003F 0000 03FB
0	0000 0066 0000 0022 0000 00AA 0000 0016 0000 0016 0000 003F 0000 0016 0000 0016 0000 003F 0000 0016 0000 003F 0000 003F 0000 003F 0000 0016 0000 003F 0000 003F 0000 0016 0000 003F 0000 0016 0000 0016 0000 0016 0000 0016 0000 0016 0000 0016 0000 0016 0000 0016 0000 0016 0000 003F 0000 003F 0000 003F 0000 003F 0000 003F 0000 003F 0000 003F 0000 003F 0000 03FE
