Receiver Pwr	0000 0067 0000 0022 0154 00a9 0016 003f 0016 0015 0016 003f 0016 0015 0016 0015 0016 003f 0016 0015 0016 003f 0016 0015 0016 003f 0016 0015 0016 003f 0016 003f 0016 0015 0016 003f 0016 0015 0016 0015 0016 0015 0016 003f 0016 003f 0016 003f 0016 0015 0016 0015 0016 0015 0016 003f 0016 003f 0016 0015 0016 0015 0016 0015 0016 003f 0016 003f 0016 003f 0016 03f6
TV Pwr	0000 0067 0000 0022 0154 00a9 0016 0015 0016 003f 0016 0015 0016 003f 0016 0015 0016 003f 0016 0015 0016 003f 0016 003f 0016 0015 0016 003f 0016 0015 0016 003f 0016 0015 0016 003f 0016 0015 0016 0015 0016 0015 0016 003f 0016 003f 0016 003f 0016 0015 0016 0015 0016 0015 0016 003f 0016 003f 0016 0015 0016 0015 0016 0015 0016 003f 0016 003f 0016 003f 0016 03f6
Power	0000 0067 0000 0044 0154 00a9 0016 003f 0016 003f 0016 0015 0016 0015 0016 0015 0016 003f 0016 0015 0016 003f 0016 0015 0016 0015 0016 003f 0016 003f 0016 003f 0016 0015 0016 003f 0016 0015 0016 003f 0016 0015 0016 0015 0016 003f 0016 003f 0016 0015 0016 0015 0016 003f 0016 0015 0016 003f 0016 003f 0016 0015 0016 0015 0016 003f 0016 003f 0016 0015 0016 03f6 0154 00a9 0016 003f 0016 003f 0016 003f 0016 003f 0016 0015 0016 003f 0016 0015 0016 003f 0016 0015 0016 0015 0016 0015 0016 0015 0016 003f 0016 0015 0016 003f 0016 0015 0016 0015 0016 0015 0016 003f 0016 003f 0016 003f 0016 003f 0016 0015 0016 003f 0016 003f 0016 003f 0016 0015 0016 0015 0016 0015 0016 0015 0016 003f 0016 0015 0016 03f6
DVD	0000 0067 0000 0022 0155 00a9 0016 003f 0016 0015 0016 003f 0016 0015 0016 0015 0016 003f 0016 0015 0016 003f 0016 0015 0016 003f 0016 0015 0016 003f 0016 003f 0016 0015 0016 003f 0016 0015 0016 003f 0016 0015 0016 003f 0016 0015 0016 0015 0016 0015 0016 0015 0016 003f 0016 0015 0016 003f 0016 0015 0016 003f 0016 003f 0016 003f 0016 003f 0016 0015 0016 03f6
Mute	0000 0067 0000 0022 0155 00a9 0016 003f 0016 0015 0016 003f 0016 0015 0016 0015 0016 003f 0016 0015 0016 003f 0016 0015 0016 003f 0016 0015 0016 003f 0016 003f 0016 0015 0016 003f 0016 0015 0016 0015 0016 003f 0016 0015 0016 0015 0016 003f 0016 0015 0016 0015 0016 0015 0016 003f 0016 0015 0016 003f 0016 003f 0016 0015 0016 003f 0016 003f 0016 003f 0016 03f6
TV Func	0000 0067 0000 0022 0154 00a9 0016 0015 0016 003f 0016 0015 0016 003f 0016 0015 0016 003f 0016 0015 0016 003f 0016 003f 0016 0015 0016 003f 0016 0015 0016 003f 0016 0015 0016 003f 0016 0015 0016 003f 0016 003f 0016 0015 0016 0015 0016 003f 0016 0015 0016 0015 0016 0015 0016 0015 0016 0015 0016 003f 0016 003f 0016 0015 0016 003f 0016 003f 0016 003f 0016 03f6
Vol-	0000 0067 0000 0022 0155 00a9 0016 003f 0016 0015 0016 003f 0016 0015 0016 0015 0016 003f 0016 0015 0016 003f 0016 0015 0016 003f 0016 0015 0016 003f 0016 003f 0016 0015 0016 003f 0016 0015 0016 003f 0016 003f 0016 0015 0016 003f 0016 0015 0016 0015 0016 0015 0016 0015 0016 0015 0016 0015 0016 003f 0016 0015 0016 003f 0016 003f 0016 003f 0016 003f 0016 03f6
Vol+	0000 0067 0000 0022 0155 00a9 0016 003f 0016 0015 0016 003f 0016 0015 0016 0015 0016 003f 0016 0015 0016 003f 0016 0015 0016 003f 0016 0015 0016 003f 0016 003f 0016 0015 0016 003f 0016 0015 0016 0015 0016 003f 0016 0015 0016 003f 0016 0015 0016 0015 0016 0015 0016 0015 0016 003f 0016 0015 0016 003f 0016 0015 0016 003f 0016 003f 0016 003f 0016 003f 0016 03f6
F Srch	0000 0067 0000 0022 0155 00a9 0016 003f 0016 003f 0016 0015 0016 0015 0016 0015 0016 003f 0016 0015 0016 003f 0016 0015 0016 0015 0016 003f 0016 003f 0016 003f 0016 0015 0016 003f 0016 0015 0016 0015 0016 0015 0016 003f 0016 003f 0016 003f 0016 0015 0016 0015 0016 003f 0016 003f 0016 003f 0016 0015 0016 0015 0016 0015 0016 003f 0016 003f 0016 0015 0016 03f6
R Srch	0000 0067 0000 0022 0154 00a9 0016 003f 0016 003f 0016 0015 0016 0015 0016 0015 0016 003f 0016 0015 0016 003f 0016 0015 0016 0015 0016 003f 0016 003f 0016 003f 0016 0015 0016 003f 0016 0015 0016 003f 0016 0015 0016 003f 0016 003f 0016 003f 0016 0015 0016 0015 0016 003f 0016 0015 0016 003f 0016 0015 0016 0015 0016 0015 0016 003f 0016 003f 0016 0015 0016 03f6
Play	0000 0067 0000 0022 0155 00a9 0016 003f 0016 003f 0016 0015 0016 0015 0016 0015 0016 003f 0016 0015 0016 003f 0016 0015 0016 0015 0016 003f 0016 003f 0016 003f 0016 0015 0016 003f 0016 0015 0016 0015 0016 003f 0016 003f 0016 003f 0016 003f 0016 0015 0016 0015 0016 003f 0016 003f 0016 0015 0016 0015 0016 0015 0016 0015 0016 003f 0016 003f 0016 0015 0016 03f6
Stop	0000 0067 0000 0022 0155 00a9 0016 003f 0016 003f 0016 0015 0016 0015 0016 0015 0016 003f 0016 0015 0016 003f 0016 0015 0016 0015 0016 003f 0016 003f 0016 003f 0016 0015 0016 003f 0016 0015 0016 0015 0016 0015 0016 0015 0016 003f 0016 003f 0016 0015 0016 0015 0016 003f 0016 003f 0016 003f 0016 003f 0016 0015 0016 0015 0016 003f 0016 003f 0016 0015 0016 03f6
Pause	0000 0067 0000 0022 0155 00a9 0016 003f 0016 003f 0016 0015 0016 0015 0016 0015 0016 003f 0016 0015 0016 003f 0016 0015 0016 0015 0016 003f 0016 003f 0016 003f 0016 0015 0016 003f 0016 0015 0016 003f 0016 003f 0016 003f 0016 003f 0016 003f 0016 0015 0016 0015 0016 003f 0016 0015 0016 0015 0016 0015 0016 0015 0016 0015 0016 003f 0016 003f 0016 0015 0016 03f6
Rew	0000 0067 0000 0022 0155 00a9 0016 003f 0016 003f 0016 0015 0016 0015 0016 0015 0016 003f 0016 0015 0016 003f 0016 0015 0016 0015 0016 003f 0016 003f 0016 003f 0016 0015 0016 003f 0016 0015 0016 003f 0016 003f 0016 0015 0016 003f 0016 003f 0016 0015 0016 0015 0016 003f 0016 0015 0016 0015 0016 003f 0016 0015 0016 0015 0016 003f 0016 003f 0016 0015 0016 03f6
Ffwd	0000 0067 0000 0022 0155 00a9 0016 003f 0016 003f 0016 0015 0016 0015 0016 0015 0016 003f 0016 0015 0016 003f 0016 0015 0016 0015 0016 003f 0016 003f 0016 003f 0016 0015 0016 003f 0016 0015 0016 0015 0016 003f 0016 0015 0016 003f 0016 003f 0016 0015 0016 0015 0016 003f 0016 003f 0016 0015 0016 003f 0016 0015 0016 0015 0016 003f 0016 003f 0016 0015 0016 03f6
1	0000 0067 0000 0044 0155 00a9 0016 003f 0016 003f 0016 0015 0016 0015 0016 0015 0016 003f 0016 0015 0016 003f 0016 0015 0016 0015 0016 003f 0016 003f 0016 003f 0016 0015 0016 003f 0016 0015 0016 003f 0016 0015 0016 0015 0016 003f 0016 003f 0016 0015 0016 0015 0016 003f 0016 0015 0016 003f 0016 003f 0016 0015 0016 0015 0016 003f 0016 003f 0016 0015 0016 03f6 0154 00a9 0016 003f 0016 003f 0016 003f 0016 003f 0016 0015 0016 003f 0016 0015 0016 003f 0016 0015 0016 0015 0016 0015 0016 0015 0016 003f 0016 0015 0016 003f 0016 0015 0016 003f 0016 0015 0016 0015 0016 0015 0016 0015 0016 003f 0016 0015 0016 003f 0016 0015 0016 003f 0016 003f 0016 003f 0016 003f 0016 0015 0016 003f 0016 0015 0016 03f6
2	0000 0067 0000 0044 0155 00a9 0016 003f 0016 003f 0016 0015 0016 0015 0016 0015 0016 003f 0016 0015 0016 003f 0016 0015 0016 0015 0016 003f 0016 003f 0016 003f 0016 0015 0016 003f 0016 0015 0016 003f 0016 0015 0016 0015 0016 003f 0016 003f 0016 0015 0016 0015 0016 003f 0016 0015 0016 003f 0016 003f 0016 0015 0016 0015 0016 003f 0016 003f 0016 0015 0016 03f6 0154 00a9 0016 003f 0016 003f 0016 003f 0016 003f 0016 0015 0016 003f 0016 0015 0016 003f 0016 0015 0016 0015 0016 0015 0016 0015 0016 003f 0016 0015 0016 003f 0016 0015 0016 0015 0016 003f 0016 0015 0016 0015 0016 0015 0016 003f 0016 0015 0016 003f 0016 003f 0016 0015 0016 003f 0016 003f 0016 003f 0016 0015 0016 003f 0016 0015 0016 03f6
3	0000 0067 0000 0044 0155 00a9 0016 003f 0016 003f 0016 0015 0016 0015 0016 0015 0016 003f 0016 0015 0016 003f 0016 0015 0016 0015 0016 003f 0016 003f 0016 003f 0016 0015 0016 003f 0016 0015 0016 003f 0016 0015 0016 0015 0016 003f 0016 003f 0016 0015 0016 0015 0016 003f 0016 0015 0016 003f 0016 003f 0016 0015 0016 0015 0016 003f 0016 003f 0016 0015 0016 03f6 0155 00a9 0016 003f 0016 003f 0016 003f 0016 003f 0016 0015 0016 003f 0016 0015 0016 003f 0016 0015 0016 0015 0016 0015 0016 0015 0016 003f 0016 0015 0016 003f 0016 0015 0016 003f 0016 003f 0016 0015 0016 0015 0016 0015 0016 003f 0016 0015 0016 003f 0016 0015 0016 0015 0016 003f 0016 003f 0016 003f 0016 0015 0016 003f 0016 0015 0016 03f6
4	0000 0067 0000 0044 0154 00a9 0016 003f 0016 003f 0016 0015 0016 0015 0016 0015 0016 003f 0016 0015 0016 003f 0016 0015 0016 0015 0016 003f 0016 003f 0016 003f 0016 0015 0016 003f 0016 0015 0016 003f 0016 0015 0016 0015 0016 003f 0016 003f 0016 0015 0016 0015 0016 003f 0016 0015 0016 003f 0016 003f 0016 0015 0016 0015 0016 003f 0016 003f 0016 0015 0016 03f6 0155 00a9 0016 003f 0016 003f 0016 003f 0016 003f 0016 0015 0016 003f 0016 0015 0016 003f 0016 0015 0016 0015 0016 0015 0016 0015 0016 003f 0016 0015 0016 003f 0016 0015 0016 0015 0016 0015 0016 003f 0016 0015 0016 0015 0016 003f 0016 0015 0016 003f 0016 003f 0016 003f 0016 0015 0016 003f 0016 003f 0016 0015 0016 003f 0016 0015 0016 03f6
5	0000 0067 0000 0044 0155 00a9 0016 003f 0016 003f 0016 0015 0016 0015 0016 0015 0016 003f 0016 0015 0016 003f 0016 0015 0016 0015 0016 003f 0016 003f 0016 003f 0016 0015 0016 003f 0016 0015 0016 003f 0016 0015 0016 0015 0016 003f 0016 003f 0016 0015 0016 0015 0016 003f 0016 0015 0016 003f 0016 003f 0016 0015 0016 0015 0016 003f 0016 003f 0016 0015 0016 03f6 0154 00a9 0016 003f 0016 003f 0016 003f 0016 003f 0016 0015 0016 003f 0016 0015 0016 003f 0016 0015 0016 0015 0016 0015 0016 0015 0016 003f 0016 0015 0016 003f 0016 0015 0016 003f 0016 0015 0016 003f 0016 0015 0016 0015 0016 003f 0016 0015 0016 003f 0016 0015 0016 003f 0016 0015 0016 003f 0016 003f 0016 0015 0016 003f 0016 0015 0016 03f6
6	0000 0067 0000 0044 0155 00a9 0016 003f 0016 003f 0016 0015 0016 0015 0016 0015 0016 003f 0016 0015 0016 003f 0016 0015 0016 0015 0016 003f 0016 003f 0016 003f 0016 0015 0016 003f 0016 0015 0016 003f 0016 0015 0016 0015 0016 003f 0016 003f 0016 0015 0016 0015 0016 003f 0016 0015 0016 003f 0016 003f 0016 0015 0016 0015 0016 003f 0016 003f 0016 0015 0016 03f6 0154 00a9 0016 003f 0016 003f 0016 003f 0016 003f 0016 0015 0016 003f 0016 0015 0016 003f 0016 0015 0016 0015 0016 0015 0016 0015 0016 003f 0016 0015 0016 003f 0016 0015 0016 0015 0016 003f 0016 003f 0016 0015 0016 0015 0016 003f 0016 0015 0016 003f 0016 003f 0016 0015 0016 0015 0016 003f 0016 003f 0016 0015 0016 003f 0016 0015 0016 03f6
7	0000 0067 0000 0044 0155 00a9 0016 003f 0016 003f 0016 0015 0016 0015 0016 0015 0016 003f 0016 0015 0016 003f 0016 0015 0016 0015 0016 003f 0016 003f 0016 003f 0016 0015 0016 003f 0016 0015 0016 003f 0016 0015 0016 0015 0016 003f 0016 003f 0016 0015 0016 0015 0016 003f 0016 0015 0016 003f 0016 003f 0016 0015 0016 0015 0016 003f 0016 003f 0016 0015 0016 03f6 0154 00a9 0016 003f 0016 003f 0016 003f 0016 003f 0016 0015 0016 003f 0016 0015 0016 003f 0016 0015 0016 0015 0016 0015 0016 0015 0016 003f 0016 0015 0016 003f 0016 0015 0016 003f 0016 003f 0016 003f 0016 0015 0016 0015 0016 003f 0016 0015 0016 003f 0016 0015 0016 0015 0016 0015 0016 003f 0016 003f 0016 0015 0016 003f 0016 0015 0016 03f6
8	0000 0067 0000 0044 0155 00a9 0016 003f 0016 003f 0016 0015 0016 0015 0016 0015 0016 003f 0016 0015 0016 003f 0016 0015 0016 0015 0016 003f 0016 003f 0016 003f 0016 0015 0016 003f 0016 0015 0016 003f 0016 0015 0016 0015 0016 003f 0016 003f 0016 0015 0016 0015 0016 003f 0016 0015 0016 003f 0016 003f 0016 0015 0016 0015 0016 003f 0016 003f 0016 0015 0016 03f6 0154 00a9 0016 003f 0016 003f 0016 003f 0016 003f 0016 0015 0016 003f 0016 0015 0016 003f 0016 0015 0016 0015 0016 0015 0016 0015 0016 003f 0016 0015 0016 003f 0016 0015 0016 0015 0016 0015 0016 0015 0016 003f 0016 0015 0016 003f 0016 0015 0016 003f 0016 003f 0016 003f 0016 003f 0016 0015 0016 003f 0016 0015 0016 003f 0016 0015 0016 03f6
9	0000 0067 0000 0044 0155 00a9 0016 003f 0016 003f 0016 0015 0016 0015 0016 0015 0016 003f 0016 0015 0016 003f 0016 0015 0016 0015 0016 003f 0016 003f 0016 003f 0016 0015 0016 003f 0016 0015 0016 003f 0016 0015 0016 0015 0016 003f 0016 003f 0016 0015 0016 0015 0016 003f 0016 0015 0016 003f 0016 003f 0016 0015 0016 0015 0016 003f 0016 003f 0016 0015 0016 03f6 0154 00a9 0016 003f 0016 003f 0016 003f 0016 003f 0016 0015 0016 003f 0016 0015 0016 003f 0016 0015 0016 0015 0016 0015 0016 0015 0016 003f 0016 0015 0016 003f 0016 0015 0016 003f 0016 0015 0016 0015 0016 003f 0016 0015 0016 003f 0016 0015 0016 003f 0016 0015 0016 003f 0016 003f 0016 0015 0016 003f 0016 0015 0016 003f 0016 0015 0016 03f6
0	0000 0067 0000 0044 0155 00a9 0016 003f 0016 003f 0016 0015 0016 0015 0016 0015 0016 003f 0016 0015 0016 003f 0016 0015 0016 0015 0016 003f 0016 003f 0016 003f 0016 0015 0016 003f 0016 0015 0016 003f 0016 0015 0016 0015 0016 003f 0016 003f 0016 0015 0016 0015 0016 003f 0016 0015 0016 003f 0016 003f 0016 0015 0016 0015 0016 003f 0016 003f 0016 0015 0016 03f6 0154 00a9 0016 003f 0016 003f 0016 003f 0016 003f 0016 0015 0016 003f 0016 0015 0016 003f 0016 0015 0016 0015 0016 0015 0016 0015 0016 003f 0016 0015 0016 003f 0016 0015 0016 0015 0016 0015 0016 0015 0016 0015 0016 0015 0016 003f 0016 0015 0016 003f 0016 003f 0016 003f 0016 003f 0016 003f 0016 003f 0016 0015 0016 003f 0016 0015 0016 03f6
+10	0000 0067 0000 0044 0155 00a9 0016 003f 0016 003f 0016 0015 0016 0015 0016 0015 0016 003f 0016 0015 0016 003f 0016 0015 0016 0015 0016 003f 0016 003f 0016 003f 0016 0015 0016 003f 0016 0015 0016 003f 0016 0015 0016 0015 0016 003f 0016 003f 0016 0015 0016 0015 0016 003f 0016 0015 0016 003f 0016 003f 0016 0015 0016 0015 0016 003f 0016 003f 0016 0015 0016 03f6 0154 00a9 0016 003f 0016 003f 0016 003f 0016 003f 0016 0015 0016 003f 0016 0015 0016 003f 0016 0015 0016 0015 0016 0015 0016 0015 0016 003f 0016 0015 0016 003f 0016 0015 0016 003f 0016 003f 0016 003f 0016 003f 0016 003f 0016 003f 0016 0015 0016 003f 0016 0015 0016 0015 0016 0015 0016 0015 0016 0015 0016 0015 0016 003f 0016 0015 0016 03f6
Disc	0000 0067 0000 0044 0155 00a9 0016 003f 0016 003f 0016 0015 0016 0015 0016 0015 0016 003f 0016 0015 0016 003f 0016 0015 0016 0015 0016 003f 0016 003f 0016 003f 0016 0015 0016 003f 0016 0015 0016 003f 0016 0015 0016 0015 0016 003f 0016 003f 0016 0015 0016 0015 0016 003f 0016 0015 0016 003f 0016 003f 0016 0015 0016 0015 0016 003f 0016 003f 0016 0015 0016 03f6 0154 00a9 0016 003f 0016 003f 0016 003f 0016 003f 0016 0015 0016 003f 0016 0015 0016 003f 0016 0015 0016 0015 0016 0015 0016 0015 0016 003f 0016 0015 0016 003f 0016 0015 0016 003f 0016 0015 0016 0015 0016 003f 0016 003f 0016 003f 0016 0015 0016 003f 0016 0015 0016 003f 0016 003f 0016 0015 0016 0015 0016 0015 0016 003f 0016 0015 0016 03f6
Function	0000 0067 0000 0022 0155 00a9 0016 003f 0016 0015 0016 003f 0016 0015 0016 0015 0016 003f 0016 0015 0016 003f 0016 0015 0016 003f 0016 0015 0016 003f 0016 003f 0016 0015 0016 003f 0016 0015 0016 003f 0016 0015 0016 003f 0016 0015 0016 003f 0016 0015 0016 003f 0016 0015 0016 0015 0016 003f 0016 0015 0016 003f 0016 0015 0016 003f 0016 0015 0016 003f 0016 03f6
List	0000 0067 0000 0022 0155 00a9 0016 003f 0016 0015 0016 003f 0016 0015 0016 0015 0016 003f 0016 0015 0016 003f 0016 0015 0016 003f 0016 0015 0016 003f 0016 003f 0016 0015 0016 003f 0016 0015 0016 003f 0016 003f 0016 0015 0016 0015 0016 0015 0016 0015 0016 003f 0016 0015 0016 0015 0016 0015 0016 003f 0016 003f 0016 003f 0016 003f 0016 0015 0016 003f 0016 03f6
Commander Setup	0000 0067 0000 0044 0154 00a9 0016 003f 0016 0015 0016 003f 0016 0015 0016 0015 0016 003f 0016 0015 0016 003f 0016 0015 0016 003f 0016 0015 0016 003f 0016 003f 0016 0015 0016 003f 0016 0015 0016 003f 0016 0015 0016 0015 0016 003f 0016 003f 0016 0015 0016 003f 0016 0015 0016 0015 0016 003f 0016 003f 0016 0015 0016 0015 0016 003f 0016 0015 0016 003f 0016 03f6 0154 00a9 0016 003f 0016 0015 0016 003f 0016 0015 0016 0015 0016 003f 0016 0015 0016 003f 0016 0015 0016 003f 0016 0015 0016 003f 0016 003f 0016 0015 0016 003f 0016 0015 0016 003f 0016 0015 0016 0015 0016 003f 0016 0015 0016 0015 0016 0015 0016 0015 0016 0015 0016 003f 0016 003f 0016 0015 0016 003f 0016 003f 0016 003f 0016 003f 0016 03f6
