Power Off	0000 006D 0000 000E 0000 0024 0000 0009 0000 0009 0000 0017 0000 0017 0000 0017 0000 0009 0000 0009 0000 0009 0000 0009 0000 0009 0000 0009 0000 0024 0000 4465 0000 0024 0000 0009 0000 0009 0000 0017 0000 0017 0000 0017 0000 0009 0000 0009 0000 0009 0000 0009 0000 0009 0000 0009 0000 0024 0000 4462
1	0000 006D 0000 000E 0000 0024 0000 0009 0000 0009 0000 0017 0000 0017 0000 0017 0000 0017 0000 0009 0000 0009 0000 0009 0000 0017 0000 0009 0000 0024 0000 4449 0000 0024 0000 0009 0000 0009 0000 0017 0000 0017 0000 0017 0000 0017 0000 0009 0000 0009 0000 0009 0000 0017 0000 0009 0000 0024 0000 4447
2	0000 006D 0000 000E 0000 0024 0000 0009 0000 0009 0000 0017 0000 0017 0000 0017 0000 0009 0000 0017 0000 0009 0000 0009 0000 0017 0000 0009 0000 0024 0000 4448 0000 0024 0000 0009 0000 0009 0000 0017 0000 0017 0000 0017 0000 0009 0000 0017 0000 0009 0000 0009 0000 0017 0000 0009 0000 0024 0000 4447
3	0000 006D 0000 000E 0000 0024 0000 0009 0000 0009 0000 0017 0000 0017 0000 0017 0000 0017 0000 0017 0000 0009 0000 0009 0000 0017 0000 0009 0000 0024 0000 443B 0000 0024 0000 0009 0000 0009 0000 0017 0000 0017 0000 0017 0000 0017 0000 0017 0000 0009 0000 0009 0000 0017 0000 0009 0000 0024 0000 443A
4	0000 006D 0000 000E 0000 0024 0000 0009 0000 0009 0000 0017 0000 0017 0000 0017 0000 0009 0000 0009 0000 0017 0000 0009 0000 0017 0000 0009 0000 0024 0000 444B 0000 0024 0000 0009 0000 0009 0000 0017 0000 0017 0000 0017 0000 0009 0000 0009 0000 0017 0000 0009 0000 0017 0000 0009 0000 0024 0000 4447
5	0000 006D 0000 000E 0000 0024 0000 0009 0000 0009 0000 0017 0000 0017 0000 0017 0000 0017 0000 0009 0000 0017 0000 0009 0000 0017 0000 0009 0000 0024 0000 443A 0000 0024 0000 0009 0000 0009 0000 0017 0000 0017 0000 0017 0000 0017 0000 0009 0000 0017 0000 0009 0000 0017 0000 0009 0000 0024 0000 4439 0000 0024 0000 0009 0000 0009 0000 0017 0000 0017 0000 0017 0000 0017 0000 0009 0000 0017 0000 0009 0000 0017 0000 0009 0000 0024 0000 4439 0000 0024 0000 0009 0000 0009 0000 0017 0000 0017 0000 0017 0000 0017 0000 0009 0000 0017 0000 0009 0000 0017 0000 0009 0000 0024 0000 443A
6	0000 006D 0000 000E 0000 0024 0000 0009 0000 0009 0000 0017 0000 0017 0000 0017 0000 0009 0000 0017 0000 0017 0000 0009 0000 0017 0000 0009 0000 0024 0000 443C 0000 0024 0000 0009 0000 0009 0000 0017 0000 0017 0000 0017 0000 0009 0000 0017 0000 0017 0000 0009 0000 0017 0000 0009 0000 0024 0000 443A
7	0000 006D 0000 000E 0000 0024 0000 0009 0000 0009 0000 0017 0000 0017 0000 0017 0000 0017 0000 0017 0000 0017 0000 0009 0000 0017 0000 0009 0000 0024 0000 442E 0000 0024 0000 0009 0000 0009 0000 0017 0000 0017 0000 0017 0000 0017 0000 0017 0000 0017 0000 0009 0000 0017 0000 0009 0000 0024 0000 442C
8	0000 006D 0000 000E 0000 0024 0000 0009 0000 0009 0000 0017 0000 0017 0000 0017 0000 0009 0000 0009 0000 0009 0000 0017 0000 0017 0000 0009 0000 0024 0000 4448 0000 0024 0000 0009 0000 0009 0000 0017 0000 0017 0000 0017 0000 0009 0000 0009 0000 0009 0000 0017 0000 0017 0000 0009 0000 0024 0000 4447 0000 0024 0000 0009 0000 0009 0000 0017 0000 0017 0000 0017 0000 0009 0000 0009 0000 0009 0000 0017 0000 0017 0000 0009 0000 0024 0000 4447 0000 0024 0000 0009 0000 0009 0000 0017 0000 0017 0000 0017 0000 0009 0000 0009 0000 0009 0000 0017 0000 0017 0000 0009 0000 0024 0000 4448
9	0000 006D 0000 000E 0000 0024 0000 0009 0000 0009 0000 0017 0000 0017 0000 0017 0000 0017 0000 0009 0000 0009 0000 0017 0000 0017 0000 0009 0000 0024 0000 443D 0000 0024 0000 0009 0000 0009 0000 0017 0000 0017 0000 0017 0000 0017 0000 0009 0000 0009 0000 0017 0000 0017 0000 0009 0000 0024 0000 4439 0000 0024 0000 0009 0000 0009 0000 0017 0000 0017 0000 0017 0000 0017 0000 0009 0000 0009 0000 0017 0000 0017 0000 0009 0000 0024 0000 443A
0	0000 006D 0000 000E 0000 0024 0000 0009 0000 0009 0000 0017 0000 0017 0000 0017 0000 0009 0000 0017 0000 0009 0000 0017 0000 0017 0000 0009 0000 0024 0000 443D 0000 0024 0000 0009 0000 0009 0000 0017 0000 0017 0000 0017 0000 0009 0000 0017 0000 0009 0000 0017 0000 0017 0000 0009 0000 0024 0000 4439 0000 0024 0000 0009 0000 0009 0000 0017 0000 0017 0000 0017 0000 0009 0000 0017 0000 0009 0000 0017 0000 0017 0000 0009 0000 0024 0000 443A
Enter	0000 006D 0000 000E 0000 0024 0000 0009 0000 0009 0000 0017 0000 0017 0000 0017 0000 0017 0000 0017 0000 0017 0000 0009 0000 0009 0000 0017 0000 0024 0000 442D 0000 0024 0000 0009 0000 0009 0000 0017 0000 0017 0000 0017 0000 0017 0000 0017 0000 0017 0000 0009 0000 0009 0000 0017 0000 0024 0000 442C 0000 0024 0000 0009 0000 0009 0000 0017 0000 0017 0000 0017 0000 0017 0000 0017 0000 0017 0000 0009 0000 0009 0000 0017 0000 0024 0000 442C 0000 0024 0000 0009 0000 0009 0000 0017 0000 0017 0000 0017 0000 0017 0000 0017 0000 0017 0000 0009 0000 0009 0000 0017 0000 0024 0000 442D
Vol+	0000 006D 0000 0054 0000 0024 0000 0008 0000 0008 0000 0016 0000 0016 0000 0017 0000 0008 0000 0016 0000 0016 0000 0016 0000 0008 0000 0016 0000 0024 0000 122E 0000 0023 0000 0008 0000 0008 0000 0016 0000 0016 0000 0016 0000 0008 0000 0016 0000 0017 0000 0017 0000 0009 0000 0017 0000 0024 0000 122C 0000 0024 0000 0008 0000 0008 0000 0016 0000 0016 0000 0016 0000 0009 0000 0017 0000 0017 0000 0017 0000 0009 0000 0017 0000 0024 0000 122C 0000 0023 0000 0008 0000 0008 0000 0016 0000 0016 0000 0016 0000 0008 0000 0016 0000 0016 0000 0017 0000 0009 0000 0017 0000 0024 0000 122C 0000 0024 0000 0008 0000 0008 0000 0016 0000 0016 0000 0016 0000 0009 0000 0017 0000 0017 0000 0017 0000 0009 0000 0017 0000 0024 0000 122C 0000 0024 0000 0008 0000 0008 0000 0016 0000 0016 0000 0016 0000 0008 0000 0016 0000 0017 0000 0017 0000 0009 0000 0017 0000 0024 0000 123C
Vol-	0000 006D 0000 0054 0000 0024 0000 0008 0000 0008 0000 0016 0000 0016 0000 0016 0000 0016 0000 0016 0000 0016 0000 0016 0000 0008 0000 0016 0000 0024 0000 121E 0000 0024 0000 0008 0000 0008 0000 0016 0000 0016 0000 0016 0000 0016 0000 0016 0000 0016 0000 0016 0000 0008 0000 0017 0000 0024 0000 121D 0000 0024 0000 0008 0000 0008 0000 0016 0000 0016 0000 0016 0000 0016 0000 0016 0000 0016 0000 0016 0000 0008 0000 0016 0000 0024 0000 121D 0000 0024 0000 0008 0000 0008 0000 0016 0000 0016 0000 0016 0000 0016 0000 0016 0000 0016 0000 0016 0000 0008 0000 0017 0000 0024 0000 121E 0000 0024 0000 0008 0000 0008 0000 0016 0000 0016 0000 0016 0000 0016 0000 0016 0000 0016 0000 0016 0000 0008 0000 0016 0000 0024 0000 121E 0000 0024 0000 0008 0000 0008 0000 0016 0000 0016 0000 0016 0000 0016 0000 0016 0000 0016 0000 0016 0000 0008 0000 0016 0000 0024 0000 123B
-20db	0000 006D 0000 0054 0000 0024 0000 0008 0000 0008 0000 0016 0000 0016 0000 0017 0000 0009 0000 0009 0000 0017 0000 0008 0000 0016 0000 0016 0000 0024 0000 123A 0000 0024 0000 0008 0000 0008 0000 0016 0000 0016 0000 0017 0000 0009 0000 0009 0000 0017 0000 0009 0000 0017 0000 0017 0000 0024 0000 1239 0000 0023 0000 0009 0000 0009 0000 0017 0000 0016 0000 0016 0000 0008 0000 0009 0000 0017 0000 0009 0000 0017 0000 0017 0000 0024 0000 1239 0000 0024 0000 0008 0000 0008 0000 0017 0000 0017 0000 0017 0000 0009 0000 0009 0000 0017 0000 0008 0000 0016 0000 0016 0000 0023 0000 1239 0000 0024 0000 0008 0000 0008 0000 0016 0000 0017 0000 0017 0000 0009 0000 0009 0000 0017 0000 0009 0000 0017 0000 0017 0000 0024 0000 123A 0000 0023 0000 0009 0000 0009 0000 0017 0000 0017 0000 0016 0000 0008 0000 0008 0000 0016 0000 0008 0000 0016 0000 0017 0000 0024 0000 123C
Balan L	0000 006D 0000 0054 0000 0024 0000 0008 0000 0008 0000 0016 0000 0016 0000 0017 0000 0009 0000 0008 0000 0016 0000 0016 0000 0008 0000 0016 0000 0024 0000 123C 0000 0023 0000 0008 0000 0008 0000 0016 0000 0016 0000 0016 0000 0008 0000 0008 0000 0017 0000 0017 0000 0009 0000 0017 0000 0024 0000 1239 0000 0023 0000 0008 0000 0008 0000 0016 0000 0016 0000 0016 0000 0008 0000 0008 0000 0016 0000 0017 0000 0009 0000 0017 0000 0024 0000 1239 0000 0023 0000 0008 0000 0008 0000 0016 0000 0016 0000 0016 0000 0008 0000 0008 0000 0016 0000 0016 0000 0009 0000 0017 0000 0024 0000 123A 0000 0024 0000 0008 0000 0008 0000 0016 0000 0016 0000 0016 0000 0008 0000 0008 0000 0017 0000 0017 0000 0009 0000 0017 0000 0024 0000 123A 0000 0024 0000 0008 0000 0009 0000 0017 0000 0016 0000 0016 0000 0008 0000 0008 0000 0016 0000 0016 0000 0008 0000 0016 0000 0024 0000 123B
Balan R	0000 006D 0000 0054 0000 0024 0000 0008 0000 0008 0000 0016 0000 0016 0000 0016 0000 0017 0000 0009 0000 0017 0000 0017 0000 0008 0000 0016 0000 0024 0000 122C 0000 0024 0000 0008 0000 0008 0000 0016 0000 0017 0000 0017 0000 0016 0000 0008 0000 0016 0000 0016 0000 0008 0000 0016 0000 0024 0000 124B 0000 0024 0000 0008 0000 0009 0000 0017 0000 0016 0000 0016 0000 0016 0000 0008 0000 0016 0000 0016 0000 0008 0000 0016 0000 0023 0000 122C 0000 0024 0000 0008 0000 0008 0000 0016 0000 0017 0000 0016 0000 0016 0000 0008 0000 0016 0000 0016 0000 0008 0000 0016 0000 0024 0000 124B 0000 0023 0000 0008 0000 0008 0000 0016 0000 0016 0000 0016 0000 0016 0000 0008 0000 0016 0000 0016 0000 0008 0000 0016 0000 0024 0000 124C 0000 0024 0000 0008 0000 0008 0000 0016 0000 0016 0000 0016 0000 0016 0000 0009 0000 0017 0000 0017 0000 0009 0000 0017 0000 0024 0000 123C
Phono	0000 006D 0000 0054 0000 0024 0000 0008 0000 0008 0000 0016 0000 0016 0000 0017 0000 0009 0000 0017 0000 0009 0000 0009 0000 0017 0000 0017 0000 0024 0000 1239 0000 0024 0000 0008 0000 0008 0000 0016 0000 0017 0000 0017 0000 0008 0000 0016 0000 0008 0000 0008 0000 0016 0000 0016 0000 0023 0000 1259 0000 0023 0000 0008 0000 0008 0000 0016 0000 0016 0000 0016 0000 0008 0000 0016 0000 0009 0000 0009 0000 0017 0000 0017 0000 0024 0000 1239 0000 0023 0000 0009 0000 0009 0000 0016 0000 0016 0000 0016 0000 0008 0000 0016 0000 0008 0000 0008 0000 0016 0000 0017 0000 0024 0000 123A 0000 0023 0000 0008 0000 0008 0000 0016 0000 0016 0000 0016 0000 0008 0000 0016 0000 0008 0000 0009 0000 0017 0000 0017 0000 0024 0000 123A 0000 0024 0000 0008 0000 0008 0000 0016 0000 0016 0000 0016 0000 0008 0000 0016 0000 0009 0000 0009 0000 0017 0000 0017 0000 0024 0000 123C
Disc	0000 006D 0000 0054 0000 0024 0000 0008 0000 0008 0000 0016 0000 0017 0000 0017 0000 0016 0000 0016 0000 0008 0000 0016 0000 0009 0000 0017 0000 0024 0000 122C 0000 0024 0000 0008 0000 0008 0000 0016 0000 0017 0000 0017 0000 0017 0000 0016 0000 0008 0000 0016 0000 0008 0000 0016 0000 0024 0000 124B 0000 0024 0000 0008 0000 0008 0000 0016 0000 0016 0000 0017 0000 0017 0000 0017 0000 0008 0000 0016 0000 0008 0000 0016 0000 0024 0000 124A 0000 0024 0000 0008 0000 0008 0000 0016 0000 0016 0000 0016 0000 0017 0000 0017 0000 0009 0000 0017 0000 0009 0000 0017 0000 0024 0000 122C 0000 0023 0000 0009 0000 0009 0000 0016 0000 0016 0000 0016 0000 0016 0000 0017 0000 0009 0000 0017 0000 0009 0000 0017 0000 0024 0000 122C 0000 0024 0000 0008 0000 0008 0000 0016 0000 0016 0000 0017 0000 0017 0000 0017 0000 0009 0000 0017 0000 0009 0000 0017 0000 0024 0000 123B
Tape1	0000 006D 0000 0054 0000 0024 0000 0008 0000 0008 0000 0016 0000 0016 0000 0016 0000 0008 0000 0008 0000 0008 0000 0008 0000 0016 0000 0016 0000 0024 0000 1269 0000 0024 0000 0008 0000 0008 0000 0016 0000 0016 0000 0016 0000 0008 0000 0008 0000 0008 0000 0008 0000 0016 0000 0016 0000 0024 0000 1266 0000 0024 0000 0008 0000 0008 0000 0016 0000 0016 0000 0016 0000 0008 0000 0008 0000 0008 0000 0008 0000 0016 0000 0016 0000 0024 0000 1266 0000 0024 0000 0008 0000 0008 0000 0016 0000 0016 0000 0016 0000 0008 0000 0008 0000 0008 0000 0008 0000 0016 0000 0016 0000 0024 0000 1266 0000 0024 0000 0008 0000 0008 0000 0016 0000 0016 0000 0016 0000 0008 0000 0008 0000 0008 0000 0008 0000 0017 0000 0017 0000 0024 0000 1266 0000 0024 0000 0008 0000 0008 0000 0016 0000 0016 0000 0016 0000 0008 0000 0008 0000 0008 0000 0008 0000 0016 0000 0016 0000 0024 0000 125B
Tape2	0000 006D 0000 0046 0000 0024 0000 0008 0000 0008 0000 0016 0000 0017 0000 0016 0000 0008 0000 0016 0000 0008 0000 0016 0000 0008 0000 0017 0000 0024 0000 1259 0000 0024 0000 0008 0000 0009 0000 0016 0000 0016 0000 0016 0000 0008 0000 0016 0000 0008 0000 0016 0000 0009 0000 0017 0000 0024 0000 1239 0000 0024 0000 0008 0000 0008 0000 0016 0000 0016 0000 0016 0000 0009 0000 0017 0000 0009 0000 0017 0000 0008 0000 0017 0000 0024 0000 1238 0000 0023 0000 0008 0000 0008 0000 0016 0000 0016 0000 0016 0000 0008 0000 0016 0000 0008 0000 0016 0000 0008 0000 0017 0000 0024 0000 1259 0000 0024 0000 0008 0000 0008 0000 0016 0000 0016 0000 0016 0000 0008 0000 0017 0000 0009 0000 0017 0000 0009 0000 0017 0000 0024 0000 123C
Speake A	0000 006D 0000 0054 0000 0024 0000 0008 0000 0008 0000 0016 0000 0017 0000 0017 0000 0017 0000 0017 0000 0008 0000 0016 0000 0017 0000 0017 0000 0024 0000 1220 0000 0024 0000 0009 0000 0009 0000 0017 0000 0016 0000 0016 0000 0017 0000 0017 0000 0009 0000 0017 0000 0017 0000 0017 0000 0024 0000 121E 0000 0023 0000 0009 0000 0009 0000 0017 0000 0016 0000 0016 0000 0017 0000 0017 0000 0009 0000 0017 0000 0017 0000 0017 0000 0024 0000 121E 0000 0023 0000 0009 0000 0009 0000 0017 0000 0017 0000 0017 0000 0016 0000 0016 0000 0009 0000 0017 0000 0017 0000 0017 0000 0024 0000 121E 0000 0023 0000 0009 0000 0009 0000 0017 0000 0017 0000 0017 0000 0017 0000 0016 0000 0008 0000 0017 0000 0017 0000 0017 0000 0024 0000 121E 0000 0024 0000 0008 0000 0008 0000 0016 0000 0016 0000 0017 0000 0017 0000 0017 0000 0009 0000 0017 0000 0017 0000 0017 0000 0024 0000 121C
Speake B	0000 006D 0000 0054 0000 0024 0000 0008 0000 0008 0000 0016 0000 0017 0000 0017 0000 0009 0000 0017 0000 0017 0000 0016 0000 0017 0000 0017 0000 0024 0000 1221 0000 0024 0000 0008 0000 0009 0000 0017 0000 0017 0000 0017 0000 0009 0000 0017 0000 0016 0000 0017 0000 0017 0000 0017 0000 0024 0000 121E 0000 0024 0000 0009 0000 0009 0000 0016 0000 0016 0000 0017 0000 0009 0000 0017 0000 0017 0000 0017 0000 0017 0000 0017 0000 0024 0000 121E 0000 0023 0000 0009 0000 0009 0000 0017 0000 0017 0000 0016 0000 0008 0000 0017 0000 0017 0000 0017 0000 0017 0000 0017 0000 0024 0000 121E 0000 0023 0000 0009 0000 0009 0000 0017 0000 0017 0000 0017 0000 0008 0000 0016 0000 0016 0000 0017 0000 0017 0000 0017 0000 0024 0000 121F 0000 0024 0000 0008 0000 0008 0000 0016 0000 0017 0000 0017 0000 0009 0000 0017 0000 0017 0000 0017 0000 0017 0000 0017 0000 0024 0000 121C
Monitor	0000 006D 0000 0054 0000 0024 0000 0009 0000 0008 0000 0016 0000 0016 0000 0017 0000 0009 0000 0017 0000 0017 0000 0008 0000 0008 0000 0008 0000 0024 0000 1248 0000 0024 0000 0008 0000 0008 0000 0016 0000 0016 0000 0017 0000 0009 0000 0017 0000 0017 0000 0009 0000 0009 0000 0009 0000 0024 0000 1247 0000 0023 0000 0009 0000 0009 0000 0017 0000 0017 0000 0017 0000 0009 0000 0017 0000 0016 0000 0008 0000 0009 0000 0009 0000 0024 0000 1247 0000 0024 0000 0008 0000 0009 0000 0017 0000 0017 0000 0017 0000 0009 0000 0017 0000 0017 0000 0009 0000 0009 0000 0009 0000 0024 0000 1247 0000 0024 0000 0008 0000 0008 0000 0016 0000 0017 0000 0017 0000 0009 0000 0017 0000 0017 0000 0009 0000 0009 0000 0009 0000 0024 0000 1248 0000 0024 0000 0008 0000 0009 0000 0017 0000 0017 0000 0017 0000 0009 0000 0017 0000 0017 0000 0009 0000 0009 0000 0009 0000 0024 0000 123C
Tone	0000 006D 0000 0054 0000 0024 0000 0009 0000 0008 0000 0016 0000 0016 0000 0017 0000 0017 0000 0009 0000 0017 0000 0008 0000 0016 0000 0017 0000 0024 0000 122E 0000 0023 0000 0009 0000 0009 0000 0017 0000 0017 0000 0016 0000 0016 0000 0009 0000 0017 0000 0009 0000 0017 0000 0017 0000 0024 0000 122C 0000 0024 0000 0009 0000 0009 0000 0016 0000 0016 0000 0016 0000 0017 0000 0009 0000 0017 0000 0009 0000 0017 0000 0017 0000 0024 0000 122C 0000 0023 0000 0009 0000 0009 0000 0017 0000 0017 0000 0017 0000 0017 0000 0009 0000 0017 0000 0008 0000 0016 0000 0016 0000 0024 0000 122C 0000 0024 0000 0008 0000 0008 0000 0016 0000 0017 0000 0017 0000 0017 0000 0009 0000 0017 0000 0009 0000 0017 0000 0017 0000 0024 0000 122C 0000 0024 0000 0008 0000 0008 0000 0016 0000 0017 0000 0017 0000 0017 0000 0009 0000 0017 0000 0009 0000 0017 0000 0017 0000 0024 0000 123C
Play/Next	0000 006D 0000 0054 0000 0024 0000 0009 0000 0008 0000 0016 0000 0016 0000 0017 0000 0017 0000 0017 0000 0016 0000 0008 0000 0017 0000 0017 0000 0024 0000 121E 0000 0023 0000 0009 0000 0009 0000 0017 0000 0017 0000 0017 0000 0016 0000 0016 0000 0017 0000 0009 0000 0017 0000 0017 0000 0024 0000 121E 0000 0024 0000 0008 0000 0008 0000 0016 0000 0016 0000 0017 0000 0017 0000 0017 0000 0017 0000 0009 0000 0017 0000 0017 0000 0024 0000 121E 0000 0024 0000 0008 0000 0008 0000 0016 0000 0017 0000 0017 0000 0017 0000 0017 0000 0017 0000 0009 0000 0017 0000 0017 0000 0024 0000 121E 0000 0024 0000 0008 0000 0009 0000 0017 0000 0017 0000 0017 0000 0017 0000 0017 0000 0017 0000 0009 0000 0017 0000 0017 0000 0024 0000 121E 0000 0024 0000 0008 0000 0008 0000 0016 0000 0016 0000 0017 0000 0017 0000 0017 0000 0017 0000 0009 0000 0017 0000 0017 0000 0024 0000 121C
Left Arrow	0000 006D 0000 000E 0000 0024 0000 0009 0000 0009 0000 0017 0000 0017 0000 0017 0000 0009 0000 0017 0000 0017 0000 0017 0000 0009 0000 0009 0000 0024 0000 443D 0000 0024 0000 0009 0000 0009 0000 0017 0000 0017 0000 0017 0000 0009 0000 0017 0000 0017 0000 0017 0000 0009 0000 0009 0000 0024 0000 4439 0000 0024 0000 0009 0000 0009 0000 0017 0000 0017 0000 0017 0000 0009 0000 0017 0000 0017 0000 0017 0000 0009 0000 0009 0000 0024 0000 443A
Right Arrow	0000 006D 0000 0054 0000 0024 0000 0009 0000 0009 0000 0017 0000 0016 0000 0017 0000 0017 0000 0017 0000 0017 0000 0017 0000 0009 0000 0009 0000 0024 0000 122F 0000 0023 0000 0009 0000 0009 0000 0017 0000 0017 0000 0017 0000 0016 0000 0017 0000 0017 0000 0017 0000 0009 0000 0009 0000 0024 0000 122C 0000 0024 0000 0009 0000 0009 0000 0017 0000 0017 0000 0017 0000 0017 0000 0017 0000 0017 0000 0017 0000 0009 0000 0009 0000 0024 0000 122C 0000 0023 0000 0009 0000 0009 0000 0017 0000 0017 0000 0017 0000 0017 0000 0017 0000 0017 0000 0017 0000 0009 0000 0009 0000 0024 0000 122C 0000 0024 0000 0009 0000 0009 0000 0017 0000 0016 0000 0017 0000 0017 0000 0017 0000 0017 0000 0017 0000 0009 0000 0009 0000 0024 0000 122D 0000 0024 0000 0008 0000 0008 0000 0016 0000 0017 0000 0017 0000 0017 0000 0017 0000 0017 0000 0017 0000 0009 0000 0009 0000 0024 0000 123C
Up/Down Arrow	0000 006D 0000 0054 0000 0024 0000 0009 0000 0009 0000 0016 0000 0017 0000 0017 0000 0009 0000 0009 0000 0009 0000 0009 0000 0017 0000 0009 0000 0024 0000 1242 0000 0024 0000 0009 0000 0009 0000 0017 0000 0017 0000 0017 0000 0009 0000 0009 0000 0009 0000 0009 0000 0017 0000 0009 0000 0024 0000 125E 0000 0024 0000 0009 0000 0009 0000 0017 0000 0017 0000 0017 0000 0009 0000 0009 0000 0009 0000 0009 0000 0017 0000 0009 0000 0024 0000 125F 0000 0024 0000 0009 0000 0009 0000 0017 0000 0017 0000 0017 0000 0009 0000 0009 0000 0009 0000 0009 0000 0017 0000 0009 0000 0024 0000 125F 0000 0024 0000 0009 0000 0008 0000 0017 0000 0017 0000 0017 0000 0009 0000 0009 0000 0009 0000 0009 0000 0017 0000 0009 0000 0025 0000 125F 0000 0024 0000 0009 0000 0009 0000 0017 0000 0017 0000 0017 0000 0009 0000 0009 0000 0009 0000 0009 0000 0017 0000 0009 0000 0024 0000 125C
Pause/Time	0000 006D 0000 000E 0000 0024 0000 0009 0000 0009 0000 0017 0000 0017 0000 0017 0000 0017 0000 0009 0000 0009 0000 0017 0000 0009 0000 0009 0000 0024 0000 4454 0000 0024 0000 0009 0000 0009 0000 0017 0000 0017 0000 0017 0000 0017 0000 0009 0000 0009 0000 0017 0000 0009 0000 0009 0000 0024 0000 4451
&lt;&lt;/Event	0000 006D 0000 000E 0000 0024 0000 0009 0000 0009 0000 0017 0000 0017 0000 0017 0000 0009 0000 0009 0000 0017 0000 0009 0000 0009 0000 0009 0000 0024 0000 4460 0000 0024 0000 0009 0000 0009 0000 0017 0000 0017 0000 0017 0000 0009 0000 0009 0000 0017 0000 0009 0000 0009 0000 0009 0000 0024 0000 445E
&gt;&gt;/Select	0000 006D 0000 000E 0000 0024 0000 0009 0000 0009 0000 0017 0000 0017 0000 0017 0000 0017 0000 0009 0000 0017 0000 0009 0000 0009 0000 0009 0000 0024 0000 444F 0000 0024 0000 0009 0000 0009 0000 0017 0000 0017 0000 0017 0000 0017 0000 0009 0000 0017 0000 0009 0000 0009 0000 0009 0000 0024 0000 4450 0000 0024 0000 0009 0000 0009 0000 0017 0000 0017 0000 0017 0000 0017 0000 0009 0000 0017 0000 0009 0000 0009 0000 0009 0000 0024 0000 4450 0000 0024 0000 0009 0000 0009 0000 0017 0000 0017 0000 0017 0000 0017 0000 0009 0000 0017 0000 0009 0000 0009 0000 0009 0000 0024 0000 4451
Play/Test	0000 006D 0000 000E 0000 0024 0000 0009 0000 0009 0000 0017 0000 0017 0000 0017 0000 0009 0000 0017 0000 0009 0000 0017 0000 0009 0000 0009 0000 0024 0000 4451 0000 0024 0000 0009 0000 0009 0000 0017 0000 0017 0000 0017 0000 0009 0000 0017 0000 0009 0000 0017 0000 0009 0000 0009 0000 0024 0000 4450 0000 0024 0000 0009 0000 0009 0000 0017 0000 0017 0000 0017 0000 0009 0000 0017 0000 0009 0000 0017 0000 0009 0000 0009 0000 0024 0000 4450 0000 0024 0000 0009 0000 0009 0000 0017 0000 0017 0000 0017 0000 0009 0000 0017 0000 0009 0000 0017 0000 0009 0000 0009 0000 0024 0000 4451
Stop/Exit	0000 006D 0000 000E 0000 0024 0000 0009 0000 0009 0000 0017 0000 0017 0000 0017 0000 0017 0000 0017 0000 0009 0000 0009 0000 0009 0000 0009 0000 0024 0000 4453 0000 0024 0000 0009 0000 0009 0000 0017 0000 0017 0000 0017 0000 0017 0000 0017 0000 0009 0000 0009 0000 0009 0000 0009 0000 0024 0000 4450 0000 0024 0000 0009 0000 0009 0000 0017 0000 0017 0000 0017 0000 0017 0000 0017 0000 0009 0000 0009 0000 0009 0000 0009 0000 0024 0000 4450 0000 0024 0000 0009 0000 0009 0000 0017 0000 0017 0000 0017 0000 0017 0000 0017 0000 0009 0000 0009 0000 0009 0000 0009 0000 0024 0000 4451
