 Power-On-1	0000 007E 0000 0011 0000 0046 0000 001E 0000 001E 0000 001E 0000 001E 0000 0046 0000 001E 0000 037C 0000 0046 0000 0046 0000 0046 0000 001E 0000 001E 0000 001E 0000 0046 0000 001E 0000 001E
 Power-On-2	0000 0080 0000 0011 0000 0045 0000 0045 0000 0045 0000 001E 0000 001E 0000 001E 0000 0045 0000 001E 0000 001E 0000 0045 0000 001E 0000 001E 0000 001E 0000 001E 0000 0045 0000 001E 0000 0347
 Power-Off-1	0000 007E 0000 0011 0000 0046 0000 0046 0000 0046 0000 001E 0000 001E 0000 001E 0000 0046 0000 001E 0000 001E 0000 0046 0000 001E 0000 0046 0000 001E 0000 001E 0000 0046 0000 001E 0000 0354
 Power-Off-2	0000 0080 0000 0011 0000 0045 0000 0045 0000 0045 0000 001E 0000 001E 0000 001E 0000 0045 0000 001E 0000 001E 0000 0045 0000 001E 0000 0045 0000 001E 0000 001E 0000 0045 0000 001E 0000 0349
 Antenna-1	0000 007E 0000 0022 0000 0046 0000 0046 0000 0046 0000 001E 0000 001E 0000 001E 0000 0046 0000 001E 0000 001E 0000 0046 0000 001E 0000 0046 0000 0046 0000 001E 0000 0046 0000 001E 0000 032C 0000 0046 0000 0046 0000 0046 0000 001E 0000 001E 0000 001E 0000 0046 0000 001E 0000 001E 0000 0046 0000 001E 0000 0046 0000 0046 0000 001E 0000 0046 0000 001E 0000 1004
 Antenna-2	0000 007E 0000 0011 0000 0046 0000 001E 0000 001E 0000 001E 0000 0046 0000 0046 0000 001E 0000 001E 0000 0046 0000 001E 0000 0354 0000 0046 0000 0046 0000 0046 0000 001E 0000 001E 0000 001E
 Input-1A	0000 007E 0000 0011 0000 0046 0000 0046 0000 0046 0000 001E 0000 001E 0000 001E 0000 0046 0000 001E 0000 001E 0000 0046 0000 001E 0000 001E 0000 001E 0000 0046 0000 0046 0000 001E 0000 0354
 Input-1B	0000 0080 0000 0011 0000 0045 0000 0045 0000 0045 0000 001E 0000 001E 0000 001E 0000 0045 0000 001E 0000 001E 0000 0045 0000 001E 0000 001E 0000 001E 0000 0045 0000 0045 0000 001E 0000 0349
 Input-2A	0000 007E 0000 0011 0000 0046 0000 0046 0000 0046 0000 001E 0000 001E 0000 001E 0000 0046 0000 001E 0000 001E 0000 0046 0000 001E 0000 0046 0000 001E 0000 0046 0000 0046 0000 001E 0000 032C
 Input-2B	0000 0080 0000 0011 0000 0045 0000 0045 0000 0045 0000 001E 0000 001E 0000 001E 0000 0045 0000 001E 0000 001E 0000 0045 0000 001E 0000 0045 0000 001E 0000 0045 0000 0045 0000 001E 0000 0349
 Input-3	0000 007E 0000 0011 0000 0046 0000 0046 0000 0046 0000 001E 0000 001E 0000 001E 0000 0046 0000 001E 0000 001E 0000 0046 0000 001E 0000 001E 0000 0046 0000 0046 0000 0046 0000 001E 0000 032C
 Input-4	0000 007E 0000 0011 0000 0046 0000 0046 0000 0046 0000 001E 0000 001E 0000 001E 0000 0046 0000 001E 0000 001E 0000 0046 0000 001E 0000 0046 0000 0046 0000 0046 0000 0046 0000 001E 0000 0303
 Input-5	0000 0080 0000 0011 0000 0045 0000 0045 0000 0045 0000 001D 0000 001D 0000 001D 0000 0045 0000 001D 0000 0045 0000 001D 0000 001D 0000 0045 0000 001D 0000 0045 0000 0045 0000 001D 0000 033E
RE TV-Power-On	0000 007F 0000 0011 0000 0046 0000 0046 0000 0046 0000 001E 0000 001E 0000 001E 0000 0046 0000 001E 0000 001E 0000 0046 0000 001E 0000 001E 0000 001E 0000 001E 0000 0046 0000 001E 0000 0362
RE TV-Power-Off	0000 007B 0000 0011 0000 0048 0000 0048 0000 0048 0000 001F 0000 001F 0000 001F 0000 0048 0000 001F 0000 001F 0000 0048 0000 001F 0000 0048 0000 001F 0000 001F 0000 0048 0000 001F 0000 0380
RE TV-Antenna-A	0000 007B 0000 0011 0000 0048 0000 0048 0000 0048 0000 001F 0000 001F 0000 001F 0000 0048 0000 001F 0000 001F 0000 0048 0000 001F 0000 0048 0000 0048 0000 001F 0000 0048 0000 001F 0000 032C
RE TV-Antenna-B	0000 007F 0000 0011 0000 0046 0000 0046 0000 0046 0000 001E 0000 001E 0000 001E 0000 0046 0000 001E 0000 001E 0000 001E 0000 0046 0000 0046 0000 001E 0000 001E 0000 0046 0000 001E 0000 0312
RE TV-Stb	0000 007E 0000 0011 0000 0046 0000 0046 0000 0046 0000 001E 0000 001E 0000 001E 0000 0046 0000 001E 0000 0046 0000 001E 0000 001E 0000 0046 0000 0046 0000 001E 0000 0046 0000 001E 0000 0316
RE TV-Input-1	0000 007B 0000 0011 0000 0048 0000 0048 0000 0048 0000 001F 0000 001F 0000 001F 0000 0048 0000 001F 0000 001F 0000 0048 0000 001F 0000 001F 0000 001F 0000 0048 0000 0048 0000 001F 0000 032C
RE TV-Input-2	0000 007F 0000 0011 0000 0046 0000 0046 0000 0046 0000 001E 0000 001E 0000 001E 0000 0046 0000 001E 0000 001E 0000 0046 0000 001E 0000 0046 0000 001E 0000 0046 0000 0046 0000 001E 0000 0311
RE TV-Input-3	0000 007F 0000 0011 0000 0046 0000 0046 0000 0046 0000 001E 0000 001E 0000 001E 0000 0046 0000 001E 0000 001E 0000 0046 0000 001E 0000 001E 0000 0046 0000 0046 0000 0046 0000 001E 0000 0311
RE TV-Input-4	0000 007E 0000 0011 0000 0046 0000 0046 0000 0046 0000 001E 0000 001E 0000 001E 0000 0046 0000 001E 0000 001E 0000 0046 0000 001E 0000 0046 0000 0046 0000 0046 0000 0046 0000 001E 0000 0303
RE TV-Component--1	0000 007D 0000 0011 0000 0046 0000 0046 0000 0046 0000 001E 0000 001E 0000 001E 0000 0046 0000 001E 0000 0046 0000 001E 0000 001E 0000 0046 0000 001E 0000 0046 0000 0046 0000 001E 0000 031C
RE TV-Component-2	0000 007E 0000 0011 0000 0046 0000 0046 0000 0046 0000 001E 0000 001E 0000 001E 0000 0046 0000 001E 0000 0046 0000 001E 0000 001E 0000 001E 0000 001E 0000 0046 0000 0046 0000 001E 0000 033D
RE TV-DTV-1	0000 007E 0000 0011 0000 0046 0000 0046 0000 0046 0000 001E 0000 001E 0000 001E 0000 0046 0000 001E 0000 0046 0000 001E 0000 001E 0000 0046 0000 0046 0000 0046 0000 0046 0000 001E 0000 02EA
RE TV-DTV-2	0000 007D 0000 0011 0000 0046 0000 0046 0000 0046 0000 001E 0000 001E 0000 001E 0000 0046 0000 001E 0000 0046 0000 001E 0000 001E 0000 001E 0000 0046 0000 0046 0000 0046 0000 001E 0000 031C
RE TV-DTV-3	0000 007D 0000 0011 0000 001E 0000 0046 0000 001E 0000 001E 0000 0046 0000 0046 0000 0046 0000 0046 0000 001E 0000 02F3 0000 0046 0000 0046 0000 0046 0000 001E 0000 001E 0000 001E 0000 0046
RE TV-Vga	0000 007E 0000 0011 0000 0046 0000 0046 0000 0046 0000 001E 0000 001E 0000 001E 0000 0046 0000 001E 0000 0046 0000 001E 0000 001E 0000 001E 0000 0046 0000 0046 0000 001E 0000 001E 0000 033D
RE TV-AV-Reset	0000 007E 0000 0011 0000 0046 0000 0046 0000 0046 0000 001E 0000 001E 0000 001E 0000 0046 0000 001E 0000 0046 0000 0046 0000 001E 0000 0046 0000 001E 0000 001E 0000 001E 0000 001E 0000 033D
V Code-A-Power-On/Tuner	0000 007E 0000 0011 0000 0046 0000 0046 0000 0046 0000 001E 0000 0046 0000 001E 0000 0046 0000 001E 0000 0046 0000 0046 0000 0046 0000 0046 0000 0046 0000 0046 0000 001E 0000 001E 0000 033C
V Code-A-Power-On	0000 007E 0000 0011 0000 0046 0000 0046 0000 0046 0000 001E 0000 0046 0000 001E 0000 0046 0000 001E 0000 001E 0000 0046 0000 001E 0000 001E 0000 001E 0000 001E 0000 0046 0000 001E 0000 033D
V Code-A-Power-Off	0000 007E 0000 0011 0000 0046 0000 0046 0000 0046 0000 001E 0000 0046 0000 001E 0000 0046 0000 001E 0000 001E 0000 0046 0000 001E 0000 0046 0000 001E 0000 001E 0000 0046 0000 001E 0000 033D
V Code-A-Line-1	0000 007E 0000 0011 0000 0046 0000 0046 0000 0046 0000 001E 0000 0046 0000 001E 0000 0046 0000 001E 0000 001E 0000 0046 0000 001E 0000 001E 0000 001E 0000 0046 0000 0046 0000 001E 0000 033C
V Code-A-Line-2	0000 007E 0000 0011 0000 0046 0000 0046 0000 0046 0000 001E 0000 0046 0000 001E 0000 0046 0000 001E 0000 001E 0000 0046 0000 001E 0000 0046 0000 001E 0000 0046 0000 0046 0000 001E 0000 033C
V Code-A-Tuner	0000 007E 0000 0011 0000 0046 0000 0046 0000 0046 0000 001E 0000 0046 0000 001E 0000 0046 0000 001E 0000 001E 0000 0046 0000 001E 0000 0046 0000 0046 0000 001E 0000 0046 0000 001E 0000 033D
V Code-B-Power-On	0000 007F 0000 0011 0000 0046 0000 0046 0000 0046 0000 001F 0000 0046 0000 001F 0000 0046 0000 001F 0000 001F 0000 0046 0000 001F 0000 001F 0000 001F 0000 001F 0000 0046 0000 0046 0000 0382
V Code-B-Power-Off	0000 007F 0000 0011 0000 0046 0000 0046 0000 0046 0000 001F 0000 0046 0000 001F 0000 0046 0000 001F 0000 001F 0000 0046 0000 001F 0000 0046 0000 001F 0000 001F 0000 0046 0000 0046 0000 0382
V Code-B-Line-1	0000 007F 0000 0011 0000 0046 0000 0046 0000 0046 0000 001E 0000 0046 0000 001E 0000 0046 0000 001E 0000 001E 0000 0046 0000 001E 0000 001E 0000 001E 0000 0046 0000 0046 0000 0046 0000 0381
V Code-B-Line-2	0000 007F 0000 0011 0000 0046 0000 0046 0000 0046 0000 001E 0000 0046 0000 001E 0000 0046 0000 001E 0000 001E 0000 0046 0000 001E 0000 0046 0000 001E 0000 0046 0000 0046 0000 0046 0000 0381
