Power	0000 007F 0000 0011 0000 0045 0000 0045 0000 0045 0000 001E 0000 0045 0000 001E 0000 0045 0000 001E 0000 001E 0000 0045 0000 001E 0000 001E 0000 001E 0000 001E 0000 001E 0000 001E 0000 0360
Play	0000 007F 0000 0011 0000 0045 0000 0045 0000 0045 0000 001E 0000 0045 0000 001E 0000 0045 0000 001E 0000 001E 0000 001E 0000 0045 0000 001E 0000 001E 0000 001E 0000 001E 0000 001E 0000 035F
Stop	0000 007F 0000 0011 0000 0045 0000 0045 0000 0045 0000 001E 0000 0045 0000 001E 0000 0045 0000 001E 0000 001E 0000 001E 0000 0045 0000 001E 0000 0045 0000 001E 0000 001E 0000 001E 0000 0338
Pause	0000 007F 0000 0011 0000 0045 0000 0045 0000 0045 0000 001E 0000 0045 0000 001E 0000 0045 0000 001E 0000 001E 0000 001E 0000 0045 0000 0045 0000 0045 0000 001E 0000 001E 0000 001E 0000 0310
Rew	0000 007F 0000 0011 0000 0045 0000 0045 0000 0045 0000 001E 0000 0045 0000 001E 0000 0045 0000 001E 0000 001E 0000 001E 0000 0045 0000 0045 0000 001E 0000 0045 0000 001E 0000 001E 0000 0310
Ffwd	0000 007F 0000 0011 0000 0045 0000 0045 0000 0045 0000 001E 0000 0045 0000 001E 0000 0045 0000 001E 0000 001E 0000 001E 0000 0045 0000 001E 0000 001E 0000 0045 0000 001E 0000 001E 0000 0338
Record	0000 007F 0000 0011 0000 0045 0000 0045 0000 0045 0000 001E 0000 0045 0000 001E 0000 0045 0000 001E 0000 001E 0000 001E 0000 0045 0000 0045 0000 001E 0000 001E 0000 001E 0000 001E 0000 0338
1	0000 007F 0000 0011 0000 0045 0000 0045 0000 0045 0000 001E 0000 0045 0000 001E 0000 0045 0000 001E 0000 001E 0000 001E 0000 001E 0000 001E 0000 001E 0000 001E 0000 001E 0000 001E 0000 0387
2	0000 007F 0000 0011 0000 0045 0000 0045 0000 0045 0000 001E 0000 0045 0000 001E 0000 0045 0000 001E 0000 001E 0000 001E 0000 001E 0000 0045 0000 001E 0000 001E 0000 001E 0000 001E 0000 0360
3	0000 007F 0000 0011 0000 0045 0000 0045 0000 0045 0000 001E 0000 0045 0000 001E 0000 0045 0000 001E 0000 001E 0000 001E 0000 001E 0000 001E 0000 0045 0000 001E 0000 001E 0000 001E 0000 0360
4	0000 007F 0000 0011 0000 0045 0000 0045 0000 0045 0000 001E 0000 0045 0000 001E 0000 0045 0000 001E 0000 001E 0000 001E 0000 001E 0000 0045 0000 0045 0000 001E 0000 001E 0000 001E 0000 0338
5	0000 007F 0000 0011 0000 0045 0000 0045 0000 0045 0000 001E 0000 0045 0000 001E 0000 0045 0000 001E 0000 001E 0000 001E 0000 001E 0000 001E 0000 001E 0000 0045 0000 001E 0000 001E 0000 0360
6	0000 007F 0000 0011 0000 0045 0000 0045 0000 0045 0000 001E 0000 0045 0000 001E 0000 0045 0000 001E 0000 001E 0000 001E 0000 001E 0000 0045 0000 001E 0000 0045 0000 001E 0000 001E 0000 0338
7	0000 007F 0000 0011 0000 0045 0000 0045 0000 0045 0000 001E 0000 0045 0000 001E 0000 0045 0000 001E 0000 001E 0000 001E 0000 001E 0000 001E 0000 0045 0000 0045 0000 001E 0000 001E 0000 0338
8	0000 007F 0000 0011 0000 0045 0000 0045 0000 0045 0000 001E 0000 0045 0000 001E 0000 0045 0000 001E 0000 001E 0000 001E 0000 001E 0000 0045 0000 0045 0000 0045 0000 001E 0000 001E 0000 0310
9	0000 007F 0000 0011 0000 0045 0000 0045 0000 0045 0000 001E 0000 0045 0000 001E 0000 0045 0000 001E 0000 0045 0000 001E 0000 001E 0000 001E 0000 001E 0000 001E 0000 001E 0000 001E 0000 0360
0	0000 007F 0000 0011 0000 0045 0000 0045 0000 0045 0000 001E 0000 0045 0000 001E 0000 0045 0000 001E 0000 0045 0000 001E 0000 001E 0000 0045 0000 001E 0000 001E 0000 001E 0000 001E 0000 0338
Enter	0000 007F 0000 0011 0000 0045 0000 0045 0000 0045 0000 001E 0000 0045 0000 0045 0000 0045 0000 001E 0000 0045 0000 001E 0000 0045 0000 001E 0000 0045 0000 0045 0000 001E 0000 001E 0000 02C1
TV/VCR	0000 007F 0000 0011 0000 0045 0000 0045 0000 0045 0000 001E 0000 0045 0000 001E 0000 0045 0000 001E 0000 0045 0000 001E 0000 0045 0000 001E 0000 001E 0000 001E 0000 001E 0000 001E 0000 0338
Ch+	0000 007F 0000 0011 0000 0045 0000 0045 0000 0045 0000 001E 0000 001E 0000 001E 0000 0045 0000 001E 0000 001E 0000 0045 0000 0045 0000 001E 0000 0045 0000 0045 0000 0045 0000 001E 0000 02E8
Ch-	0000 007F 0000 0088 0000 0045 0000 0045 0000 0045 0000 001E 0000 001E 0000 001E 0000 0045 0000 001E 0000 001E 0000 0045 0000 0045 0000 0045 0000 0045 0000 0045 0000 0045 0000 001E 0000 02C1 0000 0045 0000 0045 0000 0045 0000 001E 0000 001E 0000 001E 0000 0045 0000 001E 0000 001E 0000 0045 0000 0045 0000 0045 0000 0045 0000 0045 0000 0045 0000 001E 0000 02C1 0000 0045 0000 0045 0000 0045 0000 001E 0000 001E 0000 001E 0000 0045 0000 001E 0000 001E 0000 0045 0000 0045 0000 0045 0000 0045 0000 0045 0000 0045 0000 001E 0000 02C1 0000 0045 0000 0045 0000 0045 0000 001E 0000 001E 0000 001E 0000 0045 0000 001E 0000 001E 0000 0045 0000 0045 0000 0045 0000 0045 0000 0045 0000 0045 0000 001E 0000 02C1 0000 0045 0000 0045 0000 0045 0000 001E 0000 001E 0000 001E 0000 0045 0000 001E 0000 001E 0000 0045 0000 0045 0000 0045 0000 0045 0000 0045 0000 0045 0000 001E 0000 02C1 0000 0045 0000 0045 0000 0045 0000 001E 0000 001E 0000 001E 0000 0045 0000 001E 0000 001E 0000 0045 0000 0045 0000 0045 0000 0045 0000 0045 0000 0045 0000 001E 0000 02C1 0000 0045 0000 0045 0000 0045 0000 001E 0000 001E 0000 001E 0000 0045 0000 001E 0000 001E 0000 0045 0000 0045 0000 0045 0000 0045 0000 0045 0000 0045 0000 001E 0000 02C1 0000 0045 0000 0045 0000 0045 0000 001E 0000 001E 0000 001E 0000 0045 0000 001E 0000 001E 0000 0045 0000 0045 0000 0045 0000 0045 0000 0045 0000 0045 0000 001E 0000 0FB7
Vol+	0000 007F 0000 0011 0000 0045 0000 0045 0000 0045 0000 001E 0000 001E 0000 001E 0000 0045 0000 001E 0000 001E 0000 0045 0000 001E 0000 001E 0000 001E 0000 0045 0000 001E 0000 001E 0000 035F
Vol-	0000 007F 0000 0011 0000 0045 0000 0045 0000 0045 0000 001E 0000 001E 0000 001E 0000 0045 0000 001E 0000 001E 0000 0045 0000 001E 0000 0045 0000 001E 0000 0045 0000 001E 0000 001E 0000 0338
Index +	0000 007F 0000 0011 0000 0045 0000 0045 0000 0045 0000 001E 0000 0045 0000 001E 0000 0045 0000 001E 0000 001E 0000 0045 0000 0045 0000 0045 0000 001E 0000 001E 0000 001E 0000 001E 0000 0310
Index -	0000 007F 0000 0011 0000 0045 0000 0045 0000 0045 0000 001E 0000 0045 0000 001E 0000 0045 0000 001E 0000 001E 0000 0045 0000 0045 0000 001E 0000 0045 0000 001E 0000 001E 0000 001E 0000 0310
O T	0000 007F 0000 0011 0000 0045 0000 0045 0000 0045 0000 001E 0000 0045 0000 001E 0000 0045 0000 001E 0000 0045 0000 0045 0000 0045 0000 0045 0000 001E 0000 0045 0000 001E 0000 001E 0000 02C1
PIP	0000 007F 0000 0011 0000 0045 0000 0045 0000 0045 0000 001E 0000 001E 0000 001E 0000 0045 0000 001E 0000 0045 0000 0045 0000 0045 0000 001E 0000 0045 0000 0045 0000 0045 0000 001E 0000 02C1
Swap	0000 007F 0000 0011 0000 0045 0000 0045 0000 0045 0000 001E 0000 001E 0000 001E 0000 0045 0000 001E 0000 0045 0000 0045 0000 0045 0000 0045 0000 001E 0000 0045 0000 0045 0000 001E 0000 02C1
Source	0000 007F 0000 0011 0000 0045 0000 0045 0000 0045 0000 001E 0000 001E 0000 001E 0000 0045 0000 001E 0000 0045 0000 0045 0000 0045 0000 0045 0000 0045 0000 001E 0000 0045 0000 001E 0000 02C1
List	0000 007F 0000 0011 0000 0045 0000 0045 0000 0045 0000 001E 0000 001E 0000 001E 0000 0045 0000 001E 0000 0045 0000 0045 0000 001E 0000 0045 0000 0045 0000 0045 0000 0045 0000 001E 0000 02C1
Theme	0000 007F 0000 0011 0000 0045 0000 0045 0000 0045 0000 001E 0000 001E 0000 001E 0000 0045 0000 001E 0000 0045 0000 0045 0000 001E 0000 001E 0000 0045 0000 0045 0000 0045 0000 001E 0000 02E8
Guide	0000 007F 0000 0011 0000 0045 0000 0045 0000 0045 0000 001E 0000 001E 0000 001E 0000 0045 0000 001E 0000 0045 0000 0045 0000 001E 0000 001E 0000 001E 0000 0045 0000 0045 0000 001E 0000 0310
Info	0000 007F 0000 0011 0000 0045 0000 0045 0000 0045 0000 001E 0000 001E 0000 001E 0000 0045 0000 001E 0000 0045 0000 0045 0000 001E 0000 0045 0000 001E 0000 0045 0000 0045 0000 001E 0000 02E8
Video	0000 007F 0000 0011 0000 0045 0000 0045 0000 0045 0000 001E 0000 0045 0000 0045 0000 0045 0000 001E 0000 001E 0000 001E 0000 001E 0000 001E 0000 001E 0000 001E 0000 0045 0000 001E 0000 0338
Audio	0000 007F 0000 0011 0000 0045 0000 0045 0000 0045 0000 001E 0000 0045 0000 0045 0000 0045 0000 001E 0000 001E 0000 001E 0000 001E 0000 001E 0000 0045 0000 001E 0000 0045 0000 001E 0000 0310
Page +	0000 007F 0000 0011 0000 0045 0000 0045 0000 0045 0000 001E 0000 001E 0000 001E 0000 0045 0000 001E 0000 001E 0000 001E 0000 0045 0000 001E 0000 001E 0000 0045 0000 0045 0000 001E 0000 0338
Page -	0000 007F 0000 0011 0000 0045 0000 0045 0000 0045 0000 001E 0000 001E 0000 001E 0000 0045 0000 001E 0000 001E 0000 001E 0000 0045 0000 0045 0000 001E 0000 0045 0000 0045 0000 001E 0000 0310
Day +	0000 007F 0000 0011 0000 0045 0000 0045 0000 0045 0000 001E 0000 001E 0000 001E 0000 0045 0000 001E 0000 001E 0000 001E 0000 0045 0000 001E 0000 0045 0000 0045 0000 0045 0000 001E 0000 0310
Day -	0000 007F 0000 0011 0000 0045 0000 0045 0000 0045 0000 001E 0000 001E 0000 001E 0000 0045 0000 001E 0000 001E 0000 001E 0000 0045 0000 0045 0000 0045 0000 0045 0000 0045 0000 001E 0000 02E8
Adjust Up	0000 007F 0000 0011 0000 0045 0000 0045 0000 0045 0000 001E 0000 0045 0000 0045 0000 0045 0000 001E 0000 0045 0000 001E 0000 001E 0000 001E 0000 001E 0000 001E 0000 0045 0000 001E 0000 0310
Adjust Dn	0000 007F 0000 0011 0000 0045 0000 0045 0000 0045 0000 001E 0000 0045 0000 0045 0000 0045 0000 001E 0000 0045 0000 001E 0000 001E 0000 0045 0000 001E 0000 001E 0000 0045 0000 001E 0000 02E8
Adjust Left	0000 007F 0000 0011 0000 0045 0000 0045 0000 0045 0000 001E 0000 001E 0000 001E 0000 0045 0000 001E 0000 0045 0000 001E 0000 0045 0000 001E 0000 001E 0000 0045 0000 0045 0000 001E 0000 0310
Adjust Right	0000 007F 0000 0011 0000 0045 0000 0045 0000 0045 0000 001E 0000 001E 0000 001E 0000 0045 0000 001E 0000 0045 0000 001E 0000 0045 0000 0045 0000 001E 0000 0045 0000 0045 0000 001E 0000 02E8
Enter	0000 007F 0000 0011 0000 0045 0000 0045 0000 0045 0000 001E 0000 0045 0000 0045 0000 0045 0000 001E 0000 0045 0000 001E 0000 0045 0000 001E 0000 0045 0000 0045 0000 001E 0000 001E 0000 02C1
