Power	0000 006C 0000 0002 0000 00AC 0000 0015 0000 0015 0000 0015 0000 0015 0000 0015 0000 0041 0000 0041 0000 0015 0000 0041 0000 0041 0000 0041 0000 0041 0000 0041 0000 0015 0000 0015 0000 0041 0000 0041 0000 0041 0000 0041 0000 0015 0000 0041 0000 0015 0000 0015 0000 0015 0000 0015 0000 0015 0000 0015 0000 0041 0000 0015 0000 0041 0000 0041 0000 0041 0000 05EB 0000 0057 0000 0E43
DSS/VCR	0000 006C 0000 0002 0000 00AC 0000 0015 0000 0015 0000 0015 0000 0015 0000 0015 0000 0041 0000 0041 0000 0015 0000 0041 0000 0041 0000 0041 0000 0041 0000 0041 0000 0015 0000 0015 0000 0041 0000 0041 0000 0015 0000 0041 0000 0041 0000 0015 0000 0015 0000 0015 0000 0041 0000 0015 0000 0041 0000 0015 0000 0015 0000 0041 0000 0041 0000 0041 0000 0015 0000 05EB 0000 0057 0000 0E43
Guide	0000 006C 0000 0002 0000 00AC 0000 0015 0000 0015 0000 0015 0000 0015 0000 0015 0000 0041 0000 0041 0000 0015 0000 0041 0000 0041 0000 0041 0000 0041 0000 0041 0000 0015 0000 0015 0000 0041 0000 0015 0000 0015 0000 0015 0000 0015 0000 0015 0000 0015 0000 0041 0000 0015 0000 0041 0000 0041 0000 0041 0000 0041 0000 0041 0000 0041 0000 0015 0000 0041 0000 05EB 0000 0057 0000 0E43
Program	0000 006C 0000 0002 0000 00AC 0000 0041 0000 0015 0000 0015 0000 0015 0000 0015 0000 0041 0000 0041 0000 0015 0000 0015 0000 0041 0000 0041 0000 0041 0000 0041 0000 0015 0000 0015 0000 0041 0000 0015 0000 0015 0000 0015 0000 0015 0000 0015 0000 0015 0000 0015 0000 0015 0000 0041 0000 0041 0000 0041 0000 0041 0000 0041 0000 0041 0000 0041 0000 0041 0000 05EB 0000 0057 0000 0E43
Clear	0000 006C 0000 0002 0000 00AC 0000 0015 0000 0015 0000 0015 0000 0015 0000 0015 0000 0041 0000 0041 0000 0015 0000 0041 0000 0041 0000 0041 0000 0041 0000 0041 0000 0015 0000 0015 0000 0041 0000 0041 0000 0015 0000 0015 0000 0015 0000 0015 0000 0015 0000 0041 0000 0015 0000 0015 0000 0041 0000 0041 0000 0041 0000 0041 0000 0041 0000 0015 0000 0041 0000 05EB 0000 0057 0000 0E43
Disp	0000 006C 0000 0002 0000 00AC 0000 0015 0000 0015 0000 0015 0000 0015 0000 0015 0000 0041 0000 0041 0000 0015 0000 0041 0000 0041 0000 0041 0000 0041 0000 0041 0000 0015 0000 0015 0000 0041 0000 0015 0000 0041 0000 0015 0000 0015 0000 0015 0000 0015 0000 0041 0000 0015 0000 0041 0000 0015 0000 0041 0000 0041 0000 0041 0000 0041 0000 0015 0000 0041 0000 05EB 0000 0057 0000 0E43
1	0000 006C 0000 0002 0000 00AC 0000 0015 0000 0015 0000 0015 0000 0015 0000 0015 0000 0041 0000 0041 0000 0015 0000 0041 0000 0041 0000 0041 0000 0041 0000 0041 0000 0015 0000 0015 0000 0041 0000 0041 0000 0015 0000 0041 0000 0041 0000 0015 0000 0015 0000 0015 0000 0015 0000 0015 0000 0041 0000 0015 0000 0015 0000 0041 0000 0041 0000 0041 0000 0041 0000 05EB 0000 0057 0000 0E43
2	0000 006C 0000 0002 0000 00AC 0000 0015 0000 0015 0000 0015 0000 0015 0000 0015 0000 0041 0000 0041 0000 0015 0000 0041 0000 0041 0000 0041 0000 0041 0000 0041 0000 0015 0000 0015 0000 0041 0000 0015 0000 0041 0000 0041 0000 0041 0000 0015 0000 0015 0000 0015 0000 0015 0000 0041 0000 0015 0000 0015 0000 0015 0000 0041 0000 0041 0000 0041 0000 0041 0000 05EB 0000 0057 0000 0E43
3	0000 006C 0000 0002 0000 00AC 0000 0015 0000 0015 0000 0015 0000 0015 0000 0015 0000 0041 0000 0041 0000 0015 0000 0041 0000 0041 0000 0041 0000 0041 0000 0041 0000 0015 0000 0015 0000 0041 0000 0041 0000 0041 0000 0041 0000 0041 0000 0015 0000 0015 0000 0015 0000 0015 0000 0015 0000 0015 0000 0015 0000 0015 0000 0041 0000 0041 0000 0041 0000 0041 0000 05EB 0000 0057 0000 0E43
4	0000 006C 0000 0002 0000 00AC 0000 0015 0000 0015 0000 0015 0000 0015 0000 0015 0000 0041 0000 0041 0000 0015 0000 0041 0000 0041 0000 0041 0000 0041 0000 0041 0000 0015 0000 0015 0000 0041 0000 0015 0000 0015 0000 0041 0000 0041 0000 0041 0000 0015 0000 0015 0000 0015 0000 0041 0000 0041 0000 0015 0000 0015 0000 0015 0000 0041 0000 0041 0000 0041 0000 05EB 0000 0057 0000 0E43
5	0000 006C 0000 0002 0000 00AC 0000 0015 0000 0015 0000 0015 0000 0015 0000 0015 0000 0041 0000 0041 0000 0015 0000 0041 0000 0041 0000 0041 0000 0041 0000 0041 0000 0015 0000 0015 0000 0041 0000 0041 0000 0015 0000 0041 0000 0041 0000 0041 0000 0015 0000 0015 0000 0015 0000 0015 0000 0041 0000 0015 0000 0015 0000 0015 0000 0041 0000 0041 0000 0041 0000 05EB 0000 0057 0000 0E43
6	0000 006C 0000 0002 0000 00AC 0000 0015 0000 0015 0000 0015 0000 0015 0000 0015 0000 0041 0000 0041 0000 0015 0000 0041 0000 0041 0000 0041 0000 0041 0000 0041 0000 0015 0000 0015 0000 0041 0000 0015 0000 0041 0000 0041 0000 0041 0000 0041 0000 0015 0000 0015 0000 0015 0000 0041 0000 0015 0000 0015 0000 0015 0000 0015 0000 0041 0000 0041 0000 0041 0000 05EB 0000 0057 0000 0E43
7	0000 006C 0000 0002 0000 00AC 0000 0015 0000 0015 0000 0015 0000 0015 0000 0015 0000 0041 0000 0041 0000 0015 0000 0041 0000 0041 0000 0041 0000 0041 0000 0041 0000 0015 0000 0015 0000 0041 0000 0041 0000 0041 0000 0041 0000 0041 0000 0041 0000 0015 0000 0015 0000 0015 0000 0015 0000 0015 0000 0015 0000 0015 0000 0015 0000 0041 0000 0041 0000 0041 0000 05EB 0000 0057 0000 0E43
8	0000 006C 0000 0002 0000 00AC 0000 0015 0000 0015 0000 0015 0000 0015 0000 0015 0000 0041 0000 0041 0000 0015 0000 0041 0000 0041 0000 0041 0000 0041 0000 0041 0000 0015 0000 0015 0000 0041 0000 0015 0000 0015 0000 0041 0000 0015 0000 0015 0000 0015 0000 0015 0000 0015 0000 0041 0000 0041 0000 0015 0000 0041 0000 0041 0000 0041 0000 0041 0000 0041 0000 05EB 0000 0057 0000 0E43
9	0000 006C 0000 0002 0000 00AC 0000 0015 0000 0015 0000 0015 0000 0015 0000 0015 0000 0041 0000 0041 0000 0015 0000 0041 0000 0041 0000 0041 0000 0041 0000 0041 0000 0015 0000 0015 0000 0041 0000 0041 0000 0015 0000 0041 0000 0015 0000 0015 0000 0015 0000 0015 0000 0015 0000 0015 0000 0041 0000 0015 0000 0041 0000 0041 0000 0041 0000 0041 0000 0041 0000 05EB 0000 0057 0000 0E43
0	0000 006C 0000 0002 0000 00AC 0000 0015 0000 0015 0000 0015 0000 0015 0000 0015 0000 0041 0000 0041 0000 0015 0000 0041 0000 0041 0000 0041 0000 0041 0000 0041 0000 0015 0000 0015 0000 0041 0000 0015 0000 0015 0000 0041 0000 0041 0000 0015 0000 0015 0000 0015 0000 0015 0000 0041 0000 0041 0000 0015 0000 0015 0000 0041 0000 0041 0000 0041 0000 0041 0000 05EB 0000 0057 0000 0E43
100/Ent	0000 006C 0000 0002 0000 00AC 0000 0015 0000 0015 0000 0015 0000 0015 0000 0015 0000 0041 0000 0041 0000 0015 0000 0041 0000 0041 0000 0041 0000 0041 0000 0041 0000 0015 0000 0015 0000 0041 0000 0015 0000 0041 0000 0041 0000 0015 0000 0015 0000 0015 0000 0015 0000 0015 0000 0041 0000 0015 0000 0015 0000 0041 0000 0041 0000 0041 0000 0041 0000 0041 0000 05EB 0000 0057 0000 0E43
Avx	0000 006C 0000 0002 0000 00AC 0000 0015 0000 0015 0000 0015 0000 0015 0000 0015 0000 0041 0000 0041 0000 0015 0000 0041 0000 0041 0000 0041 0000 0041 0000 0041 0000 0015 0000 0015 0000 0041 0000 0015 0000 0015 0000 0041 0000 0015 0000 0041 0000 0041 0000 0015 0000 0015 0000 0041 0000 0041 0000 0015 0000 0041 0000 0015 0000 0015 0000 0041 0000 0041 0000 05EB 0000 0057 0000 0E43
VCR/TV	0000 006C 0000 0002 0000 00AC 0000 0015 0000 0015 0000 0015 0000 0015 0000 0015 0000 0041 0000 0041 0000 0015 0000 0041 0000 0041 0000 0041 0000 0041 0000 0041 0000 0015 0000 0015 0000 0041 0000 0015 0000 0041 0000 0041 0000 0015 0000 0041 0000 0015 0000 0015 0000 0015 0000 0041 0000 0015 0000 0015 0000 0041 0000 0015 0000 0041 0000 0041 0000 0041 0000 05EB 0000 0057 0000 0E43
Ch+	0000 006C 0000 0002 0000 00AC 0000 0015 0000 0015 0000 0015 0000 0015 0000 0015 0000 0041 0000 0041 0000 0015 0000 0041 0000 0041 0000 0041 0000 0041 0000 0041 0000 0015 0000 0015 0000 0041 0000 0041 0000 0015 0000 0015 0000 0041 0000 0041 0000 0015 0000 0015 0000 0015 0000 0015 0000 0041 0000 0041 0000 0015 0000 0015 0000 0041 0000 0041 0000 0041 0000 05EB 0000 0057 0000 0E43
Ch-	0000 006C 0000 0002 0000 00AC 0000 0015 0000 0015 0000 0015 0000 0015 0000 0015 0000 0041 0000 0041 0000 0015 0000 0041 0000 0041 0000 0041 0000 0041 0000 0041 0000 0015 0000 0015 0000 0041 0000 0015 0000 0015 0000 0015 0000 0041 0000 0041 0000 0015 0000 0015 0000 0015 0000 0041 0000 0041 0000 0041 0000 0015 0000 0015 0000 0041 0000 0041 0000 0041 0000 05EB 0000 0057 0000 0E43
Rec	0000 006C 0000 0002 0000 00AC 0000 0041 0000 0015 0000 0015 0000 0015 0000 0015 0000 0041 0000 0041 0000 0015 0000 0015 0000 0041 0000 0041 0000 0041 0000 0041 0000 0015 0000 0015 0000 0041 0000 0015 0000 0015 0000 0041 0000 0015 0000 0041 0000 0015 0000 0015 0000 0015 0000 0041 0000 0041 0000 0015 0000 0041 0000 0015 0000 0041 0000 0041 0000 0041 0000 05EB 0000 0057 0000 0E43
Play	0000 006C 0000 0002 0000 00AC 0000 0015 0000 0015 0000 0015 0000 0015 0000 0015 0000 0041 0000 0041 0000 0015 0000 0041 0000 0041 0000 0041 0000 0041 0000 0041 0000 0015 0000 0015 0000 0041 0000 0015 0000 0015 0000 0041 0000 0015 0000 0041 0000 0015 0000 0015 0000 0015 0000 0041 0000 0041 0000 0015 0000 0041 0000 0015 0000 0041 0000 0041 0000 0041 0000 05EB 0000 0057 0000 0E43
Rew	0000 006C 0000 0002 0000 00AC 0000 0015 0000 0015 0000 0015 0000 0015 0000 0015 0000 0041 0000 0041 0000 0015 0000 0041 0000 0041 0000 0041 0000 0041 0000 0041 0000 0015 0000 0015 0000 0041 0000 0015 0000 0041 0000 0015 0000 0041 0000 0015 0000 0015 0000 0015 0000 0015 0000 0041 0000 0015 0000 0041 0000 0015 0000 0041 0000 0041 0000 0041 0000 0041 0000 05EC 0000 0057 0000 0E43
Ffwd	0000 006C 0000 0002 0000 00AC 0000 0015 0000 0015 0000 0015 0000 0015 0000 0015 0000 0041 0000 0041 0000 0015 0000 0041 0000 0041 0000 0041 0000 0041 0000 0041 0000 0015 0000 0015 0000 0041 0000 0041 0000 0015 0000 0015 0000 0041 0000 0015 0000 0015 0000 0015 0000 0015 0000 0015 0000 0041 0000 0041 0000 0015 0000 0041 0000 0041 0000 0041 0000 0041 0000 05EC 0000 0057 0000 0E43
Stop	0000 006C 0000 0002 0000 00AC 0000 0015 0000 0015 0000 0015 0000 0015 0000 0015 0000 0041 0000 0041 0000 0015 0000 0041 0000 0041 0000 0041 0000 0041 0000 0041 0000 0015 0000 0015 0000 0041 0000 0041 0000 0041 0000 0015 0000 0041 0000 0015 0000 0015 0000 0015 0000 0015 0000 0015 0000 0015 0000 0041 0000 0015 0000 0041 0000 0041 0000 0041 0000 0041 0000 05EB 0000 0057 0000 0E43
Pause	0000 006C 0000 0002 0000 00AC 0000 0015 0000 0015 0000 0015 0000 0015 0000 0015 0000 0041 0000 0041 0000 0015 0000 0041 0000 0041 0000 0041 0000 0041 0000 0041 0000 0015 0000 0015 0000 0041 0000 0015 0000 0041 0000 0015 0000 0041 0000 0041 0000 0015 0000 0015 0000 0015 0000 0041 0000 0015 0000 0041 0000 0015 0000 0015 0000 0041 0000 0041 0000 0041 0000 05EB 0000 0057 0000 0E43
&lt;&lt;Search	0000 006C 0000 0022 0000 00AC 0000 0015 0000 0015 0000 0015 0000 0015 0000 0015 0000 0041 0000 0041 0000 0015 0000 0041 0000 0041 0000 0041 0000 0041 0000 0041 0000 0015 0000 0015 0000 0041 0000 0015 0000 0041 0000 0041 0000 0015 0000 0041 0000 0041 0000 0041 0000 0015 0000 0041 0000 0015 0000 0015 0000 0041 0000 0015 0000 0015 0000 0015 0000 0041 0000 0CEA
Search&gt;&gt;	0000 006C 0000 0022 0000 00AC 0000 0015 0000 0015 0000 0015 0000 0015 0000 0015 0000 0041 0000 0041 0000 0015 0000 0041 0000 0041 0000 0041 0000 0041 0000 0041 0000 0015 0000 0015 0000 0041 0000 0041 0000 0015 0000 0041 0000 0015 0000 0041 0000 0041 0000 0041 0000 0015 0000 0015 0000 0041 0000 0015 0000 0041 0000 0015 0000 0015 0000 0015 0000 0041 0000 0CEA
