Power	0000 006C 0000 0002 0000 00AD 0000 0016 0000 0016 0000 0016 0000 0016 0000 0016 0000 0041 0000 0041 0000 0016 0000 0041 0000 0041 0000 0041 0000 0041 0000 0041 0000 0016 0000 0016 0000 0041 0000 0041 0000 0041 0000 0041 0000 0016 0000 0041 0000 0016 0000 0016 0000 0016 0000 0016 0000 0016 0000 0016 0000 0041 0000 0016 0000 0041 0000 0041 0000 0040 0000 05F1 0000 0057 0000 0E50
Guide	0000 006C 0000 0002 0000 00AD 0000 0016 0000 0016 0000 0016 0000 0016 0000 0016 0000 0041 0000 0041 0000 0016 0000 0041 0000 0041 0000 0041 0000 0041 0000 0041 0000 0016 0000 0016 0000 0041 0000 0016 0000 0016 0000 0016 0000 0016 0000 0016 0000 0016 0000 0041 0000 0016 0000 0041 0000 0041 0000 0041 0000 0041 0000 0041 0000 0041 0000 0016 0000 0040 0000 05F2 0000 0057 0000 0E50
VCR/TV	0000 006C 0000 0002 0000 00AD 0000 0016 0000 0016 0000 0016 0000 0016 0000 0016 0000 0041 0000 0041 0000 0016 0000 0041 0000 0041 0000 0041 0000 0041 0000 0041 0000 0016 0000 0016 0000 0041 0000 0016 0000 0041 0000 0041 0000 0016 0000 0041 0000 0016 0000 0016 0000 0016 0000 0041 0000 0016 0000 0016 0000 0041 0000 0016 0000 0041 0000 0041 0000 0040 0000 05F1 0000 0057 0000 0E50
Clear	0000 006C 0000 0002 0000 00AD 0000 0016 0000 0016 0000 0016 0000 0016 0000 0016 0000 0041 0000 0041 0000 0016 0000 0041 0000 0041 0000 0041 0000 0041 0000 0041 0000 0016 0000 0016 0000 0041 0000 0041 0000 0016 0000 0016 0000 0016 0000 0016 0000 0016 0000 0041 0000 0016 0000 0016 0000 0041 0000 0041 0000 0041 0000 0041 0000 0041 0000 0016 0000 0040 0000 05F1 0000 0057 0000 0E50
Display	0000 006C 0000 0002 0000 00AD 0000 0016 0000 0016 0000 0016 0000 0016 0000 0016 0000 0041 0000 0041 0000 0016 0000 0041 0000 0041 0000 0041 0000 0041 0000 0041 0000 0016 0000 0016 0000 0041 0000 0016 0000 0041 0000 0016 0000 0016 0000 0016 0000 0016 0000 0041 0000 0016 0000 0041 0000 0016 0000 0041 0000 0041 0000 0041 0000 0041 0000 0016 0000 0040 0000 05F1 0000 0057 0000 0E50
Program	0000 006C 0000 0002 0000 00AD 0000 0041 0000 0016 0000 0016 0000 0016 0000 0016 0000 0041 0000 0041 0000 0016 0000 0016 0000 0041 0000 0041 0000 0041 0000 0041 0000 0016 0000 0016 0000 0041 0000 0016 0000 0016 0000 0016 0000 0016 0000 0016 0000 0016 0000 0016 0000 0016 0000 0041 0000 0041 0000 0041 0000 0041 0000 0041 0000 0041 0000 0041 0000 0040 0000 05F1 0000 0057 0000 0E50
1	0000 006C 0000 0002 0000 00AD 0000 0016 0000 0016 0000 0016 0000 0016 0000 0016 0000 0041 0000 0041 0000 0016 0000 0041 0000 0041 0000 0041 0000 0041 0000 0041 0000 0016 0000 0016 0000 0041 0000 0041 0000 0016 0000 0041 0000 0041 0000 0016 0000 0016 0000 0016 0000 0016 0000 0016 0000 0041 0000 0016 0000 0016 0000 0041 0000 0041 0000 0041 0000 0040 0000 05F1 0000 0057 0000 0E50
2	0000 006C 0000 0002 0000 00AD 0000 0016 0000 0016 0000 0016 0000 0016 0000 0016 0000 0041 0000 0041 0000 0016 0000 0041 0000 0041 0000 0041 0000 0041 0000 0041 0000 0016 0000 0016 0000 0041 0000 0016 0000 0041 0000 0041 0000 0041 0000 0016 0000 0016 0000 0016 0000 0016 0000 0041 0000 0016 0000 0016 0000 0016 0000 0041 0000 0041 0000 0041 0000 0040 0000 05F1 0000 0057 0000 0E50
3	0000 006C 0000 0002 0000 00AD 0000 0016 0000 0016 0000 0016 0000 0016 0000 0016 0000 0041 0000 0041 0000 0016 0000 0041 0000 0041 0000 0041 0000 0041 0000 0041 0000 0016 0000 0016 0000 0041 0000 0041 0000 0041 0000 0041 0000 0041 0000 0016 0000 0016 0000 0016 0000 0016 0000 0016 0000 0016 0000 0016 0000 0016 0000 0041 0000 0041 0000 0041 0000 0040 0000 05F1 0000 0057 0000 0E50
4	0000 006C 0000 0002 0000 00AD 0000 0016 0000 0016 0000 0016 0000 0016 0000 0016 0000 0041 0000 0041 0000 0016 0000 0041 0000 0041 0000 0041 0000 0041 0000 0041 0000 0016 0000 0016 0000 0041 0000 0016 0000 0016 0000 0041 0000 0041 0000 0041 0000 0016 0000 0016 0000 0016 0000 0041 0000 0041 0000 0016 0000 0016 0000 0016 0000 0041 0000 0041 0000 0040 0000 05F1 0000 0057 0000 0E50
5	0000 006C 0000 0002 0000 00AD 0000 0016 0000 0016 0000 0016 0000 0016 0000 0016 0000 0041 0000 0041 0000 0016 0000 0041 0000 0041 0000 0041 0000 0041 0000 0041 0000 0016 0000 0016 0000 0041 0000 0041 0000 0016 0000 0041 0000 0041 0000 0041 0000 0016 0000 0016 0000 0016 0000 0016 0000 0041 0000 0016 0000 0016 0000 0016 0000 0041 0000 0041 0000 0040 0000 05F1 0000 0057 0000 0E50
6	0000 006C 0000 0002 0000 00AD 0000 0016 0000 0016 0000 0016 0000 0016 0000 0016 0000 0041 0000 0041 0000 0016 0000 0041 0000 0041 0000 0041 0000 0041 0000 0041 0000 0016 0000 0016 0000 0041 0000 0016 0000 0041 0000 0041 0000 0041 0000 0041 0000 0016 0000 0016 0000 0016 0000 0041 0000 0016 0000 0016 0000 0016 0000 0016 0000 0041 0000 0041 0000 0040 0000 05F1 0000 0057 0000 0E50
7	0000 006C 0000 0002 0000 00AD 0000 0016 0000 0016 0000 0016 0000 0016 0000 0016 0000 0041 0000 0041 0000 0016 0000 0041 0000 0041 0000 0041 0000 0041 0000 0041 0000 0016 0000 0016 0000 0041 0000 0041 0000 0041 0000 0041 0000 0041 0000 0041 0000 0016 0000 0016 0000 0016 0000 0016 0000 0016 0000 0016 0000 0016 0000 0016 0000 0041 0000 0041 0000 0040 0000 05F1 0000 0057 0000 0E50
8	0000 006C 0000 0002 0000 00AD 0000 0016 0000 0016 0000 0016 0000 0016 0000 0016 0000 0041 0000 0041 0000 0016 0000 0041 0000 0041 0000 0041 0000 0041 0000 0041 0000 0016 0000 0016 0000 0041 0000 0016 0000 0016 0000 0041 0000 0016 0000 0016 0000 0016 0000 0016 0000 0016 0000 0041 0000 0041 0000 0016 0000 0041 0000 0041 0000 0041 0000 0041 0000 0040 0000 05F1 0000 0057 0000 0E50
9	0000 006C 0000 0002 0000 00AD 0000 0016 0000 0016 0000 0016 0000 0016 0000 0016 0000 0041 0000 0041 0000 0016 0000 0041 0000 0041 0000 0041 0000 0041 0000 0041 0000 0016 0000 0016 0000 0041 0000 0041 0000 0016 0000 0041 0000 0016 0000 0016 0000 0016 0000 0016 0000 0016 0000 0016 0000 0041 0000 0016 0000 0041 0000 0041 0000 0041 0000 0041 0000 0040 0000 05F1 0000 0057 0000 0E50
0	0000 006C 0000 0002 0000 00AD 0000 0016 0000 0016 0000 0016 0000 0016 0000 0016 0000 0041 0000 0041 0000 0016 0000 0041 0000 0041 0000 0041 0000 0041 0000 0041 0000 0016 0000 0016 0000 0041 0000 0016 0000 0016 0000 0041 0000 0041 0000 0016 0000 0016 0000 0016 0000 0016 0000 0041 0000 0041 0000 0016 0000 0016 0000 0041 0000 0041 0000 0041 0000 0040 0000 05F1 0000 0057 0000 0E50
100/Ent	0000 006C 0000 0002 0000 00AD 0000 0016 0000 0016 0000 0016 0000 0016 0000 0016 0000 0041 0000 0041 0000 0016 0000 0041 0000 0041 0000 0041 0000 0041 0000 0041 0000 0016 0000 0016 0000 0041 0000 0016 0000 0041 0000 0041 0000 0016 0000 0016 0000 0016 0000 0016 0000 0016 0000 0041 0000 0016 0000 0016 0000 0041 0000 0041 0000 0041 0000 0041 0000 0040 0000 05F1 0000 0057 0000 0E50
Avx	0000 006C 0000 0002 0000 00AD 0000 0016 0000 0016 0000 0016 0000 0016 0000 0016 0000 0041 0000 0041 0000 0016 0000 0041 0000 0041 0000 0041 0000 0041 0000 0041 0000 0016 0000 0016 0000 0041 0000 0016 0000 0016 0000 0041 0000 0016 0000 0041 0000 0041 0000 0016 0000 0016 0000 0041 0000 0041 0000 0016 0000 0041 0000 0016 0000 0016 0000 0041 0000 0040 0000 05F1 0000 0057 0000 0E50
Ch+	0000 006C 0000 0002 0000 00AD 0000 0016 0000 0016 0000 0016 0000 0016 0000 0016 0000 0041 0000 0041 0000 0016 0000 0041 0000 0041 0000 0041 0000 0041 0000 0041 0000 0016 0000 0016 0000 0041 0000 0041 0000 0016 0000 0016 0000 0041 0000 0041 0000 0016 0000 0016 0000 0016 0000 0016 0000 0041 0000 0041 0000 0016 0000 0016 0000 0041 0000 0041 0000 0040 0000 05F1 0000 0057 0000 0E50
Ch-	0000 006C 0000 0002 0000 00AD 0000 0016 0000 0016 0000 0016 0000 0016 0000 0016 0000 0041 0000 0041 0000 0016 0000 0041 0000 0041 0000 0041 0000 0041 0000 0041 0000 0016 0000 0016 0000 0041 0000 0016 0000 0016 0000 0016 0000 0041 0000 0041 0000 0016 0000 0016 0000 0016 0000 0041 0000 0041 0000 0041 0000 0016 0000 0016 0000 0041 0000 0041 0000 0040 0000 05F1 0000 0057 0000 0E50
Rec	0000 006C 0000 0002 0000 00AD 0000 0041 0000 0016 0000 0016 0000 0016 0000 0016 0000 0041 0000 0041 0000 0016 0000 0016 0000 0041 0000 0041 0000 0041 0000 0041 0000 0016 0000 0016 0000 0041 0000 0016 0000 0016 0000 0041 0000 0016 0000 0041 0000 0016 0000 0016 0000 0016 0000 0041 0000 0041 0000 0016 0000 0041 0000 0016 0000 0041 0000 0041 0000 0040 0000 05F1 0000 0057 0000 0E50
Rew	0000 006C 0000 0044 0000 00AC 0000 0016 0000 0016 0000 0016 0000 0016 0000 0016 0000 0041 0000 0041 0000 0016 0000 0041 0000 0041 0000 0041 0000 0041 0000 0041 0000 0016 0000 0016 0000 0041 0000 0016 0000 0041 0000 0016 0000 0041 0000 0016 0000 0041 0000 0041 0000 0016 0000 0041 0000 0016 0000 0041 0000 0016 0000 0041 0000 0016 0000 0016 0000 0040 0000 0CF3 0000 00AC 0000 0CD6
Play	0000 006C 0000 0002 0000 00AD 0000 0016 0000 0016 0000 0016 0000 0016 0000 0016 0000 0041 0000 0041 0000 0016 0000 0041 0000 0041 0000 0041 0000 0041 0000 0041 0000 0016 0000 0016 0000 0041 0000 0016 0000 0016 0000 0041 0000 0016 0000 0041 0000 0016 0000 0016 0000 0016 0000 0041 0000 0041 0000 0016 0000 0041 0000 0016 0000 0041 0000 0041 0000 0040 0000 05F1 0000 0057 0000 0E50
Ffwd	0000 006C 0000 0044 0000 00AC 0000 0016 0000 0016 0000 0016 0000 0016 0000 0016 0000 0041 0000 0041 0000 0016 0000 0041 0000 0041 0000 0041 0000 0041 0000 0041 0000 0016 0000 0016 0000 0041 0000 0041 0000 0016 0000 0016 0000 0041 0000 0016 0000 0041 0000 0041 0000 0016 0000 0016 0000 0041 0000 0041 0000 0016 0000 0041 0000 0016 0000 0016 0000 0040 0000 0CDE 0000 00AC 0000 0CEB
Stop	0000 006C 0000 0002 0000 00AD 0000 0016 0000 0016 0000 0016 0000 0016 0000 0016 0000 0041 0000 0041 0000 0016 0000 0041 0000 0041 0000 0041 0000 0041 0000 0041 0000 0016 0000 0016 0000 0041 0000 0041 0000 0041 0000 0016 0000 0041 0000 0016 0000 0016 0000 0016 0000 0016 0000 0016 0000 0016 0000 0041 0000 0016 0000 0041 0000 0041 0000 0041 0000 0040 0000 05F1 0000 0057 0000 0E50
Pause	0000 006C 0000 0002 0000 00AD 0000 0016 0000 0016 0000 0016 0000 0016 0000 0016 0000 0041 0000 0041 0000 0016 0000 0041 0000 0041 0000 0041 0000 0041 0000 0041 0000 0016 0000 0016 0000 0041 0000 0016 0000 0041 0000 0016 0000 0041 0000 0041 0000 0016 0000 0016 0000 0016 0000 0041 0000 0016 0000 0041 0000 0016 0000 0016 0000 0041 0000 0041 0000 0040 0000 05F1 0000 0057 0000 0E4F
CC	0000 006C 0000 0002 0000 00AD 0000 0041 0000 0016 0000 0016 0000 0016 0000 0016 0000 0041 0000 0041 0000 0016 0000 0016 0000 0041 0000 0041 0000 0041 0000 0041 0000 0016 0000 0016 0000 0041 0000 0016 0000 0041 0000 0041 0000 0041 0000 0041 0000 0016 0000 0016 0000 0016 0000 0041 0000 0016 0000 0016 0000 0016 0000 0016 0000 0041 0000 0041 0000 0040 0000 05F2 0000 0057 0000 0E50
CM Skip	0000 006C 0000 0002 0000 00AD 0000 0016 0000 0016 0000 0016 0000 0016 0000 0016 0000 0041 0000 0041 0000 0016 0000 0041 0000 0041 0000 0041 0000 0041 0000 0041 0000 0016 0000 0016 0000 0041 0000 0016 0000 0016 0000 0016 0000 0016 0000 0041 0000 0016 0000 0016 0000 0016 0000 0041 0000 0041 0000 0041 0000 0041 0000 0016 0000 0041 0000 0041 0000 0040 0000 05F1 0000 0057 0000 0E50
Nav Menu	0000 006C 0000 0002 0000 00AD 0000 0041 0000 0016 0000 0016 0000 0016 0000 0016 0000 0041 0000 0041 0000 0016 0000 0016 0000 0041 0000 0041 0000 0041 0000 0041 0000 0016 0000 0016 0000 0041 0000 0041 0000 0016 0000 0041 0000 0041 0000 0041 0000 0016 0000 0016 0000 0016 0000 0016 0000 0041 0000 0016 0000 0016 0000 0016 0000 0041 0000 0041 0000 0040 0000 05F1 0000 0057 0000 0E50
Nav-	0000 006C 0000 0002 0000 00AD 0000 0041 0000 0016 0000 0016 0000 0016 0000 0016 0000 0041 0000 0041 0000 0016 0000 0016 0000 0041 0000 0041 0000 0041 0000 0041 0000 0016 0000 0016 0000 0041 0000 0041 0000 0041 0000 0016 0000 0016 0000 0016 0000 0016 0000 0016 0000 0016 0000 0016 0000 0016 0000 0041 0000 0041 0000 0041 0000 0041 0000 0041 0000 0040 0000 05F1 0000 0057 0000 0E50
Nav+	0000 006C 0000 0002 0000 00AD 0000 0041 0000 0016 0000 0016 0000 0016 0000 0016 0000 0041 0000 0041 0000 0016 0000 0016 0000 0041 0000 0041 0000 0041 0000 0041 0000 0016 0000 0016 0000 0041 0000 0016 0000 0041 0000 0016 0000 0016 0000 0016 0000 0016 0000 0016 0000 0016 0000 0041 0000 0016 0000 0041 0000 0041 0000 0041 0000 0041 0000 0041 0000 0040 0000 05F1 0000 0057 0000 0E50
Ffwd	0000 006C 0000 0044 0000 00AC 0000 0016 0000 0016 0000 0016 0000 0016 0000 0016 0000 0041 0000 0041 0000 0016 0000 0041 0000 0041 0000 0041 0000 0041 0000 0041 0000 0016 0000 0016 0000 0041 0000 0041 0000 0016 0000 0016 0000 0041 0000 0016 0000 0041 0000 0041 0000 0016 0000 0016 0000 0041 0000 0041 0000 0016 0000 0041 0000 0016 0000 0016 0000 0040 0000 115E 0000 00AC 0000 718B
Rew	0000 006C 0000 0044 0000 00AC 0000 0016 0000 0016 0000 0016 0000 0016 0000 0016 0000 0041 0000 0041 0000 0016 0000 0041 0000 0041 0000 0041 0000 0041 0000 0041 0000 0016 0000 0016 0000 0041 0000 0016 0000 0041 0000 0016 0000 0041 0000 0016 0000 0041 0000 0041 0000 0016 0000 0041 0000 0016 0000 0041 0000 0016 0000 0041 0000 0016 0000 0016 0000 0040 0000 1473 0000 00AC 0000 6E76
